46
98_0_0     0.00000000  0.03159282  0.11703408  0.09913825  0.09326789  0.09326789  0.14158906  0.14158906  0.16055532  0.18662447  0.18002057  0.16698700  0.13537350  0.09913825  0.09913825  0.09913825  0.16055532  0.14158906  0.15417906  0.14158906  0.12309685  0.08166507  0.09913825  0.15417906  0.15417906  0.17347509  0.16698700  0.10505557  0.12920971  0.13537350  0.11703408  0.14158906  0.27831292  0.25612325  0.28585986  0.27084218  0.26344611  0.27831292  0.28585986  0.25612325  0.24169143  0.24169143  0.24887216  0.24887216  0.25612325  0.27831292  
58_0_0     0.03159282  0.00000000  0.11102058  0.09913825  0.09326789  0.09326789  0.14158906  0.14158906  0.16055532  0.17347509  0.18002057  0.16698700  0.13537350  0.11102058  0.11102058  0.11102058  0.15417906  0.15417906  0.16698700  0.15417906  0.13537350  0.09326789  0.11102058  0.14158906  0.14158906  0.14785728  0.14158906  0.10505557  0.12920971  0.13537350  0.11703408  0.13537350  0.30118868  0.24887216  0.26344611  0.26344611  0.24169143  0.27084218  0.27831292  0.24887216  0.23457973  0.23457973  0.24169143  0.24169143  0.24887216  0.25612325  
77_0_0     0.11703408  0.11102058  0.00000000  0.06459503  0.06459503  0.06459503  0.16055532  0.14785728  0.14785728  0.16698700  0.13537350  0.14158906  0.14158906  0.12920971  0.12920971  0.12920971  0.18002057  0.18002057  0.19328784  0.18002057  0.14158906  0.13537350  0.15417906  0.16055532  0.16055532  0.17347509  0.18002057  0.15417906  0.14785728  0.18002057  0.13537350  0.16055532  0.24887216  0.22055816  0.24887216  0.25612325  0.25612325  0.27831292  0.28585986  0.22055816  0.22055816  0.22055816  0.22055816  0.21364577  0.22055816  0.23457973  
41_0_0     0.09913825  0.09913825  0.06459503  0.00000000  0.02091129  0.02091129  0.15417906  0.12920971  0.12309685  0.16698700  0.15417906  0.14785728  0.13537350  0.10505557  0.10505557  0.10505557  0.16698700  0.16698700  0.18002057  0.16698700  0.11703408  0.11102058  0.12920971  0.14785728  0.14785728  0.15417906  0.16055532  0.13537350  0.14785728  0.16055532  0.14158906  0.16698700  0.26344611  0.23457973  0.26344611  0.26344611  0.24169143  0.25612325  0.26344611  0.23457973  0.22753573  0.22753573  0.23457973  0.22753573  0.23457973  0.25612325  
94_0_0     0.09326789  0.09326789  0.06459503  0.02091129  0.00000000  0.01038177  0.13537350  0.11703408  0.12309685  0.15417906  0.14158906  0.13537350  0.12309685  0.08744374  0.08744374  0.08744374  0.16055532  0.14785728  0.16055532  0.14785728  0.09913825  0.09326789  0.11102058  0.12920971  0.12920971  0.14785728  0.15417906  0.11703408  0.12920971  0.14158906  0.12309685  0.14785728  0.25612325  0.22753573  0.25612325  0.25612325  0.23457973  0.24887216  0.25612325  0.22753573  0.22055816  0.22055816  0.22753573  0.22055816  0.22753573  0.23457973  
64_0_0     0.09326789  0.09326789  0.06459503  0.02091129  0.01038177  0.00000000  0.13537350  0.11703408  0.12309685  0.15417906  0.14158906  0.13537350  0.12309685  0.08166507  0.08166507  0.08166507  0.15417906  0.14158906  0.15417906  0.14158906  0.09326789  0.08744374  0.10505557  0.14158906  0.14158906  0.14785728  0.15417906  0.11703408  0.12920971  0.14158906  0.12309685  0.16055532  0.24887216  0.23457973  0.24887216  0.24887216  0.24169143  0.25612325  0.26344611  0.23457973  0.22753573  0.22753573  0.23457973  0.22753573  0.23457973  0.24169143  
46_0_0     0.14158906  0.14158906  0.16055532  0.15417906  0.13537350  0.13537350  0.00000000  0.13537350  0.15417906  0.16698700  0.17347509  0.16055532  0.14158906  0.10505557  0.10505557  0.10505557  0.14785728  0.13537350  0.14785728  0.13537350  0.14158906  0.11102058  0.10505557  0.15417906  0.15417906  0.16698700  0.16055532  0.12309685  0.11703408  0.13537350  0.10505557  0.12309685  0.26344611  0.25612325  0.25612325  0.25612325  0.23457973  0.24887216  0.24169143  0.24169143  0.24169143  0.24169143  0.24887216  0.24887216  0.24169143  0.24887216  
44_0_0     0.14158906  0.14158906  0.14785728  0.12920971  0.11703408  0.11703408  0.13537350  0.00000000  0.02623278  0.04790994  0.07024140  0.08744374  0.02623278  0.12920971  0.12920971  0.12920971  0.20001177  0.17347509  0.18662447  0.17347509  0.15417906  0.12309685  0.12920971  0.18662447  0.18662447  0.19328784  0.18662447  0.17347509  0.16698700  0.17347509  0.17347509  0.18002057  0.27831292  0.23457973  0.27084218  0.27831292  0.24169143  0.26344611  0.25612325  0.24887216  0.24887216  0.24887216  0.25612325  0.24169143  0.24887216  0.25612325  
89_0_0     0.16055532  0.16055532  0.14785728  0.12309685  0.12309685  0.12309685  0.15417906  0.02623278  0.00000000  0.04243082  0.06459503  0.08166507  0.03159282  0.12920971  0.12920971  0.12920971  0.18002057  0.16698700  0.18002057  0.16698700  0.15417906  0.13537350  0.14158906  0.18662447  0.18662447  0.18002057  0.17347509  0.18662447  0.16698700  0.18662447  0.17347509  0.19328784  0.24887216  0.22055816  0.27084218  0.26344611  0.24169143  0.26344611  0.25612325  0.23457973  0.23457973  0.23457973  0.24169143  0.22753573  0.23457973  0.24169143  
82_0_0     0.18662447  0.17347509  0.16698700  0.16698700  0.15417906  0.15417906  0.16698700  0.04790994  0.04243082  0.00000000  0.08744374  0.09326789  0.05342994  0.16698700  0.16698700  0.16698700  0.21364577  0.18662447  0.20001177  0.18662447  0.19328784  0.16055532  0.15417906  0.20679737  0.20679737  0.21364577  0.20679737  0.19328784  0.18002057  0.17347509  0.17347509  0.18002057  0.27084218  0.22753573  0.24887216  0.26344611  0.23457973  0.25612325  0.24887216  0.22753573  0.24169143  0.24169143  0.24169143  0.23457973  0.22753573  0.23457973  
35_0_0     0.18002057  0.18002057  0.13537350  0.15417906  0.14158906  0.14158906  0.17347509  0.07024140  0.06459503  0.08744374  0.00000000  0.02623278  0.07593119  0.16698700  0.16698700  0.16698700  0.20679737  0.20679737  0.22055816  0.20679737  0.18002057  0.16055532  0.18002057  0.20679737  0.20679737  0.21364577  0.20679737  0.20679737  0.19328784  0.21364577  0.18662447  0.22055816  0.27831292  0.23457973  0.28585986  0.28585986  0.27084218  0.30897385  0.30118868  0.24887216  0.24887216  0.24887216  0.25612325  0.24169143  0.24887216  0.24169143  
74_0_0     0.16698700  0.16698700  0.14158906  0.14785728  0.13537350  0.13537350  0.16055532  0.08744374  0.08166507  0.09326789  0.02623278  0.00000000  0.09326789  0.15417906  0.15417906  0.15417906  0.19328784  0.19328784  0.20679737  0.19328784  0.18002057  0.14785728  0.16698700  0.19328784  0.19328784  0.20001177  0.19328784  0.18002057  0.18002057  0.20001177  0.17347509  0.19328784  0.28585986  0.24169143  0.27831292  0.27831292  0.26344611  0.30118868  0.29348458  0.24169143  0.25612325  0.25612325  0.26344611  0.23457973  0.24169143  0.23457973  
81_0_0     0.13537350  0.13537350  0.14158906  0.13537350  0.12309685  0.12309685  0.14158906  0.02623278  0.03159282  0.05342994  0.07593119  0.09326789  0.00000000  0.12309685  0.12309685  0.12309685  0.18002057  0.15417906  0.16698700  0.15417906  0.14785728  0.11703408  0.12309685  0.20679737  0.20679737  0.20001177  0.19328784  0.16698700  0.16055532  0.16698700  0.16698700  0.17347509  0.24169143  0.21364577  0.26344611  0.25612325  0.23457973  0.24169143  0.24887216  0.22753573  0.22753573  0.22753573  0.23457973  0.22055816  0.22753573  0.23457973  
12_0_0     0.09913825  0.11102058  0.12920971  0.10505557  0.08744374  0.08166507  0.10505557  0.12920971  0.12920971  0.16698700  0.16698700  0.15417906  0.12309685  0.00000000  0.00000000  0.00000000  0.08744374  0.05342994  0.06459503  0.05342994  0.03159282  0.02623278  0.03159282  0.11102058  0.11102058  0.12309685  0.11703408  0.06459503  0.04790994  0.06459503  0.06459503  0.09326789  0.21364577  0.19328784  0.20679737  0.20679737  0.20001177  0.20001177  0.20679737  0.19328784  0.18002057  0.18002057  0.18662447  0.18662447  0.19328784  0.20001177  
16_0_0     0.09913825  0.11102058  0.12920971  0.10505557  0.08744374  0.08166507  0.10505557  0.12920971  0.12920971  0.16698700  0.16698700  0.15417906  0.12309685  0.00000000  0.00000000  0.00000000  0.08744374  0.05342994  0.06459503  0.05342994  0.03159282  0.02623278  0.03159282  0.11102058  0.11102058  0.12309685  0.11703408  0.06459503  0.04790994  0.06459503  0.06459503  0.09326789  0.21364577  0.19328784  0.20679737  0.20679737  0.20001177  0.20001177  0.20679737  0.19328784  0.18002057  0.18002057  0.18662447  0.18662447  0.19328784  0.20001177  
7_0_0      0.09913825  0.11102058  0.12920971  0.10505557  0.08744374  0.08166507  0.10505557  0.12920971  0.12920971  0.16698700  0.16698700  0.15417906  0.12309685  0.00000000  0.00000000  0.00000000  0.08744374  0.05342994  0.06459503  0.05342994  0.03159282  0.02623278  0.03159282  0.11102058  0.11102058  0.12309685  0.11703408  0.06459503  0.04790994  0.06459503  0.06459503  0.09326789  0.21364577  0.19328784  0.20679737  0.20679737  0.20001177  0.20001177  0.20679737  0.19328784  0.18002057  0.18002057  0.18662447  0.18662447  0.19328784  0.20001177  
18_1_0     0.16055532  0.15417906  0.18002057  0.16698700  0.16055532  0.15417906  0.14785728  0.20001177  0.18002057  0.21364577  0.20679737  0.19328784  0.18002057  0.08744374  0.08744374  0.08744374  0.00000000  0.04243082  0.05342994  0.04243082  0.09913825  0.09913825  0.10505557  0.15417906  0.15417906  0.14785728  0.14158906  0.14158906  0.11703408  0.14158906  0.11102058  0.11102058  0.23457973  0.22055816  0.22055816  0.20679737  0.21364577  0.24169143  0.24887216  0.20679737  0.20679737  0.20679737  0.21364577  0.21364577  0.20679737  0.23457973  
12_1_0     0.14158906  0.15417906  0.18002057  0.16698700  0.14785728  0.14158906  0.13537350  0.17347509  0.16698700  0.18662447  0.20679737  0.19328784  0.15417906  0.05342994  0.05342994  0.05342994  0.04243082  0.00000000  0.01038177  0.00000000  0.06459503  0.07593119  0.07024140  0.14158906  0.14158906  0.13537350  0.12920971  0.10505557  0.08166507  0.10505557  0.08744374  0.11102058  0.22753573  0.21364577  0.21364577  0.20001177  0.22055816  0.22055816  0.22753573  0.20001177  0.20001177  0.20001177  0.20679737  0.20679737  0.20001177  0.21364577  
7_1_0      0.15417906  0.16698700  0.19328784  0.18002057  0.16055532  0.15417906  0.14785728  0.18662447  0.18002057  0.20001177  0.22055816  0.20679737  0.16698700  0.06459503  0.06459503  0.06459503  0.05342994  0.01038177  0.00000000  0.01038177  0.07593119  0.08744374  0.08166507  0.14158906  0.14158906  0.14785728  0.14158906  0.11703408  0.09326789  0.11703408  0.09913825  0.11102058  0.23457973  0.21364577  0.21364577  0.20001177  0.22055816  0.22055816  0.22753573  0.20001177  0.20001177  0.20001177  0.20679737  0.20679737  0.20001177  0.21364577  
16_1_0     0.14158906  0.15417906  0.18002057  0.16698700  0.14785728  0.14158906  0.13537350  0.17347509  0.16698700  0.18662447  0.20679737  0.19328784  0.15417906  0.05342994  0.05342994  0.05342994  0.04243082  0.00000000  0.01038177  0.00000000  0.06459503  0.07593119  0.07024140  0.14158906  0.14158906  0.13537350  0.12920971  0.10505557  0.08166507  0.10505557  0.08744374  0.11102058  0.22753573  0.21364577  0.21364577  0.20001177  0.22055816  0.22055816  0.22753573  0.20001177  0.20001177  0.20001177  0.20679737  0.20679737  0.20001177  0.21364577  
20_1_0     0.12309685  0.13537350  0.14158906  0.11703408  0.09913825  0.09326789  0.14158906  0.15417906  0.15417906  0.19328784  0.18002057  0.18002057  0.14785728  0.03159282  0.03159282  0.03159282  0.09913825  0.06459503  0.07593119  0.06459503  0.00000000  0.05899142  0.06459503  0.13537350  0.13537350  0.14785728  0.14158906  0.08744374  0.08166507  0.09913825  0.09913825  0.12920971  0.20001177  0.19328784  0.20679737  0.19328784  0.21364577  0.21364577  0.22055816  0.19328784  0.18002057  0.18002057  0.18662447  0.18662447  0.19328784  0.20001177  
19_0_0     0.08166507  0.09326789  0.13537350  0.11102058  0.09326789  0.08744374  0.11102058  0.12309685  0.13537350  0.16055532  0.16055532  0.14785728  0.11703408  0.02623278  0.02623278  0.02623278  0.09913825  0.07593119  0.08744374  0.07593119  0.05899142  0.00000000  0.01562780  0.12920971  0.12920971  0.15417906  0.14785728  0.08166507  0.07593119  0.08166507  0.07024140  0.11102058  0.23457973  0.21364577  0.22753573  0.22753573  0.20679737  0.22055816  0.22753573  0.21364577  0.20001177  0.20001177  0.20679737  0.20679737  0.21364577  0.23457973  
9_0_0      0.09913825  0.11102058  0.15417906  0.12920971  0.11102058  0.10505557  0.10505557  0.12920971  0.14158906  0.15417906  0.18002057  0.16698700  0.12309685  0.03159282  0.03159282  0.03159282  0.10505557  0.07024140  0.08166507  0.07024140  0.06459503  0.01562780  0.00000000  0.14785728  0.14785728  0.16055532  0.15417906  0.08744374  0.08166507  0.08744374  0.07593119  0.10505557  0.22753573  0.22055816  0.22055816  0.22055816  0.20001177  0.21364577  0.22055816  0.20679737  0.19328784  0.19328784  0.20001177  0.21364577  0.20679737  0.22753573  
23_3_0     0.15417906  0.14158906  0.16055532  0.14785728  0.12920971  0.14158906  0.15417906  0.18662447  0.18662447  0.20679737  0.20679737  0.19328784  0.20679737  0.11102058  0.11102058  0.11102058  0.15417906  0.14158906  0.14158906  0.14158906  0.13537350  0.12920971  0.14785728  0.00000000  0.00000000  0.07593119  0.08166507  0.10505557  0.09913825  0.12309685  0.09913825  0.11703408  0.31684181  0.25612325  0.27084218  0.27084218  0.26344611  0.27084218  0.26344611  0.25612325  0.24887216  0.24887216  0.25612325  0.24887216  0.25612325  0.26344611  
23_0_0     0.15417906  0.14158906  0.16055532  0.14785728  0.12920971  0.14158906  0.15417906  0.18662447  0.18662447  0.20679737  0.20679737  0.19328784  0.20679737  0.11102058  0.11102058  0.11102058  0.15417906  0.14158906  0.14158906  0.14158906  0.13537350  0.12920971  0.14785728  0.00000000  0.00000000  0.07593119  0.08166507  0.10505557  0.09913825  0.12309685  0.09913825  0.11703408  0.31684181  0.25612325  0.27084218  0.27084218  0.26344611  0.27084218  0.26344611  0.25612325  0.24887216  0.24887216  0.25612325  0.24887216  0.25612325  0.26344611  
2_0_0      0.17347509  0.14785728  0.17347509  0.15417906  0.14785728  0.14785728  0.16698700  0.19328784  0.18002057  0.21364577  0.21364577  0.20001177  0.20001177  0.12309685  0.12309685  0.12309685  0.14785728  0.13537350  0.14785728  0.13537350  0.14785728  0.15417906  0.16055532  0.07593119  0.07593119  0.00000000  0.00517268  0.10505557  0.13537350  0.15417906  0.14785728  0.14158906  0.30897385  0.25612325  0.28585986  0.27084218  0.27084218  0.27831292  0.27084218  0.25612325  0.24169143  0.24169143  0.24887216  0.24887216  0.25612325  0.24887216  
24_0_0     0.16698700  0.14158906  0.18002057  0.16055532  0.15417906  0.15417906  0.16055532  0.18662447  0.17347509  0.20679737  0.20679737  0.19328784  0.19328784  0.11703408  0.11703408  0.11703408  0.14158906  0.12920971  0.14158906  0.12920971  0.14158906  0.14785728  0.15417906  0.08166507  0.08166507  0.00517268  0.00000000  0.09913825  0.12920971  0.14785728  0.14158906  0.13537350  0.30118868  0.24887216  0.27831292  0.26344611  0.26344611  0.27084218  0.26344611  0.24887216  0.23457973  0.23457973  0.24169143  0.24169143  0.24887216  0.24169143  
14_4_0     0.10505557  0.10505557  0.15417906  0.13537350  0.11703408  0.11703408  0.12309685  0.17347509  0.18662447  0.19328784  0.20679737  0.18002057  0.16698700  0.06459503  0.06459503  0.06459503  0.14158906  0.10505557  0.11703408  0.10505557  0.08744374  0.08166507  0.08744374  0.10505557  0.10505557  0.10505557  0.09913825  0.00000000  0.08166507  0.07593119  0.09326789  0.09913825  0.25612325  0.20679737  0.22055816  0.20679737  0.23457973  0.22753573  0.23457973  0.20679737  0.20679737  0.20679737  0.21364577  0.20001177  0.20679737  0.21364577  
22_0_0     0.12920971  0.12920971  0.14785728  0.14785728  0.12920971  0.12920971  0.11703408  0.16698700  0.16698700  0.18002057  0.19328784  0.18002057  0.16055532  0.04790994  0.04790994  0.04790994  0.11703408  0.08166507  0.09326789  0.08166507  0.08166507  0.07593119  0.08166507  0.09913825  0.09913825  0.13537350  0.12920971  0.08166507  0.00000000  0.02623278  0.02091129  0.05899142  0.22753573  0.22055816  0.22055816  0.22753573  0.22753573  0.22753573  0.23457973  0.22055816  0.22055816  0.22055816  0.22753573  0.21364577  0.22055816  0.22753573  
22_2_0     0.13537350  0.13537350  0.18002057  0.16055532  0.14158906  0.14158906  0.13537350  0.17347509  0.18662447  0.17347509  0.21364577  0.20001177  0.16698700  0.06459503  0.06459503  0.06459503  0.14158906  0.10505557  0.11703408  0.10505557  0.09913825  0.08166507  0.08744374  0.12309685  0.12309685  0.15417906  0.14785728  0.07593119  0.02623278  0.00000000  0.04790994  0.06459503  0.26344611  0.21364577  0.22753573  0.23457973  0.22055816  0.22055816  0.22753573  0.22753573  0.22753573  0.22753573  0.23457973  0.22055816  0.22753573  0.24887216  
4_0_0      0.11703408  0.11703408  0.13537350  0.14158906  0.12309685  0.12309685  0.10505557  0.17347509  0.17347509  0.17347509  0.18662447  0.17347509  0.16698700  0.06459503  0.06459503  0.06459503  0.11102058  0.08744374  0.09913825  0.08744374  0.09913825  0.07024140  0.07593119  0.09913825  0.09913825  0.14785728  0.14158906  0.09326789  0.02091129  0.04790994  0.00000000  0.05899142  0.23457973  0.24169143  0.22753573  0.23457973  0.22055816  0.23457973  0.24169143  0.22753573  0.22753573  0.22753573  0.23457973  0.23457973  0.22753573  0.23457973  
29_0_0     0.14158906  0.13537350  0.16055532  0.16698700  0.14785728  0.16055532  0.12309685  0.18002057  0.19328784  0.18002057  0.22055816  0.19328784  0.17347509  0.09326789  0.09326789  0.09326789  0.11102058  0.11102058  0.11102058  0.11102058  0.12920971  0.11102058  0.10505557  0.11703408  0.11703408  0.14158906  0.13537350  0.09913825  0.05899142  0.06459503  0.05899142  0.00000000  0.24169143  0.20001177  0.21364577  0.20679737  0.20679737  0.22055816  0.22753573  0.18662447  0.20001177  0.20001177  0.20679737  0.19328784  0.18662447  0.19328784  
26_0_0     0.27831292  0.30118868  0.24887216  0.26344611  0.25612325  0.24887216  0.26344611  0.27831292  0.24887216  0.27084218  0.27831292  0.28585986  0.24169143  0.21364577  0.21364577  0.21364577  0.23457973  0.22753573  0.23457973  0.22753573  0.20001177  0.23457973  0.22753573  0.31684181  0.31684181  0.30897385  0.30118868  0.25612325  0.22753573  0.26344611  0.23457973  0.24169143  0.00000000  0.12309685  0.12920971  0.12920971  0.15417906  0.12920971  0.13537350  0.11102058  0.11102058  0.11102058  0.11703408  0.11703408  0.11102058  0.12920971  
3_0_0      0.25612325  0.24887216  0.22055816  0.23457973  0.22753573  0.23457973  0.25612325  0.23457973  0.22055816  0.22753573  0.23457973  0.24169143  0.21364577  0.19328784  0.19328784  0.19328784  0.22055816  0.21364577  0.21364577  0.21364577  0.19328784  0.21364577  0.22055816  0.25612325  0.25612325  0.25612325  0.24887216  0.20679737  0.22055816  0.21364577  0.24169143  0.20001177  0.12309685  0.00000000  0.03699198  0.03699198  0.05899142  0.05899142  0.06459503  0.01038177  0.02091129  0.02091129  0.02623278  0.00517268  0.01038177  0.03699198  
8_6_0      0.28585986  0.26344611  0.24887216  0.26344611  0.25612325  0.24887216  0.25612325  0.27084218  0.27084218  0.24887216  0.28585986  0.27831292  0.26344611  0.20679737  0.20679737  0.20679737  0.22055816  0.21364577  0.21364577  0.21364577  0.20679737  0.22753573  0.22055816  0.27084218  0.27084218  0.28585986  0.27831292  0.22055816  0.22055816  0.22753573  0.22753573  0.21364577  0.12920971  0.03699198  0.00000000  0.04243082  0.05342994  0.05342994  0.05899142  0.02623278  0.03699198  0.03699198  0.04243082  0.03159282  0.02623278  0.05342994  
8_0_0      0.27084218  0.26344611  0.25612325  0.26344611  0.25612325  0.24887216  0.25612325  0.27831292  0.26344611  0.26344611  0.28585986  0.27831292  0.25612325  0.20679737  0.20679737  0.20679737  0.20679737  0.20001177  0.20001177  0.20001177  0.19328784  0.22753573  0.22055816  0.27084218  0.27084218  0.27084218  0.26344611  0.20679737  0.22753573  0.23457973  0.23457973  0.20679737  0.12920971  0.03699198  0.04243082  0.00000000  0.07024140  0.07024140  0.07593119  0.02623278  0.03699198  0.03699198  0.04243082  0.03159282  0.02623278  0.05342994  
5_0_0      0.26344611  0.24169143  0.25612325  0.24169143  0.23457973  0.24169143  0.23457973  0.24169143  0.24169143  0.23457973  0.27084218  0.26344611  0.23457973  0.20001177  0.20001177  0.20001177  0.21364577  0.22055816  0.22055816  0.22055816  0.21364577  0.20679737  0.20001177  0.26344611  0.26344611  0.27084218  0.26344611  0.23457973  0.22753573  0.22055816  0.22055816  0.20679737  0.15417906  0.05899142  0.05342994  0.07024140  0.00000000  0.03159282  0.03699198  0.04790994  0.04790994  0.04790994  0.05342994  0.05342994  0.04790994  0.07593119  
28_5_0     0.27831292  0.27084218  0.27831292  0.25612325  0.24887216  0.25612325  0.24887216  0.26344611  0.26344611  0.25612325  0.30897385  0.30118868  0.24169143  0.20001177  0.20001177  0.20001177  0.24169143  0.22055816  0.22055816  0.22055816  0.21364577  0.22055816  0.21364577  0.27084218  0.27084218  0.27831292  0.27084218  0.22753573  0.22753573  0.22055816  0.23457973  0.22055816  0.12920971  0.05899142  0.05342994  0.07024140  0.03159282  0.00000000  0.00517268  0.04790994  0.04790994  0.04790994  0.05342994  0.05342994  0.04790994  0.07593119  
28_0_0     0.28585986  0.27831292  0.28585986  0.26344611  0.25612325  0.26344611  0.24169143  0.25612325  0.25612325  0.24887216  0.30118868  0.29348458  0.24887216  0.20679737  0.20679737  0.20679737  0.24887216  0.22753573  0.22753573  0.22753573  0.22055816  0.22753573  0.22055816  0.26344611  0.26344611  0.27084218  0.26344611  0.23457973  0.23457973  0.22753573  0.24169143  0.22753573  0.13537350  0.06459503  0.05899142  0.07593119  0.03699198  0.00517268  0.00000000  0.05342994  0.05342994  0.05342994  0.05899142  0.05899142  0.05342994  0.08166507  
25_0_0     0.25612325  0.24887216  0.22055816  0.23457973  0.22753573  0.23457973  0.24169143  0.24887216  0.23457973  0.22753573  0.24887216  0.24169143  0.22753573  0.19328784  0.19328784  0.19328784  0.20679737  0.20001177  0.20001177  0.20001177  0.19328784  0.21364577  0.20679737  0.25612325  0.25612325  0.25612325  0.24887216  0.20679737  0.22055816  0.22753573  0.22753573  0.18662447  0.11102058  0.01038177  0.02623278  0.02623278  0.04790994  0.04790994  0.05342994  0.00000000  0.01038177  0.01038177  0.01562780  0.00517268  0.00000000  0.02623278  
15_0_0     0.24169143  0.23457973  0.22055816  0.22753573  0.22055816  0.22753573  0.24169143  0.24887216  0.23457973  0.24169143  0.24887216  0.25612325  0.22753573  0.18002057  0.18002057  0.18002057  0.20679737  0.20001177  0.20001177  0.20001177  0.18002057  0.20001177  0.19328784  0.24887216  0.24887216  0.24169143  0.23457973  0.20679737  0.22055816  0.22753573  0.22753573  0.20001177  0.11102058  0.02091129  0.03699198  0.03699198  0.04790994  0.04790994  0.05342994  0.01038177  0.00000000  0.00000000  0.00517268  0.01562780  0.01038177  0.03699198  
1_0_0      0.24169143  0.23457973  0.22055816  0.22753573  0.22055816  0.22753573  0.24169143  0.24887216  0.23457973  0.24169143  0.24887216  0.25612325  0.22753573  0.18002057  0.18002057  0.18002057  0.20679737  0.20001177  0.20001177  0.20001177  0.18002057  0.20001177  0.19328784  0.24887216  0.24887216  0.24169143  0.23457973  0.20679737  0.22055816  0.22753573  0.22753573  0.20001177  0.11102058  0.02091129  0.03699198  0.03699198  0.04790994  0.04790994  0.05342994  0.01038177  0.00000000  0.00000000  0.00517268  0.01562780  0.01038177  0.03699198  
10_0_0     0.24887216  0.24169143  0.22055816  0.23457973  0.22753573  0.23457973  0.24887216  0.25612325  0.24169143  0.24169143  0.25612325  0.26344611  0.23457973  0.18662447  0.18662447  0.18662447  0.21364577  0.20679737  0.20679737  0.20679737  0.18662447  0.20679737  0.20001177  0.25612325  0.25612325  0.24887216  0.24169143  0.21364577  0.22753573  0.23457973  0.23457973  0.20679737  0.11703408  0.02623278  0.04243082  0.04243082  0.05342994  0.05342994  0.05899142  0.01562780  0.00517268  0.00517268  0.00000000  0.02091129  0.01562780  0.04243082  
6_0_0      0.24887216  0.24169143  0.21364577  0.22753573  0.22055816  0.22753573  0.24887216  0.24169143  0.22753573  0.23457973  0.24169143  0.23457973  0.22055816  0.18662447  0.18662447  0.18662447  0.21364577  0.20679737  0.20679737  0.20679737  0.18662447  0.20679737  0.21364577  0.24887216  0.24887216  0.24887216  0.24169143  0.20001177  0.21364577  0.22055816  0.23457973  0.19328784  0.11703408  0.00517268  0.03159282  0.03159282  0.05342994  0.05342994  0.05899142  0.00517268  0.01562780  0.01562780  0.02091129  0.00000000  0.00517268  0.03159282  
27_0_0     0.25612325  0.24887216  0.22055816  0.23457973  0.22753573  0.23457973  0.24169143  0.24887216  0.23457973  0.22753573  0.24887216  0.24169143  0.22753573  0.19328784  0.19328784  0.19328784  0.20679737  0.20001177  0.20001177  0.20001177  0.19328784  0.21364577  0.20679737  0.25612325  0.25612325  0.25612325  0.24887216  0.20679737  0.22055816  0.22753573  0.22753573  0.18662447  0.11102058  0.01038177  0.02623278  0.02623278  0.04790994  0.04790994  0.05342994  0.00000000  0.01038177  0.01038177  0.01562780  0.00517268  0.00000000  0.02623278  
13_0_0     0.27831292  0.25612325  0.23457973  0.25612325  0.23457973  0.24169143  0.24887216  0.25612325  0.24169143  0.23457973  0.24169143  0.23457973  0.23457973  0.20001177  0.20001177  0.20001177  0.23457973  0.21364577  0.21364577  0.21364577  0.20001177  0.23457973  0.22753573  0.26344611  0.26344611  0.24887216  0.24169143  0.21364577  0.22753573  0.24887216  0.23457973  0.19328784  0.12920971  0.03699198  0.05342994  0.05342994  0.07593119  0.07593119  0.08166507  0.02623278  0.03699198  0.03699198  0.04243082  0.03159282  0.02623278  0.00000000  

