14
15_0_0     0.00000000  0.02015056  0.02699642  0.12257098  0.05505906  0.04088922  0.04088922  0.04793882  0.15476621  0.14657963  0.15476621  0.15476621  0.14657963  0.13048408  
20_0_0     0.02015056  0.00000000  0.02015056  0.11474502  0.04793882  0.03390887  0.03390887  0.04088922  0.15476621  0.14657963  0.15476621  0.15476621  0.14657963  0.13048408  
8_0_0      0.02699642  0.02015056  0.00000000  0.10700432  0.04088922  0.02699642  0.02699642  0.04793882  0.14657963  0.13848628  0.14657963  0.14657963  0.13848628  0.12257098  
9_0_0      0.12257098  0.11474502  0.10700432  0.00000000  0.07685808  0.07685808  0.08427560  0.09934702  0.22389332  0.21487565  0.20597098  0.20597098  0.21487565  0.17990750  
18_0_0     0.05505906  0.04793882  0.04088922  0.07685808  0.00000000  0.01337002  0.02015056  0.03390887  0.17990750  0.17142785  0.17990750  0.17990750  0.17142785  0.12257098  
7_0_0      0.04088922  0.03390887  0.02699642  0.07685808  0.01337002  0.00000000  0.00665357  0.02015056  0.16304820  0.15476621  0.16304820  0.16304820  0.15476621  0.12257098  
16_0_0     0.04088922  0.03390887  0.02699642  0.08427560  0.02015056  0.00665357  0.00000000  0.02699642  0.16304820  0.15476621  0.16304820  0.16304820  0.15476621  0.12257098  
19_0_0     0.04793882  0.04088922  0.04793882  0.09934702  0.03390887  0.02015056  0.02699642  0.00000000  0.18848955  0.17990750  0.18848955  0.18848955  0.17990750  0.14657963  
11_0_0     0.15476621  0.15476621  0.14657963  0.22389332  0.17990750  0.16304820  0.16304820  0.18848955  0.00000000  0.00665357  0.02699642  0.02699642  0.02015056  0.04793882  
6_0_0      0.14657963  0.14657963  0.13848628  0.21487565  0.17142785  0.15476621  0.15476621  0.17990750  0.00665357  0.00000000  0.02015056  0.02015056  0.01337002  0.04088922  
14_0_0     0.15476621  0.15476621  0.14657963  0.20597098  0.17990750  0.16304820  0.16304820  0.18848955  0.02699642  0.02015056  0.00000000  0.00000000  0.00665357  0.06225135  
14_1_0     0.15476621  0.15476621  0.14657963  0.20597098  0.17990750  0.16304820  0.16304820  0.18848955  0.02699642  0.02015056  0.00000000  0.00000000  0.00665357  0.06225135  
17_0_0     0.14657963  0.14657963  0.13848628  0.21487565  0.17142785  0.15476621  0.15476621  0.17990750  0.02015056  0.01337002  0.00665357  0.00665357  0.00000000  0.05505906  
5_0_0      0.13048408  0.13048408  0.12257098  0.17990750  0.12257098  0.12257098  0.12257098  0.14657963  0.04793882  0.04088922  0.06225135  0.06225135  0.05505906  0.00000000  

