20
1_0_0      0.00000000  0.02055306  0.00000000  0.22762396  0.22762396  0.20055465  0.22762396  0.24623639  0.23687166  0.20946819  0.20946819  0.21849039  0.21849039  0.24623639  0.27506334  0.28492738  0.24623639  0.23687166  0.23687166  0.36896394  
2_0_0      0.02055306  0.00000000  0.02055306  0.21849039  0.21849039  0.19174721  0.23687166  0.23687166  0.24623639  0.21849039  0.21849039  0.20946819  0.22762396  0.25572115  0.28492738  0.27506334  0.23687166  0.24623639  0.24623639  0.38017265  
3_0_0      0.00000000  0.02055306  0.00000000  0.22762396  0.22762396  0.20055465  0.22762396  0.24623639  0.23687166  0.20946819  0.20946819  0.21849039  0.21849039  0.24623639  0.27506334  0.28492738  0.24623639  0.23687166  0.23687166  0.36896394  
16_0_0     0.22762396  0.21849039  0.22762396  0.00000000  0.08587661  0.07085382  0.09350394  0.18304335  0.17444068  0.15752965  0.15752965  0.14921688  0.14921688  0.16593686  0.17444068  0.19174721  0.17444068  0.18304335  0.18304335  0.29492468  
14_0_0     0.22762396  0.21849039  0.22762396  0.08587661  0.00000000  0.02753292  0.07085382  0.14921688  0.15752965  0.14921688  0.14921688  0.14099646  0.14099646  0.18304335  0.19174721  0.22762396  0.17444068  0.18304335  0.18304335  0.32575341  
6_0_0      0.20055465  0.19174721  0.20055465  0.07085382  0.02753292  0.00000000  0.07085382  0.14099646  0.14921688  0.14099646  0.14099646  0.13286635  0.13286635  0.20946819  0.21849039  0.23687166  0.20055465  0.20946819  0.20946819  0.28492738  
15_0_0     0.22762396  0.23687166  0.22762396  0.09350394  0.07085382  0.07085382  0.00000000  0.14099646  0.13286635  0.14099646  0.14099646  0.14921688  0.13286635  0.20055465  0.22762396  0.24623639  0.20946819  0.20055465  0.20055465  0.31533381  
11_0_0     0.24623639  0.23687166  0.24623639  0.18304335  0.14921688  0.14099646  0.14099646  0.00000000  0.02055306  0.09350394  0.09350394  0.08587661  0.10121071  0.20055465  0.20946819  0.20946819  0.19174721  0.20055465  0.20055465  0.28492738  
17_0_0     0.23687166  0.24623639  0.23687166  0.17444068  0.15752965  0.14921688  0.13286635  0.02055306  0.00000000  0.08587661  0.08587661  0.07832710  0.09350394  0.19174721  0.20055465  0.20055465  0.18304335  0.19174721  0.19174721  0.29492468  
4_0_0      0.20946819  0.21849039  0.20946819  0.15752965  0.14921688  0.14099646  0.14099646  0.09350394  0.08587661  0.00000000  0.00000000  0.00678779  0.00678779  0.14099646  0.16593686  0.16593686  0.14921688  0.14099646  0.14099646  0.29492468  
12_0_0     0.20946819  0.21849039  0.20946819  0.15752965  0.14921688  0.14099646  0.14099646  0.09350394  0.08587661  0.00000000  0.00000000  0.00678779  0.00678779  0.14099646  0.16593686  0.16593686  0.14921688  0.14099646  0.14099646  0.29492468  
10_0_0     0.21849039  0.20946819  0.21849039  0.14921688  0.14099646  0.13286635  0.14921688  0.08587661  0.07832710  0.00678779  0.00678779  0.00000000  0.01363842  0.14921688  0.17444068  0.15752965  0.14099646  0.14921688  0.14921688  0.30505889  
5_0_0      0.21849039  0.22762396  0.21849039  0.14921688  0.14099646  0.13286635  0.13286635  0.10121071  0.09350394  0.00678779  0.00678779  0.01363842  0.00000000  0.13286635  0.15752965  0.15752965  0.14099646  0.13286635  0.13286635  0.28492738  
8_0_0      0.24623639  0.25572115  0.24623639  0.16593686  0.18304335  0.20946819  0.20055465  0.20055465  0.19174721  0.14099646  0.14099646  0.14921688  0.13286635  0.00000000  0.02753292  0.05612994  0.04169330  0.03457924  0.03457924  0.30505889  
18_0_0     0.27506334  0.28492738  0.27506334  0.17444068  0.19174721  0.21849039  0.22762396  0.20946819  0.20055465  0.16593686  0.16593686  0.17444068  0.15752965  0.02753292  0.00000000  0.07085382  0.05612994  0.04887642  0.04887642  0.31533381  
19_0_0     0.28492738  0.27506334  0.28492738  0.19174721  0.22762396  0.23687166  0.24623639  0.20946819  0.20055465  0.16593686  0.16593686  0.15752965  0.15752965  0.05612994  0.07085382  0.00000000  0.04169330  0.04887642  0.04887642  0.32575341  
7_0_0      0.24623639  0.23687166  0.24623639  0.17444068  0.17444068  0.20055465  0.20946819  0.19174721  0.18304335  0.14921688  0.14921688  0.14099646  0.14099646  0.04169330  0.05612994  0.04169330  0.00000000  0.00678779  0.00678779  0.33632181  
9_0_0      0.23687166  0.24623639  0.23687166  0.18304335  0.18304335  0.20946819  0.20055465  0.20055465  0.19174721  0.14099646  0.14099646  0.14921688  0.13286635  0.03457924  0.04887642  0.04887642  0.00678779  0.00000000  0.00000000  0.32575341  
13_0_0     0.23687166  0.24623639  0.23687166  0.18304335  0.18304335  0.20946819  0.20055465  0.20055465  0.19174721  0.14099646  0.14099646  0.14921688  0.13286635  0.03457924  0.04887642  0.04887642  0.00678779  0.00000000  0.00000000  0.32575341  
20_0_0     0.36896394  0.38017265  0.36896394  0.29492468  0.32575341  0.28492738  0.31533381  0.28492738  0.29492468  0.29492468  0.29492468  0.30505889  0.28492738  0.30505889  0.31533381  0.32575341  0.33632181  0.32575341  0.32575341  0.00000000  

