20
6_0_0      0.00000000  0.13656651  0.25862304  0.25862304  0.26444807  0.33196449  0.29432790  0.31289175  0.31289175  0.20828242  0.20828242  0.20290737  0.26444807  0.23020769  0.21369931  0.21915870  0.24711728  0.25862304  0.25284638  0.25284638  
14_0_0     0.13656651  0.00000000  0.27032226  0.27032226  0.27624648  0.30664861  0.25284638  0.31919142  0.33196449  0.17150092  0.17150092  0.17663787  0.28824840  0.21369931  0.19757353  0.18181303  0.25284638  0.21369931  0.23020769  0.23020769  
9_0_0      0.25862304  0.27032226  0.00000000  0.00000000  0.00401154  0.16133941  0.17150092  0.19757353  0.20828242  0.21369931  0.21369931  0.20828242  0.26444807  0.24711728  0.25284638  0.24711728  0.30664861  0.28222156  0.30046098  0.30046098  
13_0_0     0.25862304  0.27032226  0.00000000  0.00000000  0.00401154  0.16133941  0.17150092  0.19757353  0.20828242  0.21369931  0.21369931  0.20828242  0.26444807  0.24711728  0.25284638  0.24711728  0.30664861  0.28222156  0.30046098  0.30046098  
7_0_0      0.26444807  0.27624648  0.00401154  0.00401154  0.00000000  0.16640162  0.17150092  0.19228027  0.20290737  0.20828242  0.20828242  0.20290737  0.25862304  0.24143497  0.25284638  0.24711728  0.30046098  0.28824840  0.30664861  0.30664861  
15_0_0     0.33196449  0.30664861  0.16133941  0.16133941  0.16640162  0.00000000  0.22466126  0.26444807  0.28824840  0.24711728  0.24711728  0.24143497  0.31289175  0.29432790  0.27624648  0.27032226  0.36496226  0.35157479  0.34497642  0.34497642  
19_0_0     0.29432790  0.25284638  0.17150092  0.17150092  0.17150092  0.22466126  0.00000000  0.22466126  0.20290737  0.20290737  0.20290737  0.20828242  0.27032226  0.29432790  0.28824840  0.27032226  0.33196449  0.33844004  0.34497642  0.34497642  
8_0_0      0.31289175  0.31919142  0.19757353  0.19757353  0.19228027  0.26444807  0.22466126  0.00000000  0.01618683  0.26444807  0.26444807  0.25862304  0.31919142  0.28824840  0.27032226  0.26444807  0.35157479  0.35823633  0.37861237  0.37861237  
18_0_0     0.31289175  0.33196449  0.20828242  0.20828242  0.20290737  0.28824840  0.20290737  0.01618683  0.00000000  0.27624648  0.27624648  0.27032226  0.30664861  0.30046098  0.28222156  0.27624648  0.35157479  0.37175385  0.39253563  0.39253563  
3_0_0      0.20828242  0.17150092  0.21369931  0.21369931  0.20828242  0.24711728  0.20290737  0.26444807  0.27624648  0.00000000  0.00000000  0.00401154  0.24143497  0.19757353  0.20828242  0.20290737  0.24711728  0.24711728  0.24143497  0.24143497  
2_0_0      0.20828242  0.17150092  0.21369931  0.21369931  0.20828242  0.24711728  0.20290737  0.26444807  0.27624648  0.00000000  0.00000000  0.00401154  0.24143497  0.19757353  0.20828242  0.20290737  0.24711728  0.24711728  0.24143497  0.24143497  
1_0_0      0.20290737  0.17663787  0.20828242  0.20828242  0.20290737  0.24143497  0.20828242  0.25862304  0.27032226  0.00401154  0.00401154  0.00000000  0.23579869  0.19228027  0.20290737  0.19757353  0.24143497  0.25284638  0.24711728  0.24711728  
16_0_0     0.26444807  0.28824840  0.26444807  0.26444807  0.25862304  0.31289175  0.27032226  0.31919142  0.30664861  0.24143497  0.24143497  0.23579869  0.00000000  0.21369931  0.20290737  0.20290737  0.21915870  0.23020769  0.22466126  0.22466126  
17_0_0     0.23020769  0.21369931  0.24711728  0.24711728  0.24143497  0.29432790  0.29432790  0.28824840  0.30046098  0.19757353  0.19757353  0.19228027  0.21369931  0.00000000  0.05404563  0.05404563  0.11736425  0.11264536  0.10795825  0.10795825  
20_0_0     0.21369931  0.19757353  0.25284638  0.25284638  0.25284638  0.27624648  0.28824840  0.27032226  0.28222156  0.20828242  0.20828242  0.20290737  0.20290737  0.05404563  0.00000000  0.02442368  0.12689914  0.10795825  0.11264536  0.11264536  
11_0_0     0.21915870  0.18181303  0.24711728  0.24711728  0.24711728  0.27032226  0.27032226  0.26444807  0.27624648  0.20290737  0.20290737  0.19757353  0.20290737  0.05404563  0.02442368  0.00000000  0.14145103  0.11264536  0.11736425  0.11736425  
5_0_0      0.24711728  0.25284638  0.30664861  0.30664861  0.30046098  0.36496226  0.33196449  0.35157479  0.35157479  0.24711728  0.24711728  0.24143497  0.21915870  0.11736425  0.12689914  0.14145103  0.00000000  0.05404563  0.04119579  0.04119579  
10_0_0     0.25862304  0.21369931  0.28222156  0.28222156  0.28824840  0.35157479  0.33844004  0.35823633  0.37175385  0.24711728  0.24711728  0.25284638  0.23020769  0.11264536  0.10795825  0.11264536  0.05404563  0.00000000  0.01210468  0.01210468  
12_0_0     0.25284638  0.23020769  0.30046098  0.30046098  0.30664861  0.34497642  0.34497642  0.37861237  0.39253563  0.24143497  0.24143497  0.24711728  0.22466126  0.10795825  0.11264536  0.11736425  0.04119579  0.01210468  0.00000000  0.00000000  
4_0_0      0.25284638  0.23020769  0.30046098  0.30046098  0.30664861  0.34497642  0.34497642  0.37861237  0.39253563  0.24143497  0.24143497  0.24711728  0.22466126  0.10795825  0.11264536  0.11736425  0.04119579  0.01210468  0.00000000  0.00000000  

