20
16_0_0     0.00000000  0.22190943  0.23481884  0.26812266  0.21871726  0.46642925  0.49836706  0.49836706  0.44878455  0.46642925  0.47090755  0.45315610  0.44878455  0.45315610  0.38615729  0.39826231  0.42308859  0.42308859  0.42730923  0.42308859  
15_0_0     0.22190943  0.00000000  0.13171476  0.16056484  0.14599799  0.47994699  0.47090755  0.47090755  0.49836706  0.48450883  0.52206223  0.45315610  0.44011884  0.44443890  0.41057044  0.40234212  0.46642925  0.46642925  0.46197813  0.42730923  
20_0_0     0.23481884  0.13171476  0.00000000  0.16944585  0.14599799  0.50304526  0.50304526  0.50304526  0.48450883  0.48450883  0.49371850  0.44878455  0.43582407  0.44011884  0.44011884  0.44878455  0.47090755  0.47090755  0.46642925  0.42730923  
14_0_0     0.26812266  0.16056484  0.16944585  0.00000000  0.14311901  0.50304526  0.51249212  0.51249212  0.49836706  0.49371850  0.52206223  0.45315610  0.44011884  0.44443890  0.41889210  0.41057044  0.47541335  0.47541335  0.47090755  0.42308859  
6_0_0      0.21871726  0.14599799  0.14599799  0.14311901  0.00000000  0.50775348  0.50775348  0.50775348  0.48909921  0.48909921  0.49371850  0.46197813  0.45315610  0.46642925  0.40644474  0.40644474  0.44878455  0.44878455  0.44443890  0.40644474  
7_0_0      0.46642925  0.47994699  0.50304526  0.50304526  0.50775348  0.00000000  0.01673797  0.01673797  0.24795950  0.25128178  0.21553892  0.48450883  0.47090755  0.47541335  0.38615729  0.40234212  0.41471947  0.41471947  0.41057044  0.38216626  
9_0_0      0.49836706  0.47090755  0.50304526  0.51249212  0.50775348  0.01673797  0.00000000  0.00000000  0.24795950  0.25128178  0.21871726  0.47994699  0.46642925  0.47090755  0.39017014  0.40644474  0.42308859  0.42308859  0.41889210  0.39017014  
13_0_0     0.49836706  0.47090755  0.50304526  0.51249212  0.50775348  0.01673797  0.00000000  0.00000000  0.24795950  0.25128178  0.21871726  0.47994699  0.46642925  0.47090755  0.39017014  0.40644474  0.42308859  0.42308859  0.41889210  0.39017014  
18_0_0     0.44878455  0.49836706  0.48450883  0.49836706  0.48909921  0.24795950  0.24795950  0.24795950  0.00000000  0.01673797  0.14025129  0.43582407  0.43155430  0.42730923  0.39826231  0.41057044  0.42730923  0.42730923  0.43155430  0.42730923  
8_0_0      0.46642925  0.48450883  0.48450883  0.49371850  0.48909921  0.25128178  0.25128178  0.25128178  0.01673797  0.00000000  0.13739473  0.45755386  0.45315610  0.44878455  0.40234212  0.40644474  0.41471947  0.41471947  0.41889210  0.41471947  
19_0_0     0.47090755  0.52206223  0.49371850  0.52206223  0.49371850  0.21553892  0.21871726  0.21871726  0.14025129  0.13739473  0.00000000  0.44878455  0.44443890  0.44011884  0.44011884  0.45755386  0.44443890  0.44443890  0.44878455  0.42308859  
3_0_0      0.45315610  0.45315610  0.44878455  0.45315610  0.46197813  0.48450883  0.47994699  0.47994699  0.43582407  0.45755386  0.44878455  0.00000000  0.00712670  0.00951774  0.28187938  0.30301060  0.30301060  0.30301060  0.30659241  0.31019180  
2_0_0      0.44878455  0.44011884  0.43582407  0.44011884  0.45315610  0.47090755  0.46642925  0.46642925  0.43155430  0.45315610  0.44443890  0.00712670  0.00000000  0.00712670  0.27841594  0.29944619  0.30659241  0.30659241  0.31019180  0.31380893  
1_0_0      0.45315610  0.44443890  0.44011884  0.44443890  0.46642925  0.47541335  0.47090755  0.47090755  0.42730923  0.44878455  0.44011884  0.00951774  0.00712670  0.00000000  0.27496878  0.29589901  0.30301060  0.30301060  0.30659241  0.31744399  
17_0_0     0.38615729  0.41057044  0.44011884  0.41889210  0.40644474  0.38615729  0.39017014  0.39017014  0.39826231  0.40234212  0.44011884  0.28187938  0.27841594  0.27496878  0.00000000  0.02159124  0.13739473  0.13739473  0.14025129  0.12607844  
11_0_0     0.39826231  0.40234212  0.44878455  0.41057044  0.40644474  0.40234212  0.40644474  0.40644474  0.41057044  0.40644474  0.45755386  0.30301060  0.29944619  0.29589901  0.02159124  0.00000000  0.16056484  0.16056484  0.16351325  0.14888831  
12_0_0     0.42308859  0.46642925  0.47090755  0.47541335  0.44878455  0.41471947  0.42308859  0.42308859  0.42730923  0.41471947  0.44443890  0.30301060  0.30659241  0.30301060  0.13739473  0.16056484  0.00000000  0.00000000  0.00236788  0.03883508  
4_0_0      0.42308859  0.46642925  0.47090755  0.47541335  0.44878455  0.41471947  0.42308859  0.42308859  0.42730923  0.41471947  0.44443890  0.30301060  0.30659241  0.30301060  0.13739473  0.16056484  0.00000000  0.00000000  0.00236788  0.03883508  
10_0_0     0.42730923  0.46197813  0.46642925  0.47090755  0.44443890  0.41057044  0.41889210  0.41889210  0.43155430  0.41889210  0.44878455  0.30659241  0.31019180  0.30659241  0.14025129  0.16351325  0.00236788  0.00236788  0.00000000  0.03634672  
5_0_0      0.42308859  0.42730923  0.42730923  0.42308859  0.40644474  0.38216626  0.39017014  0.39017014  0.42730923  0.41471947  0.42308859  0.31019180  0.31380893  0.31744399  0.12607844  0.14888831  0.03883508  0.03883508  0.03634672  0.00000000  

