20
13_0_0     0.00000000  0.00601223  0.00601223  0.01818428  0.01818428  0.01818428  0.20557364  0.24611536  0.20557364  0.19772357  0.20557364  0.20557364  0.21350735  0.14497462  0.37299914  0.37299914  0.33448835  0.34393097  0.34393097  0.34393097  
3_0_0      0.00601223  0.00000000  0.00000000  0.01207339  0.01207339  0.01207339  0.19772357  0.23782853  0.19772357  0.18995538  0.19772357  0.19772357  0.20557364  0.13773504  0.36318314  0.36318314  0.32516397  0.33448835  0.33448835  0.33448835  
6_0_0      0.00601223  0.00000000  0.00000000  0.01207339  0.01207339  0.01207339  0.19772357  0.23782853  0.19772357  0.18995538  0.19772357  0.19772357  0.20557364  0.13773504  0.36318314  0.36318314  0.32516397  0.33448835  0.33448835  0.33448835  
11_0_0     0.01818428  0.01207339  0.01207339  0.00000000  0.00000000  0.00000000  0.18226738  0.23782853  0.19772357  0.18995538  0.19772357  0.19772357  0.20557364  0.13773504  0.37299914  0.37299914  0.33448835  0.34393097  0.34393097  0.34393097  
14_0_0     0.01818428  0.01207339  0.01207339  0.00000000  0.00000000  0.00000000  0.18226738  0.23782853  0.19772357  0.18995538  0.19772357  0.19772357  0.20557364  0.13773504  0.37299914  0.37299914  0.33448835  0.34393097  0.34393097  0.34393097  
2_0_0      0.01818428  0.01207339  0.01207339  0.00000000  0.00000000  0.00000000  0.18226738  0.23782853  0.19772357  0.18995538  0.19772357  0.19772357  0.20557364  0.13773504  0.37299914  0.37299914  0.33448835  0.34393097  0.34393097  0.34393097  
8_0_0      0.20557364  0.19772357  0.19772357  0.18226738  0.18226738  0.18226738  0.00000000  0.05594165  0.02434573  0.04314198  0.03682371  0.03682371  0.04314198  0.10255659  0.38294624  0.36318314  0.34393097  0.35349484  0.35349484  0.35349484  
12_0_0     0.24611536  0.23782853  0.23782853  0.23782853  0.23782853  0.23782853  0.05594165  0.00000000  0.04314198  0.06242493  0.05594165  0.05594165  0.06242493  0.13773504  0.40324813  0.38294624  0.40324813  0.41361046  0.41361046  0.41361046  
4_0_0      0.20557364  0.19772357  0.19772357  0.19772357  0.19772357  0.19772357  0.02434573  0.04314198  0.00000000  0.01818428  0.01207339  0.01207339  0.01818428  0.10255659  0.39302801  0.37299914  0.35349484  0.36318314  0.36318314  0.36318314  
1_0_0      0.19772357  0.18995538  0.18995538  0.18995538  0.18995538  0.18995538  0.04314198  0.06242493  0.01818428  0.00000000  0.01818428  0.01818428  0.02434573  0.09571600  0.41361046  0.39302801  0.37299914  0.38294624  0.38294624  0.38294624  
7_0_0      0.20557364  0.19772357  0.19772357  0.19772357  0.19772357  0.19772357  0.03682371  0.05594165  0.01207339  0.01818428  0.00000000  0.01207339  0.01818428  0.10255659  0.38294624  0.36318314  0.34393097  0.35349484  0.35349484  0.35349484  
5_0_0      0.20557364  0.19772357  0.19772357  0.19772357  0.19772357  0.19772357  0.03682371  0.05594165  0.01207339  0.01818428  0.01207339  0.00000000  0.01818428  0.10255659  0.38294624  0.36318314  0.34393097  0.35349484  0.35349484  0.35349484  
10_0_0     0.21350735  0.20557364  0.20557364  0.20557364  0.20557364  0.20557364  0.04314198  0.06242493  0.01818428  0.02434573  0.01818428  0.01818428  0.00000000  0.10946060  0.39302801  0.35349484  0.35349484  0.34393097  0.34393097  0.36318314  
9_0_0      0.14497462  0.13773504  0.13773504  0.13773504  0.13773504  0.13773504  0.10255659  0.13773504  0.10255659  0.09571600  0.10255659  0.10255659  0.10946060  0.00000000  0.36318314  0.34393097  0.34393097  0.35349484  0.35349484  0.35349484  
16_0_0     0.37299914  0.36318314  0.36318314  0.37299914  0.37299914  0.37299914  0.38294624  0.40324813  0.39302801  0.41361046  0.38294624  0.38294624  0.39302801  0.36318314  0.00000000  0.03055859  0.05594165  0.06242493  0.06242493  0.06242493  
20_0_0     0.37299914  0.36318314  0.36318314  0.37299914  0.37299914  0.37299914  0.36318314  0.38294624  0.37299914  0.39302801  0.36318314  0.36318314  0.35349484  0.34393097  0.03055859  0.00000000  0.04951432  0.04314198  0.04314198  0.05594165  
15_0_0     0.33448835  0.32516397  0.32516397  0.33448835  0.33448835  0.33448835  0.34393097  0.40324813  0.35349484  0.37299914  0.34393097  0.34393097  0.35349484  0.34393097  0.05594165  0.04951432  0.00000000  0.00601223  0.00601223  0.00601223  
17_0_0     0.34393097  0.33448835  0.33448835  0.34393097  0.34393097  0.34393097  0.35349484  0.41361046  0.36318314  0.38294624  0.35349484  0.35349484  0.34393097  0.35349484  0.06242493  0.04314198  0.00601223  0.00000000  0.00000000  0.01207339  
19_0_0     0.34393097  0.33448835  0.33448835  0.34393097  0.34393097  0.34393097  0.35349484  0.41361046  0.36318314  0.38294624  0.35349484  0.35349484  0.34393097  0.35349484  0.06242493  0.04314198  0.00601223  0.00000000  0.00000000  0.01207339  
18_0_0     0.34393097  0.33448835  0.33448835  0.34393097  0.34393097  0.34393097  0.35349484  0.41361046  0.36318314  0.38294624  0.35349484  0.35349484  0.36318314  0.35349484  0.06242493  0.05594165  0.00601223  0.01207339  0.01207339  0.00000000  

