46
69_20_0    0.00000000  0.00674183  0.09279700  0.30208071  0.28221067  0.30208071  0.33291661  0.32249547  0.33291661  0.32249547  0.32249547  0.29207942  0.29207942  0.28221067  0.30208071  0.30208071  0.23473815  0.32249547  0.29207942  0.27247099  0.29207942  0.29207942  0.30208071  0.30208071  0.29207942  0.30208071  0.31221814  0.31221814  0.33291661  0.30208071  0.28221067  0.39870516  0.39870516  0.32249547  0.35420686  0.33291661  0.32249547  0.31221814  0.35420686  0.37612370  0.38732885  0.34348566  0.33291661  0.42199280  0.44603221  0.38732885  
67_20_0    0.00674183  0.00000000  0.10043809  0.31221814  0.29207942  0.31221814  0.32249547  0.31221814  0.32249547  0.31221814  0.31221814  0.28221067  0.28221067  0.29207942  0.31221814  0.31221814  0.24399364  0.33291661  0.30208071  0.28221067  0.30208071  0.28221067  0.29207942  0.29207942  0.28221067  0.29207942  0.30208071  0.30208071  0.32249547  0.29207942  0.27247099  0.38732885  0.38732885  0.31221814  0.34348566  0.34348566  0.31221814  0.30208071  0.34348566  0.36508466  0.37612370  0.33291661  0.32249547  0.41025796  0.43391551  0.39870516  
66_20_0    0.09279700  0.10043809  0.00000000  0.29207942  0.28221067  0.29207942  0.31221814  0.31221814  0.31221814  0.30208071  0.32249547  0.29207942  0.31221814  0.29207942  0.35420686  0.35420686  0.23473815  0.33291661  0.28221067  0.27247099  0.27247099  0.32249547  0.34348566  0.34348566  0.32249547  0.36508466  0.33291661  0.34348566  0.36508466  0.33291661  0.31221814  0.41025796  0.41025796  0.34348566  0.41025796  0.38732885  0.37612370  0.37612370  0.35420686  0.37612370  0.38732885  0.34348566  0.33291661  0.47087357  0.47087357  0.42199280  
45_12_0    0.30208071  0.31221814  0.29207942  0.00000000  0.02041141  0.01354526  0.04139805  0.04852712  0.05572509  0.03433659  0.04852712  0.07774607  0.12384334  0.10043809  0.32249547  0.32249547  0.18149805  0.26285704  0.20764244  0.20764244  0.18149805  0.29207942  0.28221067  0.28221067  0.29207942  0.31221814  0.25336562  0.29207942  0.28221067  0.32249547  0.25336562  0.33291661  0.33291661  0.33291661  0.34348566  0.36508466  0.33291661  0.33291661  0.33291661  0.36508466  0.34348566  0.32249547  0.31221814  0.31221814  0.30208071  0.29207942  
44_12_0    0.28221067  0.29207942  0.28221067  0.02041141  0.00000000  0.02041141  0.04852712  0.04139805  0.06299330  0.04139805  0.05572509  0.07033316  0.11595957  0.10815840  0.32249547  0.32249547  0.18149805  0.26285704  0.20764244  0.20764244  0.18149805  0.28221067  0.27247099  0.27247099  0.28221067  0.30208071  0.26285704  0.28221067  0.27247099  0.31221814  0.24399364  0.32249547  0.32249547  0.33291661  0.33291661  0.35420686  0.32249547  0.32249547  0.34348566  0.37612370  0.35420686  0.33291661  0.32249547  0.30208071  0.31221814  0.28221067  
85_12_0    0.30208071  0.31221814  0.29207942  0.01354526  0.02041141  0.00000000  0.04139805  0.04852712  0.04139805  0.02041141  0.04852712  0.07774607  0.12384334  0.10043809  0.34348566  0.34348566  0.19882527  0.27247099  0.22559627  0.22559627  0.19882527  0.30208071  0.29207942  0.29207942  0.30208071  0.32249547  0.26285704  0.30208071  0.29207942  0.33291661  0.26285704  0.34348566  0.34348566  0.34348566  0.33291661  0.35420686  0.32249547  0.33291661  0.34348566  0.37612370  0.35420686  0.33291661  0.32249547  0.32249547  0.31221814  0.30208071  
85_8_0     0.33291661  0.32249547  0.31221814  0.04139805  0.04852712  0.04139805  0.00000000  0.00674183  0.04139805  0.02041141  0.04139805  0.08523351  0.13181145  0.10815840  0.36508466  0.36508466  0.21656525  0.31221814  0.25336562  0.25336562  0.22559627  0.29207942  0.30208071  0.30208071  0.31221814  0.33291661  0.27247099  0.29207942  0.30208071  0.34348566  0.27247099  0.35420686  0.35420686  0.35420686  0.34348566  0.38732885  0.33291661  0.33291661  0.33291661  0.34348566  0.34348566  0.32249547  0.31221814  0.31221814  0.30208071  0.31221814  
85_13_0    0.32249547  0.31221814  0.31221814  0.04852712  0.04139805  0.04852712  0.00674183  0.00000000  0.04852712  0.02734145  0.04852712  0.07774607  0.12384334  0.11595957  0.35420686  0.35420686  0.20764244  0.30208071  0.24399364  0.24399364  0.21656525  0.28221067  0.29207942  0.29207942  0.30208071  0.32249547  0.28221067  0.28221067  0.29207942  0.33291661  0.26285704  0.34348566  0.34348566  0.35420686  0.33291661  0.37612370  0.32249547  0.32249547  0.34348566  0.35420686  0.35420686  0.33291661  0.32249547  0.30208071  0.31221814  0.30208071  
44_8_0     0.33291661  0.32249547  0.31221814  0.05572509  0.06299330  0.04139805  0.04139805  0.04852712  0.00000000  0.02041141  0.05572509  0.10043809  0.14800809  0.13986574  0.38732885  0.38732885  0.23473815  0.32249547  0.27247099  0.27247099  0.24399364  0.31221814  0.30208071  0.30208071  0.31221814  0.33291661  0.27247099  0.29207942  0.30208071  0.34348566  0.29207942  0.35420686  0.35420686  0.33291661  0.36508466  0.41025796  0.35420686  0.36508466  0.37612370  0.37612370  0.35420686  0.36508466  0.35420686  0.33291661  0.32249547  0.33291661  
47_8_0     0.32249547  0.31221814  0.30208071  0.03433659  0.04139805  0.02041141  0.02041141  0.02734145  0.02041141  0.00000000  0.03433659  0.07774607  0.12384334  0.11595957  0.35420686  0.35420686  0.20764244  0.29207942  0.24399364  0.24399364  0.21656525  0.30208071  0.29207942  0.29207942  0.30208071  0.32249547  0.26285704  0.30208071  0.29207942  0.33291661  0.26285704  0.34348566  0.34348566  0.34348566  0.33291661  0.37612370  0.32249547  0.33291661  0.34348566  0.37612370  0.35420686  0.33291661  0.32249547  0.32249547  0.31221814  0.32249547  
45_8_0     0.32249547  0.31221814  0.32249547  0.04852712  0.05572509  0.04852712  0.04139805  0.04852712  0.05572509  0.03433659  0.00000000  0.09279700  0.13986574  0.13181145  0.35420686  0.35420686  0.22559627  0.30208071  0.26285704  0.26285704  0.23473815  0.32249547  0.31221814  0.31221814  0.32249547  0.34348566  0.28221067  0.32249547  0.31221814  0.35420686  0.28221067  0.36508466  0.36508466  0.36508466  0.34348566  0.38732885  0.35420686  0.34348566  0.36508466  0.39870516  0.35420686  0.35420686  0.34348566  0.34348566  0.33291661  0.32249547  
94_18_0    0.29207942  0.28221067  0.29207942  0.07774607  0.07033316  0.07774607  0.08523351  0.07774607  0.10043809  0.07774607  0.09279700  0.00000000  0.04139805  0.13986574  0.31221814  0.31221814  0.20764244  0.25336562  0.21656525  0.21656525  0.22559627  0.31221814  0.30208071  0.30208071  0.27247099  0.33291661  0.29207942  0.31221814  0.28221067  0.32249547  0.27247099  0.33291661  0.33291661  0.34348566  0.33291661  0.37612370  0.32249547  0.32249547  0.35420686  0.38732885  0.36508466  0.34348566  0.33291661  0.29207942  0.30208071  0.29207942  
94_8_0     0.29207942  0.28221067  0.31221814  0.12384334  0.11595957  0.12384334  0.13181145  0.12384334  0.14800809  0.12384334  0.13986574  0.04139805  0.00000000  0.19011127  0.35420686  0.35420686  0.24399364  0.29207942  0.25336562  0.25336562  0.26285704  0.33291661  0.30208071  0.30208071  0.31221814  0.34348566  0.31221814  0.31221814  0.30208071  0.32249547  0.29207942  0.37612370  0.37612370  0.34348566  0.35420686  0.37612370  0.34348566  0.34348566  0.37612370  0.41025796  0.41025796  0.36508466  0.35420686  0.31221814  0.32249547  0.29207942  
73_8_0     0.28221067  0.29207942  0.29207942  0.10043809  0.10815840  0.10043809  0.10815840  0.11595957  0.13986574  0.11595957  0.13181145  0.13986574  0.19011127  0.00000000  0.35420686  0.35420686  0.24399364  0.31221814  0.25336562  0.27247099  0.24399364  0.28221067  0.26285704  0.26285704  0.31221814  0.31221814  0.27247099  0.33291661  0.31221814  0.28221067  0.27247099  0.35420686  0.35420686  0.37612370  0.39870516  0.42199280  0.38732885  0.38732885  0.33291661  0.36508466  0.36508466  0.34348566  0.33291661  0.32249547  0.31221814  0.29207942  
36_7_0     0.30208071  0.31221814  0.35420686  0.32249547  0.32249547  0.34348566  0.36508466  0.35420686  0.38732885  0.35420686  0.35420686  0.31221814  0.35420686  0.35420686  0.00000000  0.00000000  0.15624046  0.21656525  0.21656525  0.21656525  0.20764244  0.44603221  0.39870516  0.39870516  0.36508466  0.35420686  0.37612370  0.39870516  0.37612370  0.39870516  0.38732885  0.45834932  0.45834932  0.37612370  0.44603221  0.42199280  0.45834932  0.39870516  0.44603221  0.50976193  0.45834932  0.42199280  0.41025796  0.42199280  0.44603221  0.44603221  
90_7_0     0.30208071  0.31221814  0.35420686  0.32249547  0.32249547  0.34348566  0.36508466  0.35420686  0.38732885  0.35420686  0.35420686  0.31221814  0.35420686  0.35420686  0.00000000  0.00000000  0.15624046  0.21656525  0.21656525  0.21656525  0.20764244  0.44603221  0.39870516  0.39870516  0.36508466  0.35420686  0.37612370  0.39870516  0.37612370  0.39870516  0.38732885  0.45834932  0.45834932  0.37612370  0.44603221  0.42199280  0.45834932  0.39870516  0.44603221  0.50976193  0.45834932  0.42199280  0.41025796  0.42199280  0.44603221  0.44603221  
94_7_0     0.23473815  0.24399364  0.23473815  0.18149805  0.18149805  0.19882527  0.21656525  0.20764244  0.23473815  0.20764244  0.22559627  0.20764244  0.24399364  0.24399364  0.15624046  0.15624046  0.00000000  0.10815840  0.10815840  0.09279700  0.08523351  0.28221067  0.27247099  0.27247099  0.27247099  0.27247099  0.27247099  0.29207942  0.27247099  0.30208071  0.26285704  0.29207942  0.29207942  0.32249547  0.32249547  0.30208071  0.29207942  0.29207942  0.31221814  0.36508466  0.32249547  0.29207942  0.28221067  0.33291661  0.34348566  0.30208071  
45_7_0     0.32249547  0.33291661  0.33291661  0.26285704  0.26285704  0.27247099  0.31221814  0.30208071  0.32249547  0.29207942  0.30208071  0.25336562  0.29207942  0.31221814  0.21656525  0.21656525  0.10815840  0.00000000  0.08523351  0.07033316  0.07774607  0.36508466  0.34348566  0.34348566  0.32249547  0.34348566  0.34348566  0.36508466  0.32249547  0.35420686  0.33291661  0.34348566  0.34348566  0.37612370  0.36508466  0.32249547  0.35420686  0.32249547  0.32249547  0.37612370  0.33291661  0.30208071  0.31221814  0.34348566  0.35420686  0.33291661  
47_7_0     0.29207942  0.30208071  0.28221067  0.20764244  0.20764244  0.22559627  0.25336562  0.24399364  0.27247099  0.24399364  0.26285704  0.21656525  0.25336562  0.25336562  0.21656525  0.21656525  0.10815840  0.08523351  0.00000000  0.05572509  0.04852712  0.32249547  0.28221067  0.28221067  0.26285704  0.28221067  0.28221067  0.30208071  0.28221067  0.29207942  0.26285704  0.30208071  0.30208071  0.31221814  0.33291661  0.31221814  0.32249547  0.30208071  0.32249547  0.37612370  0.35420686  0.32249547  0.31221814  0.32249547  0.33291661  0.31221814  
44_7_0     0.27247099  0.28221067  0.27247099  0.20764244  0.20764244  0.22559627  0.25336562  0.24399364  0.27247099  0.24399364  0.26285704  0.21656525  0.25336562  0.27247099  0.21656525  0.21656525  0.09279700  0.07033316  0.05572509  0.00000000  0.04852712  0.32249547  0.28221067  0.28221067  0.30208071  0.27247099  0.28221067  0.30208071  0.26285704  0.29207942  0.29207942  0.30208071  0.30208071  0.33291661  0.33291661  0.31221814  0.32249547  0.30208071  0.32249547  0.37612370  0.33291661  0.32249547  0.31221814  0.29207942  0.30208071  0.28221067  
85_7_0     0.29207942  0.30208071  0.27247099  0.18149805  0.18149805  0.19882527  0.22559627  0.21656525  0.24399364  0.21656525  0.23473815  0.22559627  0.26285704  0.24399364  0.20764244  0.20764244  0.08523351  0.07774607  0.04852712  0.04852712  0.00000000  0.30208071  0.27247099  0.27247099  0.27247099  0.27247099  0.27247099  0.29207942  0.25336562  0.28221067  0.26285704  0.29207942  0.29207942  0.32249547  0.32249547  0.30208071  0.31221814  0.29207942  0.31221814  0.36508466  0.32249547  0.31221814  0.30208071  0.29207942  0.30208071  0.28221067  
73_5_0     0.29207942  0.28221067  0.32249547  0.29207942  0.28221067  0.30208071  0.29207942  0.28221067  0.31221814  0.30208071  0.32249547  0.31221814  0.33291661  0.28221067  0.44603221  0.44603221  0.28221067  0.36508466  0.32249547  0.32249547  0.30208071  0.00000000  0.08523351  0.08523351  0.10043809  0.15624046  0.13181145  0.14800809  0.14800809  0.15624046  0.10043809  0.16456484  0.16456484  0.15624046  0.18149805  0.19882527  0.17298332  0.17298332  0.14800809  0.18149805  0.17298332  0.17298332  0.16456484  0.17298332  0.18149805  0.15624046  
90_5_0     0.30208071  0.29207942  0.34348566  0.28221067  0.27247099  0.29207942  0.30208071  0.29207942  0.30208071  0.29207942  0.31221814  0.30208071  0.30208071  0.26285704  0.39870516  0.39870516  0.27247099  0.34348566  0.28221067  0.28221067  0.27247099  0.08523351  0.00000000  0.00000000  0.08523351  0.15624046  0.11595957  0.13181145  0.13181145  0.10815840  0.08523351  0.14800809  0.14800809  0.12384334  0.19011127  0.20764244  0.18149805  0.18149805  0.15624046  0.19011127  0.19011127  0.16456484  0.15624046  0.17298332  0.18149805  0.16456484  
36_5_0     0.30208071  0.29207942  0.34348566  0.28221067  0.27247099  0.29207942  0.30208071  0.29207942  0.30208071  0.29207942  0.31221814  0.30208071  0.30208071  0.26285704  0.39870516  0.39870516  0.27247099  0.34348566  0.28221067  0.28221067  0.27247099  0.08523351  0.00000000  0.00000000  0.08523351  0.15624046  0.11595957  0.13181145  0.13181145  0.10815840  0.08523351  0.14800809  0.14800809  0.12384334  0.19011127  0.20764244  0.18149805  0.18149805  0.15624046  0.19011127  0.19011127  0.16456484  0.15624046  0.17298332  0.18149805  0.16456484  
94_5_0     0.29207942  0.28221067  0.32249547  0.29207942  0.28221067  0.30208071  0.31221814  0.30208071  0.31221814  0.30208071  0.32249547  0.27247099  0.31221814  0.31221814  0.36508466  0.36508466  0.27247099  0.32249547  0.26285704  0.30208071  0.27247099  0.10043809  0.08523351  0.08523351  0.00000000  0.15624046  0.11595957  0.13181145  0.13986574  0.13986574  0.07033316  0.11595957  0.11595957  0.10043809  0.18149805  0.19882527  0.17298332  0.17298332  0.13986574  0.17298332  0.15624046  0.14800809  0.13986574  0.16456484  0.17298332  0.18149805  
85_5_0     0.30208071  0.29207942  0.36508466  0.31221814  0.30208071  0.32249547  0.33291661  0.32249547  0.33291661  0.32249547  0.34348566  0.33291661  0.34348566  0.31221814  0.35420686  0.35420686  0.27247099  0.34348566  0.28221067  0.27247099  0.27247099  0.15624046  0.15624046  0.15624046  0.15624046  0.00000000  0.04852712  0.07774607  0.07033316  0.08523351  0.10815840  0.15624046  0.15624046  0.16456484  0.20764244  0.24399364  0.19882527  0.18149805  0.18149805  0.19011127  0.20764244  0.19011127  0.18149805  0.20764244  0.21656525  0.22559627  
44_5_0     0.31221814  0.30208071  0.33291661  0.25336562  0.26285704  0.26285704  0.27247099  0.28221067  0.27247099  0.26285704  0.28221067  0.29207942  0.31221814  0.27247099  0.37612370  0.37612370  0.27247099  0.34348566  0.28221067  0.28221067  0.27247099  0.13181145  0.11595957  0.11595957  0.11595957  0.04852712  0.00000000  0.04139805  0.03433659  0.04852712  0.07033316  0.13181145  0.13181145  0.13181145  0.18149805  0.19882527  0.17298332  0.17298332  0.12384334  0.13181145  0.14800809  0.13181145  0.12384334  0.19011127  0.18149805  0.19011127  
47_5_0     0.31221814  0.30208071  0.34348566  0.29207942  0.28221067  0.30208071  0.29207942  0.28221067  0.29207942  0.30208071  0.32249547  0.31221814  0.31221814  0.33291661  0.39870516  0.39870516  0.29207942  0.36508466  0.30208071  0.30208071  0.29207942  0.14800809  0.13181145  0.13181145  0.13181145  0.07774607  0.04139805  0.00000000  0.06299330  0.07774607  0.10043809  0.16456484  0.16456484  0.15624046  0.19011127  0.21656525  0.19011127  0.19011127  0.15624046  0.13986574  0.17298332  0.14800809  0.13986574  0.20764244  0.21656525  0.20764244  
45_5_0     0.33291661  0.32249547  0.36508466  0.28221067  0.27247099  0.29207942  0.30208071  0.29207942  0.30208071  0.29207942  0.31221814  0.28221067  0.30208071  0.31221814  0.37612370  0.37612370  0.27247099  0.32249547  0.28221067  0.26285704  0.25336562  0.14800809  0.13181145  0.13181145  0.13986574  0.07033316  0.03433659  0.06299330  0.00000000  0.04852712  0.09279700  0.15624046  0.15624046  0.16456484  0.17298332  0.19011127  0.16456484  0.16456484  0.16456484  0.17298332  0.17298332  0.17298332  0.16456484  0.17298332  0.18149805  0.17298332  
45_15_0    0.30208071  0.29207942  0.33291661  0.32249547  0.31221814  0.33291661  0.34348566  0.33291661  0.34348566  0.33291661  0.35420686  0.32249547  0.32249547  0.28221067  0.39870516  0.39870516  0.30208071  0.35420686  0.29207942  0.29207942  0.28221067  0.15624046  0.10815840  0.10815840  0.13986574  0.08523351  0.04852712  0.07774607  0.04852712  0.00000000  0.09279700  0.17298332  0.17298332  0.16456484  0.20764244  0.22559627  0.19882527  0.19882527  0.16456484  0.17298332  0.19011127  0.17298332  0.16456484  0.20764244  0.21656525  0.19882527  
94_11_0    0.28221067  0.27247099  0.31221814  0.25336562  0.24399364  0.26285704  0.27247099  0.26285704  0.29207942  0.26285704  0.28221067  0.27247099  0.29207942  0.27247099  0.38732885  0.38732885  0.26285704  0.33291661  0.26285704  0.29207942  0.26285704  0.10043809  0.08523351  0.08523351  0.07033316  0.10815840  0.07033316  0.10043809  0.09279700  0.09279700  0.00000000  0.11595957  0.11595957  0.12384334  0.16456484  0.18149805  0.15624046  0.15624046  0.10815840  0.13181145  0.14800809  0.11595957  0.10815840  0.18149805  0.19011127  0.18149805  
90_11_0    0.39870516  0.38732885  0.41025796  0.33291661  0.32249547  0.34348566  0.35420686  0.34348566  0.35420686  0.34348566  0.36508466  0.33291661  0.37612370  0.35420686  0.45834932  0.45834932  0.29207942  0.34348566  0.30208071  0.30208071  0.29207942  0.16456484  0.14800809  0.14800809  0.11595957  0.15624046  0.13181145  0.16456484  0.15624046  0.17298332  0.11595957  0.00000000  0.00000000  0.13986574  0.19882527  0.23473815  0.19011127  0.19011127  0.15624046  0.17298332  0.16456484  0.16456484  0.15624046  0.17298332  0.18149805  0.20764244  
36_11_0    0.39870516  0.38732885  0.41025796  0.33291661  0.32249547  0.34348566  0.35420686  0.34348566  0.35420686  0.34348566  0.36508466  0.33291661  0.37612370  0.35420686  0.45834932  0.45834932  0.29207942  0.34348566  0.30208071  0.30208071  0.29207942  0.16456484  0.14800809  0.14800809  0.11595957  0.15624046  0.13181145  0.16456484  0.15624046  0.17298332  0.11595957  0.00000000  0.00000000  0.13986574  0.19882527  0.23473815  0.19011127  0.19011127  0.15624046  0.17298332  0.16456484  0.16456484  0.15624046  0.17298332  0.18149805  0.20764244  
73_11_0    0.32249547  0.31221814  0.34348566  0.33291661  0.33291661  0.34348566  0.35420686  0.35420686  0.33291661  0.34348566  0.36508466  0.34348566  0.34348566  0.37612370  0.37612370  0.37612370  0.32249547  0.37612370  0.31221814  0.33291661  0.32249547  0.15624046  0.12384334  0.12384334  0.10043809  0.16456484  0.13181145  0.15624046  0.16456484  0.16456484  0.12384334  0.13986574  0.13986574  0.00000000  0.22559627  0.22559627  0.19882527  0.19882527  0.19011127  0.20764244  0.20764244  0.19011127  0.18149805  0.21656525  0.21656525  0.23473815  
47_9_0     0.35420686  0.34348566  0.41025796  0.34348566  0.33291661  0.33291661  0.34348566  0.33291661  0.36508466  0.33291661  0.34348566  0.33291661  0.35420686  0.39870516  0.44603221  0.44603221  0.32249547  0.36508466  0.33291661  0.33291661  0.32249547  0.18149805  0.19011127  0.19011127  0.18149805  0.20764244  0.18149805  0.19011127  0.17298332  0.20764244  0.16456484  0.19882527  0.19882527  0.22559627  0.00000000  0.08523351  0.04852712  0.05572509  0.15624046  0.19882527  0.16456484  0.18149805  0.17298332  0.22559627  0.23473815  0.20764244  
44_9_0     0.33291661  0.34348566  0.38732885  0.36508466  0.35420686  0.35420686  0.38732885  0.37612370  0.41025796  0.37612370  0.38732885  0.37612370  0.37612370  0.42199280  0.42199280  0.42199280  0.30208071  0.32249547  0.31221814  0.31221814  0.30208071  0.19882527  0.20764244  0.20764244  0.19882527  0.24399364  0.19882527  0.21656525  0.19011127  0.22559627  0.18149805  0.23473815  0.23473815  0.22559627  0.08523351  0.00000000  0.07774607  0.07774607  0.15624046  0.19882527  0.18149805  0.17298332  0.16456484  0.25336562  0.26285704  0.23473815  
45_9_0     0.32249547  0.31221814  0.37612370  0.33291661  0.32249547  0.32249547  0.33291661  0.32249547  0.35420686  0.32249547  0.35420686  0.32249547  0.34348566  0.38732885  0.45834932  0.45834932  0.29207942  0.35420686  0.32249547  0.32249547  0.31221814  0.17298332  0.18149805  0.18149805  0.17298332  0.19882527  0.17298332  0.19011127  0.16456484  0.19882527  0.15624046  0.19011127  0.19011127  0.19882527  0.04852712  0.07774607  0.00000000  0.04852712  0.14800809  0.19011127  0.17298332  0.17298332  0.16456484  0.23473815  0.24399364  0.23473815  
85_9_0     0.31221814  0.30208071  0.37612370  0.33291661  0.32249547  0.33291661  0.33291661  0.32249547  0.36508466  0.33291661  0.34348566  0.32249547  0.34348566  0.38732885  0.39870516  0.39870516  0.29207942  0.32249547  0.30208071  0.30208071  0.29207942  0.17298332  0.18149805  0.18149805  0.17298332  0.18149805  0.17298332  0.19011127  0.16456484  0.19882527  0.15624046  0.19011127  0.19011127  0.19882527  0.05572509  0.07774607  0.04852712  0.00000000  0.14800809  0.19011127  0.17298332  0.17298332  0.16456484  0.21656525  0.22559627  0.23473815  
73_16_0    0.35420686  0.34348566  0.35420686  0.33291661  0.34348566  0.34348566  0.33291661  0.34348566  0.37612370  0.34348566  0.36508466  0.35420686  0.37612370  0.33291661  0.44603221  0.44603221  0.31221814  0.32249547  0.32249547  0.32249547  0.31221814  0.14800809  0.15624046  0.15624046  0.13986574  0.18149805  0.12384334  0.15624046  0.16456484  0.16456484  0.10815840  0.15624046  0.15624046  0.19011127  0.15624046  0.15624046  0.14800809  0.14800809  0.00000000  0.04852712  0.04852712  0.04852712  0.04139805  0.23473815  0.22559627  0.23473815  
73_9_0     0.37612370  0.36508466  0.37612370  0.36508466  0.37612370  0.37612370  0.34348566  0.35420686  0.37612370  0.37612370  0.39870516  0.38732885  0.41025796  0.36508466  0.50976193  0.50976193  0.36508466  0.37612370  0.37612370  0.37612370  0.36508466  0.18149805  0.19011127  0.19011127  0.17298332  0.19011127  0.13181145  0.13986574  0.17298332  0.17298332  0.13181145  0.17298332  0.17298332  0.20764244  0.19882527  0.19882527  0.19011127  0.19011127  0.04852712  0.00000000  0.04139805  0.07033316  0.06299330  0.26285704  0.25336562  0.26285704  
73_17_0    0.38732885  0.37612370  0.38732885  0.34348566  0.35420686  0.35420686  0.34348566  0.35420686  0.35420686  0.35420686  0.35420686  0.36508466  0.41025796  0.36508466  0.45834932  0.45834932  0.32249547  0.33291661  0.35420686  0.33291661  0.32249547  0.17298332  0.19011127  0.19011127  0.15624046  0.20764244  0.14800809  0.17298332  0.17298332  0.19011127  0.14800809  0.16456484  0.16456484  0.20764244  0.16456484  0.18149805  0.17298332  0.17298332  0.04852712  0.04139805  0.00000000  0.08523351  0.07774607  0.22559627  0.21656525  0.22559627  
36_9_0     0.34348566  0.33291661  0.34348566  0.32249547  0.33291661  0.33291661  0.32249547  0.33291661  0.36508466  0.33291661  0.35420686  0.34348566  0.36508466  0.34348566  0.42199280  0.42199280  0.29207942  0.30208071  0.32249547  0.32249547  0.31221814  0.17298332  0.16456484  0.16456484  0.14800809  0.19011127  0.13181145  0.14800809  0.17298332  0.17298332  0.11595957  0.16456484  0.16456484  0.19011127  0.18149805  0.17298332  0.17298332  0.17298332  0.04852712  0.07033316  0.08523351  0.00000000  0.00674183  0.24399364  0.23473815  0.24399364  
90_9_0     0.33291661  0.32249547  0.33291661  0.31221814  0.32249547  0.32249547  0.31221814  0.32249547  0.35420686  0.32249547  0.34348566  0.33291661  0.35420686  0.33291661  0.41025796  0.41025796  0.28221067  0.31221814  0.31221814  0.31221814  0.30208071  0.16456484  0.15624046  0.15624046  0.13986574  0.18149805  0.12384334  0.13986574  0.16456484  0.16456484  0.10815840  0.15624046  0.15624046  0.18149805  0.17298332  0.16456484  0.16456484  0.16456484  0.04139805  0.06299330  0.07774607  0.00674183  0.00000000  0.25336562  0.24399364  0.25336562  
69_5_0     0.42199280  0.41025796  0.47087357  0.31221814  0.30208071  0.32249547  0.31221814  0.30208071  0.33291661  0.32249547  0.34348566  0.29207942  0.31221814  0.32249547  0.42199280  0.42199280  0.33291661  0.34348566  0.32249547  0.29207942  0.29207942  0.17298332  0.17298332  0.17298332  0.16456484  0.20764244  0.19011127  0.20764244  0.17298332  0.20764244  0.18149805  0.17298332  0.17298332  0.21656525  0.22559627  0.25336562  0.23473815  0.21656525  0.23473815  0.26285704  0.22559627  0.24399364  0.25336562  0.00000000  0.02734145  0.04852712  
67_5_0     0.44603221  0.43391551  0.47087357  0.30208071  0.31221814  0.31221814  0.30208071  0.31221814  0.32249547  0.31221814  0.33291661  0.30208071  0.32249547  0.31221814  0.44603221  0.44603221  0.34348566  0.35420686  0.33291661  0.30208071  0.30208071  0.18149805  0.18149805  0.18149805  0.17298332  0.21656525  0.18149805  0.21656525  0.18149805  0.21656525  0.19011127  0.18149805  0.18149805  0.21656525  0.23473815  0.26285704  0.24399364  0.22559627  0.22559627  0.25336562  0.21656525  0.23473815  0.24399364  0.02734145  0.00000000  0.06299330  
99_5_0     0.38732885  0.39870516  0.42199280  0.29207942  0.28221067  0.30208071  0.31221814  0.30208071  0.33291661  0.32249547  0.32249547  0.29207942  0.29207942  0.29207942  0.44603221  0.44603221  0.30208071  0.33291661  0.31221814  0.28221067  0.28221067  0.15624046  0.16456484  0.16456484  0.18149805  0.22559627  0.19011127  0.20764244  0.17298332  0.19882527  0.18149805  0.20764244  0.20764244  0.23473815  0.20764244  0.23473815  0.23473815  0.23473815  0.23473815  0.26285704  0.22559627  0.24399364  0.25336562  0.04852712  0.06299330  0.00000000  

