25
13_0_0     0.00000000  0.02434415  0.17457073  0.11639148  0.10942735  0.11639148  0.08220194  0.23766202  0.22947826  0.21337466  0.21337466  0.18985149  0.17457073  0.18217207  0.18217207  0.18217207  0.17457073  0.18985149  0.21337466  0.22138310  0.19761061  0.19761061  0.19761061  0.18217207  0.18985149  
27_0_0     0.02434415  0.00000000  0.20545109  0.14491535  0.13768172  0.14491535  0.10942735  0.26276489  0.23766202  0.23766202  0.23766202  0.21337466  0.19761061  0.20545109  0.20545109  0.20545109  0.19761061  0.21337466  0.23766202  0.24593635  0.22138310  0.22138310  0.22138310  0.20545109  0.21337466  
7_0_0      0.17457073  0.20545109  0.00000000  0.13051740  0.12342108  0.14491535  0.10942735  0.25430327  0.22138310  0.20545109  0.23766202  0.23766202  0.22138310  0.22947826  0.19761061  0.19761061  0.18985149  0.18985149  0.26276489  0.25430327  0.24593635  0.24593635  0.24593635  0.22947826  0.23766202  
32_0_0     0.11639148  0.14491535  0.13051740  0.00000000  0.00601213  0.02434415  0.04313697  0.22947826  0.22138310  0.20545109  0.22138310  0.17457073  0.14491535  0.15221965  0.16704588  0.16704588  0.15959602  0.15959602  0.18217207  0.18985149  0.16704588  0.16704588  0.16704588  0.15221965  0.15959602  
22_0_0     0.10942735  0.13768172  0.12342108  0.00601213  0.00000000  0.01818340  0.03682006  0.22138310  0.21337466  0.19761061  0.21337466  0.16704588  0.13768172  0.14491535  0.15959602  0.15959602  0.15221965  0.15221965  0.18985149  0.18217207  0.15959602  0.15959602  0.15959602  0.14491535  0.15221965  
15_0_0     0.11639148  0.14491535  0.14491535  0.02434415  0.01818340  0.00000000  0.05593317  0.22947826  0.22138310  0.20545109  0.22138310  0.15959602  0.14491535  0.15221965  0.17457073  0.17457073  0.16704588  0.15959602  0.19761061  0.18985149  0.16704588  0.16704588  0.16704588  0.15221965  0.15959602  
11_0_0     0.08220194  0.10942735  0.10942735  0.04313697  0.03682006  0.05593317  0.00000000  0.19761061  0.18985149  0.17457073  0.18985149  0.15959602  0.14491535  0.15221965  0.13768172  0.13768172  0.13051740  0.13051740  0.16704588  0.15959602  0.13768172  0.13768172  0.13768172  0.12342108  0.13051740  
2_0_0      0.23766202  0.26276489  0.25430327  0.22947826  0.22138310  0.22947826  0.19761061  0.00000000  0.09569073  0.07554772  0.11639148  0.13051740  0.11639148  0.12342108  0.21337466  0.17457073  0.18217207  0.17457073  0.16704588  0.17457073  0.15221965  0.15221965  0.15221965  0.13768172  0.14491535  
17_0_0     0.22947826  0.23766202  0.22138310  0.22138310  0.21337466  0.22138310  0.18985149  0.09569073  0.00000000  0.01818340  0.09569073  0.10942735  0.09569073  0.10252750  0.18217207  0.15959602  0.15221965  0.17457073  0.18217207  0.17457073  0.15221965  0.13768172  0.13768172  0.13768172  0.14491535  
21_0_0     0.21337466  0.23766202  0.20545109  0.20545109  0.19761061  0.20545109  0.17457073  0.07554772  0.01818340  0.00000000  0.07554772  0.08891592  0.07554772  0.08220194  0.16704588  0.14491535  0.13768172  0.15959602  0.16704588  0.15959602  0.13768172  0.12342108  0.12342108  0.12342108  0.13051740  
16_0_0     0.21337466  0.23766202  0.23766202  0.22138310  0.21337466  0.22138310  0.18985149  0.11639148  0.09569073  0.07554772  0.00000000  0.14491535  0.13051740  0.13768172  0.20545109  0.20545109  0.18217207  0.18985149  0.19761061  0.18985149  0.15221965  0.16704588  0.16704588  0.15221965  0.15959602  
25_0_0     0.18985149  0.21337466  0.23766202  0.17457073  0.16704588  0.15959602  0.15959602  0.13051740  0.10942735  0.08891592  0.14491535  0.00000000  0.03682006  0.04313697  0.16704588  0.14491535  0.13768172  0.13768172  0.15959602  0.15221965  0.13051740  0.11639148  0.11639148  0.11639148  0.12342108  
23_0_0     0.17457073  0.19761061  0.22138310  0.14491535  0.13768172  0.14491535  0.14491535  0.11639148  0.09569073  0.07554772  0.13051740  0.03682006  0.00000000  0.01818340  0.15221965  0.13051740  0.12342108  0.13051740  0.15221965  0.13051740  0.12342108  0.10942735  0.10942735  0.10942735  0.11639148  
18_0_0     0.18217207  0.20545109  0.22947826  0.15221965  0.14491535  0.15221965  0.15221965  0.12342108  0.10252750  0.08220194  0.13768172  0.04313697  0.01818340  0.00000000  0.14491535  0.12342108  0.11639148  0.13768172  0.15959602  0.15221965  0.13051740  0.11639148  0.11639148  0.11639148  0.12342108  
8_0_0      0.18217207  0.20545109  0.19761061  0.16704588  0.15959602  0.17457073  0.13768172  0.21337466  0.18217207  0.16704588  0.20545109  0.16704588  0.15221965  0.14491535  0.00000000  0.04313697  0.03682006  0.10252750  0.13768172  0.13051740  0.12342108  0.12342108  0.12342108  0.10942735  0.11639148  
20_0_0     0.18217207  0.20545109  0.19761061  0.16704588  0.15959602  0.17457073  0.13768172  0.17457073  0.15959602  0.14491535  0.20545109  0.14491535  0.13051740  0.12342108  0.04313697  0.00000000  0.01818340  0.06895220  0.10252750  0.09569073  0.08220194  0.08891592  0.08891592  0.07554772  0.08220194  
14_0_0     0.17457073  0.19761061  0.18985149  0.15959602  0.15221965  0.16704588  0.13051740  0.18217207  0.15221965  0.13768172  0.18217207  0.13768172  0.12342108  0.11639148  0.03682006  0.01818340  0.00000000  0.06241435  0.09569073  0.08891592  0.08220194  0.08220194  0.08220194  0.06895220  0.07554772  
12_0_0     0.18985149  0.21337466  0.18985149  0.15959602  0.15221965  0.15959602  0.13051740  0.17457073  0.17457073  0.15959602  0.18985149  0.13768172  0.13051740  0.13768172  0.10252750  0.06895220  0.06241435  0.00000000  0.05593317  0.04950769  0.04313697  0.04313697  0.04313697  0.03055609  0.03682006  
4_1_0      0.21337466  0.23766202  0.26276489  0.18217207  0.18985149  0.19761061  0.16704588  0.16704588  0.18217207  0.16704588  0.19761061  0.15959602  0.15221965  0.15959602  0.13768172  0.10252750  0.09569073  0.05593317  0.00000000  0.04313697  0.04950769  0.04950769  0.04950769  0.03682006  0.04313697  
4_0_0      0.22138310  0.24593635  0.25430327  0.18985149  0.18217207  0.18985149  0.15959602  0.17457073  0.17457073  0.15959602  0.18985149  0.15221965  0.13051740  0.15221965  0.13051740  0.09569073  0.08891592  0.04950769  0.04313697  0.00000000  0.04313697  0.04313697  0.04313697  0.03055609  0.03682006  
9_0_0      0.19761061  0.22138310  0.24593635  0.16704588  0.15959602  0.16704588  0.13768172  0.15221965  0.15221965  0.13768172  0.15221965  0.13051740  0.12342108  0.13051740  0.12342108  0.08220194  0.08220194  0.04313697  0.04950769  0.04313697  0.00000000  0.02434415  0.02434415  0.01207300  0.01818340  
30_0_0     0.19761061  0.22138310  0.24593635  0.16704588  0.15959602  0.16704588  0.13768172  0.15221965  0.13768172  0.12342108  0.16704588  0.11639148  0.10942735  0.11639148  0.12342108  0.08891592  0.08220194  0.04313697  0.04950769  0.04313697  0.02434415  0.00000000  0.00000000  0.01207300  0.01818340  
10_0_0     0.19761061  0.22138310  0.24593635  0.16704588  0.15959602  0.16704588  0.13768172  0.15221965  0.13768172  0.12342108  0.16704588  0.11639148  0.10942735  0.11639148  0.12342108  0.08891592  0.08220194  0.04313697  0.04950769  0.04313697  0.02434415  0.00000000  0.00000000  0.01207300  0.01818340  
24_0_0     0.18217207  0.20545109  0.22947826  0.15221965  0.14491535  0.15221965  0.12342108  0.13768172  0.13768172  0.12342108  0.15221965  0.11639148  0.10942735  0.11639148  0.10942735  0.07554772  0.06895220  0.03055609  0.03682006  0.03055609  0.01207300  0.01207300  0.01207300  0.00000000  0.00601213  
28_0_0     0.18985149  0.21337466  0.23766202  0.15959602  0.15221965  0.15959602  0.13051740  0.14491535  0.14491535  0.13051740  0.15959602  0.12342108  0.11639148  0.12342108  0.11639148  0.08220194  0.07554772  0.03682006  0.04313697  0.03682006  0.01818340  0.01818340  0.01818340  0.00601213  0.00000000  

