51
19_7_0     0.00000000  0.04457204  0.15430800  0.19686667  0.22231998  0.20314921  0.20314921  0.20948499  0.19063649  0.20314921  0.26220266  0.29714490  0.27598418  0.29714490  0.35668955  0.37234751  0.35668955  0.34135285  0.25540602  0.26220266  0.26906166  0.25540602  0.25540602  0.29714490  0.29714490  0.25540602  0.25540602  0.26906166  0.30433371  0.32632450  0.32632450  0.32632450  0.34135285  0.35668955  0.34898187  0.34135285  0.35668955  0.32632450  0.38030122  0.32632450  0.29714490  0.36447753  0.37234751  0.36447753  0.36447753  0.37234751  0.37234751  0.37234751  0.34898187  0.34898187  0.34898187  
19_8_0     0.04457204  0.00000000  0.13678506  0.21587494  0.21587494  0.22231998  0.22231998  0.21587494  0.20948499  0.22231998  0.28297141  0.30433371  0.28297141  0.31892212  0.34898187  0.36447753  0.36447753  0.34898187  0.21587494  0.23537920  0.22882107  0.21587494  0.21587494  0.25540602  0.25540602  0.21587494  0.22882107  0.22882107  0.33380091  0.35668955  0.32632450  0.32632450  0.34135285  0.32632450  0.31892212  0.34135285  0.32632450  0.34135285  0.38030122  0.29714490  0.28297141  0.36447753  0.38030122  0.35668955  0.35668955  0.34898187  0.34898187  0.34898187  0.38834047  0.38834047  0.38030122  
6_8_0      0.15430800  0.13678506  0.00000000  0.30433371  0.29002456  0.29714490  0.30433371  0.29714490  0.29714490  0.31159233  0.32632450  0.34135285  0.35668955  0.31892212  0.34898187  0.34898187  0.34898187  0.36447753  0.33380091  0.34135285  0.33380091  0.33380091  0.33380091  0.36447753  0.36447753  0.31159233  0.31892212  0.31892212  0.38834047  0.41299036  0.38030122  0.38030122  0.39646712  0.37234751  0.36447753  0.36447753  0.38834047  0.38030122  0.42139100  0.38030122  0.36447753  0.38834047  0.42988711  0.42988711  0.43848089  0.43848089  0.43848089  0.43848089  0.41299036  0.40468309  0.42139100  
28_0_0     0.19686667  0.21587494  0.30433371  0.00000000  0.10846317  0.09197119  0.04457204  0.04457204  0.03948630  0.02941747  0.22882107  0.26220266  0.23537920  0.24867062  0.32632450  0.34135285  0.32632450  0.35668955  0.24199537  0.24199537  0.22882107  0.22882107  0.22882107  0.25540602  0.25540602  0.25540602  0.22882107  0.24867062  0.28297141  0.29002456  0.27598418  0.29002456  0.27598418  0.31892212  0.30433371  0.31159233  0.26906166  0.29002456  0.29002456  0.29714490  0.30433371  0.30433371  0.36447753  0.33380091  0.34898187  0.34135285  0.34135285  0.34135285  0.32632450  0.34135285  0.31892212  
21_0_0     0.22231998  0.21587494  0.29002456  0.10846317  0.00000000  0.02443346  0.13103419  0.14842126  0.13103419  0.13103419  0.26906166  0.29002456  0.24867062  0.26220266  0.30433371  0.31892212  0.27598418  0.29002456  0.24867062  0.26220266  0.25540602  0.25540602  0.25540602  0.26906166  0.26906166  0.28297141  0.28297141  0.28297141  0.34898187  0.33380091  0.28297141  0.29714490  0.31159233  0.31159233  0.26906166  0.30433371  0.26906166  0.29002456  0.25540602  0.27598418  0.29714490  0.33380091  0.37234751  0.35668955  0.34135285  0.34898187  0.34898187  0.34898187  0.35668955  0.37234751  0.33380091  
22_0_0     0.20314921  0.22231998  0.29714490  0.09197119  0.02443346  0.00000000  0.11404235  0.13103419  0.12532722  0.12532722  0.25540602  0.27598418  0.23537920  0.24867062  0.30433371  0.31892212  0.27598418  0.29002456  0.26906166  0.26906166  0.27598418  0.27598418  0.27598418  0.29002456  0.29002456  0.30433371  0.29002456  0.31159233  0.34135285  0.34135285  0.30433371  0.31892212  0.31892212  0.33380091  0.30433371  0.32632450  0.29002456  0.29714490  0.27598418  0.29002456  0.29714490  0.32632450  0.34135285  0.34135285  0.32632450  0.34898187  0.34898187  0.34898187  0.34135285  0.35668955  0.32632450  
2_4_0      0.20314921  0.22231998  0.30433371  0.04457204  0.13103419  0.11404235  0.00000000  0.02941747  0.04457204  0.04457204  0.26220266  0.29714490  0.24199537  0.24867062  0.37234751  0.38834047  0.36447753  0.38030122  0.24867062  0.24199537  0.26220266  0.24867062  0.24867062  0.27598418  0.27598418  0.27598418  0.24867062  0.26906166  0.26906166  0.29714490  0.29002456  0.27598418  0.29002456  0.28297141  0.28297141  0.30433371  0.26906166  0.29714490  0.29714490  0.31892212  0.31159233  0.26906166  0.36447753  0.33380091  0.34898187  0.34135285  0.34135285  0.34135285  0.34135285  0.35668955  0.34135285  
5_4_0      0.20948499  0.21587494  0.29714490  0.04457204  0.14842126  0.13103419  0.02941747  0.00000000  0.04457204  0.04457204  0.26906166  0.29002456  0.26220266  0.24867062  0.34898187  0.36447753  0.34898187  0.38030122  0.24199537  0.23537920  0.24199537  0.24199537  0.24199537  0.26906166  0.26906166  0.26906166  0.24199537  0.26220266  0.26906166  0.29714490  0.26220266  0.26220266  0.27598418  0.29002456  0.29002456  0.28297141  0.26906166  0.27598418  0.27598418  0.29714490  0.29002456  0.27598418  0.34898187  0.31159233  0.34898187  0.32632450  0.32632450  0.32632450  0.33380091  0.34898187  0.31892212  
5_0_0      0.19063649  0.20948499  0.29714490  0.03948630  0.13103419  0.12532722  0.04457204  0.04457204  0.00000000  0.00967776  0.24867062  0.26906166  0.24199537  0.24199537  0.34135285  0.35668955  0.34135285  0.37234751  0.24199537  0.24867062  0.24199537  0.24199537  0.24199537  0.26906166  0.26906166  0.28297141  0.25540602  0.25540602  0.26906166  0.31159233  0.30433371  0.30433371  0.30433371  0.33380091  0.30433371  0.31159233  0.26906166  0.31892212  0.31892212  0.32632450  0.31892212  0.31159233  0.35668955  0.34135285  0.34135285  0.33380091  0.33380091  0.34898187  0.36447753  0.38030122  0.33380091  
2_0_0      0.20314921  0.22231998  0.31159233  0.02941747  0.13103419  0.12532722  0.04457204  0.04457204  0.00967776  0.00000000  0.24199537  0.26220266  0.23537920  0.23537920  0.33380091  0.34898187  0.33380091  0.36447753  0.25540602  0.24867062  0.24199537  0.24199537  0.24199537  0.26906166  0.26906166  0.26906166  0.24199537  0.24199537  0.26906166  0.30433371  0.29002456  0.29002456  0.29002456  0.33380091  0.30433371  0.32632450  0.26906166  0.30433371  0.31892212  0.31892212  0.31159233  0.31159233  0.36447753  0.34898187  0.34898187  0.34135285  0.34135285  0.35668955  0.35668955  0.37234751  0.33380091  
11_10_0    0.26220266  0.28297141  0.32632450  0.22882107  0.26906166  0.25540602  0.26220266  0.26906166  0.24867062  0.24199537  0.00000000  0.09197119  0.06004020  0.15430800  0.20948499  0.20948499  0.20948499  0.20948499  0.31892212  0.32632450  0.31159233  0.31159233  0.31159233  0.32632450  0.32632450  0.31159233  0.30433371  0.30433371  0.31892212  0.35668955  0.34135285  0.34135285  0.35668955  0.37234751  0.35668955  0.34898187  0.35668955  0.35668955  0.36447753  0.34135285  0.32632450  0.36447753  0.42139100  0.37234751  0.38834047  0.41299036  0.41299036  0.40468309  0.40468309  0.42139100  0.38834047  
11_12_0    0.29714490  0.30433371  0.34135285  0.26220266  0.29002456  0.27598418  0.29714490  0.29002456  0.26906166  0.26220266  0.09197119  0.00000000  0.04969261  0.13103419  0.19686667  0.20948499  0.19686667  0.19686667  0.32632450  0.31892212  0.30433371  0.30433371  0.30433371  0.33380091  0.33380091  0.31892212  0.31159233  0.31159233  0.35668955  0.39646712  0.38030122  0.39646712  0.39646712  0.42988711  0.41299036  0.38834047  0.39646712  0.36447753  0.40468309  0.38030122  0.36447753  0.35668955  0.40468309  0.37234751  0.38834047  0.42988711  0.42988711  0.42139100  0.43848089  0.45597066  0.40468309  
11_13_0    0.27598418  0.28297141  0.35668955  0.23537920  0.24867062  0.23537920  0.24199537  0.26220266  0.24199537  0.23537920  0.06004020  0.04969261  0.00000000  0.11966349  0.18445781  0.19686667  0.18445781  0.17225158  0.32632450  0.33380091  0.31892212  0.30433371  0.30433371  0.34898187  0.34898187  0.31892212  0.31159233  0.31159233  0.34898187  0.35668955  0.35668955  0.35668955  0.37234751  0.38834047  0.37234751  0.36447753  0.35668955  0.37234751  0.36447753  0.35668955  0.34135285  0.33380091  0.38030122  0.33380091  0.34898187  0.38834047  0.38834047  0.39646712  0.39646712  0.41299036  0.39646712  
7_11_0     0.29714490  0.31892212  0.31892212  0.24867062  0.26220266  0.24867062  0.24867062  0.24867062  0.24199537  0.23537920  0.15430800  0.13103419  0.11966349  0.00000000  0.26906166  0.28297141  0.24199537  0.24199537  0.35668955  0.36447753  0.33380091  0.34898187  0.34898187  0.34898187  0.34898187  0.33380091  0.35668955  0.35668955  0.34898187  0.38030122  0.30433371  0.30433371  0.34898187  0.33380091  0.31892212  0.34135285  0.33380091  0.31892212  0.34135285  0.35668955  0.32632450  0.33380091  0.36447753  0.34898187  0.34898187  0.40468309  0.40468309  0.39646712  0.37234751  0.36447753  0.34898187  
23_10_0    0.35668955  0.34898187  0.34898187  0.32632450  0.30433371  0.30433371  0.37234751  0.34898187  0.34135285  0.33380091  0.20948499  0.19686667  0.18445781  0.26906166  0.00000000  0.00967776  0.01948246  0.04457204  0.34135285  0.34898187  0.31892212  0.31892212  0.31892212  0.37234751  0.37234751  0.34898187  0.31159233  0.31159233  0.45597066  0.42988711  0.42988711  0.44717463  0.44717463  0.45597066  0.43848089  0.44717463  0.43848089  0.42988711  0.40468309  0.38030122  0.39646712  0.42139100  0.38834047  0.38834047  0.37234751  0.39646712  0.39646712  0.40468309  0.44717463  0.44717463  0.44717463  
23_14_0    0.37234751  0.36447753  0.34898187  0.34135285  0.31892212  0.31892212  0.38834047  0.36447753  0.35668955  0.34898187  0.20948499  0.20948499  0.19686667  0.28297141  0.00967776  0.00000000  0.02941747  0.05484850  0.34898187  0.35668955  0.32632450  0.32632450  0.32632450  0.38030122  0.38030122  0.35668955  0.31892212  0.31892212  0.44717463  0.43848089  0.42139100  0.43848089  0.43848089  0.44717463  0.42988711  0.43848089  0.42988711  0.42139100  0.39646712  0.37234751  0.38834047  0.41299036  0.38030122  0.38030122  0.36447753  0.38834047  0.38834047  0.39646712  0.43848089  0.43848089  0.43848089  
20_10_0    0.35668955  0.36447753  0.34898187  0.32632450  0.27598418  0.27598418  0.36447753  0.34898187  0.34135285  0.33380091  0.20948499  0.19686667  0.18445781  0.24199537  0.01948246  0.02941747  0.00000000  0.02443346  0.35668955  0.36447753  0.33380091  0.34898187  0.34898187  0.38834047  0.38834047  0.36447753  0.34135285  0.34135285  0.45597066  0.43848089  0.42139100  0.43848089  0.43848089  0.42988711  0.41299036  0.42139100  0.42988711  0.40468309  0.38030122  0.37234751  0.40468309  0.39646712  0.38834047  0.40468309  0.37234751  0.42988711  0.42988711  0.43848089  0.42988711  0.44717463  0.42988711  
16_10_0    0.34135285  0.34898187  0.36447753  0.35668955  0.29002456  0.29002456  0.38030122  0.38030122  0.37234751  0.36447753  0.20948499  0.19686667  0.17225158  0.24199537  0.04457204  0.05484850  0.02443346  0.00000000  0.35668955  0.36447753  0.34898187  0.34898187  0.34898187  0.37234751  0.37234751  0.34898187  0.34135285  0.34135285  0.42988711  0.42988711  0.41299036  0.42988711  0.42988711  0.41299036  0.41299036  0.40468309  0.42988711  0.38030122  0.37234751  0.38030122  0.39646712  0.38834047  0.38030122  0.39646712  0.36447753  0.42139100  0.42139100  0.42988711  0.43848089  0.45597066  0.42139100  
2_5_0      0.25540602  0.21587494  0.33380091  0.24199537  0.24867062  0.26906166  0.24867062  0.24199537  0.24199537  0.25540602  0.31892212  0.32632450  0.32632450  0.35668955  0.34135285  0.34898187  0.35668955  0.35668955  0.00000000  0.02941747  0.01948246  0.01948246  0.02443346  0.04969261  0.04969261  0.04969261  0.03948630  0.04457204  0.28297141  0.37234751  0.31159233  0.31159233  0.32632450  0.26220266  0.27598418  0.30433371  0.28297141  0.34135285  0.32632450  0.29714490  0.31159233  0.37234751  0.34898187  0.35668955  0.34898187  0.33380091  0.33380091  0.31892212  0.36447753  0.35668955  0.38834047  
5_5_0      0.26220266  0.23537920  0.34135285  0.24199537  0.26220266  0.26906166  0.24199537  0.23537920  0.24867062  0.24867062  0.32632450  0.31892212  0.33380091  0.36447753  0.34898187  0.35668955  0.36447753  0.36447753  0.02941747  0.00000000  0.04969261  0.04969261  0.04457204  0.07053304  0.07053304  0.07053304  0.06004020  0.06526821  0.26220266  0.34135285  0.30433371  0.30433371  0.30433371  0.25540602  0.28297141  0.32632450  0.27598418  0.30433371  0.33380091  0.29714490  0.31159233  0.36447753  0.34135285  0.36447753  0.35668955  0.34135285  0.34135285  0.32632450  0.34135285  0.34898187  0.38834047  
5_3_0      0.26906166  0.22882107  0.33380091  0.22882107  0.25540602  0.27598418  0.26220266  0.24199537  0.24199537  0.24199537  0.31159233  0.30433371  0.31892212  0.33380091  0.31892212  0.32632450  0.33380091  0.34898187  0.01948246  0.04969261  0.00000000  0.00967776  0.01456404  0.04969261  0.04969261  0.04969261  0.03948630  0.04457204  0.30433371  0.37234751  0.29002456  0.29002456  0.30433371  0.25540602  0.25540602  0.29714490  0.29002456  0.31892212  0.31892212  0.29002456  0.30433371  0.36447753  0.34898187  0.35668955  0.34898187  0.34898187  0.34898187  0.33380091  0.34898187  0.34135285  0.37234751  
2_3_0      0.25540602  0.21587494  0.33380091  0.22882107  0.25540602  0.27598418  0.24867062  0.24199537  0.24199537  0.24199537  0.31159233  0.30433371  0.30433371  0.34898187  0.31892212  0.32632450  0.34898187  0.34898187  0.01948246  0.04969261  0.00967776  0.00000000  0.00482322  0.04969261  0.04969261  0.04969261  0.02941747  0.03443493  0.30433371  0.36447753  0.29714490  0.29714490  0.31159233  0.26220266  0.26220266  0.30433371  0.29714490  0.32632450  0.32632450  0.28297141  0.29714490  0.37234751  0.35668955  0.34898187  0.35668955  0.34135285  0.34135285  0.32632450  0.35668955  0.34898187  0.38030122  
2_6_0      0.25540602  0.21587494  0.33380091  0.22882107  0.25540602  0.27598418  0.24867062  0.24199537  0.24199537  0.24199537  0.31159233  0.30433371  0.30433371  0.34898187  0.31892212  0.32632450  0.34898187  0.34898187  0.02443346  0.04457204  0.01456404  0.00482322  0.00000000  0.05484850  0.05484850  0.05484850  0.03443493  0.03948630  0.30433371  0.35668955  0.29714490  0.29714490  0.31159233  0.26220266  0.26220266  0.30433371  0.29714490  0.32632450  0.32632450  0.28297141  0.29714490  0.37234751  0.35668955  0.34898187  0.35668955  0.34135285  0.34135285  0.32632450  0.35668955  0.34898187  0.38030122  
14_3_0     0.29714490  0.25540602  0.36447753  0.25540602  0.26906166  0.29002456  0.27598418  0.26906166  0.26906166  0.26906166  0.32632450  0.33380091  0.34898187  0.34898187  0.37234751  0.38030122  0.38834047  0.37234751  0.04969261  0.07053304  0.04969261  0.04969261  0.05484850  0.00000000  0.00000000  0.06526821  0.06004020  0.06526821  0.33380091  0.40468309  0.31892212  0.31892212  0.33380091  0.29714490  0.31159233  0.34135285  0.34135285  0.33380091  0.36447753  0.34898187  0.36447753  0.41299036  0.36447753  0.37234751  0.36447753  0.34898187  0.34898187  0.33380091  0.39646712  0.40468309  0.38834047  
8_3_0      0.29714490  0.25540602  0.36447753  0.25540602  0.26906166  0.29002456  0.27598418  0.26906166  0.26906166  0.26906166  0.32632450  0.33380091  0.34898187  0.34898187  0.37234751  0.38030122  0.38834047  0.37234751  0.04969261  0.07053304  0.04969261  0.04969261  0.05484850  0.00000000  0.00000000  0.06526821  0.06004020  0.06526821  0.33380091  0.40468309  0.31892212  0.31892212  0.33380091  0.29714490  0.31159233  0.34135285  0.34135285  0.33380091  0.36447753  0.34898187  0.36447753  0.41299036  0.36447753  0.37234751  0.36447753  0.34898187  0.34898187  0.33380091  0.39646712  0.40468309  0.38834047  
28_3_0     0.25540602  0.21587494  0.31159233  0.25540602  0.28297141  0.30433371  0.27598418  0.26906166  0.28297141  0.26906166  0.31159233  0.31892212  0.31892212  0.33380091  0.34898187  0.35668955  0.36447753  0.34898187  0.04969261  0.07053304  0.04969261  0.04969261  0.05484850  0.06526821  0.06526821  0.00000000  0.04969261  0.05484850  0.31159233  0.37234751  0.31892212  0.31892212  0.33380091  0.28297141  0.29714490  0.34135285  0.34135285  0.33380091  0.38834047  0.33380091  0.31892212  0.38834047  0.37234751  0.36447753  0.37234751  0.35668955  0.35668955  0.34135285  0.36447753  0.35668955  0.39646712  
22_3_0     0.25540602  0.22882107  0.31892212  0.22882107  0.28297141  0.29002456  0.24867062  0.24199537  0.25540602  0.24199537  0.30433371  0.31159233  0.31159233  0.35668955  0.31159233  0.31892212  0.34135285  0.34135285  0.03948630  0.06004020  0.03948630  0.02941747  0.03443493  0.06004020  0.06004020  0.04969261  0.00000000  0.01456404  0.30433371  0.38030122  0.31159233  0.31159233  0.32632450  0.27598418  0.29002456  0.33380091  0.31159233  0.34135285  0.35668955  0.30433371  0.31892212  0.35668955  0.37234751  0.36447753  0.37234751  0.34135285  0.34135285  0.32632450  0.35668955  0.34898187  0.39646712  
21_3_0     0.26906166  0.22882107  0.31892212  0.24867062  0.28297141  0.31159233  0.26906166  0.26220266  0.25540602  0.24199537  0.30433371  0.31159233  0.31159233  0.35668955  0.31159233  0.31892212  0.34135285  0.34135285  0.04457204  0.06526821  0.04457204  0.03443493  0.03948630  0.06526821  0.06526821  0.05484850  0.01456404  0.00000000  0.30433371  0.37234751  0.31159233  0.31159233  0.32632450  0.28297141  0.29002456  0.33380091  0.29714490  0.34135285  0.36447753  0.30433371  0.31892212  0.37234751  0.37234751  0.38030122  0.37234751  0.34135285  0.34135285  0.34135285  0.37234751  0.36447753  0.39646712  
18_15_0    0.30433371  0.33380091  0.38834047  0.28297141  0.34898187  0.34135285  0.26906166  0.26906166  0.26906166  0.26906166  0.31892212  0.35668955  0.34898187  0.34898187  0.45597066  0.44717463  0.45597066  0.42988711  0.28297141  0.26220266  0.30433371  0.30433371  0.30433371  0.33380091  0.33380091  0.31159233  0.30433371  0.30433371  0.00000000  0.17225158  0.13678506  0.13678506  0.11404235  0.15430800  0.15430800  0.16024147  0.13103419  0.13678506  0.21587494  0.19686667  0.19686667  0.16024147  0.20948499  0.20948499  0.22231998  0.19686667  0.19686667  0.19063649  0.21587494  0.22231998  0.22882107  
18_17_0    0.32632450  0.35668955  0.41299036  0.29002456  0.33380091  0.34135285  0.29714490  0.29714490  0.31159233  0.30433371  0.35668955  0.39646712  0.35668955  0.38030122  0.42988711  0.43848089  0.43848089  0.42988711  0.37234751  0.34135285  0.37234751  0.36447753  0.35668955  0.40468309  0.40468309  0.37234751  0.38030122  0.37234751  0.17225158  0.00000000  0.17832978  0.17832978  0.16622240  0.21587494  0.20948499  0.22231998  0.19686667  0.21587494  0.20948499  0.21587494  0.22882107  0.24867062  0.26220266  0.28297141  0.27598418  0.26906166  0.26906166  0.27598418  0.26906166  0.27598418  0.25540602  
26_15_0    0.32632450  0.32632450  0.38030122  0.27598418  0.28297141  0.30433371  0.29002456  0.26220266  0.30433371  0.29002456  0.34135285  0.38030122  0.35668955  0.30433371  0.42988711  0.42139100  0.42139100  0.41299036  0.31159233  0.30433371  0.29002456  0.29714490  0.29714490  0.31892212  0.31892212  0.31892212  0.31159233  0.31159233  0.13678506  0.17832978  0.00000000  0.00967776  0.02941747  0.07053304  0.06004020  0.05484850  0.06526821  0.05484850  0.09742819  0.11966349  0.13103419  0.11966349  0.22231998  0.20314921  0.22231998  0.21587494  0.21587494  0.20948499  0.21587494  0.19686667  0.18445781  
33_15_0    0.32632450  0.32632450  0.38030122  0.29002456  0.29714490  0.31892212  0.27598418  0.26220266  0.30433371  0.29002456  0.34135285  0.39646712  0.35668955  0.30433371  0.44717463  0.43848089  0.43848089  0.42988711  0.31159233  0.30433371  0.29002456  0.29714490  0.29714490  0.31892212  0.31892212  0.31892212  0.31159233  0.31159233  0.13678506  0.17832978  0.00967776  0.00000000  0.02941747  0.06004020  0.04969261  0.06526821  0.06526821  0.06526821  0.10846317  0.13103419  0.13103419  0.11966349  0.22231998  0.20314921  0.22231998  0.21587494  0.21587494  0.20948499  0.21587494  0.20948499  0.19686667  
9_15_0     0.34135285  0.34135285  0.39646712  0.27598418  0.31159233  0.31892212  0.29002456  0.27598418  0.30433371  0.29002456  0.35668955  0.39646712  0.37234751  0.34898187  0.44717463  0.43848089  0.43848089  0.42988711  0.32632450  0.30433371  0.30433371  0.31159233  0.31159233  0.33380091  0.33380091  0.33380091  0.32632450  0.32632450  0.11404235  0.16622240  0.02941747  0.02941747  0.00000000  0.08117526  0.07053304  0.08655374  0.07583521  0.07583521  0.13103419  0.13103419  0.14258052  0.11966349  0.20948499  0.21587494  0.23537920  0.21587494  0.21587494  0.20948499  0.21587494  0.20948499  0.21587494  
17_15_0    0.35668955  0.32632450  0.37234751  0.31892212  0.31159233  0.33380091  0.28297141  0.29002456  0.33380091  0.33380091  0.37234751  0.42988711  0.38834047  0.33380091  0.45597066  0.44717463  0.42988711  0.41299036  0.26220266  0.25540602  0.25540602  0.26220266  0.26220266  0.29714490  0.29714490  0.28297141  0.27598418  0.28297141  0.15430800  0.21587494  0.07053304  0.06004020  0.08117526  0.00000000  0.02941747  0.08655374  0.07583521  0.11404235  0.13103419  0.14842126  0.15430800  0.11966349  0.24199537  0.22231998  0.22882107  0.22231998  0.22231998  0.21587494  0.22882107  0.22231998  0.24199537  
10_15_0    0.34898187  0.31892212  0.36447753  0.30433371  0.26906166  0.30433371  0.28297141  0.29002456  0.30433371  0.30433371  0.35668955  0.41299036  0.37234751  0.31892212  0.43848089  0.42988711  0.41299036  0.41299036  0.27598418  0.28297141  0.25540602  0.26220266  0.26220266  0.31159233  0.31159233  0.29714490  0.29002456  0.29002456  0.15430800  0.20948499  0.06004020  0.04969261  0.07053304  0.02941747  0.00000000  0.07583521  0.07053304  0.10292532  0.11966349  0.12532722  0.13103419  0.13103419  0.24199537  0.22231998  0.22882107  0.22231998  0.22231998  0.21587494  0.22231998  0.21587494  0.22882107  
13_15_0    0.34135285  0.34135285  0.36447753  0.31159233  0.30433371  0.32632450  0.30433371  0.28297141  0.31159233  0.32632450  0.34898187  0.38834047  0.36447753  0.34135285  0.44717463  0.43848089  0.42139100  0.40468309  0.30433371  0.32632450  0.29714490  0.30433371  0.30433371  0.34135285  0.34135285  0.34135285  0.33380091  0.33380091  0.16024147  0.22231998  0.05484850  0.06526821  0.08655374  0.08655374  0.07583521  0.00000000  0.10292532  0.08655374  0.10292532  0.14258052  0.14842126  0.12532722  0.26906166  0.23537920  0.25540602  0.24867062  0.24867062  0.24199537  0.26220266  0.24199537  0.23537920  
25_15_0    0.35668955  0.32632450  0.38834047  0.26906166  0.26906166  0.29002456  0.26906166  0.26906166  0.26906166  0.26906166  0.35668955  0.39646712  0.35668955  0.33380091  0.43848089  0.42988711  0.42988711  0.42988711  0.28297141  0.27598418  0.29002456  0.29714490  0.29714490  0.34135285  0.34135285  0.34135285  0.31159233  0.29714490  0.13103419  0.19686667  0.06526821  0.06526821  0.07583521  0.07583521  0.07053304  0.10292532  0.00000000  0.11404235  0.11404235  0.14258052  0.15430800  0.13103419  0.24867062  0.24199537  0.23537920  0.22882107  0.22882107  0.22231998  0.23537920  0.22882107  0.24867062  
30_15_0    0.32632450  0.34135285  0.38030122  0.29002456  0.29002456  0.29714490  0.29714490  0.27598418  0.31892212  0.30433371  0.35668955  0.36447753  0.37234751  0.31892212  0.42988711  0.42139100  0.40468309  0.38030122  0.34135285  0.30433371  0.31892212  0.32632450  0.32632450  0.33380091  0.33380091  0.33380091  0.34135285  0.34135285  0.13678506  0.21587494  0.05484850  0.06526821  0.07583521  0.11404235  0.10292532  0.08655374  0.11404235  0.00000000  0.10292532  0.12532722  0.12532722  0.12532722  0.25540602  0.23537920  0.25540602  0.24867062  0.24867062  0.22882107  0.23537920  0.22882107  0.22231998  
31_15_0    0.38030122  0.38030122  0.42139100  0.29002456  0.25540602  0.27598418  0.29714490  0.27598418  0.31892212  0.31892212  0.36447753  0.40468309  0.36447753  0.34135285  0.40468309  0.39646712  0.38030122  0.37234751  0.32632450  0.33380091  0.31892212  0.32632450  0.32632450  0.36447753  0.36447753  0.38834047  0.35668955  0.36447753  0.21587494  0.20948499  0.09742819  0.10846317  0.13103419  0.13103419  0.11966349  0.10292532  0.11404235  0.10292532  0.00000000  0.09197119  0.11404235  0.11404235  0.29002456  0.26906166  0.27598418  0.26906166  0.26906166  0.26220266  0.28297141  0.26220266  0.24199537  
15_15_0    0.32632450  0.29714490  0.38030122  0.29714490  0.27598418  0.29002456  0.31892212  0.29714490  0.32632450  0.31892212  0.34135285  0.38030122  0.35668955  0.35668955  0.38030122  0.37234751  0.37234751  0.38030122  0.29714490  0.29714490  0.29002456  0.28297141  0.28297141  0.34898187  0.34898187  0.33380091  0.30433371  0.30433371  0.19686667  0.21587494  0.11966349  0.13103419  0.13103419  0.14842126  0.12532722  0.14258052  0.14258052  0.12532722  0.09197119  0.00000000  0.02941747  0.15430800  0.27598418  0.24199537  0.26220266  0.24199537  0.24199537  0.23537920  0.27598418  0.26906166  0.26906166  
27_15_0    0.29714490  0.28297141  0.36447753  0.30433371  0.29714490  0.29714490  0.31159233  0.29002456  0.31892212  0.31159233  0.32632450  0.36447753  0.34135285  0.32632450  0.39646712  0.38834047  0.40468309  0.39646712  0.31159233  0.31159233  0.30433371  0.29714490  0.29714490  0.36447753  0.36447753  0.31892212  0.31892212  0.31892212  0.19686667  0.22882107  0.13103419  0.13103419  0.14258052  0.15430800  0.13103419  0.14842126  0.15430800  0.12532722  0.11404235  0.02941747  0.00000000  0.16622240  0.29714490  0.24867062  0.28297141  0.24867062  0.24867062  0.24199537  0.29714490  0.29002456  0.29002456  
29_15_0    0.36447753  0.36447753  0.38834047  0.30433371  0.33380091  0.32632450  0.26906166  0.27598418  0.31159233  0.31159233  0.36447753  0.35668955  0.33380091  0.33380091  0.42139100  0.41299036  0.39646712  0.38834047  0.37234751  0.36447753  0.36447753  0.37234751  0.37234751  0.41299036  0.41299036  0.38834047  0.35668955  0.37234751  0.16024147  0.24867062  0.11966349  0.11966349  0.11966349  0.11966349  0.13103419  0.12532722  0.13103419  0.12532722  0.11404235  0.15430800  0.16622240  0.00000000  0.28297141  0.25540602  0.26906166  0.24867062  0.24867062  0.26220266  0.26906166  0.27598418  0.26220266  
17_16_0    0.37234751  0.38030122  0.42988711  0.36447753  0.37234751  0.34135285  0.36447753  0.34898187  0.35668955  0.36447753  0.42139100  0.40468309  0.38030122  0.36447753  0.38834047  0.38030122  0.38834047  0.38030122  0.34898187  0.34135285  0.34898187  0.35668955  0.35668955  0.36447753  0.36447753  0.37234751  0.37234751  0.37234751  0.20948499  0.26220266  0.22231998  0.22231998  0.20948499  0.24199537  0.24199537  0.26906166  0.24867062  0.25540602  0.29002456  0.27598418  0.29714490  0.28297141  0.00000000  0.05484850  0.02941747  0.05484850  0.05484850  0.07053304  0.11966349  0.11966349  0.11404235  
17_20_0    0.36447753  0.35668955  0.42988711  0.33380091  0.35668955  0.34135285  0.33380091  0.31159233  0.34135285  0.34898187  0.37234751  0.37234751  0.33380091  0.34898187  0.38834047  0.38030122  0.40468309  0.39646712  0.35668955  0.36447753  0.35668955  0.34898187  0.34898187  0.37234751  0.37234751  0.36447753  0.36447753  0.38030122  0.20948499  0.28297141  0.20314921  0.20314921  0.21587494  0.22231998  0.22231998  0.23537920  0.24199537  0.23537920  0.26906166  0.24199537  0.24867062  0.25540602  0.05484850  0.00000000  0.04457204  0.06004020  0.06004020  0.06526821  0.13678506  0.13678506  0.13678506  
10_16_0    0.36447753  0.35668955  0.43848089  0.34898187  0.34135285  0.32632450  0.34898187  0.34898187  0.34135285  0.34898187  0.38834047  0.38834047  0.34898187  0.34898187  0.37234751  0.36447753  0.37234751  0.36447753  0.34898187  0.35668955  0.34898187  0.35668955  0.35668955  0.36447753  0.36447753  0.37234751  0.37234751  0.37234751  0.22231998  0.27598418  0.22231998  0.22231998  0.23537920  0.22882107  0.22882107  0.25540602  0.23537920  0.25540602  0.27598418  0.26220266  0.28297141  0.26906166  0.02941747  0.04457204  0.00000000  0.04457204  0.04457204  0.06004020  0.13103419  0.13103419  0.11966349  
26_16_0    0.37234751  0.34898187  0.43848089  0.34135285  0.34898187  0.34898187  0.34135285  0.32632450  0.33380091  0.34135285  0.41299036  0.42988711  0.38834047  0.40468309  0.39646712  0.38834047  0.42988711  0.42139100  0.33380091  0.34135285  0.34898187  0.34135285  0.34135285  0.34898187  0.34898187  0.35668955  0.34135285  0.34135285  0.19686667  0.26906166  0.21587494  0.21587494  0.21587494  0.22231998  0.22231998  0.24867062  0.22882107  0.24867062  0.26906166  0.24199537  0.24867062  0.24867062  0.05484850  0.06004020  0.04457204  0.00000000  0.00000000  0.01456404  0.12532722  0.13678506  0.11404235  
33_16_0    0.37234751  0.34898187  0.43848089  0.34135285  0.34898187  0.34898187  0.34135285  0.32632450  0.33380091  0.34135285  0.41299036  0.42988711  0.38834047  0.40468309  0.39646712  0.38834047  0.42988711  0.42139100  0.33380091  0.34135285  0.34898187  0.34135285  0.34135285  0.34898187  0.34898187  0.35668955  0.34135285  0.34135285  0.19686667  0.26906166  0.21587494  0.21587494  0.21587494  0.22231998  0.22231998  0.24867062  0.22882107  0.24867062  0.26906166  0.24199537  0.24867062  0.24867062  0.05484850  0.06004020  0.04457204  0.00000000  0.00000000  0.01456404  0.12532722  0.13678506  0.11404235  
9_16_0     0.37234751  0.34898187  0.43848089  0.34135285  0.34898187  0.34898187  0.34135285  0.32632450  0.34898187  0.35668955  0.40468309  0.42139100  0.39646712  0.39646712  0.40468309  0.39646712  0.43848089  0.42988711  0.31892212  0.32632450  0.33380091  0.32632450  0.32632450  0.33380091  0.33380091  0.34135285  0.32632450  0.34135285  0.19063649  0.27598418  0.20948499  0.20948499  0.20948499  0.21587494  0.21587494  0.24199537  0.22231998  0.22882107  0.26220266  0.23537920  0.24199537  0.26220266  0.07053304  0.06526821  0.06004020  0.01456404  0.01456404  0.00000000  0.11966349  0.13103419  0.13103419  
29_16_0    0.34898187  0.38834047  0.41299036  0.32632450  0.35668955  0.34135285  0.34135285  0.33380091  0.36447753  0.35668955  0.40468309  0.43848089  0.39646712  0.37234751  0.44717463  0.43848089  0.42988711  0.43848089  0.36447753  0.34135285  0.34898187  0.35668955  0.35668955  0.39646712  0.39646712  0.36447753  0.35668955  0.37234751  0.21587494  0.26906166  0.21587494  0.21587494  0.21587494  0.22882107  0.22231998  0.26220266  0.23537920  0.23537920  0.28297141  0.27598418  0.29714490  0.26906166  0.11966349  0.13678506  0.13103419  0.12532722  0.12532722  0.11966349  0.00000000  0.07053304  0.09197119  
29_18_0    0.34898187  0.38834047  0.40468309  0.34135285  0.37234751  0.35668955  0.35668955  0.34898187  0.38030122  0.37234751  0.42139100  0.45597066  0.41299036  0.36447753  0.44717463  0.43848089  0.44717463  0.45597066  0.35668955  0.34898187  0.34135285  0.34898187  0.34898187  0.40468309  0.40468309  0.35668955  0.34898187  0.36447753  0.22231998  0.27598418  0.19686667  0.20948499  0.20948499  0.22231998  0.21587494  0.24199537  0.22882107  0.22882107  0.26220266  0.26906166  0.29002456  0.27598418  0.11966349  0.13678506  0.13103419  0.13678506  0.13678506  0.13103419  0.07053304  0.00000000  0.11404235  
30_16_0    0.34898187  0.38030122  0.42139100  0.31892212  0.33380091  0.32632450  0.34135285  0.31892212  0.33380091  0.33380091  0.38834047  0.40468309  0.39646712  0.34898187  0.44717463  0.43848089  0.42988711  0.42139100  0.38834047  0.38834047  0.37234751  0.38030122  0.38030122  0.38834047  0.38834047  0.39646712  0.39646712  0.39646712  0.22882107  0.25540602  0.18445781  0.19686667  0.21587494  0.24199537  0.22882107  0.23537920  0.24867062  0.22231998  0.24199537  0.26906166  0.29002456  0.26220266  0.11404235  0.13678506  0.11966349  0.11404235  0.11404235  0.13103419  0.09197119  0.11404235  0.00000000  

