20
20_0_0     0.00000000  0.40580178  0.37994942  0.37994942  0.37994942  0.39276360  0.35496321  0.34277714  0.34277714  0.34277714  0.31898652  0.31898652  0.41907194  0.48921366  0.40580178  0.35496321  0.37994942  0.44634229  0.43258249  0.44634229  
17_0_0     0.40580178  0.00000000  0.03117697  0.18048222  0.16128455  0.17082162  0.18048222  0.25185480  0.25185480  0.28466563  0.40580178  0.40580178  0.33078698  0.34277714  0.35496321  0.37994942  0.34277714  0.39276360  0.39276360  0.39276360  
11_0_0     0.37994942  0.03117697  0.00000000  0.18048222  0.16128455  0.17082162  0.18048222  0.27356753  0.27356753  0.30736986  0.40580178  0.40580178  0.35496321  0.36735169  0.37994942  0.37994942  0.34277714  0.39276360  0.39276360  0.39276360  
5_0_0      0.37994942  0.18048222  0.18048222  0.00000000  0.03117697  0.02325970  0.01542560  0.28466563  0.28466563  0.30736986  0.39276360  0.39276360  0.34277714  0.37994942  0.34277714  0.36735169  0.40580178  0.39276360  0.39276360  0.39276360  
4_0_0      0.37994942  0.16128455  0.16128455  0.03117697  0.00000000  0.00767292  0.03117697  0.28466563  0.28466563  0.33078698  0.36735169  0.36735169  0.31898652  0.37994942  0.34277714  0.35496321  0.37994942  0.39276360  0.39276360  0.39276360  
12_0_0     0.39276360  0.17082162  0.17082162  0.02325970  0.00767292  0.00000000  0.02325970  0.29593136  0.29593136  0.31898652  0.37994942  0.37994942  0.33078698  0.36735169  0.33078698  0.35496321  0.39276360  0.37994942  0.37994942  0.37994942  
10_0_0     0.35496321  0.18048222  0.18048222  0.01542560  0.03117697  0.02325970  0.00000000  0.26263216  0.26263216  0.28466563  0.39276360  0.39276360  0.33078698  0.36735169  0.33078698  0.35496321  0.39276360  0.37994942  0.37994942  0.37994942  
9_0_0      0.34277714  0.25185480  0.27356753  0.28466563  0.28466563  0.29593136  0.26263216  0.00000000  0.00000000  0.03117697  0.29593136  0.29593136  0.34277714  0.35496321  0.35496321  0.35496321  0.37994942  0.46036072  0.46036072  0.46036072  
13_0_0     0.34277714  0.25185480  0.27356753  0.28466563  0.28466563  0.29593136  0.26263216  0.00000000  0.00000000  0.03117697  0.29593136  0.29593136  0.34277714  0.35496321  0.35496321  0.35496321  0.37994942  0.46036072  0.46036072  0.46036072  
7_0_0      0.34277714  0.28466563  0.30736986  0.30736986  0.33078698  0.31898652  0.28466563  0.03117697  0.03117697  0.00000000  0.29593136  0.29593136  0.39276360  0.37994942  0.37994942  0.36735169  0.43258249  0.46036072  0.46036072  0.46036072  
18_0_0     0.31898652  0.40580178  0.40580178  0.39276360  0.36735169  0.37994942  0.39276360  0.29593136  0.29593136  0.29593136  0.00000000  0.00000000  0.31898652  0.40580178  0.37994942  0.39276360  0.41907194  0.53470036  0.53470036  0.53470036  
8_0_0      0.31898652  0.40580178  0.40580178  0.39276360  0.36735169  0.37994942  0.39276360  0.29593136  0.29593136  0.29593136  0.00000000  0.00000000  0.31898652  0.40580178  0.37994942  0.39276360  0.41907194  0.53470036  0.53470036  0.53470036  
15_0_0     0.41907194  0.33078698  0.35496321  0.34277714  0.31898652  0.33078698  0.33078698  0.34277714  0.34277714  0.39276360  0.31898652  0.31898652  0.00000000  0.09773588  0.14256864  0.14256864  0.14256864  0.48921366  0.48921366  0.48921366  
14_0_0     0.48921366  0.34277714  0.36735169  0.37994942  0.37994942  0.36735169  0.36735169  0.35496321  0.35496321  0.37994942  0.40580178  0.40580178  0.09773588  0.00000000  0.16128455  0.18048222  0.18048222  0.50406979  0.50406979  0.50406979  
6_0_0      0.40580178  0.35496321  0.37994942  0.34277714  0.34277714  0.33078698  0.33078698  0.35496321  0.35496321  0.37994942  0.37994942  0.37994942  0.14256864  0.16128455  0.00000000  0.22042674  0.23075631  0.40580178  0.39276360  0.40580178  
19_0_0     0.35496321  0.37994942  0.37994942  0.36735169  0.35496321  0.35496321  0.35496321  0.35496321  0.35496321  0.36735169  0.39276360  0.39276360  0.14256864  0.18048222  0.22042674  0.00000000  0.06371422  0.48921366  0.48921366  0.48921366  
16_0_0     0.37994942  0.34277714  0.34277714  0.40580178  0.37994942  0.39276360  0.39276360  0.37994942  0.37994942  0.43258249  0.41907194  0.41907194  0.14256864  0.18048222  0.23075631  0.06371422  0.00000000  0.55050066  0.55050066  0.55050066  
3_0_0      0.44634229  0.39276360  0.39276360  0.39276360  0.39276360  0.37994942  0.37994942  0.46036072  0.46036072  0.46036072  0.53470036  0.53470036  0.48921366  0.50406979  0.40580178  0.48921366  0.55050066  0.00000000  0.00767292  0.00000000  
2_0_0      0.43258249  0.39276360  0.39276360  0.39276360  0.39276360  0.37994942  0.37994942  0.46036072  0.46036072  0.46036072  0.53470036  0.53470036  0.48921366  0.50406979  0.39276360  0.48921366  0.55050066  0.00767292  0.00000000  0.00767292  
1_0_0      0.44634229  0.39276360  0.39276360  0.39276360  0.39276360  0.37994942  0.37994942  0.46036072  0.46036072  0.46036072  0.53470036  0.53470036  0.48921366  0.50406979  0.40580178  0.48921366  0.55050066  0.00000000  0.00767292  0.00000000  

