20
20_0_0     0.00000000  0.34542969  0.37221260  0.32294555  0.32065447  0.30739040  0.28190867  0.53776232  0.53776232  0.58190626  0.46466577  0.46466577  0.49732149  0.63132505  0.65682876  0.42938042  0.44670054  0.40815360  0.40815360  0.39169160  
17_0_0     0.34542969  0.00000000  0.04776099  0.17866788  0.13644450  0.12674938  0.14633848  0.35705243  0.35705243  0.38786471  0.37577289  0.37577289  0.50273724  0.55072536  0.46001028  0.58885532  0.56509466  0.46466577  0.46466577  0.44670054  
11_0_0     0.37221260  0.04776099  0.00000000  0.24590762  0.19761436  0.18671828  0.20876226  0.35394406  0.35394406  0.38425655  0.43812038  0.43812038  0.49732149  0.52296243  0.43832067  0.55772919  0.53561990  0.46001028  0.46001028  0.47830524  
5_0_0      0.32294555  0.17866788  0.24590762  0.00000000  0.06477550  0.05619323  0.05619323  0.49732149  0.49732149  0.53776232  0.44670054  0.44670054  0.47830524  0.54407284  0.55286618  0.58090068  0.55772919  0.40895303  0.40895303  0.39306809  
4_0_0      0.32065447  0.13644450  0.19761436  0.06477550  0.00000000  0.00769463  0.02346219  0.46466577  0.46466577  0.50273724  0.36278627  0.36278627  0.53178549  0.53776232  0.52613499  0.50845448  0.48863152  0.38086531  0.38086531  0.36572047  
12_0_0     0.30739040  0.12674938  0.18671828  0.05619323  0.00769463  0.00000000  0.01551399  0.44670054  0.44670054  0.48332602  0.37768961  0.37768961  0.51158759  0.51711824  0.50636438  0.52912706  0.50845448  0.39650108  0.39650108  0.38086531  
10_0_0     0.28190867  0.14633848  0.20876226  0.05619323  0.02346219  0.01551399  0.00000000  0.48332602  0.48332602  0.52296243  0.40895303  0.40895303  0.55286618  0.55932951  0.54675065  0.52912706  0.50845448  0.42938042  0.42938042  0.41266068  
9_0_0      0.53776232  0.35705243  0.35394406  0.49732149  0.46466577  0.44670054  0.48332602  0.00000000  0.00000000  0.02346219  0.30864666  0.30864666  0.53178549  0.57762495  0.57762495  0.63050049  0.65676579  0.62227240  0.62227240  0.64781963  
13_0_0     0.53776232  0.35705243  0.35394406  0.49732149  0.46466577  0.44670054  0.48332602  0.00000000  0.00000000  0.02346219  0.30864666  0.30864666  0.53178549  0.57762495  0.57762495  0.63050049  0.65676579  0.62227240  0.62227240  0.64781963  
7_0_0      0.58190626  0.38786471  0.38425655  0.53776232  0.50273724  0.48332602  0.52296243  0.02346219  0.02346219  0.00000000  0.32272224  0.32272224  0.51158759  0.57762495  0.57762495  0.68454395  0.71401994  0.62227240  0.62227240  0.64781963  
18_0_0     0.46466577  0.37577289  0.43812038  0.44670054  0.36278627  0.37768961  0.40895303  0.30864666  0.30864666  0.32272224  0.00000000  0.00000000  0.45149395  0.56202608  0.50144330  0.46466577  0.44670054  0.75403840  0.75403840  0.78754457  
8_0_0      0.46466577  0.37577289  0.43812038  0.44670054  0.36278627  0.37768961  0.40895303  0.30864666  0.30864666  0.32272224  0.00000000  0.00000000  0.45149395  0.56202608  0.50144330  0.46466577  0.44670054  0.75403840  0.75403840  0.78754457  
15_0_0     0.49732149  0.50273724  0.49732149  0.47830524  0.53178549  0.51158759  0.55286618  0.53178549  0.53178549  0.51158759  0.45149395  0.45149395  0.00000000  0.11664569  0.18671828  0.20876226  0.18671828  0.57158183  0.57158183  0.57158183  
14_0_0     0.63132505  0.55072536  0.52296243  0.54407284  0.53776232  0.51711824  0.55932951  0.57762495  0.57762495  0.57762495  0.56202608  0.56202608  0.11664569  0.00000000  0.09081093  0.27925216  0.25404972  0.74126380  0.74126380  0.74126380  
6_0_0      0.65682876  0.46001028  0.43832067  0.55286618  0.52613499  0.50636438  0.54675065  0.57762495  0.57762495  0.57762495  0.50144330  0.50144330  0.18671828  0.09081093  0.00000000  0.34870081  0.31971097  0.80581934  0.80581934  0.80581934  
19_0_0     0.42938042  0.58885532  0.55772919  0.58090068  0.50845448  0.52912706  0.52912706  0.63050049  0.63050049  0.68454395  0.46466577  0.46466577  0.20876226  0.27925216  0.34870081  0.00000000  0.03976259  0.63934503  0.63934503  0.63934503  
16_0_0     0.44670054  0.56509466  0.53561990  0.55772919  0.48863152  0.50845448  0.50845448  0.65676579  0.65676579  0.71401994  0.44670054  0.44670054  0.18671828  0.25404972  0.31971097  0.03976259  0.00000000  0.61447765  0.61447765  0.61447765  
3_0_0      0.40815360  0.46466577  0.46001028  0.40895303  0.38086531  0.39650108  0.42938042  0.62227240  0.62227240  0.62227240  0.75403840  0.75403840  0.57158183  0.74126380  0.80581934  0.63934503  0.61447765  0.00000000  0.00769463  0.00769463  
2_0_0      0.40815360  0.46466577  0.46001028  0.40895303  0.38086531  0.39650108  0.42938042  0.62227240  0.62227240  0.62227240  0.75403840  0.75403840  0.57158183  0.74126380  0.80581934  0.63934503  0.61447765  0.00769463  0.00000000  0.01551399  
1_0_0      0.39169160  0.44670054  0.47830524  0.39306809  0.36572047  0.38086531  0.41266068  0.64781963  0.64781963  0.64781963  0.78754457  0.78754457  0.57158183  0.74126380  0.80581934  0.63934503  0.61447765  0.00769463  0.01551399  0.00000000  

