19
98_15_0    0.00000000  0.01794788  0.12746223  0.14885905  0.14452956  0.31912235  0.26632200  0.25119429  0.27658296  0.25119429  0.24127942  0.24622013  0.24622013  0.25620234  0.25620234  0.25620234  0.25119429  0.24622013  0.22665348  
98_8_0     0.01794788  0.00000000  0.14885905  0.14452956  0.14022542  0.32461717  0.26124475  0.26632200  0.29224810  0.25620234  0.24622013  0.25119429  0.25119429  0.26124475  0.26124475  0.26124475  0.25620234  0.25119429  0.25119429  
98_16_0    0.12746223  0.14885905  0.00000000  0.22184215  0.22665348  0.31912235  0.29754491  0.29754491  0.31912235  0.27658296  0.26632200  0.26632200  0.26124475  0.26632200  0.26632200  0.27658296  0.26632200  0.26124475  0.25119429  
58_0_0     0.14885905  0.14452956  0.22184215  0.00000000  0.02159066  0.34135251  0.32461717  0.28176766  0.26124475  0.30288017  0.29224810  0.29754491  0.27658296  0.27658296  0.28698920  0.29754491  0.29224810  0.28698920  0.31366831  
98_0_0     0.14452956  0.14022542  0.22665348  0.02159066  0.00000000  0.33015338  0.31912235  0.28176766  0.25119429  0.29754491  0.28698920  0.29224810  0.27143457  0.27143457  0.28176766  0.29224810  0.28698920  0.28176766  0.30288017  
26_0_0     0.31912235  0.32461717  0.31912235  0.34135251  0.33015338  0.00000000  0.25119429  0.28176766  0.27658296  0.26632200  0.25620234  0.25620234  0.25620234  0.25620234  0.25620234  0.27143457  0.27658296  0.27143457  0.25119429  
21_5_0     0.26632200  0.26124475  0.29754491  0.32461717  0.31912235  0.25119429  0.00000000  0.18901690  0.19361741  0.15321420  0.14452956  0.15321420  0.14022542  0.14022542  0.14022542  0.15321420  0.14885905  0.15321420  0.17990139  
5_5_0      0.25119429  0.26632200  0.29754491  0.28176766  0.28176766  0.28176766  0.18901690  0.00000000  0.05521462  0.09447250  0.08645137  0.09447250  0.08247339  0.08247339  0.09045099  0.10258214  0.09045099  0.08645137  0.15321420  
28_5_0     0.27658296  0.29224810  0.31912235  0.26124475  0.25119429  0.27658296  0.19361741  0.05521462  0.00000000  0.12746223  0.11907493  0.12746223  0.11491690  0.11491690  0.12325661  0.13594635  0.13169205  0.12746223  0.16200269  
13_5_0     0.25119429  0.25620234  0.27658296  0.30288017  0.29754491  0.26632200  0.15321420  0.09447250  0.12746223  0.00000000  0.00712664  0.01432307  0.03262860  0.04760856  0.04008041  0.05140175  0.04008041  0.03634506  0.12325661  
27_5_0     0.24127942  0.24622013  0.26632200  0.29224810  0.28698920  0.25620234  0.14452956  0.08645137  0.11907493  0.00712664  0.00000000  0.00712664  0.02525158  0.04008041  0.03262860  0.04383485  0.03262860  0.02893083  0.11491690  
6_5_0      0.24622013  0.25119429  0.26632200  0.29754491  0.29224810  0.25620234  0.15321420  0.09447250  0.12746223  0.01432307  0.00712664  0.00000000  0.03262860  0.04008041  0.03262860  0.03634506  0.04008041  0.03634506  0.12325661  
25_5_0     0.24622013  0.25119429  0.26124475  0.27658296  0.27143457  0.25620234  0.14022542  0.08247339  0.11491690  0.03262860  0.02525158  0.03262860  0.00000000  0.01432307  0.00712664  0.01794788  0.01432307  0.01071605  0.11907493  
1_7_0      0.25620234  0.26124475  0.26632200  0.27658296  0.27143457  0.25620234  0.14022542  0.08247339  0.11491690  0.04760856  0.04008041  0.04008041  0.01432307  0.00000000  0.00712664  0.01794788  0.02893083  0.02525158  0.12746223  
10_7_0     0.25620234  0.26124475  0.26632200  0.28698920  0.28176766  0.25620234  0.14022542  0.09045099  0.12325661  0.04008041  0.03262860  0.03262860  0.00712664  0.00712664  0.00000000  0.01071605  0.02159066  0.01794788  0.12746223  
15_7_0     0.25620234  0.26124475  0.27658296  0.29754491  0.29224810  0.27143457  0.15321420  0.10258214  0.13594635  0.05140175  0.04383485  0.03634506  0.01794788  0.01794788  0.01071605  0.00000000  0.03262860  0.02893083  0.14022542  
10_5_0     0.25119429  0.25620234  0.26632200  0.29224810  0.28698920  0.27658296  0.14885905  0.09045099  0.13169205  0.04008041  0.03262860  0.04008041  0.01432307  0.02893083  0.02159066  0.03262860  0.00000000  0.00355468  0.11907493  
1_5_0      0.24622013  0.25119429  0.26124475  0.28698920  0.28176766  0.27143457  0.15321420  0.08645137  0.12746223  0.03634506  0.02893083  0.03634506  0.01071605  0.02525158  0.01794788  0.02893083  0.00355468  0.00000000  0.11491690  
8_5_0      0.22665348  0.25119429  0.25119429  0.31366831  0.30288017  0.25119429  0.17990139  0.15321420  0.16200269  0.12325661  0.11491690  0.12325661  0.11907493  0.12746223  0.12746223  0.14022542  0.11907493  0.11491690  0.00000000  

