30
1_0_0      0.00000000  0.00820931  0.01234889  0.44799029  0.47881555  0.47881555  0.46324002  0.39699628  0.39699628  0.38305851  0.39699628  0.40406638  0.40406638  0.34277598  0.35595773  0.37618829  0.33627342  0.33627342  0.33627342  0.33627342  0.34277598  0.39699628  0.31082807  0.34933706  0.34933706  0.34277598  0.39699628  0.47098619  0.35595773  0.39699628  
3_0_0      0.00820931  0.00000000  0.00409310  0.45557528  0.48672991  0.48672991  0.47098619  0.38999409  0.38999409  0.37618829  0.38999409  0.39699628  0.39699628  0.34933706  0.36263906  0.38305851  0.34277598  0.34277598  0.34277598  0.32982834  0.33627342  0.38999409  0.31710664  0.34277598  0.34277598  0.33627342  0.38999409  0.47098619  0.36263906  0.40406638  
2_0_0      0.01234889  0.00409310  0.00000000  0.45557528  0.48672991  0.48672991  0.47098619  0.38305851  0.38305851  0.36938220  0.38305851  0.38999409  0.38999409  0.34277598  0.35595773  0.37618829  0.33627342  0.33627342  0.33627342  0.32343974  0.32982834  0.38305851  0.31082807  0.33627342  0.33627342  0.32982834  0.38305851  0.47881555  0.35595773  0.39699628  
19_0_0     0.44799029  0.45557528  0.45557528  0.00000000  0.26245602  0.26245602  0.26245602  0.36938220  0.36938220  0.34277598  0.34933706  0.35595773  0.34277598  0.30460312  0.31710664  0.34933706  0.34933706  0.36263906  0.36263906  0.38999409  0.36938220  0.35595773  0.34933706  0.41120571  0.43305301  0.37618829  0.37618829  0.44799029  0.34277598  0.36938220  
13_0_0     0.47881555  0.48672991  0.48672991  0.26245602  0.00000000  0.00000000  0.01651211  0.37618829  0.37618829  0.36263906  0.37618829  0.37618829  0.36263906  0.31710664  0.31082807  0.33627342  0.30460312  0.31710664  0.31710664  0.38305851  0.39699628  0.36938220  0.34933706  0.37618829  0.40406638  0.36263906  0.38999409  0.38999409  0.38305851  0.41120571  
9_0_0      0.47881555  0.48672991  0.48672991  0.26245602  0.00000000  0.00000000  0.01651211  0.37618829  0.37618829  0.36263906  0.37618829  0.37618829  0.36263906  0.31710664  0.31082807  0.33627342  0.30460312  0.31710664  0.31710664  0.38305851  0.39699628  0.36938220  0.34933706  0.37618829  0.40406638  0.36263906  0.38999409  0.38999409  0.38305851  0.41120571  
7_0_0      0.46324002  0.47098619  0.47098619  0.26245602  0.01651211  0.01651211  0.00000000  0.36263906  0.36263906  0.34933706  0.36263906  0.36263906  0.34933706  0.31082807  0.30460312  0.33627342  0.30460312  0.31710664  0.31710664  0.38305851  0.39699628  0.38305851  0.34933706  0.36263906  0.38999409  0.34933706  0.38999409  0.40406638  0.38999409  0.42569760  
13_4_0     0.39699628  0.38999409  0.38305851  0.36938220  0.37618829  0.37618829  0.36263906  0.00000000  0.00000000  0.02069925  0.07744040  0.11468826  0.11468826  0.26832990  0.27425149  0.31710664  0.26832990  0.27425149  0.27425149  0.30460312  0.29231043  0.29231043  0.28022157  0.29843086  0.27425149  0.26245602  0.28022157  0.36938220  0.41120571  0.41120571  
9_4_0      0.39699628  0.38999409  0.38305851  0.36938220  0.37618829  0.37618829  0.36263906  0.00000000  0.00000000  0.02069925  0.07744040  0.11468826  0.11468826  0.26832990  0.27425149  0.31710664  0.26832990  0.27425149  0.27425149  0.30460312  0.29231043  0.29231043  0.28022157  0.29843086  0.27425149  0.26245602  0.28022157  0.36938220  0.41120571  0.41120571  
7_4_0      0.38305851  0.37618829  0.36938220  0.34277598  0.36263906  0.36263906  0.34933706  0.02069925  0.02069925  0.00000000  0.08199363  0.10992687  0.10992687  0.26245602  0.26832990  0.31082807  0.26245602  0.26832990  0.26832990  0.31710664  0.31082807  0.31082807  0.28624094  0.27425149  0.28022157  0.25084835  0.26832990  0.38305851  0.38999409  0.38999409  
19_4_0     0.39699628  0.38999409  0.38305851  0.34933706  0.37618829  0.37618829  0.36263906  0.07744040  0.07744040  0.08199363  0.00000000  0.12430536  0.12430536  0.26832990  0.26245602  0.31710664  0.26832990  0.28022157  0.28022157  0.32343974  0.32343974  0.33627342  0.29843086  0.31710664  0.29231043  0.29231043  0.30460312  0.39699628  0.40406638  0.40406638  
18_4_0     0.40406638  0.39699628  0.38999409  0.35595773  0.37618829  0.37618829  0.36263906  0.11468826  0.11468826  0.10992687  0.12430536  0.00000000  0.00820931  0.28022157  0.28624094  0.35595773  0.30460312  0.31710664  0.31710664  0.38999409  0.34277598  0.35595773  0.34933706  0.34933706  0.33627342  0.32343974  0.33627342  0.38305851  0.41120571  0.41120571  
8_4_0      0.40406638  0.39699628  0.38999409  0.34277598  0.36263906  0.36263906  0.34933706  0.11468826  0.11468826  0.10992687  0.12430536  0.00820931  0.00000000  0.28022157  0.28624094  0.35595773  0.30460312  0.31710664  0.31710664  0.40406638  0.35595773  0.36938220  0.34933706  0.33627342  0.32343974  0.32343974  0.33627342  0.39699628  0.39699628  0.39699628  
11_0_0     0.34277598  0.34933706  0.34277598  0.30460312  0.31710664  0.31710664  0.31082807  0.26832990  0.26832990  0.26245602  0.26832990  0.28022157  0.28022157  0.00000000  0.02069925  0.09582648  0.05950661  0.07291542  0.07291542  0.28624094  0.23377619  0.26832990  0.22261287  0.29843086  0.27425149  0.26245602  0.24511310  0.38305851  0.28022157  0.31710664  
17_0_0     0.35595773  0.36263906  0.35595773  0.31710664  0.31082807  0.31082807  0.30460312  0.27425149  0.27425149  0.26832990  0.26245602  0.28624094  0.28624094  0.02069925  0.00000000  0.10992687  0.07291542  0.08657548  0.08657548  0.30460312  0.25084835  0.28022157  0.23942261  0.30460312  0.28022157  0.26832990  0.25084835  0.40406638  0.29231043  0.32982834  
5_0_0      0.37618829  0.38305851  0.37618829  0.34933706  0.33627342  0.33627342  0.33627342  0.31710664  0.31710664  0.31082807  0.31710664  0.35595773  0.35595773  0.09582648  0.10992687  0.00000000  0.03340689  0.04633996  0.04633996  0.31082807  0.28022157  0.29231043  0.26832990  0.31710664  0.31710664  0.29231043  0.31082807  0.43305301  0.29843086  0.31710664  
10_0_0     0.33627342  0.34277598  0.33627342  0.34933706  0.30460312  0.30460312  0.30460312  0.26832990  0.26832990  0.26245602  0.26832990  0.30460312  0.30460312  0.05950661  0.07291542  0.03340689  0.00000000  0.01234889  0.01234889  0.28624094  0.25662909  0.28022157  0.24511310  0.28022157  0.28022157  0.26832990  0.29231043  0.38999409  0.29843086  0.32982834  
12_0_0     0.33627342  0.34277598  0.33627342  0.36263906  0.31710664  0.31710664  0.31710664  0.27425149  0.27425149  0.26832990  0.28022157  0.31710664  0.31710664  0.07291542  0.08657548  0.04633996  0.01234889  0.00000000  0.00000000  0.28022157  0.25084835  0.27425149  0.23942261  0.27425149  0.28022157  0.26245602  0.30460312  0.38305851  0.29843086  0.33627342  
4_0_0      0.33627342  0.34277598  0.33627342  0.36263906  0.31710664  0.31710664  0.31710664  0.27425149  0.27425149  0.26832990  0.28022157  0.31710664  0.31710664  0.07291542  0.08657548  0.04633996  0.01234889  0.00000000  0.00000000  0.28022157  0.25084835  0.27425149  0.23942261  0.27425149  0.28022157  0.26245602  0.30460312  0.38305851  0.29843086  0.33627342  
6_2_0      0.33627342  0.32982834  0.32343974  0.38999409  0.38305851  0.38305851  0.38305851  0.30460312  0.30460312  0.31710664  0.32343974  0.38999409  0.40406638  0.28624094  0.30460312  0.31082807  0.28624094  0.28022157  0.28022157  0.00000000  0.07744040  0.10992687  0.14392871  0.17439109  0.21161791  0.14392871  0.17439109  0.24511310  0.34933706  0.44048340  
14_2_0     0.34277598  0.33627342  0.32982834  0.36938220  0.39699628  0.39699628  0.39699628  0.29231043  0.29231043  0.31082807  0.32343974  0.34277598  0.35595773  0.23377619  0.25084835  0.28022157  0.25662909  0.25084835  0.25084835  0.07744040  0.00000000  0.07291542  0.11468826  0.17439109  0.20078631  0.13405102  0.14392871  0.22817316  0.29843086  0.38999409  
15_2_0     0.39699628  0.38999409  0.38305851  0.35595773  0.36938220  0.36938220  0.38305851  0.29231043  0.29231043  0.31082807  0.33627342  0.35595773  0.36938220  0.26832990  0.28022157  0.29231043  0.28022157  0.27425149  0.27425149  0.10992687  0.07291542  0.00000000  0.12430536  0.19011327  0.20078631  0.13897314  0.17959424  0.23377619  0.34277598  0.38305851  
16_2_0     0.31082807  0.31710664  0.31082807  0.34933706  0.34933706  0.34933706  0.34933706  0.28022157  0.28022157  0.28624094  0.29843086  0.34933706  0.34933706  0.22261287  0.23942261  0.26832990  0.24511310  0.23942261  0.23942261  0.14392871  0.11468826  0.12430536  0.00000000  0.17439109  0.17439109  0.11468826  0.15394208  0.26245602  0.32343974  0.39699628  
15_0_0     0.34933706  0.34277598  0.33627342  0.41120571  0.37618829  0.37618829  0.36263906  0.29843086  0.29843086  0.27425149  0.31710664  0.34933706  0.33627342  0.29843086  0.30460312  0.31710664  0.28022157  0.27425149  0.27425149  0.17439109  0.17439109  0.19011327  0.17439109  0.00000000  0.11948095  0.08657548  0.15394208  0.23942261  0.34277598  0.38999409  
15_3_0     0.34933706  0.34277598  0.33627342  0.43305301  0.40406638  0.40406638  0.38999409  0.27425149  0.27425149  0.28022157  0.29231043  0.33627342  0.32343974  0.27425149  0.28022157  0.31710664  0.28022157  0.28022157  0.28022157  0.21161791  0.20078631  0.20078631  0.17439109  0.11948095  0.00000000  0.08199363  0.14392871  0.29843086  0.38305851  0.41120571  
14_0_0     0.34277598  0.33627342  0.32982834  0.37618829  0.36263906  0.36263906  0.34933706  0.26245602  0.26245602  0.25084835  0.29231043  0.32343974  0.32343974  0.26245602  0.26832990  0.29231043  0.26832990  0.26245602  0.26245602  0.14392871  0.13405102  0.13897314  0.11468826  0.08657548  0.08199363  0.00000000  0.07291542  0.24511310  0.34277598  0.41120571  
6_0_0      0.39699628  0.38999409  0.38305851  0.37618829  0.38999409  0.38999409  0.38999409  0.28022157  0.28022157  0.26832990  0.30460312  0.33627342  0.33627342  0.24511310  0.25084835  0.31082807  0.29231043  0.30460312  0.30460312  0.17439109  0.14392871  0.17959424  0.15394208  0.15394208  0.14392871  0.07291542  0.00000000  0.29843086  0.36263906  0.40406638  
16_0_0     0.47098619  0.47098619  0.47881555  0.44799029  0.38999409  0.38999409  0.40406638  0.36938220  0.36938220  0.38305851  0.39699628  0.38305851  0.39699628  0.38305851  0.40406638  0.43305301  0.38999409  0.38305851  0.38305851  0.24511310  0.22817316  0.23377619  0.26245602  0.23942261  0.29843086  0.24511310  0.29843086  0.00000000  0.45557528  0.51100190  
20_0_0     0.35595773  0.36263906  0.35595773  0.34277598  0.38305851  0.38305851  0.38999409  0.41120571  0.41120571  0.38999409  0.40406638  0.41120571  0.39699628  0.28022157  0.29231043  0.29843086  0.29843086  0.29843086  0.29843086  0.34933706  0.29843086  0.34277598  0.32343974  0.34277598  0.38305851  0.34277598  0.36263906  0.45557528  0.00000000  0.09582648  
20_1_0     0.39699628  0.40406638  0.39699628  0.36938220  0.41120571  0.41120571  0.42569760  0.41120571  0.41120571  0.38999409  0.40406638  0.41120571  0.39699628  0.31710664  0.32982834  0.31710664  0.32982834  0.33627342  0.33627342  0.44048340  0.38999409  0.38305851  0.39699628  0.38999409  0.41120571  0.41120571  0.40406638  0.51100190  0.09582648  0.00000000  

