20
13_0_0     0.00000000  0.00000000  0.06377983  0.12038459  0.17460956  0.17460956  0.16067665  0.18167554  0.43281240  0.41314528  0.45301599  0.44284532  0.42291357  0.42291357  0.43281240  0.44284532  0.42291357  0.42291357  0.41314528  0.51715973  
19_0_0     0.00000000  0.00000000  0.06377983  0.12038459  0.17460956  0.17460956  0.16067665  0.18167554  0.43281240  0.41314528  0.45301599  0.44284532  0.42291357  0.42291357  0.43281240  0.44284532  0.42291357  0.42291357  0.41314528  0.51715973  
20_0_0     0.06377983  0.06377983  0.00000000  0.06377983  0.14025669  0.14025669  0.12694956  0.14700099  0.42291357  0.39398686  0.45301599  0.44284532  0.40350413  0.40350413  0.43281240  0.44284532  0.44284532  0.44284532  0.43281240  0.50607591  
16_0_0     0.12038459  0.12038459  0.06377983  0.00000000  0.17460956  0.17460956  0.16761035  0.18880957  0.45301599  0.46332826  0.52841192  0.51715973  0.43281240  0.43281240  0.44284532  0.45301599  0.47378613  0.49515550  0.48439376  0.56323193  
17_0_0     0.17460956  0.17460956  0.14025669  0.17460956  0.00000000  0.00000000  0.02831202  0.03410664  0.51715973  0.43281240  0.47378613  0.46332826  0.45301599  0.45301599  0.46332826  0.47378613  0.47378613  0.49515550  0.50607591  0.57521209  
15_0_0     0.17460956  0.17460956  0.14025669  0.17460956  0.00000000  0.00000000  0.02831202  0.03410664  0.51715973  0.43281240  0.47378613  0.46332826  0.45301599  0.45301599  0.46332826  0.47378613  0.47378613  0.49515550  0.50607591  0.57521209  
18_0_0     0.16067665  0.16067665  0.12694956  0.16761035  0.02831202  0.02831202  0.00000000  0.01685703  0.53983769  0.44284532  0.48439376  0.47378613  0.48439376  0.48439376  0.49515550  0.50607591  0.50607591  0.52841192  0.49515550  0.59976985  
14_0_0     0.18167554  0.18167554  0.14700099  0.18880957  0.03410664  0.03410664  0.01685703  0.00000000  0.57521209  0.47378613  0.51715973  0.50607591  0.51715973  0.51715973  0.50607591  0.51715973  0.53983769  0.56323193  0.52841192  0.58738920  
7_0_0      0.43281240  0.43281240  0.42291357  0.45301599  0.51715973  0.51715973  0.53983769  0.57521209  0.00000000  0.22554827  0.26420467  0.24849921  0.21805331  0.21805331  0.24076961  0.24849921  0.23311984  0.21805331  0.23311984  0.27218407  
9_0_0      0.41314528  0.41314528  0.39398686  0.46332826  0.43281240  0.43281240  0.44284532  0.47378613  0.22554827  0.00000000  0.04583366  0.02831202  0.14700099  0.14700099  0.16761035  0.17460956  0.18880957  0.17460956  0.16067665  0.21805331  
3_0_0      0.45301599  0.45301599  0.45301599  0.52841192  0.47378613  0.47378613  0.48439376  0.51715973  0.26420467  0.04583366  0.00000000  0.01685703  0.16761035  0.16761035  0.17460956  0.18167554  0.19601298  0.19601298  0.18880957  0.25631032  
6_0_0      0.44284532  0.44284532  0.44284532  0.51715973  0.46332826  0.46332826  0.47378613  0.50607591  0.24849921  0.02831202  0.01685703  0.00000000  0.16761035  0.16761035  0.17460956  0.18167554  0.19601298  0.19601298  0.18167554  0.24076961  
12_0_0     0.42291357  0.42291357  0.40350413  0.43281240  0.45301599  0.45301599  0.48439376  0.51715973  0.21805331  0.14700099  0.16761035  0.16761035  0.00000000  0.00000000  0.01685703  0.02256238  0.05774933  0.08217162  0.06985983  0.18880957  
2_0_0      0.42291357  0.42291357  0.40350413  0.43281240  0.45301599  0.45301599  0.48439376  0.51715973  0.21805331  0.14700099  0.16761035  0.16761035  0.00000000  0.00000000  0.01685703  0.02256238  0.05774933  0.08217162  0.06985983  0.18880957  
11_0_0     0.43281240  0.43281240  0.43281240  0.44284532  0.46332826  0.46332826  0.49515550  0.50607591  0.24076961  0.16761035  0.17460956  0.17460956  0.01685703  0.01685703  0.00000000  0.00557649  0.06377983  0.10103171  0.08840511  0.19601298  
4_0_0      0.44284532  0.44284532  0.44284532  0.45301599  0.47378613  0.47378613  0.50607591  0.51715973  0.24849921  0.17460956  0.18167554  0.18167554  0.02256238  0.02256238  0.00557649  0.00000000  0.06985983  0.10742665  0.09469151  0.20328713  
5_0_0      0.42291357  0.42291357  0.44284532  0.47378613  0.47378613  0.47378613  0.50607591  0.53983769  0.23311984  0.18880957  0.19601298  0.19601298  0.05774933  0.05774933  0.06377983  0.06985983  0.00000000  0.10742665  0.09469151  0.23311984  
8_0_0      0.42291357  0.42291357  0.44284532  0.49515550  0.49515550  0.49515550  0.52841192  0.56323193  0.21805331  0.17460956  0.19601298  0.19601298  0.08217162  0.08217162  0.10103171  0.10742665  0.10742665  0.00000000  0.05774933  0.19601298  
1_0_0      0.41314528  0.41314528  0.43281240  0.48439376  0.50607591  0.50607591  0.49515550  0.52841192  0.23311984  0.16067665  0.18880957  0.18167554  0.06985983  0.06985983  0.08840511  0.09469151  0.09469151  0.05774933  0.00000000  0.18880957  
10_0_0     0.51715973  0.51715973  0.50607591  0.56323193  0.57521209  0.57521209  0.59976985  0.58738920  0.27218407  0.21805331  0.25631032  0.24076961  0.18880957  0.18880957  0.19601298  0.20328713  0.23311984  0.19601298  0.18880957  0.00000000  

