8
16_2_0     0.00000000  0.06565574  0.07718791  0.07718791  0.60575701  0.62988875  0.35621200  0.39983779  
16_0_0     0.06565574  0.00000000  0.12520255  0.11290366  0.59397999  0.59397999  0.39090444  0.39983779  
17_3_0     0.07718791  0.12520255  0.00000000  0.01054600  0.59397999  0.61772451  0.37335492  0.38207765  
17_0_0     0.07718791  0.11290366  0.01054600  0.00000000  0.57097377  0.59397999  0.36473382  0.37335492  
13_0_0     0.60575701  0.59397999  0.59397999  0.57097377  0.00000000  0.01587590  0.49565736  0.45582865  
13_1_0     0.62988875  0.59397999  0.61772451  0.59397999  0.01587590  0.00000000  0.51640560  0.43669041  
14_0_0     0.35621200  0.39090444  0.37335492  0.36473382  0.49565736  0.51640560  0.00000000  0.04868763  
18_0_0     0.39983779  0.39983779  0.38207765  0.37335492  0.45582865  0.43669041  0.04868763  0.00000000  

