29
50_7_0     0.00000000  0.24659860  0.25673560  0.45407026  0.41525558  0.45407026  0.44090747  0.42797182  0.41525558  0.46746829  0.42797182  0.44090747  0.42797182  0.42797182  0.39045246  0.45407026  0.49500481  0.45407026  0.55331155  0.55331155  0.56862542  0.55331155  0.55331155  0.52359147  0.60022484  0.61653847  0.61653847  0.63321501  0.56862542  
94_6_0     0.24659860  0.00000000  0.00728163  0.42797182  0.46746829  0.42797182  0.46746829  0.40275145  0.49500481  0.48111012  0.39045246  0.42797182  0.41525558  0.44090747  0.44090747  0.48111012  0.48111012  0.42797182  0.58425865  0.65027098  0.48111012  0.58425865  0.58425865  0.58425865  0.63321501  0.58425865  0.58425865  0.58425865  0.63321501  
50_6_0     0.25673560  0.00728163  0.00000000  0.44090747  0.48111012  0.44090747  0.48111012  0.41525558  0.50916189  0.46746829  0.40275145  0.41525558  0.42797182  0.45407026  0.45407026  0.49500481  0.49500481  0.44090747  0.60022484  0.66772403  0.49500481  0.58425865  0.58425865  0.60022484  0.65027098  0.60022484  0.60022484  0.60022484  0.65027098  
23_9_0     0.45407026  0.42797182  0.44090747  0.00000000  0.14329762  0.13457584  0.09242700  0.06823019  0.12595436  0.15212206  0.23659684  0.27743032  0.21698494  0.23659684  0.24659860  0.37835199  0.26701155  0.30958462  0.35472168  0.35472168  0.30958462  0.35472168  0.37835199  0.33181350  0.32061668  0.39045246  0.36644373  0.33181350  0.29871256  
64_9_0     0.41525558  0.46746829  0.48111012  0.14329762  0.00000000  0.10066932  0.09242700  0.10066932  0.14329762  0.15212206  0.18849676  0.24659860  0.18849676  0.26701155  0.21698494  0.41525558  0.34318009  0.34318009  0.35472168  0.37835199  0.30958462  0.35472168  0.35472168  0.35472168  0.36644373  0.44090747  0.37835199  0.39045246  0.36644373  
11_9_0     0.45407026  0.42797182  0.44090747  0.13457584  0.10066932  0.00000000  0.08427431  0.09242700  0.10066932  0.14329762  0.21698494  0.25673560  0.21698494  0.27743032  0.22672676  0.35472168  0.30958462  0.33181350  0.37835199  0.35472168  0.33181350  0.37835199  0.37835199  0.35472168  0.36644373  0.41525558  0.37835199  0.36644373  0.34318009  
27_9_0     0.44090747  0.46746829  0.48111012  0.09242700  0.09242700  0.08427431  0.00000000  0.05252225  0.08427431  0.11743090  0.24659860  0.30958462  0.24659860  0.28799592  0.25673560  0.41525558  0.32061668  0.36644373  0.40275145  0.37835199  0.35472168  0.37835199  0.40275145  0.37835199  0.36644373  0.44090747  0.40275145  0.39045246  0.34318009  
41_9_0     0.42797182  0.40275145  0.41525558  0.06823019  0.10066932  0.09242700  0.05252225  0.00000000  0.10066932  0.10900327  0.22672676  0.28799592  0.22672676  0.24659860  0.23659684  0.39045246  0.29871256  0.34318009  0.39045246  0.34318009  0.36644373  0.36644373  0.39045246  0.36644373  0.35472168  0.40275145  0.39045246  0.37835199  0.33181350  
41_15_0    0.41525558  0.49500481  0.50916189  0.12595436  0.14329762  0.10066932  0.08427431  0.10066932  0.00000000  0.11743090  0.25673560  0.32061668  0.25673560  0.27743032  0.24659860  0.37835199  0.33181350  0.35472168  0.39045246  0.36644373  0.36644373  0.36644373  0.39045246  0.36644373  0.35472168  0.42797182  0.37835199  0.37835199  0.33181350  
27_15_0    0.46746829  0.48111012  0.46746829  0.15212206  0.15212206  0.14329762  0.11743090  0.10900327  0.11743090  0.00000000  0.29871256  0.27743032  0.27743032  0.32061668  0.26701155  0.37835199  0.30958462  0.35472168  0.36644373  0.36644373  0.36644373  0.37835199  0.35472168  0.36644373  0.35472168  0.41525558  0.36644373  0.39045246  0.33181350  
11_17_0    0.42797182  0.39045246  0.40275145  0.23659684  0.18849676  0.21698494  0.24659860  0.22672676  0.25673560  0.29871256  0.00000000  0.07620933  0.04479000  0.12595436  0.08427431  0.30958462  0.23659684  0.23659684  0.41525558  0.44090747  0.36644373  0.39045246  0.41525558  0.44090747  0.48111012  0.53830424  0.49500481  0.46746829  0.45407026  
11_12_0    0.44090747  0.42797182  0.41525558  0.27743032  0.24659860  0.25673560  0.30958462  0.28799592  0.32061668  0.27743032  0.07620933  0.00000000  0.06033508  0.12595436  0.11743090  0.25673560  0.22672676  0.23659684  0.39045246  0.39045246  0.34318009  0.37835199  0.35472168  0.41525558  0.45407026  0.50916189  0.46746829  0.46746829  0.42797182  
64_12_0    0.42797182  0.41525558  0.42797182  0.21698494  0.18849676  0.21698494  0.24659860  0.22672676  0.25673560  0.27743032  0.04479000  0.06033508  0.00000000  0.09242700  0.08427431  0.27743032  0.20736809  0.21698494  0.39045246  0.44090747  0.36644373  0.44090747  0.41525558  0.41525558  0.42797182  0.48111012  0.49500481  0.44090747  0.40275145  
41_12_0    0.42797182  0.44090747  0.45407026  0.23659684  0.26701155  0.27743032  0.28799592  0.24659860  0.27743032  0.32061668  0.12595436  0.12595436  0.09242700  0.00000000  0.11743090  0.29871256  0.22672676  0.27743032  0.45407026  0.42797182  0.42797182  0.42797182  0.45407026  0.42797182  0.44090747  0.49500481  0.53830424  0.45407026  0.41525558  
23_12_0    0.39045246  0.44090747  0.45407026  0.24659860  0.21698494  0.22672676  0.25673560  0.23659684  0.24659860  0.26701155  0.08427431  0.11743090  0.08427431  0.11743090  0.00000000  0.27743032  0.22672676  0.23659684  0.41525558  0.44090747  0.39045246  0.41525558  0.41525558  0.44090747  0.48111012  0.53830424  0.52359147  0.49500481  0.45407026  
11_10_0    0.45407026  0.48111012  0.49500481  0.37835199  0.41525558  0.35472168  0.41525558  0.39045246  0.37835199  0.37835199  0.30958462  0.25673560  0.27743032  0.29871256  0.27743032  0.00000000  0.09242700  0.08427431  0.37835199  0.36644373  0.44090747  0.44090747  0.41525558  0.41525558  0.45407026  0.49500481  0.50916189  0.49500481  0.42797182  
27_10_0    0.49500481  0.48111012  0.49500481  0.26701155  0.34318009  0.30958462  0.32061668  0.29871256  0.33181350  0.30958462  0.23659684  0.22672676  0.20736809  0.22672676  0.22672676  0.09242700  0.00000000  0.06823019  0.40275145  0.39045246  0.40275145  0.44090747  0.41525558  0.41525558  0.42797182  0.46746829  0.50916189  0.44090747  0.40275145  
41_10_0    0.45407026  0.42797182  0.44090747  0.30958462  0.34318009  0.33181350  0.36644373  0.34318009  0.35472168  0.35472168  0.23659684  0.23659684  0.21698494  0.27743032  0.23659684  0.08427431  0.06823019  0.00000000  0.33181350  0.39045246  0.36644373  0.44090747  0.39045246  0.39045246  0.40275145  0.44090747  0.44090747  0.41525558  0.40275145  
41_16_0    0.55331155  0.58425865  0.60022484  0.35472168  0.35472168  0.37835199  0.40275145  0.39045246  0.39045246  0.36644373  0.41525558  0.39045246  0.39045246  0.45407026  0.41525558  0.37835199  0.40275145  0.33181350  0.00000000  0.07620933  0.09242700  0.09242700  0.06033508  0.07620933  0.13457584  0.17008882  0.16105162  0.17008882  0.14329762  
41_13_0    0.55331155  0.65027098  0.66772403  0.35472168  0.37835199  0.35472168  0.37835199  0.34318009  0.36644373  0.36644373  0.44090747  0.39045246  0.44090747  0.42797182  0.44090747  0.36644373  0.39045246  0.39045246  0.07620933  0.00000000  0.14329762  0.09242700  0.07620933  0.07620933  0.11743090  0.17008882  0.14329762  0.15212206  0.10900327  
27_13_0    0.56862542  0.48111012  0.49500481  0.30958462  0.30958462  0.33181350  0.35472168  0.36644373  0.36644373  0.36644373  0.36644373  0.34318009  0.36644373  0.42797182  0.39045246  0.44090747  0.40275145  0.36644373  0.09242700  0.14329762  0.00000000  0.09242700  0.09242700  0.10900327  0.17008882  0.18849676  0.17923629  0.17008882  0.17923629  
11_13_0    0.55331155  0.58425865  0.58425865  0.35472168  0.35472168  0.37835199  0.37835199  0.36644373  0.36644373  0.37835199  0.39045246  0.37835199  0.44090747  0.42797182  0.41525558  0.44090747  0.44090747  0.44090747  0.09242700  0.09242700  0.09242700  0.00000000  0.02956073  0.06033508  0.11743090  0.15212206  0.14329762  0.14329762  0.12595436  
64_13_0    0.55331155  0.58425865  0.58425865  0.37835199  0.35472168  0.37835199  0.40275145  0.39045246  0.39045246  0.35472168  0.41525558  0.35472168  0.41525558  0.45407026  0.41525558  0.41525558  0.41525558  0.39045246  0.06033508  0.07620933  0.09242700  0.02956073  0.00000000  0.06033508  0.11743090  0.15212206  0.12595436  0.14329762  0.12595436  
23_13_0    0.52359147  0.58425865  0.60022484  0.33181350  0.35472168  0.35472168  0.37835199  0.36644373  0.36644373  0.36644373  0.44090747  0.41525558  0.41525558  0.42797182  0.44090747  0.41525558  0.41525558  0.39045246  0.07620933  0.07620933  0.10900327  0.06033508  0.06033508  0.00000000  0.06823019  0.11743090  0.12595436  0.10066932  0.07620933  
64_14_0    0.60022484  0.63321501  0.65027098  0.32061668  0.36644373  0.36644373  0.36644373  0.35472168  0.35472168  0.35472168  0.48111012  0.45407026  0.42797182  0.44090747  0.48111012  0.45407026  0.42797182  0.40275145  0.13457584  0.11743090  0.17008882  0.11743090  0.11743090  0.06823019  0.00000000  0.04479000  0.06823019  0.04479000  0.02206055  
11_14_0    0.61653847  0.58425865  0.60022484  0.39045246  0.44090747  0.41525558  0.44090747  0.40275145  0.42797182  0.41525558  0.53830424  0.50916189  0.48111012  0.49500481  0.53830424  0.49500481  0.46746829  0.44090747  0.17008882  0.17008882  0.18849676  0.15212206  0.15212206  0.11743090  0.04479000  0.00000000  0.10066932  0.07620933  0.06823019  
41_14_0    0.61653847  0.58425865  0.60022484  0.36644373  0.37835199  0.37835199  0.40275145  0.39045246  0.37835199  0.36644373  0.49500481  0.46746829  0.49500481  0.53830424  0.52359147  0.50916189  0.50916189  0.44090747  0.16105162  0.14329762  0.17923629  0.14329762  0.12595436  0.12595436  0.06823019  0.10066932  0.00000000  0.06823019  0.07620933  
27_14_0    0.63321501  0.58425865  0.60022484  0.33181350  0.39045246  0.36644373  0.39045246  0.37835199  0.37835199  0.39045246  0.46746829  0.46746829  0.44090747  0.45407026  0.49500481  0.49500481  0.44090747  0.41525558  0.17008882  0.15212206  0.17008882  0.14329762  0.14329762  0.10066932  0.04479000  0.07620933  0.06823019  0.00000000  0.05252225  
23_14_0    0.56862542  0.63321501  0.65027098  0.29871256  0.36644373  0.34318009  0.34318009  0.33181350  0.33181350  0.33181350  0.45407026  0.42797182  0.40275145  0.41525558  0.45407026  0.42797182  0.40275145  0.40275145  0.14329762  0.10900327  0.17923629  0.12595436  0.12595436  0.07620933  0.02206055  0.06823019  0.07620933  0.05252225  0.00000000  

