48
3_0_0      0.00000000  0.00773378  0.00773378  0.00773378  0.05597071  0.09002727  0.04770296  0.10768069  0.08136060  0.08136060  0.09002727  0.09879976  0.17312503  0.17312503  0.38834362  0.24513335  0.24513335  0.24513335  0.24513335  0.28977195  0.28977195  0.26710604  0.26710604  0.24513335  0.26710604  0.21338508  0.20310661  0.25603570  0.26710604  0.27834962  0.25603570  0.26710604  0.26710604  0.26710604  0.28977195  0.28977195  0.28977195  0.30137881  0.30137881  0.28977195  0.24513335  0.27834962  0.25603570  0.22381274  0.26710604  0.26710604  0.27834962  0.28977195  
52_0_0     0.00773378  0.00000000  0.01555172  0.01555172  0.06433471  0.09879976  0.05597071  0.11667276  0.09002727  0.09002727  0.09879976  0.10768069  0.18298053  0.18298053  0.40167319  0.25603570  0.25603570  0.25603570  0.25603570  0.30137881  0.30137881  0.27834962  0.27834962  0.25603570  0.27834962  0.22381274  0.21338508  0.26710604  0.27834962  0.28977195  0.26710604  0.27834962  0.27834962  0.27834962  0.30137881  0.30137881  0.30137881  0.31317625  0.31317625  0.30137881  0.23439396  0.26710604  0.24513335  0.21338508  0.27834962  0.27834962  0.28977195  0.30137881  
11_0_0     0.00773378  0.01555172  0.00000000  0.00000000  0.06433471  0.09879976  0.05597071  0.09879976  0.09002727  0.09002727  0.09879976  0.10768069  0.18298053  0.18298053  0.37525685  0.25603570  0.25603570  0.25603570  0.25603570  0.27834962  0.27834962  0.27834962  0.27834962  0.23439396  0.25603570  0.22381274  0.21338508  0.26710604  0.27834962  0.28977195  0.26710604  0.27834962  0.27834962  0.27834962  0.27834962  0.30137881  0.30137881  0.28977195  0.28977195  0.27834962  0.25603570  0.26710604  0.26710604  0.23439396  0.27834962  0.27834962  0.28977195  0.30137881  
5_0_0      0.00773378  0.01555172  0.00000000  0.00000000  0.06433471  0.09879976  0.05597071  0.09879976  0.09002727  0.09002727  0.09879976  0.10768069  0.18298053  0.18298053  0.37525685  0.25603570  0.25603570  0.25603570  0.25603570  0.27834962  0.27834962  0.27834962  0.27834962  0.23439396  0.25603570  0.22381274  0.21338508  0.26710604  0.27834962  0.28977195  0.26710604  0.27834962  0.27834962  0.27834962  0.27834962  0.30137881  0.30137881  0.28977195  0.28977195  0.27834962  0.25603570  0.26710604  0.26710604  0.23439396  0.27834962  0.27834962  0.28977195  0.30137881  
5_7_0      0.05597071  0.06433471  0.06433471  0.06433471  0.00000000  0.03144751  0.00773378  0.15381056  0.10768069  0.10768069  0.12577880  0.13500174  0.19297310  0.19297310  0.42909798  0.26710604  0.26710604  0.26710604  0.26710604  0.26710604  0.26710604  0.26710604  0.26710604  0.24513335  0.26710604  0.23439396  0.22381274  0.25603570  0.26710604  0.27834962  0.25603570  0.24513335  0.24513335  0.24513335  0.30137881  0.30137881  0.30137881  0.31317625  0.31317625  0.30137881  0.24513335  0.27834962  0.25603570  0.22381274  0.30137881  0.30137881  0.28977195  0.30137881  
11_7_0     0.09002727  0.09879976  0.09879976  0.09879976  0.03144751  0.00000000  0.03952927  0.15381056  0.12577880  0.12577880  0.12577880  0.13500174  0.19297310  0.19297310  0.40167319  0.28977195  0.28977195  0.28977195  0.28977195  0.28977195  0.28977195  0.26710604  0.26710604  0.26710604  0.28977195  0.25603570  0.24513335  0.27834962  0.28977195  0.30137881  0.27834962  0.26710604  0.26710604  0.26710604  0.30137881  0.30137881  0.30137881  0.31317625  0.31317625  0.30137881  0.26710604  0.30137881  0.27834962  0.24513335  0.31317625  0.31317625  0.30137881  0.31317625  
52_7_0     0.04770296  0.05597071  0.05597071  0.05597071  0.00773378  0.03952927  0.00000000  0.14434460  0.09879976  0.09879976  0.11667276  0.12577880  0.20310661  0.20310661  0.41525474  0.25603570  0.25603570  0.25603570  0.25603570  0.25603570  0.25603570  0.25603570  0.25603570  0.25603570  0.27834962  0.22381274  0.21338508  0.24513335  0.25603570  0.26710604  0.24513335  0.25603570  0.25603570  0.25603570  0.30137881  0.30137881  0.30137881  0.31317625  0.31317625  0.30137881  0.23439396  0.26710604  0.24513335  0.21338508  0.28977195  0.28977195  0.27834962  0.28977195  
27_0_0     0.10768069  0.11667276  0.09879976  0.09879976  0.15381056  0.15381056  0.14434460  0.00000000  0.06433471  0.06433471  0.09002727  0.09879976  0.15381056  0.15381056  0.34977739  0.23439396  0.23439396  0.23439396  0.23439396  0.26710604  0.26710604  0.26710604  0.26710604  0.22381274  0.24513335  0.22381274  0.21338508  0.26710604  0.27834962  0.28977195  0.26710604  0.27834962  0.27834962  0.27834962  0.26710604  0.28977195  0.28977195  0.27834962  0.27834962  0.26710604  0.26710604  0.27834962  0.27834962  0.25603570  0.28977195  0.28977195  0.27834962  0.31317625  
39_0_0     0.08136060  0.09002727  0.09002727  0.09002727  0.10768069  0.12577880  0.09879976  0.06433471  0.00000000  0.00000000  0.07279722  0.08136060  0.13500174  0.13500174  0.40167319  0.24513335  0.24513335  0.24513335  0.24513335  0.28977195  0.28977195  0.24513335  0.24513335  0.24513335  0.26710604  0.23439396  0.22381274  0.27834962  0.28977195  0.30137881  0.27834962  0.28977195  0.28977195  0.28977195  0.27834962  0.27834962  0.27834962  0.28977195  0.28977195  0.27834962  0.24513335  0.27834962  0.25603570  0.24513335  0.26710604  0.26710604  0.27834962  0.28977195  
13_0_0     0.08136060  0.09002727  0.09002727  0.09002727  0.10768069  0.12577880  0.09879976  0.06433471  0.00000000  0.00000000  0.07279722  0.08136060  0.13500174  0.13500174  0.40167319  0.24513335  0.24513335  0.24513335  0.24513335  0.28977195  0.28977195  0.24513335  0.24513335  0.24513335  0.26710604  0.23439396  0.22381274  0.27834962  0.28977195  0.30137881  0.27834962  0.28977195  0.28977195  0.28977195  0.27834962  0.27834962  0.27834962  0.28977195  0.28977195  0.27834962  0.24513335  0.27834962  0.25603570  0.24513335  0.26710604  0.26710604  0.27834962  0.28977195  
24_0_0     0.09002727  0.09879976  0.09879976  0.09879976  0.12577880  0.12577880  0.11667276  0.09002727  0.07279722  0.07279722  0.00000000  0.00773378  0.07279722  0.07279722  0.34977739  0.23439396  0.23439396  0.23439396  0.23439396  0.27834962  0.27834962  0.25603570  0.25603570  0.23439396  0.25603570  0.22381274  0.21338508  0.26710604  0.27834962  0.28977195  0.26710604  0.27834962  0.27834962  0.27834962  0.26710604  0.26710604  0.26710604  0.27834962  0.27834962  0.26710604  0.23439396  0.26710604  0.24513335  0.23439396  0.23439396  0.23439396  0.26710604  0.27834962  
50_0_0     0.09879976  0.10768069  0.10768069  0.10768069  0.13500174  0.13500174  0.12577880  0.09879976  0.08136060  0.08136060  0.00773378  0.00000000  0.08136060  0.08136060  0.33736869  0.24513335  0.24513335  0.24513335  0.24513335  0.28977195  0.28977195  0.26710604  0.26710604  0.24513335  0.26710604  0.23439396  0.22381274  0.27834962  0.28977195  0.30137881  0.27834962  0.28977195  0.28977195  0.28977195  0.27834962  0.27834962  0.27834962  0.28977195  0.28977195  0.27834962  0.24513335  0.27834962  0.25603570  0.24513335  0.22381274  0.22381274  0.27834962  0.26710604  
44_0_0     0.17312503  0.18298053  0.18298053  0.18298053  0.19297310  0.19297310  0.20310661  0.15381056  0.13500174  0.13500174  0.07279722  0.08136060  0.00000000  0.00000000  0.36240418  0.22381274  0.22381274  0.22381274  0.22381274  0.28977195  0.28977195  0.26710604  0.26710604  0.23439396  0.25603570  0.23439396  0.22381274  0.27834962  0.28977195  0.30137881  0.27834962  0.26710604  0.26710604  0.26710604  0.26710604  0.26710604  0.26710604  0.27834962  0.27834962  0.26710604  0.25603570  0.26710604  0.26710604  0.25603570  0.24513335  0.24513335  0.27834962  0.28977195  
36_0_0     0.17312503  0.18298053  0.18298053  0.18298053  0.19297310  0.19297310  0.20310661  0.15381056  0.13500174  0.13500174  0.07279722  0.08136060  0.00000000  0.00000000  0.36240418  0.22381274  0.22381274  0.22381274  0.22381274  0.28977195  0.28977195  0.26710604  0.26710604  0.23439396  0.25603570  0.23439396  0.22381274  0.27834962  0.28977195  0.30137881  0.27834962  0.26710604  0.26710604  0.26710604  0.26710604  0.26710604  0.26710604  0.27834962  0.27834962  0.26710604  0.25603570  0.26710604  0.26710604  0.25603570  0.24513335  0.24513335  0.27834962  0.28977195  
51_1_0     0.38834362  0.40167319  0.37525685  0.37525685  0.42909798  0.40167319  0.41525474  0.34977739  0.40167319  0.40167319  0.34977739  0.33736869  0.36240418  0.36240418  0.00000000  0.34977739  0.34977739  0.34977739  0.34977739  0.34977739  0.34977739  0.37525685  0.37525685  0.30137881  0.32517065  0.33736869  0.32517065  0.34977739  0.36240418  0.34977739  0.34977739  0.36240418  0.36240418  0.36240418  0.36240418  0.38834362  0.38834362  0.34977739  0.36240418  0.36240418  0.32517065  0.33736869  0.33736869  0.34977739  0.28977195  0.28977195  0.30137881  0.31317625  
44_3_0     0.24513335  0.25603570  0.25603570  0.25603570  0.26710604  0.28977195  0.25603570  0.23439396  0.24513335  0.24513335  0.23439396  0.24513335  0.22381274  0.22381274  0.34977739  0.00000000  0.00000000  0.00000000  0.00000000  0.08136060  0.08136060  0.06433471  0.06433471  0.15381056  0.15381056  0.02345566  0.03144751  0.05597071  0.06433471  0.07279722  0.05597071  0.06433471  0.06433471  0.06433471  0.11667276  0.11667276  0.11667276  0.12577880  0.12577880  0.11667276  0.11667276  0.14434460  0.12577880  0.09879976  0.10768069  0.10768069  0.11667276  0.14434460  
36_3_0     0.24513335  0.25603570  0.25603570  0.25603570  0.26710604  0.28977195  0.25603570  0.23439396  0.24513335  0.24513335  0.23439396  0.24513335  0.22381274  0.22381274  0.34977739  0.00000000  0.00000000  0.00000000  0.00000000  0.08136060  0.08136060  0.06433471  0.06433471  0.15381056  0.15381056  0.02345566  0.03144751  0.05597071  0.06433471  0.07279722  0.05597071  0.06433471  0.06433471  0.06433471  0.11667276  0.11667276  0.11667276  0.12577880  0.12577880  0.11667276  0.11667276  0.14434460  0.12577880  0.09879976  0.10768069  0.10768069  0.11667276  0.14434460  
50_3_0     0.24513335  0.25603570  0.25603570  0.25603570  0.26710604  0.28977195  0.25603570  0.23439396  0.24513335  0.24513335  0.23439396  0.24513335  0.22381274  0.22381274  0.34977739  0.00000000  0.00000000  0.00000000  0.00000000  0.08136060  0.08136060  0.06433471  0.06433471  0.15381056  0.15381056  0.02345566  0.03144751  0.05597071  0.06433471  0.07279722  0.05597071  0.06433471  0.06433471  0.06433471  0.11667276  0.11667276  0.11667276  0.12577880  0.12577880  0.11667276  0.11667276  0.14434460  0.12577880  0.09879976  0.10768069  0.10768069  0.11667276  0.14434460  
24_3_0     0.24513335  0.25603570  0.25603570  0.25603570  0.26710604  0.28977195  0.25603570  0.23439396  0.24513335  0.24513335  0.23439396  0.24513335  0.22381274  0.22381274  0.34977739  0.00000000  0.00000000  0.00000000  0.00000000  0.08136060  0.08136060  0.06433471  0.06433471  0.15381056  0.15381056  0.02345566  0.03144751  0.05597071  0.06433471  0.07279722  0.05597071  0.06433471  0.06433471  0.06433471  0.11667276  0.11667276  0.11667276  0.12577880  0.12577880  0.11667276  0.11667276  0.14434460  0.12577880  0.09879976  0.10768069  0.10768069  0.11667276  0.14434460  
50_5_0     0.28977195  0.30137881  0.27834962  0.27834962  0.26710604  0.28977195  0.25603570  0.26710604  0.28977195  0.28977195  0.27834962  0.28977195  0.28977195  0.28977195  0.34977739  0.08136060  0.08136060  0.08136060  0.08136060  0.00000000  0.00000000  0.03144751  0.03144751  0.15381056  0.15381056  0.05597071  0.06433471  0.07279722  0.06433471  0.07279722  0.07279722  0.08136060  0.08136060  0.08136060  0.10768069  0.12577880  0.12577880  0.11667276  0.11667276  0.10768069  0.13500174  0.14434460  0.14434460  0.13500174  0.18298053  0.18298053  0.15381056  0.18298053  
24_5_0     0.28977195  0.30137881  0.27834962  0.27834962  0.26710604  0.28977195  0.25603570  0.26710604  0.28977195  0.28977195  0.27834962  0.28977195  0.28977195  0.28977195  0.34977739  0.08136060  0.08136060  0.08136060  0.08136060  0.00000000  0.00000000  0.03144751  0.03144751  0.15381056  0.15381056  0.05597071  0.06433471  0.07279722  0.06433471  0.07279722  0.07279722  0.08136060  0.08136060  0.08136060  0.10768069  0.12577880  0.12577880  0.11667276  0.11667276  0.10768069  0.13500174  0.14434460  0.14434460  0.13500174  0.18298053  0.18298053  0.15381056  0.18298053  
24_4_0     0.26710604  0.27834962  0.27834962  0.27834962  0.26710604  0.26710604  0.25603570  0.26710604  0.24513335  0.24513335  0.25603570  0.26710604  0.26710604  0.26710604  0.37525685  0.06433471  0.06433471  0.06433471  0.06433471  0.03144751  0.03144751  0.00000000  0.00000000  0.15381056  0.15381056  0.03952927  0.04770296  0.07279722  0.06433471  0.07279722  0.07279722  0.08136060  0.08136060  0.08136060  0.12577880  0.12577880  0.12577880  0.13500174  0.13500174  0.12577880  0.11667276  0.14434460  0.12577880  0.11667276  0.15381056  0.15381056  0.14434460  0.17312503  
50_4_0     0.26710604  0.27834962  0.27834962  0.27834962  0.26710604  0.26710604  0.25603570  0.26710604  0.24513335  0.24513335  0.25603570  0.26710604  0.26710604  0.26710604  0.37525685  0.06433471  0.06433471  0.06433471  0.06433471  0.03144751  0.03144751  0.00000000  0.00000000  0.15381056  0.15381056  0.03952927  0.04770296  0.07279722  0.06433471  0.07279722  0.07279722  0.08136060  0.08136060  0.08136060  0.12577880  0.12577880  0.12577880  0.13500174  0.13500174  0.12577880  0.11667276  0.14434460  0.12577880  0.11667276  0.15381056  0.15381056  0.14434460  0.17312503  
36_4_0     0.24513335  0.25603570  0.23439396  0.23439396  0.24513335  0.26710604  0.25603570  0.22381274  0.24513335  0.24513335  0.23439396  0.24513335  0.23439396  0.23439396  0.30137881  0.15381056  0.15381056  0.15381056  0.15381056  0.15381056  0.15381056  0.15381056  0.15381056  0.00000000  0.01555172  0.12577880  0.11667276  0.14434460  0.15381056  0.16340290  0.14434460  0.11667276  0.11667276  0.11667276  0.18298053  0.18298053  0.18298053  0.17312503  0.19297310  0.18298053  0.21338508  0.21338508  0.22381274  0.21338508  0.18298053  0.18298053  0.19297310  0.22381274  
44_4_0     0.26710604  0.27834962  0.25603570  0.25603570  0.26710604  0.28977195  0.27834962  0.24513335  0.26710604  0.26710604  0.25603570  0.26710604  0.25603570  0.25603570  0.32517065  0.15381056  0.15381056  0.15381056  0.15381056  0.15381056  0.15381056  0.15381056  0.15381056  0.01555172  0.00000000  0.12577880  0.13500174  0.14434460  0.15381056  0.16340290  0.14434460  0.11667276  0.11667276  0.11667276  0.20310661  0.20310661  0.20310661  0.19297310  0.21338508  0.20310661  0.21338508  0.21338508  0.22381274  0.21338508  0.20310661  0.20310661  0.21338508  0.24513335  
8_4_0      0.21338508  0.22381274  0.22381274  0.22381274  0.23439396  0.25603570  0.22381274  0.22381274  0.23439396  0.23439396  0.22381274  0.23439396  0.23439396  0.23439396  0.33736869  0.02345566  0.02345566  0.02345566  0.02345566  0.05597071  0.05597071  0.03952927  0.03952927  0.12577880  0.12577880  0.00000000  0.00773378  0.03144751  0.03952927  0.04770296  0.03144751  0.03952927  0.03952927  0.03952927  0.10768069  0.10768069  0.10768069  0.11667276  0.11667276  0.10768069  0.10768069  0.13500174  0.11667276  0.09002727  0.11667276  0.11667276  0.10768069  0.13500174  
54_4_0     0.20310661  0.21338508  0.21338508  0.21338508  0.22381274  0.24513335  0.21338508  0.21338508  0.22381274  0.22381274  0.21338508  0.22381274  0.22381274  0.22381274  0.32517065  0.03144751  0.03144751  0.03144751  0.03144751  0.06433471  0.06433471  0.04770296  0.04770296  0.11667276  0.13500174  0.00773378  0.00000000  0.03952927  0.04770296  0.05597071  0.03952927  0.04770296  0.04770296  0.04770296  0.09879976  0.09879976  0.09879976  0.10768069  0.10768069  0.09879976  0.11667276  0.14434460  0.12577880  0.09879976  0.10768069  0.10768069  0.09879976  0.12577880  
3_3_0      0.25603570  0.26710604  0.26710604  0.26710604  0.25603570  0.27834962  0.24513335  0.26710604  0.27834962  0.27834962  0.26710604  0.27834962  0.27834962  0.27834962  0.34977739  0.05597071  0.05597071  0.05597071  0.05597071  0.07279722  0.07279722  0.07279722  0.07279722  0.14434460  0.14434460  0.03144751  0.03952927  0.00000000  0.00773378  0.01555172  0.00000000  0.02345566  0.02345566  0.02345566  0.10768069  0.09002727  0.09002727  0.11667276  0.11667276  0.10768069  0.12577880  0.15381056  0.13500174  0.10768069  0.13500174  0.13500174  0.10768069  0.13500174  
5_3_0      0.26710604  0.27834962  0.27834962  0.27834962  0.26710604  0.28977195  0.25603570  0.27834962  0.28977195  0.28977195  0.27834962  0.28977195  0.28977195  0.28977195  0.36240418  0.06433471  0.06433471  0.06433471  0.06433471  0.06433471  0.06433471  0.06433471  0.06433471  0.15381056  0.15381056  0.03952927  0.04770296  0.00773378  0.00000000  0.00773378  0.00773378  0.03144751  0.03144751  0.03144751  0.11667276  0.09879976  0.09879976  0.12577880  0.12577880  0.11667276  0.13500174  0.16340290  0.14434460  0.11667276  0.14434460  0.14434460  0.11667276  0.14434460  
11_3_0     0.27834962  0.28977195  0.28977195  0.28977195  0.27834962  0.30137881  0.26710604  0.28977195  0.30137881  0.30137881  0.28977195  0.30137881  0.30137881  0.30137881  0.34977739  0.07279722  0.07279722  0.07279722  0.07279722  0.07279722  0.07279722  0.07279722  0.07279722  0.16340290  0.16340290  0.04770296  0.05597071  0.01555172  0.00773378  0.00000000  0.01555172  0.03952927  0.03952927  0.03952927  0.12577880  0.10768069  0.10768069  0.13500174  0.12577880  0.12577880  0.14434460  0.17312503  0.15381056  0.12577880  0.15381056  0.15381056  0.12577880  0.15381056  
52_3_0     0.25603570  0.26710604  0.26710604  0.26710604  0.25603570  0.27834962  0.24513335  0.26710604  0.27834962  0.27834962  0.26710604  0.27834962  0.27834962  0.27834962  0.34977739  0.05597071  0.05597071  0.05597071  0.05597071  0.07279722  0.07279722  0.07279722  0.07279722  0.14434460  0.14434460  0.03144751  0.03952927  0.00000000  0.00773378  0.01555172  0.00000000  0.02345566  0.02345566  0.02345566  0.10768069  0.09002727  0.09002727  0.11667276  0.11667276  0.10768069  0.12577880  0.15381056  0.13500174  0.10768069  0.13500174  0.13500174  0.10768069  0.13500174  
27_3_0     0.26710604  0.27834962  0.27834962  0.27834962  0.24513335  0.26710604  0.25603570  0.27834962  0.28977195  0.28977195  0.27834962  0.28977195  0.26710604  0.26710604  0.36240418  0.06433471  0.06433471  0.06433471  0.06433471  0.08136060  0.08136060  0.08136060  0.08136060  0.11667276  0.11667276  0.03952927  0.04770296  0.02345566  0.03144751  0.03952927  0.02345566  0.00000000  0.00000000  0.00000000  0.10768069  0.09002727  0.09002727  0.09879976  0.11667276  0.10768069  0.13500174  0.16340290  0.14434460  0.11667276  0.12577880  0.12577880  0.11667276  0.14434460  
39_3_0     0.26710604  0.27834962  0.27834962  0.27834962  0.24513335  0.26710604  0.25603570  0.27834962  0.28977195  0.28977195  0.27834962  0.28977195  0.26710604  0.26710604  0.36240418  0.06433471  0.06433471  0.06433471  0.06433471  0.08136060  0.08136060  0.08136060  0.08136060  0.11667276  0.11667276  0.03952927  0.04770296  0.02345566  0.03144751  0.03952927  0.02345566  0.00000000  0.00000000  0.00000000  0.10768069  0.09002727  0.09002727  0.09879976  0.11667276  0.10768069  0.13500174  0.16340290  0.14434460  0.11667276  0.12577880  0.12577880  0.11667276  0.14434460  
13_3_0     0.26710604  0.27834962  0.27834962  0.27834962  0.24513335  0.26710604  0.25603570  0.27834962  0.28977195  0.28977195  0.27834962  0.28977195  0.26710604  0.26710604  0.36240418  0.06433471  0.06433471  0.06433471  0.06433471  0.08136060  0.08136060  0.08136060  0.08136060  0.11667276  0.11667276  0.03952927  0.04770296  0.02345566  0.03144751  0.03952927  0.02345566  0.00000000  0.00000000  0.00000000  0.10768069  0.09002727  0.09002727  0.09879976  0.11667276  0.10768069  0.13500174  0.16340290  0.14434460  0.11667276  0.12577880  0.12577880  0.11667276  0.14434460  
27_6_0     0.28977195  0.30137881  0.27834962  0.27834962  0.30137881  0.30137881  0.30137881  0.26710604  0.27834962  0.27834962  0.26710604  0.27834962  0.26710604  0.26710604  0.36240418  0.11667276  0.11667276  0.11667276  0.11667276  0.10768069  0.10768069  0.12577880  0.12577880  0.18298053  0.20310661  0.10768069  0.09879976  0.10768069  0.11667276  0.12577880  0.10768069  0.10768069  0.10768069  0.10768069  0.00000000  0.01555172  0.01555172  0.00773378  0.00773378  0.00000000  0.16340290  0.17312503  0.17312503  0.15381056  0.16340290  0.16340290  0.13500174  0.15381056  
13_6_0     0.28977195  0.30137881  0.30137881  0.30137881  0.30137881  0.30137881  0.30137881  0.28977195  0.27834962  0.27834962  0.26710604  0.27834962  0.26710604  0.26710604  0.38834362  0.11667276  0.11667276  0.11667276  0.11667276  0.12577880  0.12577880  0.12577880  0.12577880  0.18298053  0.20310661  0.10768069  0.09879976  0.09002727  0.09879976  0.10768069  0.09002727  0.09002727  0.09002727  0.09002727  0.01555172  0.00000000  0.00000000  0.02345566  0.02345566  0.01555172  0.16340290  0.19297310  0.17312503  0.15381056  0.16340290  0.16340290  0.13500174  0.15381056  
39_6_0     0.28977195  0.30137881  0.30137881  0.30137881  0.30137881  0.30137881  0.30137881  0.28977195  0.27834962  0.27834962  0.26710604  0.27834962  0.26710604  0.26710604  0.38834362  0.11667276  0.11667276  0.11667276  0.11667276  0.12577880  0.12577880  0.12577880  0.12577880  0.18298053  0.20310661  0.10768069  0.09879976  0.09002727  0.09879976  0.10768069  0.09002727  0.09002727  0.09002727  0.09002727  0.01555172  0.00000000  0.00000000  0.02345566  0.02345566  0.01555172  0.16340290  0.19297310  0.17312503  0.15381056  0.16340290  0.16340290  0.13500174  0.15381056  
27_1_0     0.30137881  0.31317625  0.28977195  0.28977195  0.31317625  0.31317625  0.31317625  0.27834962  0.28977195  0.28977195  0.27834962  0.28977195  0.27834962  0.27834962  0.34977739  0.12577880  0.12577880  0.12577880  0.12577880  0.11667276  0.11667276  0.13500174  0.13500174  0.17312503  0.19297310  0.11667276  0.10768069  0.11667276  0.12577880  0.13500174  0.11667276  0.09879976  0.09879976  0.09879976  0.00773378  0.02345566  0.02345566  0.00000000  0.01555172  0.00773378  0.17312503  0.18298053  0.18298053  0.16340290  0.15381056  0.15381056  0.14434460  0.16340290  
39_1_0     0.30137881  0.31317625  0.28977195  0.28977195  0.31317625  0.31317625  0.31317625  0.27834962  0.28977195  0.28977195  0.27834962  0.28977195  0.27834962  0.27834962  0.36240418  0.12577880  0.12577880  0.12577880  0.12577880  0.11667276  0.11667276  0.13500174  0.13500174  0.19297310  0.21338508  0.11667276  0.10768069  0.11667276  0.12577880  0.12577880  0.11667276  0.11667276  0.11667276  0.11667276  0.00773378  0.02345566  0.02345566  0.01555172  0.00000000  0.00773378  0.17312503  0.18298053  0.18298053  0.16340290  0.17312503  0.17312503  0.14434460  0.16340290  
13_1_0     0.28977195  0.30137881  0.27834962  0.27834962  0.30137881  0.30137881  0.30137881  0.26710604  0.27834962  0.27834962  0.26710604  0.27834962  0.26710604  0.26710604  0.36240418  0.11667276  0.11667276  0.11667276  0.11667276  0.10768069  0.10768069  0.12577880  0.12577880  0.18298053  0.20310661  0.10768069  0.09879976  0.10768069  0.11667276  0.12577880  0.10768069  0.10768069  0.10768069  0.10768069  0.00000000  0.01555172  0.01555172  0.00773378  0.00773378  0.00000000  0.16340290  0.17312503  0.17312503  0.15381056  0.16340290  0.16340290  0.13500174  0.15381056  
52_1_0     0.24513335  0.23439396  0.25603570  0.25603570  0.24513335  0.26710604  0.23439396  0.26710604  0.24513335  0.24513335  0.23439396  0.24513335  0.25603570  0.25603570  0.32517065  0.11667276  0.11667276  0.11667276  0.11667276  0.13500174  0.13500174  0.11667276  0.11667276  0.21338508  0.21338508  0.10768069  0.11667276  0.12577880  0.13500174  0.14434460  0.12577880  0.13500174  0.13500174  0.13500174  0.16340290  0.16340290  0.16340290  0.17312503  0.17312503  0.16340290  0.00000000  0.02345566  0.00773378  0.01555172  0.14434460  0.14434460  0.14434460  0.15381056  
11_1_0     0.27834962  0.26710604  0.26710604  0.26710604  0.27834962  0.30137881  0.26710604  0.27834962  0.27834962  0.27834962  0.26710604  0.27834962  0.26710604  0.26710604  0.33736869  0.14434460  0.14434460  0.14434460  0.14434460  0.14434460  0.14434460  0.14434460  0.14434460  0.21338508  0.21338508  0.13500174  0.14434460  0.15381056  0.16340290  0.17312503  0.15381056  0.16340290  0.16340290  0.16340290  0.17312503  0.19297310  0.19297310  0.18298053  0.18298053  0.17312503  0.02345566  0.00000000  0.01555172  0.03952927  0.17312503  0.17312503  0.17312503  0.18298053  
5_1_0      0.25603570  0.24513335  0.26710604  0.26710604  0.25603570  0.27834962  0.24513335  0.27834962  0.25603570  0.25603570  0.24513335  0.25603570  0.26710604  0.26710604  0.33736869  0.12577880  0.12577880  0.12577880  0.12577880  0.14434460  0.14434460  0.12577880  0.12577880  0.22381274  0.22381274  0.11667276  0.12577880  0.13500174  0.14434460  0.15381056  0.13500174  0.14434460  0.14434460  0.14434460  0.17312503  0.17312503  0.17312503  0.18298053  0.18298053  0.17312503  0.00773378  0.01555172  0.00000000  0.02345566  0.15381056  0.15381056  0.15381056  0.16340290  
3_1_0      0.22381274  0.21338508  0.23439396  0.23439396  0.22381274  0.24513335  0.21338508  0.25603570  0.24513335  0.24513335  0.23439396  0.24513335  0.25603570  0.25603570  0.34977739  0.09879976  0.09879976  0.09879976  0.09879976  0.13500174  0.13500174  0.11667276  0.11667276  0.21338508  0.21338508  0.09002727  0.09879976  0.10768069  0.11667276  0.12577880  0.10768069  0.11667276  0.11667276  0.11667276  0.15381056  0.15381056  0.15381056  0.16340290  0.16340290  0.15381056  0.01555172  0.03952927  0.02345566  0.00000000  0.14434460  0.14434460  0.14434460  0.15381056  
44_1_0     0.26710604  0.27834962  0.27834962  0.27834962  0.30137881  0.31317625  0.28977195  0.28977195  0.26710604  0.26710604  0.23439396  0.22381274  0.24513335  0.24513335  0.28977195  0.10768069  0.10768069  0.10768069  0.10768069  0.18298053  0.18298053  0.15381056  0.15381056  0.18298053  0.20310661  0.11667276  0.10768069  0.13500174  0.14434460  0.15381056  0.13500174  0.12577880  0.12577880  0.12577880  0.16340290  0.16340290  0.16340290  0.15381056  0.17312503  0.16340290  0.14434460  0.17312503  0.15381056  0.14434460  0.00000000  0.00000000  0.07279722  0.06433471  
36_1_0     0.26710604  0.27834962  0.27834962  0.27834962  0.30137881  0.31317625  0.28977195  0.28977195  0.26710604  0.26710604  0.23439396  0.22381274  0.24513335  0.24513335  0.28977195  0.10768069  0.10768069  0.10768069  0.10768069  0.18298053  0.18298053  0.15381056  0.15381056  0.18298053  0.20310661  0.11667276  0.10768069  0.13500174  0.14434460  0.15381056  0.13500174  0.12577880  0.12577880  0.12577880  0.16340290  0.16340290  0.16340290  0.15381056  0.17312503  0.16340290  0.14434460  0.17312503  0.15381056  0.14434460  0.00000000  0.00000000  0.07279722  0.06433471  
8_1_0      0.27834962  0.28977195  0.28977195  0.28977195  0.28977195  0.30137881  0.27834962  0.27834962  0.27834962  0.27834962  0.26710604  0.27834962  0.27834962  0.27834962  0.30137881  0.11667276  0.11667276  0.11667276  0.11667276  0.15381056  0.15381056  0.14434460  0.14434460  0.19297310  0.21338508  0.10768069  0.09879976  0.10768069  0.11667276  0.12577880  0.10768069  0.11667276  0.11667276  0.11667276  0.13500174  0.13500174  0.13500174  0.14434460  0.14434460  0.13500174  0.14434460  0.17312503  0.15381056  0.14434460  0.07279722  0.07279722  0.00000000  0.02345566  
54_1_0     0.28977195  0.30137881  0.30137881  0.30137881  0.30137881  0.31317625  0.28977195  0.31317625  0.28977195  0.28977195  0.27834962  0.26710604  0.28977195  0.28977195  0.31317625  0.14434460  0.14434460  0.14434460  0.14434460  0.18298053  0.18298053  0.17312503  0.17312503  0.22381274  0.24513335  0.13500174  0.12577880  0.13500174  0.14434460  0.15381056  0.13500174  0.14434460  0.14434460  0.14434460  0.15381056  0.15381056  0.15381056  0.16340290  0.16340290  0.15381056  0.15381056  0.18298053  0.16340290  0.15381056  0.06433471  0.06433471  0.02345566  0.00000000  

