49
37_0_0     0.00000000  0.00627628  0.00627628  0.01898922  0.05175118  0.40471763  0.49600647  0.53333539  0.52068410  0.48396665  0.47211773  0.39405241  0.40471763  0.38353725  0.39405241  0.39405241  0.39405241  0.37316800  0.37316800  0.40471763  0.37316800  0.39405241  0.37316800  0.36294065  0.34289650  0.37316800  0.34289650  0.34289650  0.34289650  0.37316800  0.37316800  0.34289650  0.37316800  0.37316800  0.37316800  0.39405241  0.39405241  0.36294065  0.38353725  0.37316800  0.36294065  0.35285138  0.34289650  0.39405241  0.39405241  0.39405241  0.39405241  0.39405241  0.40471763  
68_0_0     0.00627628  0.00000000  0.00000000  0.01260572  0.04508288  0.39405241  0.48396665  0.54620453  0.53333539  0.49600647  0.48396665  0.38353725  0.39405241  0.37316800  0.38353725  0.38353725  0.38353725  0.36294065  0.36294065  0.39405241  0.36294065  0.38353725  0.38353725  0.37316800  0.35285138  0.38353725  0.35285138  0.35285138  0.35285138  0.38353725  0.36294065  0.33307249  0.36294065  0.36294065  0.36294065  0.38353725  0.38353725  0.35285138  0.37316800  0.36294065  0.35285138  0.34289650  0.33307249  0.38353725  0.38353725  0.38353725  0.38353725  0.38353725  0.39405241  
88_0_0     0.00627628  0.00000000  0.00000000  0.01260572  0.04508288  0.39405241  0.48396665  0.54620453  0.53333539  0.49600647  0.48396665  0.38353725  0.39405241  0.37316800  0.38353725  0.38353725  0.38353725  0.36294065  0.36294065  0.39405241  0.36294065  0.38353725  0.38353725  0.37316800  0.35285138  0.38353725  0.35285138  0.35285138  0.35285138  0.38353725  0.36294065  0.33307249  0.36294065  0.36294065  0.36294065  0.38353725  0.38353725  0.35285138  0.37316800  0.36294065  0.35285138  0.34289650  0.33307249  0.38353725  0.38353725  0.38353725  0.38353725  0.38353725  0.39405241  
51_0_0     0.01898922  0.01260572  0.01260572  0.00000000  0.05847951  0.37316800  0.49600647  0.55929917  0.54620453  0.50824343  0.46045375  0.36294065  0.37316800  0.35285138  0.36294065  0.36294065  0.36294065  0.34289650  0.34289650  0.37316800  0.34289650  0.36294065  0.36294065  0.35285138  0.33307249  0.36294065  0.33307249  0.33307249  0.33307249  0.38353725  0.36294065  0.33307249  0.34289650  0.34289650  0.36294065  0.38353725  0.38353725  0.35285138  0.35285138  0.36294065  0.35285138  0.34289650  0.33307249  0.38353725  0.36294065  0.38353725  0.38353725  0.38353725  0.39405241  
80_0_0     0.05175118  0.04508288  0.04508288  0.05847951  0.00000000  0.35285138  0.44896901  0.53333539  0.52068410  0.47211773  0.43765810  0.36294065  0.37316800  0.37316800  0.36294065  0.36294065  0.36294065  0.38353725  0.38353725  0.37316800  0.34289650  0.34289650  0.36294065  0.35285138  0.33307249  0.36294065  0.35285138  0.35285138  0.33307249  0.36294065  0.34289650  0.31380361  0.34289650  0.34289650  0.32337595  0.34289650  0.34289650  0.33307249  0.35285138  0.34289650  0.33307249  0.32337595  0.31380361  0.36294065  0.36294065  0.36294065  0.36294065  0.36294065  0.37316800  
66_0_0     0.40471763  0.39405241  0.39405241  0.37316800  0.35285138  0.00000000  0.22427411  0.24134247  0.25002509  0.18323455  0.21588392  0.07903579  0.08601549  0.10017353  0.07903579  0.07903579  0.07903579  0.09306098  0.10735442  0.14433184  0.09306098  0.18323455  0.25880978  0.26769896  0.23275956  0.25880978  0.23275956  0.23275956  0.25002509  0.25002509  0.21588392  0.20758688  0.21588392  0.19938095  0.19938095  0.19938095  0.19938095  0.19126415  0.18323455  0.19126415  0.19938095  0.17529031  0.20758688  0.23275956  0.25002509  0.23275956  0.26769896  0.23275956  0.24134247  
65_0_0     0.49600647  0.48396665  0.48396665  0.49600647  0.44896901  0.22427411  0.00000000  0.10735442  0.10017353  0.06526897  0.15965078  0.27669515  0.28580096  0.28580096  0.28580096  0.28580096  0.27669515  0.27669515  0.29501908  0.34289650  0.29501908  0.37316800  0.35285138  0.36294065  0.34289650  0.35285138  0.33307249  0.33307249  0.34289650  0.40471763  0.35285138  0.32337595  0.34289650  0.34289650  0.35285138  0.35285138  0.35285138  0.32337595  0.32337595  0.32337595  0.33307249  0.34289650  0.34289650  0.33307249  0.36294065  0.35285138  0.39405241  0.35285138  0.35285138  
38_0_0     0.53333539  0.54620453  0.54620453  0.55929917  0.53333539  0.24134247  0.10735442  0.00000000  0.00627628  0.09306098  0.15965078  0.28580096  0.29501908  0.29501908  0.29501908  0.29501908  0.28580096  0.28580096  0.30435232  0.32337595  0.28580096  0.36294065  0.42651584  0.42651584  0.40471763  0.41553726  0.38353725  0.38353725  0.40471763  0.46045375  0.42651584  0.39405241  0.41553726  0.41553726  0.42651584  0.41553726  0.41553726  0.39405241  0.39405241  0.39405241  0.40471763  0.41553726  0.43765810  0.40471763  0.42651584  0.42651584  0.46045375  0.42651584  0.42651584  
96_0_0     0.52068410  0.53333539  0.53333539  0.54620453  0.52068410  0.25002509  0.10017353  0.00627628  0.00000000  0.08601549  0.15195206  0.29501908  0.30435232  0.30435232  0.30435232  0.30435232  0.29501908  0.29501908  0.31380361  0.33307249  0.29501908  0.37316800  0.43765810  0.43765810  0.41553726  0.42651584  0.39405241  0.39405241  0.41553726  0.47211773  0.43765810  0.40471763  0.42651584  0.42651584  0.43765810  0.42651584  0.42651584  0.40471763  0.40471763  0.40471763  0.41553726  0.42651584  0.44896901  0.41553726  0.43765810  0.43765810  0.47211773  0.43765810  0.43765810  
62_0_0     0.48396665  0.49600647  0.49600647  0.50824343  0.47211773  0.18323455  0.06526897  0.09306098  0.08601549  0.00000000  0.11460498  0.23275956  0.24134247  0.24134247  0.24134247  0.24134247  0.23275956  0.23275956  0.25002509  0.29501908  0.25002509  0.34289650  0.33307249  0.34289650  0.32337595  0.33307249  0.30435232  0.30435232  0.32337595  0.35285138  0.33307249  0.30435232  0.32337595  0.32337595  0.33307249  0.33307249  0.33307249  0.30435232  0.30435232  0.30435232  0.31380361  0.32337595  0.34289650  0.31380361  0.34289650  0.33307249  0.37316800  0.33307249  0.33307249  
95_0_0     0.47211773  0.48396665  0.48396665  0.46045375  0.43765810  0.21588392  0.15965078  0.15965078  0.15195206  0.11460498  0.00000000  0.24134247  0.25002509  0.25002509  0.25002509  0.25002509  0.24134247  0.25880978  0.27669515  0.25880978  0.24134247  0.30435232  0.36294065  0.36294065  0.34289650  0.35285138  0.32337595  0.32337595  0.34289650  0.38353725  0.35285138  0.32337595  0.32337595  0.33307249  0.33307249  0.35285138  0.35285138  0.32337595  0.31380361  0.32337595  0.33307249  0.34289650  0.36294065  0.34289650  0.37316800  0.37316800  0.40471763  0.37316800  0.37316800  
72_0_0     0.39405241  0.38353725  0.38353725  0.36294065  0.36294065  0.07903579  0.27669515  0.28580096  0.29501908  0.23275956  0.24134247  0.00000000  0.00627628  0.01898922  0.00627628  0.00627628  0.00000000  0.01260572  0.02542772  0.05847951  0.01260572  0.13678854  0.25880978  0.26769896  0.22427411  0.25002509  0.22427411  0.22427411  0.24134247  0.23275956  0.19126415  0.18323455  0.17529031  0.17529031  0.17529031  0.17529031  0.17529031  0.18323455  0.17529031  0.18323455  0.19126415  0.18323455  0.18323455  0.20758688  0.24134247  0.20758688  0.24134247  0.20758688  0.21588392  
75_0_0     0.40471763  0.39405241  0.39405241  0.37316800  0.37316800  0.08601549  0.28580096  0.29501908  0.30435232  0.24134247  0.25002509  0.00627628  0.00000000  0.02542772  0.01260572  0.01260572  0.00627628  0.01898922  0.03192217  0.06526897  0.01898922  0.14433184  0.26769896  0.27669515  0.23275956  0.25880978  0.23275956  0.23275956  0.25002509  0.24134247  0.19938095  0.19126415  0.18323455  0.18323455  0.18323455  0.18323455  0.18323455  0.19126415  0.18323455  0.19126415  0.19938095  0.19126415  0.19126415  0.21588392  0.25002509  0.21588392  0.25002509  0.21588392  0.22427411  
73_0_0     0.38353725  0.37316800  0.37316800  0.35285138  0.37316800  0.10017353  0.28580096  0.29501908  0.30435232  0.24134247  0.25002509  0.01898922  0.02542772  0.00000000  0.02542772  0.02542772  0.01898922  0.01898922  0.03192217  0.06526897  0.03192217  0.12932062  0.25002509  0.25880978  0.23275956  0.25880978  0.23275956  0.23275956  0.25002509  0.24134247  0.19938095  0.19126415  0.18323455  0.18323455  0.19938095  0.19938095  0.19938095  0.19126415  0.18323455  0.19126415  0.19938095  0.19126415  0.19126415  0.21588392  0.25002509  0.21588392  0.25002509  0.21588392  0.22427411  
98_0_0     0.39405241  0.38353725  0.38353725  0.36294065  0.36294065  0.07903579  0.28580096  0.29501908  0.30435232  0.24134247  0.25002509  0.00627628  0.01260572  0.02542772  0.00000000  0.00000000  0.00627628  0.01898922  0.03192217  0.06526897  0.01898922  0.14433184  0.26769896  0.27669515  0.23275956  0.25880978  0.23275956  0.23275956  0.25002509  0.23275956  0.19938095  0.19126415  0.18323455  0.18323455  0.18323455  0.18323455  0.18323455  0.19126415  0.18323455  0.19126415  0.19938095  0.18323455  0.19126415  0.21588392  0.25002509  0.21588392  0.25002509  0.21588392  0.22427411  
81_0_0     0.39405241  0.38353725  0.38353725  0.36294065  0.36294065  0.07903579  0.28580096  0.29501908  0.30435232  0.24134247  0.25002509  0.00627628  0.01260572  0.02542772  0.00000000  0.00000000  0.00627628  0.01898922  0.03192217  0.06526897  0.01898922  0.14433184  0.26769896  0.27669515  0.23275956  0.25880978  0.23275956  0.23275956  0.25002509  0.23275956  0.19938095  0.19126415  0.18323455  0.18323455  0.18323455  0.18323455  0.18323455  0.19126415  0.18323455  0.19126415  0.19938095  0.18323455  0.19126415  0.21588392  0.25002509  0.21588392  0.25002509  0.21588392  0.22427411  
87_0_0     0.39405241  0.38353725  0.38353725  0.36294065  0.36294065  0.07903579  0.27669515  0.28580096  0.29501908  0.23275956  0.24134247  0.00000000  0.00627628  0.01898922  0.00627628  0.00627628  0.00000000  0.01260572  0.02542772  0.05847951  0.01260572  0.13678854  0.25880978  0.26769896  0.22427411  0.25002509  0.22427411  0.22427411  0.24134247  0.23275956  0.19126415  0.18323455  0.17529031  0.17529031  0.17529031  0.17529031  0.17529031  0.18323455  0.17529031  0.18323455  0.19126415  0.18323455  0.18323455  0.20758688  0.24134247  0.20758688  0.24134247  0.20758688  0.21588392  
63_0_0     0.37316800  0.36294065  0.36294065  0.34289650  0.38353725  0.09306098  0.27669515  0.28580096  0.29501908  0.23275956  0.25880978  0.01260572  0.01898922  0.01898922  0.01898922  0.01898922  0.01260572  0.00000000  0.01260572  0.07212068  0.02542772  0.15195206  0.25880978  0.26769896  0.22427411  0.25002509  0.22427411  0.22427411  0.24134247  0.23275956  0.19126415  0.18323455  0.17529031  0.17529031  0.19126415  0.19126415  0.19126415  0.18323455  0.17529031  0.18323455  0.19126415  0.18323455  0.18323455  0.20758688  0.24134247  0.20758688  0.24134247  0.20758688  0.21588392  
64_0_0     0.37316800  0.36294065  0.36294065  0.34289650  0.38353725  0.10735442  0.29501908  0.30435232  0.31380361  0.25002509  0.27669515  0.02542772  0.03192217  0.03192217  0.03192217  0.03192217  0.02542772  0.01260572  0.00000000  0.08601549  0.03847356  0.16742964  0.25880978  0.26769896  0.22427411  0.25002509  0.22427411  0.22427411  0.24134247  0.23275956  0.19126415  0.18323455  0.17529031  0.17529031  0.19126415  0.19126415  0.19126415  0.18323455  0.17529031  0.18323455  0.19126415  0.18323455  0.18323455  0.20758688  0.24134247  0.20758688  0.24134247  0.20758688  0.21588392  
71_0_0     0.40471763  0.39405241  0.39405241  0.37316800  0.37316800  0.14433184  0.34289650  0.32337595  0.33307249  0.29501908  0.25880978  0.05847951  0.06526897  0.06526897  0.06526897  0.06526897  0.05847951  0.07212068  0.08601549  0.00000000  0.04508288  0.13678854  0.34289650  0.33307249  0.28580096  0.31380361  0.28580096  0.28580096  0.30435232  0.29501908  0.25002509  0.24134247  0.23275956  0.23275956  0.23275956  0.23275956  0.23275956  0.24134247  0.23275956  0.24134247  0.25002509  0.25880978  0.25880978  0.26769896  0.28580096  0.26769896  0.28580096  0.26769896  0.27669515  
42_0_0     0.37316800  0.36294065  0.36294065  0.34289650  0.34289650  0.09306098  0.29501908  0.28580096  0.29501908  0.25002509  0.24134247  0.01260572  0.01898922  0.03192217  0.01898922  0.01898922  0.01260572  0.02542772  0.03847356  0.04508288  0.00000000  0.13678854  0.27669515  0.28580096  0.24134247  0.26769896  0.24134247  0.24134247  0.25880978  0.25002509  0.20758688  0.19938095  0.19126415  0.19126415  0.19126415  0.19126415  0.19126415  0.19938095  0.19126415  0.19938095  0.20758688  0.19938095  0.19938095  0.22427411  0.25880978  0.22427411  0.25880978  0.22427411  0.23275956  
85_0_0     0.39405241  0.38353725  0.38353725  0.36294065  0.34289650  0.18323455  0.37316800  0.36294065  0.37316800  0.34289650  0.30435232  0.13678854  0.14433184  0.12932062  0.14433184  0.14433184  0.13678854  0.15195206  0.16742964  0.13678854  0.13678854  0.00000000  0.32337595  0.31380361  0.29501908  0.32337595  0.29501908  0.29501908  0.29501908  0.33307249  0.29501908  0.28580096  0.27669515  0.27669515  0.27669515  0.29501908  0.29501908  0.26769896  0.27669515  0.28580096  0.29501908  0.28580096  0.28580096  0.29501908  0.29501908  0.29501908  0.29501908  0.29501908  0.30435232  
56_0_0     0.37316800  0.38353725  0.38353725  0.36294065  0.36294065  0.25880978  0.35285138  0.42651584  0.43765810  0.33307249  0.36294065  0.25880978  0.26769896  0.25002509  0.26769896  0.26769896  0.25880978  0.25880978  0.25880978  0.34289650  0.27669515  0.32337595  0.00000000  0.00627628  0.03847356  0.04508288  0.03847356  0.03847356  0.03847356  0.12932062  0.12192658  0.10017353  0.12192658  0.10735442  0.12192658  0.13678854  0.13678854  0.10017353  0.09306098  0.10017353  0.10735442  0.10017353  0.10017353  0.13678854  0.15195206  0.10735442  0.13678854  0.10735442  0.10017353  
92_0_0     0.36294065  0.37316800  0.37316800  0.35285138  0.35285138  0.26769896  0.36294065  0.42651584  0.43765810  0.34289650  0.36294065  0.26769896  0.27669515  0.25880978  0.27669515  0.27669515  0.26769896  0.26769896  0.26769896  0.33307249  0.28580096  0.31380361  0.00627628  0.00000000  0.03192217  0.03847356  0.03192217  0.03192217  0.03192217  0.13678854  0.12932062  0.10735442  0.12932062  0.11460498  0.12932062  0.14433184  0.14433184  0.10735442  0.10017353  0.10735442  0.11460498  0.10735442  0.10735442  0.14433184  0.15965078  0.11460498  0.12932062  0.11460498  0.10735442  
61_0_0     0.34289650  0.35285138  0.35285138  0.33307249  0.33307249  0.23275956  0.34289650  0.40471763  0.41553726  0.32337595  0.34289650  0.22427411  0.23275956  0.23275956  0.23275956  0.23275956  0.22427411  0.22427411  0.22427411  0.28580096  0.24134247  0.29501908  0.03847356  0.03192217  0.00000000  0.01898922  0.01260572  0.01260572  0.01260572  0.10017353  0.09306098  0.07212068  0.09306098  0.07903579  0.09306098  0.10735442  0.10735442  0.07212068  0.06526897  0.07212068  0.07903579  0.08601549  0.07212068  0.12192658  0.14433184  0.10735442  0.12192658  0.10735442  0.10017353  
70_0_0     0.37316800  0.38353725  0.38353725  0.36294065  0.36294065  0.25880978  0.35285138  0.41553726  0.42651584  0.33307249  0.35285138  0.25002509  0.25880978  0.25880978  0.25880978  0.25880978  0.25002509  0.25002509  0.25002509  0.31380361  0.26769896  0.32337595  0.04508288  0.03847356  0.01898922  0.00000000  0.01898922  0.01898922  0.01898922  0.12192658  0.11460498  0.09306098  0.11460498  0.10017353  0.11460498  0.12932062  0.12932062  0.09306098  0.08601549  0.09306098  0.10017353  0.10735442  0.09306098  0.12932062  0.15195206  0.11460498  0.12932062  0.11460498  0.10735442  
58_0_0     0.34289650  0.35285138  0.35285138  0.33307249  0.35285138  0.23275956  0.33307249  0.38353725  0.39405241  0.30435232  0.32337595  0.22427411  0.23275956  0.23275956  0.23275956  0.23275956  0.22427411  0.22427411  0.22427411  0.28580096  0.24134247  0.29501908  0.03847356  0.03192217  0.01260572  0.01898922  0.00000000  0.00000000  0.01260572  0.11460498  0.10735442  0.08601549  0.10735442  0.09306098  0.10735442  0.12192658  0.12192658  0.08601549  0.07903579  0.08601549  0.09306098  0.10017353  0.08601549  0.12192658  0.14433184  0.10735442  0.12192658  0.10735442  0.10017353  
55_0_0     0.34289650  0.35285138  0.35285138  0.33307249  0.35285138  0.23275956  0.33307249  0.38353725  0.39405241  0.30435232  0.32337595  0.22427411  0.23275956  0.23275956  0.23275956  0.23275956  0.22427411  0.22427411  0.22427411  0.28580096  0.24134247  0.29501908  0.03847356  0.03192217  0.01260572  0.01898922  0.00000000  0.00000000  0.01260572  0.11460498  0.10735442  0.08601549  0.10735442  0.09306098  0.10735442  0.12192658  0.12192658  0.08601549  0.07903579  0.08601549  0.09306098  0.10017353  0.08601549  0.12192658  0.14433184  0.10735442  0.12192658  0.10735442  0.10017353  
44_0_0     0.34289650  0.35285138  0.35285138  0.33307249  0.33307249  0.25002509  0.34289650  0.40471763  0.41553726  0.32337595  0.34289650  0.24134247  0.25002509  0.25002509  0.25002509  0.25002509  0.24134247  0.24134247  0.24134247  0.30435232  0.25880978  0.29501908  0.03847356  0.03192217  0.01260572  0.01898922  0.01260572  0.01260572  0.00000000  0.11460498  0.10735442  0.08601549  0.10735442  0.09306098  0.10735442  0.12192658  0.12192658  0.08601549  0.07903579  0.08601549  0.09306098  0.10017353  0.08601549  0.12192658  0.14433184  0.10735442  0.12192658  0.10735442  0.10017353  
79_0_0     0.37316800  0.38353725  0.38353725  0.38353725  0.36294065  0.25002509  0.40471763  0.46045375  0.47211773  0.35285138  0.38353725  0.23275956  0.24134247  0.24134247  0.23275956  0.23275956  0.23275956  0.23275956  0.23275956  0.29501908  0.25002509  0.33307249  0.12932062  0.13678854  0.10017353  0.12192658  0.11460498  0.11460498  0.11460498  0.00000000  0.05847951  0.05175118  0.08601549  0.07212068  0.07212068  0.08601549  0.08601549  0.06526897  0.08601549  0.07903579  0.08601549  0.08601549  0.06526897  0.11460498  0.13678854  0.10017353  0.12932062  0.10017353  0.10735442  
45_0_0     0.37316800  0.36294065  0.36294065  0.36294065  0.34289650  0.21588392  0.35285138  0.42651584  0.43765810  0.33307249  0.35285138  0.19126415  0.19938095  0.19938095  0.19938095  0.19938095  0.19126415  0.19126415  0.19126415  0.25002509  0.20758688  0.29501908  0.12192658  0.12932062  0.09306098  0.11460498  0.10735442  0.10735442  0.10735442  0.05847951  0.00000000  0.01898922  0.03847356  0.02542772  0.02542772  0.03847356  0.03847356  0.01898922  0.03847356  0.03192217  0.03847356  0.05847951  0.03192217  0.06526897  0.10017353  0.03847356  0.06526897  0.03847356  0.04508288  
45_2_0     0.34289650  0.33307249  0.33307249  0.33307249  0.31380361  0.20758688  0.32337595  0.39405241  0.40471763  0.30435232  0.32337595  0.18323455  0.19126415  0.19126415  0.19126415  0.19126415  0.18323455  0.18323455  0.18323455  0.24134247  0.19938095  0.28580096  0.10017353  0.10735442  0.07212068  0.09306098  0.08601549  0.08601549  0.08601549  0.05175118  0.01898922  0.00000000  0.03192217  0.01898922  0.01898922  0.03192217  0.03192217  0.01260572  0.03192217  0.02542772  0.03192217  0.05175118  0.02542772  0.05847951  0.09306098  0.04508288  0.07212068  0.04508288  0.05175118  
79_2_0     0.37316800  0.36294065  0.36294065  0.34289650  0.34289650  0.21588392  0.34289650  0.41553726  0.42651584  0.32337595  0.32337595  0.17529031  0.18323455  0.18323455  0.18323455  0.18323455  0.17529031  0.17529031  0.17529031  0.23275956  0.19126415  0.27669515  0.12192658  0.12932062  0.09306098  0.11460498  0.10735442  0.10735442  0.10735442  0.08601549  0.03847356  0.03192217  0.00000000  0.02542772  0.03847356  0.05175118  0.05175118  0.03192217  0.03847356  0.04508288  0.05175118  0.07212068  0.04508288  0.06526897  0.10017353  0.06526897  0.09306098  0.06526897  0.07212068  
100_0_0    0.37316800  0.36294065  0.36294065  0.34289650  0.34289650  0.19938095  0.34289650  0.41553726  0.42651584  0.32337595  0.33307249  0.17529031  0.18323455  0.18323455  0.18323455  0.18323455  0.17529031  0.17529031  0.17529031  0.23275956  0.19126415  0.27669515  0.10735442  0.11460498  0.07903579  0.10017353  0.09306098  0.09306098  0.09306098  0.07212068  0.02542772  0.01898922  0.02542772  0.00000000  0.02542772  0.03847356  0.03847356  0.01898922  0.02542772  0.03192217  0.03847356  0.05847951  0.02542772  0.06526897  0.08601549  0.05175118  0.07903579  0.05175118  0.05847951  
43_0_0     0.37316800  0.36294065  0.36294065  0.36294065  0.32337595  0.19938095  0.35285138  0.42651584  0.43765810  0.33307249  0.33307249  0.17529031  0.18323455  0.19938095  0.18323455  0.18323455  0.17529031  0.19126415  0.19126415  0.23275956  0.19126415  0.27669515  0.12192658  0.12932062  0.09306098  0.11460498  0.10735442  0.10735442  0.10735442  0.07212068  0.02542772  0.01898922  0.03847356  0.02542772  0.00000000  0.02542772  0.02542772  0.01898922  0.03847356  0.03192217  0.03847356  0.05847951  0.03192217  0.06526897  0.10017353  0.05175118  0.07903579  0.05175118  0.05847951  
91_0_0     0.39405241  0.38353725  0.38353725  0.38353725  0.34289650  0.19938095  0.35285138  0.41553726  0.42651584  0.33307249  0.35285138  0.17529031  0.18323455  0.19938095  0.18323455  0.18323455  0.17529031  0.19126415  0.19126415  0.23275956  0.19126415  0.29501908  0.13678854  0.14433184  0.10735442  0.12932062  0.12192658  0.12192658  0.12192658  0.08601549  0.03847356  0.03192217  0.05175118  0.03847356  0.02542772  0.00000000  0.00000000  0.03192217  0.05175118  0.04508288  0.05175118  0.07212068  0.04508288  0.07903579  0.10017353  0.06526897  0.09306098  0.06526897  0.07212068  
40_0_0     0.39405241  0.38353725  0.38353725  0.38353725  0.34289650  0.19938095  0.35285138  0.41553726  0.42651584  0.33307249  0.35285138  0.17529031  0.18323455  0.19938095  0.18323455  0.18323455  0.17529031  0.19126415  0.19126415  0.23275956  0.19126415  0.29501908  0.13678854  0.14433184  0.10735442  0.12932062  0.12192658  0.12192658  0.12192658  0.08601549  0.03847356  0.03192217  0.05175118  0.03847356  0.02542772  0.00000000  0.00000000  0.03192217  0.05175118  0.04508288  0.05175118  0.07212068  0.04508288  0.07903579  0.10017353  0.06526897  0.09306098  0.06526897  0.07212068  
67_0_0     0.36294065  0.35285138  0.35285138  0.35285138  0.33307249  0.19126415  0.32337595  0.39405241  0.40471763  0.30435232  0.32337595  0.18323455  0.19126415  0.19126415  0.19126415  0.19126415  0.18323455  0.18323455  0.18323455  0.24134247  0.19938095  0.26769896  0.10017353  0.10735442  0.07212068  0.09306098  0.08601549  0.08601549  0.08601549  0.06526897  0.01898922  0.01260572  0.03192217  0.01898922  0.01898922  0.03192217  0.03192217  0.00000000  0.01898922  0.01260572  0.01898922  0.03847356  0.02542772  0.05847951  0.09306098  0.04508288  0.07212068  0.04508288  0.05175118  
46_0_0     0.38353725  0.37316800  0.37316800  0.35285138  0.35285138  0.18323455  0.32337595  0.39405241  0.40471763  0.30435232  0.31380361  0.17529031  0.18323455  0.18323455  0.18323455  0.18323455  0.17529031  0.17529031  0.17529031  0.23275956  0.19126415  0.27669515  0.09306098  0.10017353  0.06526897  0.08601549  0.07903579  0.07903579  0.07903579  0.08601549  0.03847356  0.03192217  0.03847356  0.02542772  0.03847356  0.05175118  0.05175118  0.01898922  0.00000000  0.00627628  0.01260572  0.03192217  0.04508288  0.07903579  0.10017353  0.06526897  0.09306098  0.06526897  0.07212068  
36_0_0     0.37316800  0.36294065  0.36294065  0.36294065  0.34289650  0.19126415  0.32337595  0.39405241  0.40471763  0.30435232  0.32337595  0.18323455  0.19126415  0.19126415  0.19126415  0.19126415  0.18323455  0.18323455  0.18323455  0.24134247  0.19938095  0.28580096  0.10017353  0.10735442  0.07212068  0.09306098  0.08601549  0.08601549  0.08601549  0.07903579  0.03192217  0.02542772  0.04508288  0.03192217  0.03192217  0.04508288  0.04508288  0.01260572  0.00627628  0.00000000  0.00627628  0.02542772  0.03847356  0.07212068  0.10735442  0.05847951  0.08601549  0.05847951  0.06526897  
52_0_0     0.36294065  0.35285138  0.35285138  0.35285138  0.33307249  0.19938095  0.33307249  0.40471763  0.41553726  0.31380361  0.33307249  0.19126415  0.19938095  0.19938095  0.19938095  0.19938095  0.19126415  0.19126415  0.19126415  0.25002509  0.20758688  0.29501908  0.10735442  0.11460498  0.07903579  0.10017353  0.09306098  0.09306098  0.09306098  0.08601549  0.03847356  0.03192217  0.05175118  0.03847356  0.03847356  0.05175118  0.05175118  0.01898922  0.01260572  0.00627628  0.00000000  0.03192217  0.04508288  0.07903579  0.11460498  0.06526897  0.09306098  0.06526897  0.07212068  
99_0_0     0.35285138  0.34289650  0.34289650  0.34289650  0.32337595  0.17529031  0.34289650  0.41553726  0.42651584  0.32337595  0.34289650  0.18323455  0.19126415  0.19126415  0.18323455  0.18323455  0.18323455  0.18323455  0.18323455  0.25880978  0.19938095  0.28580096  0.10017353  0.10735442  0.08601549  0.10735442  0.10017353  0.10017353  0.10017353  0.08601549  0.05847951  0.05175118  0.07212068  0.05847951  0.05847951  0.07212068  0.07212068  0.03847356  0.03192217  0.02542772  0.03192217  0.00000000  0.05175118  0.10017353  0.13678854  0.08601549  0.11460498  0.08601549  0.09306098  
74_0_0     0.34289650  0.33307249  0.33307249  0.33307249  0.31380361  0.20758688  0.34289650  0.43765810  0.44896901  0.34289650  0.36294065  0.18323455  0.19126415  0.19126415  0.19126415  0.19126415  0.18323455  0.18323455  0.18323455  0.25880978  0.19938095  0.28580096  0.10017353  0.10735442  0.07212068  0.09306098  0.08601549  0.08601549  0.08601549  0.06526897  0.03192217  0.02542772  0.04508288  0.02542772  0.03192217  0.04508288  0.04508288  0.02542772  0.04508288  0.03847356  0.04508288  0.05175118  0.00000000  0.07212068  0.10735442  0.05847951  0.08601549  0.05847951  0.06526897  
41_0_0     0.39405241  0.38353725  0.38353725  0.38353725  0.36294065  0.23275956  0.33307249  0.40471763  0.41553726  0.31380361  0.34289650  0.20758688  0.21588392  0.21588392  0.21588392  0.21588392  0.20758688  0.20758688  0.20758688  0.26769896  0.22427411  0.29501908  0.13678854  0.14433184  0.12192658  0.12932062  0.12192658  0.12192658  0.12192658  0.11460498  0.06526897  0.05847951  0.06526897  0.06526897  0.06526897  0.07903579  0.07903579  0.05847951  0.07903579  0.07212068  0.07903579  0.10017353  0.07212068  0.00000000  0.07212068  0.03847356  0.06526897  0.03847356  0.04508288  
77_0_0     0.39405241  0.38353725  0.38353725  0.36294065  0.36294065  0.25002509  0.36294065  0.42651584  0.43765810  0.34289650  0.37316800  0.24134247  0.25002509  0.25002509  0.25002509  0.25002509  0.24134247  0.24134247  0.24134247  0.28580096  0.25880978  0.29501908  0.15195206  0.15965078  0.14433184  0.15195206  0.14433184  0.14433184  0.14433184  0.13678854  0.10017353  0.09306098  0.10017353  0.08601549  0.10017353  0.10017353  0.10017353  0.09306098  0.10017353  0.10735442  0.11460498  0.13678854  0.10735442  0.07212068  0.00000000  0.07212068  0.08601549  0.07212068  0.07903579  
82_0_0     0.39405241  0.38353725  0.38353725  0.38353725  0.36294065  0.23275956  0.35285138  0.42651584  0.43765810  0.33307249  0.37316800  0.20758688  0.21588392  0.21588392  0.21588392  0.21588392  0.20758688  0.20758688  0.20758688  0.26769896  0.22427411  0.29501908  0.10735442  0.11460498  0.10735442  0.11460498  0.10735442  0.10735442  0.10735442  0.10017353  0.03847356  0.04508288  0.06526897  0.05175118  0.05175118  0.06526897  0.06526897  0.04508288  0.06526897  0.05847951  0.06526897  0.08601549  0.05847951  0.03847356  0.07212068  0.00000000  0.02542772  0.00000000  0.00627628  
48_0_0     0.39405241  0.38353725  0.38353725  0.38353725  0.36294065  0.26769896  0.39405241  0.46045375  0.47211773  0.37316800  0.40471763  0.24134247  0.25002509  0.25002509  0.25002509  0.25002509  0.24134247  0.24134247  0.24134247  0.28580096  0.25880978  0.29501908  0.13678854  0.12932062  0.12192658  0.12932062  0.12192658  0.12192658  0.12192658  0.12932062  0.06526897  0.07212068  0.09306098  0.07903579  0.07903579  0.09306098  0.09306098  0.07212068  0.09306098  0.08601549  0.09306098  0.11460498  0.08601549  0.06526897  0.08601549  0.02542772  0.00000000  0.02542772  0.03192217  
86_0_0     0.39405241  0.38353725  0.38353725  0.38353725  0.36294065  0.23275956  0.35285138  0.42651584  0.43765810  0.33307249  0.37316800  0.20758688  0.21588392  0.21588392  0.21588392  0.21588392  0.20758688  0.20758688  0.20758688  0.26769896  0.22427411  0.29501908  0.10735442  0.11460498  0.10735442  0.11460498  0.10735442  0.10735442  0.10735442  0.10017353  0.03847356  0.04508288  0.06526897  0.05175118  0.05175118  0.06526897  0.06526897  0.04508288  0.06526897  0.05847951  0.06526897  0.08601549  0.05847951  0.03847356  0.07212068  0.00000000  0.02542772  0.00000000  0.00627628  
60_0_0     0.40471763  0.39405241  0.39405241  0.39405241  0.37316800  0.24134247  0.35285138  0.42651584  0.43765810  0.33307249  0.37316800  0.21588392  0.22427411  0.22427411  0.22427411  0.22427411  0.21588392  0.21588392  0.21588392  0.27669515  0.23275956  0.30435232  0.10017353  0.10735442  0.10017353  0.10735442  0.10017353  0.10017353  0.10017353  0.10735442  0.04508288  0.05175118  0.07212068  0.05847951  0.05847951  0.07212068  0.07212068  0.05175118  0.07212068  0.06526897  0.07212068  0.09306098  0.06526897  0.04508288  0.07903579  0.00627628  0.03192217  0.00627628  0.00000000  

