13
23_0_0     0.00000000  0.06046015  0.05562829  0.05562829  0.04132077  0.04132077  0.06532405  0.07022041  0.07022041  0.07022041  0.04605901  0.07022041  0.08011229  
11_1_0     0.06046015  0.00000000  0.00447793  0.00447793  0.04132077  0.05562829  0.07514968  0.06046015  0.06046015  0.06046015  0.05082804  0.07514968  0.10030542  
17_1_0     0.05562829  0.00447793  0.00000000  0.00000000  0.03661295  0.05082804  0.07022041  0.05562829  0.05562829  0.05562829  0.04605901  0.07022041  0.09520479  
2_1_0      0.05562829  0.00447793  0.00000000  0.00000000  0.03661295  0.05082804  0.07022041  0.05562829  0.05562829  0.05562829  0.04605901  0.07022041  0.09520479  
15_1_0     0.04132077  0.04132077  0.03661295  0.03661295  0.00000000  0.05082804  0.07022041  0.06046015  0.06046015  0.06046015  0.04132077  0.06046015  0.08011229  
16_1_0     0.04132077  0.05562829  0.05082804  0.05082804  0.05082804  0.00000000  0.07022041  0.07022041  0.07022041  0.07022041  0.06046015  0.07022041  0.07514968  
15_0_0     0.06532405  0.07514968  0.07022041  0.07022041  0.07022041  0.07022041  0.00000000  0.07022041  0.07022041  0.07022041  0.06046015  0.09013937  0.11582362  
2_0_0      0.07022041  0.06046015  0.05562829  0.05562829  0.06046015  0.07022041  0.07022041  0.00000000  0.00000000  0.00000000  0.08011229  0.07022041  0.09520479  
11_0_0     0.07022041  0.06046015  0.05562829  0.05562829  0.06046015  0.07022041  0.07022041  0.00000000  0.00000000  0.00000000  0.08011229  0.07022041  0.09520479  
17_0_0     0.07022041  0.06046015  0.05562829  0.05562829  0.06046015  0.07022041  0.07022041  0.00000000  0.00000000  0.00000000  0.08011229  0.07022041  0.09520479  
16_0_0     0.04605901  0.05082804  0.04605901  0.04605901  0.04132077  0.06046015  0.06046015  0.08011229  0.08011229  0.08011229  0.00000000  0.07514968  0.08510870  
16_2_0     0.07022041  0.07514968  0.07022041  0.07022041  0.06046015  0.07022041  0.09013937  0.07022041  0.07022041  0.07022041  0.07514968  0.00000000  0.11582362  
8_0_0      0.08011229  0.10030542  0.09520479  0.09520479  0.08011229  0.07514968  0.11582362  0.09520479  0.09520479  0.09520479  0.08510870  0.11582362  0.00000000  

