20
1_0_0      0.00000000  0.01193589  0.01193589  0.34506135  0.34506135  0.41653923  0.32591608  0.35483477  0.43838337  0.36474710  0.33542302  0.33542302  0.33542302  0.33542302  0.36474710  0.37480237  0.40586850  0.42737577  0.42737577  0.44956751  
2_0_0      0.01193589  0.00000000  0.01193589  0.34506135  0.35483477  0.42737577  0.33542302  0.36474710  0.41653923  0.34506135  0.31653701  0.31653701  0.31653701  0.31653701  0.36474710  0.37480237  0.38500475  0.42737577  0.42737577  0.44956751  
3_0_0      0.01193589  0.01193589  0.00000000  0.34506135  0.35483477  0.42737577  0.33542302  0.36474710  0.42737577  0.35483477  0.32591608  0.32591608  0.32591608  0.32591608  0.35483477  0.36474710  0.40586850  0.41653923  0.41653923  0.44956751  
20_0_0     0.34506135  0.34506135  0.34506135  0.00000000  0.27144537  0.33542302  0.28913371  0.30728241  0.31653701  0.29814902  0.23736030  0.23736030  0.23736030  0.24572666  0.29814902  0.30728241  0.30728241  0.24572666  0.24572666  0.24572666  
16_0_0     0.34506135  0.35483477  0.35483477  0.27144537  0.00000000  0.15879340  0.14408897  0.10174925  0.31653701  0.31653701  0.30728241  0.30728241  0.30728241  0.32591608  0.30728241  0.29814902  0.28913371  0.36474710  0.36474710  0.36474710  
15_0_0     0.41653923  0.42737577  0.42737577  0.33542302  0.15879340  0.00000000  0.17381457  0.15879340  0.38500475  0.40586850  0.37480237  0.37480237  0.37480237  0.41653923  0.36474710  0.35483477  0.41653923  0.39535860  0.39535860  0.39535860  
14_0_0     0.32591608  0.33542302  0.33542302  0.28913371  0.14408897  0.17381457  0.00000000  0.08818862  0.34506135  0.30728241  0.26276665  0.26276665  0.26276665  0.28023346  0.29814902  0.28913371  0.28023346  0.35483477  0.35483477  0.35483477  
6_0_0      0.35483477  0.36474710  0.36474710  0.30728241  0.10174925  0.15879340  0.08818862  0.00000000  0.35483477  0.35483477  0.30728241  0.30728241  0.30728241  0.30728241  0.35483477  0.34506135  0.35483477  0.41653923  0.41653923  0.39535860  
11_0_0     0.43838337  0.41653923  0.42737577  0.31653701  0.31653701  0.38500475  0.34506135  0.35483477  0.00000000  0.04902054  0.16626354  0.16626354  0.16626354  0.19697099  0.31653701  0.30728241  0.26276665  0.28023346  0.28023346  0.29814902  
17_0_0     0.36474710  0.34506135  0.35483477  0.29814902  0.31653701  0.40586850  0.30728241  0.35483477  0.04902054  0.00000000  0.15140243  0.15140243  0.15140243  0.18144826  0.28023346  0.27144537  0.24572666  0.28023346  0.28023346  0.29814902  
4_0_0      0.33542302  0.31653701  0.32591608  0.23736030  0.30728241  0.37480237  0.26276665  0.30728241  0.16626354  0.15140243  0.00000000  0.00000000  0.00000000  0.02407963  0.25419461  0.24572666  0.20486388  0.22092282  0.22092282  0.25419461  
12_0_0     0.33542302  0.31653701  0.32591608  0.23736030  0.30728241  0.37480237  0.26276665  0.30728241  0.16626354  0.15140243  0.00000000  0.00000000  0.00000000  0.02407963  0.25419461  0.24572666  0.20486388  0.22092282  0.22092282  0.25419461  
10_0_0     0.33542302  0.31653701  0.32591608  0.23736030  0.30728241  0.37480237  0.26276665  0.30728241  0.16626354  0.15140243  0.00000000  0.00000000  0.00000000  0.02407963  0.25419461  0.24572666  0.20486388  0.22092282  0.22092282  0.25419461  
5_0_0      0.33542302  0.31653701  0.32591608  0.24572666  0.32591608  0.41653923  0.28023346  0.30728241  0.19697099  0.18144826  0.02407963  0.02407963  0.02407963  0.00000000  0.27144537  0.26276665  0.20486388  0.23736030  0.23736030  0.27144537  
8_0_0      0.36474710  0.36474710  0.35483477  0.29814902  0.30728241  0.36474710  0.29814902  0.35483477  0.31653701  0.28023346  0.25419461  0.25419461  0.25419461  0.27144537  0.00000000  0.00594241  0.14408897  0.18916643  0.18916643  0.22092282  
18_0_0     0.37480237  0.37480237  0.36474710  0.30728241  0.29814902  0.35483477  0.28913371  0.34506135  0.30728241  0.27144537  0.24572666  0.24572666  0.24572666  0.26276665  0.00594241  0.00000000  0.13685142  0.18144826  0.18144826  0.21284712  
19_0_0     0.40586850  0.38500475  0.40586850  0.30728241  0.28913371  0.41653923  0.28023346  0.35483477  0.26276665  0.24572666  0.20486388  0.20486388  0.20486388  0.20486388  0.14408897  0.13685142  0.00000000  0.15879340  0.15879340  0.17381457  
13_0_0     0.42737577  0.42737577  0.41653923  0.24572666  0.36474710  0.39535860  0.35483477  0.41653923  0.28023346  0.28023346  0.22092282  0.22092282  0.22092282  0.23736030  0.18916643  0.18144826  0.15879340  0.00000000  0.00000000  0.02407963  
9_0_0      0.42737577  0.42737577  0.41653923  0.24572666  0.36474710  0.39535860  0.35483477  0.41653923  0.28023346  0.28023346  0.22092282  0.22092282  0.22092282  0.23736030  0.18916643  0.18144826  0.15879340  0.00000000  0.00000000  0.02407963  
7_0_0      0.44956751  0.44956751  0.44956751  0.24572666  0.36474710  0.39535860  0.35483477  0.39535860  0.29814902  0.29814902  0.25419461  0.25419461  0.25419461  0.27144537  0.22092282  0.21284712  0.17381457  0.02407963  0.02407963  0.00000000  

