28
98_4_0     0.00000000  0.00533821  0.01071492  0.01613068  0.02158607  0.04947827  0.09639673  0.09036791  0.09639673  0.09036791  0.08438744  0.08438744  0.08438744  0.08438744  0.08438744  0.08438744  0.08438744  0.08438744  0.07845456  0.07845456  0.09036791  0.09639673  0.09639673  0.09639673  0.09639673  0.10247469  0.09639673  0.12101164  
82_4_0     0.00533821  0.00000000  0.00533821  0.01071492  0.01613068  0.04381574  0.09639673  0.09036791  0.09639673  0.09036791  0.08438744  0.08438744  0.07845456  0.08438744  0.08438744  0.08438744  0.08438744  0.08438744  0.07845456  0.07845456  0.09036791  0.09639673  0.09639673  0.09639673  0.09639673  0.10247469  0.09639673  0.12101164  
86_4_0     0.01071492  0.00533821  0.00000000  0.01613068  0.02158607  0.04947827  0.09036791  0.08438744  0.09036791  0.08438744  0.07845456  0.07845456  0.07256852  0.07845456  0.07845456  0.07845456  0.07845456  0.07845456  0.07256852  0.07256852  0.08438744  0.09036791  0.09036791  0.09036791  0.09036791  0.09639673  0.09036791  0.11478131  
88_4_0     0.01613068  0.01071492  0.01613068  0.00000000  0.02708166  0.04381574  0.09639673  0.09036791  0.09639673  0.09036791  0.08438744  0.09639673  0.09036791  0.09639673  0.09639673  0.09639673  0.09639673  0.09639673  0.09036791  0.09036791  0.10247469  0.10860261  0.10860261  0.10860261  0.10860261  0.11478131  0.10860261  0.13363068  
84_4_0     0.02158607  0.01613068  0.02158607  0.02708166  0.00000000  0.02708166  0.07845456  0.08438744  0.07845456  0.07256852  0.07845456  0.07845456  0.06672857  0.06672857  0.06672857  0.06672857  0.06672857  0.07845456  0.07256852  0.07256852  0.10860261  0.11478131  0.11478131  0.10247469  0.11478131  0.10860261  0.10247469  0.12729447  
87_4_0     0.04947827  0.04381574  0.04947827  0.04381574  0.02708166  0.00000000  0.09036791  0.09639673  0.07845456  0.07845456  0.09036791  0.10247469  0.09036791  0.07845456  0.07845456  0.07845456  0.07845456  0.10247469  0.09639673  0.09639673  0.12101164  0.14002121  0.14002121  0.12729447  0.14002121  0.12101164  0.12729447  0.15296896  
88_5_0     0.09639673  0.09639673  0.09036791  0.09639673  0.07845456  0.09036791  0.00000000  0.02708166  0.01071492  0.01613068  0.01613068  0.02708166  0.04381574  0.02158607  0.02708166  0.02158607  0.02158607  0.02158607  0.02158607  0.02158607  0.09639673  0.08438744  0.08438744  0.09036791  0.08438744  0.08438744  0.08438744  0.09639673  
86_5_0     0.09036791  0.09036791  0.08438744  0.09036791  0.08438744  0.09639673  0.02708166  0.00000000  0.02708166  0.03261806  0.01071492  0.02158607  0.03261806  0.03819588  0.03261806  0.03819588  0.03819588  0.02158607  0.01613068  0.01613068  0.09639673  0.07256852  0.07256852  0.09036791  0.07256852  0.07845456  0.07256852  0.09639673  
82_5_0     0.09639673  0.09639673  0.09036791  0.09639673  0.07845456  0.07845456  0.01071492  0.02708166  0.00000000  0.00533821  0.01613068  0.02708166  0.04381574  0.01071492  0.01613068  0.01071492  0.01071492  0.02708166  0.02158607  0.02158607  0.08438744  0.08438744  0.08438744  0.09036791  0.08438744  0.07256852  0.08438744  0.09639673  
98_5_0     0.09036791  0.09036791  0.08438744  0.09036791  0.07256852  0.07845456  0.01613068  0.03261806  0.00533821  0.00000000  0.02158607  0.03261806  0.04947827  0.01613068  0.02158607  0.01613068  0.01613068  0.03261806  0.02708166  0.02708166  0.09036791  0.09036791  0.09036791  0.09036791  0.09036791  0.07845456  0.09036791  0.10247469  
84_5_0     0.08438744  0.08438744  0.07845456  0.08438744  0.07845456  0.09036791  0.01613068  0.01071492  0.01613068  0.02158607  0.00000000  0.02158607  0.03261806  0.02708166  0.03261806  0.02708166  0.02708166  0.01071492  0.00533821  0.00533821  0.08438744  0.07256852  0.07256852  0.09036791  0.07256852  0.07256852  0.07256852  0.09639673  
87_5_0     0.08438744  0.08438744  0.07845456  0.09639673  0.07845456  0.10247469  0.02708166  0.02158607  0.02708166  0.03261806  0.02158607  0.00000000  0.03261806  0.02708166  0.02158607  0.02708166  0.02708166  0.02158607  0.01613068  0.01613068  0.09036791  0.06672857  0.06672857  0.08438744  0.06672857  0.07256852  0.06672857  0.09036791  
100_5_0    0.08438744  0.07845456  0.07256852  0.09036791  0.06672857  0.09036791  0.04381574  0.03261806  0.04381574  0.04947827  0.03261806  0.03261806  0.00000000  0.04381574  0.03819588  0.04381574  0.04381574  0.03261806  0.02708166  0.02708166  0.10860261  0.08438744  0.08438744  0.09639673  0.08438744  0.09036791  0.08438744  0.09036791  
82_7_0     0.08438744  0.08438744  0.07845456  0.09639673  0.06672857  0.07845456  0.02158607  0.03819588  0.01071492  0.01613068  0.02708166  0.02708166  0.04381574  0.00000000  0.00533821  0.00000000  0.00000000  0.02708166  0.02158607  0.02158607  0.07256852  0.08438744  0.08438744  0.07845456  0.08438744  0.07256852  0.07256852  0.09639673  
98_7_0     0.08438744  0.08438744  0.07845456  0.09639673  0.06672857  0.07845456  0.02708166  0.03261806  0.01613068  0.02158607  0.03261806  0.02158607  0.03819588  0.00533821  0.00000000  0.00533821  0.00533821  0.03261806  0.02708166  0.02708166  0.07845456  0.07845456  0.07845456  0.07256852  0.07845456  0.07256852  0.06672857  0.09036791  
86_7_0     0.08438744  0.08438744  0.07845456  0.09639673  0.06672857  0.07845456  0.02158607  0.03819588  0.01071492  0.01613068  0.02708166  0.02708166  0.04381574  0.00000000  0.00533821  0.00000000  0.00000000  0.02708166  0.02158607  0.02158607  0.07256852  0.08438744  0.08438744  0.07845456  0.08438744  0.07256852  0.07256852  0.09639673  
88_7_0     0.08438744  0.08438744  0.07845456  0.09639673  0.06672857  0.07845456  0.02158607  0.03819588  0.01071492  0.01613068  0.02708166  0.02708166  0.04381574  0.00000000  0.00533821  0.00000000  0.00000000  0.02708166  0.02158607  0.02158607  0.07256852  0.08438744  0.08438744  0.07845456  0.08438744  0.07256852  0.07256852  0.09639673  
100_7_0    0.08438744  0.08438744  0.07845456  0.09639673  0.07845456  0.10247469  0.02158607  0.02158607  0.02708166  0.03261806  0.01071492  0.02158607  0.03261806  0.02708166  0.03261806  0.02708166  0.02708166  0.00000000  0.00533821  0.00533821  0.08438744  0.07256852  0.07256852  0.09036791  0.07256852  0.07256852  0.07256852  0.09639673  
87_7_0     0.07845456  0.07845456  0.07256852  0.09036791  0.07256852  0.09639673  0.02158607  0.01613068  0.02158607  0.02708166  0.00533821  0.01613068  0.02708166  0.02158607  0.02708166  0.02158607  0.02158607  0.00533821  0.00000000  0.00000000  0.07845456  0.06672857  0.06672857  0.08438744  0.06672857  0.06672857  0.06672857  0.09036791  
87_9_0     0.07845456  0.07845456  0.07256852  0.09036791  0.07256852  0.09639673  0.02158607  0.01613068  0.02158607  0.02708166  0.00533821  0.01613068  0.02708166  0.02158607  0.02708166  0.02158607  0.02158607  0.00533821  0.00000000  0.00000000  0.07845456  0.06672857  0.06672857  0.08438744  0.06672857  0.06672857  0.06672857  0.09036791  
100_6_0    0.09036791  0.09036791  0.08438744  0.10247469  0.10860261  0.12101164  0.09639673  0.09639673  0.08438744  0.09036791  0.08438744  0.09036791  0.10860261  0.07256852  0.07845456  0.07256852  0.07256852  0.08438744  0.07845456  0.07845456  0.00000000  0.02158607  0.02158607  0.03261806  0.02158607  0.02158607  0.02158607  0.04381574  
87_6_0     0.09639673  0.09639673  0.09036791  0.10860261  0.11478131  0.14002121  0.08438744  0.07256852  0.08438744  0.09036791  0.07256852  0.06672857  0.08438744  0.08438744  0.07845456  0.08438744  0.08438744  0.07256852  0.06672857  0.06672857  0.02158607  0.00000000  0.00000000  0.02158607  0.00000000  0.01613068  0.01071492  0.02158607  
87_8_0     0.09639673  0.09639673  0.09036791  0.10860261  0.11478131  0.14002121  0.08438744  0.07256852  0.08438744  0.09036791  0.07256852  0.06672857  0.08438744  0.08438744  0.07845456  0.08438744  0.08438744  0.07256852  0.06672857  0.06672857  0.02158607  0.00000000  0.00000000  0.02158607  0.00000000  0.01613068  0.01071492  0.02158607  
84_6_0     0.09639673  0.09639673  0.09036791  0.10860261  0.10247469  0.12729447  0.09036791  0.09036791  0.09036791  0.09036791  0.09036791  0.08438744  0.09639673  0.07845456  0.07256852  0.07845456  0.07845456  0.09036791  0.08438744  0.08438744  0.03261806  0.02158607  0.02158607  0.00000000  0.02158607  0.03819588  0.02158607  0.03261806  
86_6_0     0.09639673  0.09639673  0.09036791  0.10860261  0.11478131  0.14002121  0.08438744  0.07256852  0.08438744  0.09036791  0.07256852  0.06672857  0.08438744  0.08438744  0.07845456  0.08438744  0.08438744  0.07256852  0.06672857  0.06672857  0.02158607  0.00000000  0.00000000  0.02158607  0.00000000  0.01613068  0.01071492  0.02158607  
98_6_0     0.10247469  0.10247469  0.09639673  0.11478131  0.10860261  0.12101164  0.08438744  0.07845456  0.07256852  0.07845456  0.07256852  0.07256852  0.09036791  0.07256852  0.07256852  0.07256852  0.07256852  0.07256852  0.06672857  0.06672857  0.02158607  0.01613068  0.01613068  0.03819588  0.01613068  0.00000000  0.01613068  0.03819588  
82_6_0     0.09639673  0.09639673  0.09036791  0.10860261  0.10247469  0.12729447  0.08438744  0.07256852  0.08438744  0.09036791  0.07256852  0.06672857  0.08438744  0.07256852  0.06672857  0.07256852  0.07256852  0.07256852  0.06672857  0.06672857  0.02158607  0.01071492  0.01071492  0.02158607  0.01071492  0.01613068  0.00000000  0.03261806  
88_6_0     0.12101164  0.12101164  0.11478131  0.13363068  0.12729447  0.15296896  0.09639673  0.09639673  0.09639673  0.10247469  0.09639673  0.09036791  0.09036791  0.09639673  0.09036791  0.09639673  0.09639673  0.09639673  0.09036791  0.09036791  0.04381574  0.02158607  0.02158607  0.03261806  0.02158607  0.03819588  0.03261806  0.00000000  

