23
46_1_0     0.00000000  0.00000000  0.00000000  0.32034936  0.30957628  0.29895888  0.28849271  0.26296149  0.29370716  0.25299232  0.25796000  0.24315660  0.25796000  0.25796000  0.27817352  0.26296149  0.36509425  0.32579571  0.25299232  0.26799725  0.26799725  0.27817352  0.26296149  
11_1_0     0.00000000  0.00000000  0.00000000  0.32034936  0.30957628  0.29895888  0.28849271  0.26296149  0.29370716  0.25299232  0.25796000  0.24315660  0.25796000  0.25796000  0.27817352  0.26296149  0.36509425  0.32579571  0.25299232  0.26799725  0.26799725  0.27817352  0.26296149  
39_1_0     0.00000000  0.00000000  0.00000000  0.32034936  0.30957628  0.29895888  0.28849271  0.26296149  0.29370716  0.25299232  0.25796000  0.24315660  0.25796000  0.25796000  0.27817352  0.26296149  0.36509425  0.32579571  0.25299232  0.26799725  0.26799725  0.27817352  0.26296149  
36_0_0     0.32034936  0.32034936  0.32034936  0.00000000  0.13437867  0.11771746  0.11771746  0.37671957  0.37671957  0.36509425  0.37671957  0.37671957  0.37088392  0.37088392  0.39450986  0.39450986  0.44417059  0.46369419  0.43777632  0.43777632  0.43143722  0.44417059  0.45712852  
34_0_0     0.30957628  0.30957628  0.30957628  0.13437867  0.00000000  0.02136011  0.05084188  0.38260193  0.34799403  0.35934985  0.35934985  0.36509425  0.35934985  0.34799403  0.40053698  0.40053698  0.47031907  0.45712852  0.44417059  0.45712852  0.43777632  0.43777632  0.46369419  
17_0_0     0.29895888  0.29895888  0.29895888  0.11771746  0.02136011  0.00000000  0.03595314  0.37088392  0.34799403  0.35934985  0.35934985  0.36509425  0.35934985  0.34799403  0.40053698  0.38853177  0.45712852  0.41892076  0.43143722  0.44417059  0.42515234  0.42515234  0.45062099  
44_0_0     0.28849271  0.28849271  0.28849271  0.11771746  0.05084188  0.03595314  0.00000000  0.39450986  0.37088392  0.35934985  0.35934985  0.36509425  0.35934985  0.34799403  0.40053698  0.38853177  0.45712852  0.44417059  0.43777632  0.44417059  0.42515234  0.42515234  0.45062099  
25_0_0     0.26296149  0.26296149  0.26296149  0.37671957  0.38260193  0.37088392  0.39450986  0.00000000  0.07764592  0.06988733  0.08155616  0.08548731  0.09341329  0.08943961  0.09341329  0.07375639  0.40661394  0.37671957  0.28849271  0.28849271  0.29370716  0.29370716  0.28849271  
33_0_0     0.29370716  0.29370716  0.29370716  0.37671957  0.34799403  0.34799403  0.37088392  0.07764592  0.00000000  0.05840092  0.06988733  0.07375639  0.07375639  0.08548731  0.10142569  0.09341329  0.39450986  0.36509425  0.31494308  0.31494308  0.30957628  0.29895888  0.33681105  
6_0_0      0.25299232  0.25299232  0.25299232  0.36509425  0.35934985  0.35934985  0.35934985  0.06988733  0.05840092  0.00000000  0.01775669  0.04335980  0.04335980  0.03964714  0.05840092  0.07764592  0.39450986  0.37671957  0.29895888  0.29370716  0.30424840  0.28331500  0.28849271  
24_0_0     0.25796000  0.25796000  0.25796000  0.37671957  0.35934985  0.35934985  0.35934985  0.08155616  0.06988733  0.01775669  0.00000000  0.04709131  0.04709131  0.04335980  0.06603855  0.08943961  0.38853177  0.38260193  0.29370716  0.28849271  0.29895888  0.27817352  0.28331500  
40_0_0     0.24315660  0.24315660  0.24315660  0.37671957  0.36509425  0.36509425  0.36509425  0.08548731  0.07375639  0.04335980  0.04709131  0.00000000  0.01417086  0.03227762  0.08943961  0.07764592  0.38853177  0.35934985  0.27306777  0.28331500  0.26296149  0.27306777  0.27817352  
21_0_0     0.25796000  0.25796000  0.25796000  0.37088392  0.35934985  0.35934985  0.35934985  0.09341329  0.07375639  0.04335980  0.04709131  0.01417086  0.00000000  0.02498129  0.07764592  0.07764592  0.38853177  0.35934985  0.28849271  0.29895888  0.27817352  0.27817352  0.29370716  
14_0_0     0.25796000  0.25796000  0.25796000  0.37088392  0.34799403  0.34799403  0.34799403  0.08943961  0.08548731  0.03964714  0.04335980  0.03227762  0.02498129  0.00000000  0.06603855  0.08943961  0.40661394  0.37671957  0.28331500  0.27817352  0.28331500  0.27306777  0.26799725  
9_0_0      0.27817352  0.27817352  0.27817352  0.39450986  0.40053698  0.40053698  0.40053698  0.09341329  0.10142569  0.05840092  0.06603855  0.08943961  0.07764592  0.06603855  0.00000000  0.09341329  0.38260193  0.37671957  0.29370716  0.29370716  0.30957628  0.29895888  0.29370716  
23_0_0     0.26296149  0.26296149  0.26296149  0.39450986  0.40053698  0.38853177  0.38853177  0.07375639  0.09341329  0.07764592  0.08943961  0.07764592  0.07764592  0.08943961  0.09341329  0.00000000  0.37671957  0.35934985  0.29370716  0.30424840  0.30424840  0.30424840  0.29895888  
1_0_0      0.36509425  0.36509425  0.36509425  0.44417059  0.47031907  0.45712852  0.45712852  0.40661394  0.39450986  0.39450986  0.38853177  0.38853177  0.38853177  0.40661394  0.38260193  0.37671957  0.00000000  0.09740856  0.34238126  0.34238126  0.34799403  0.34799403  0.37671957  
1_2_0      0.32579571  0.32579571  0.32579571  0.46369419  0.45712852  0.41892076  0.44417059  0.37671957  0.36509425  0.37671957  0.38260193  0.35934985  0.35934985  0.37671957  0.37671957  0.35934985  0.09740856  0.00000000  0.29370716  0.30424840  0.28849271  0.28849271  0.29370716  
7_0_0      0.25299232  0.25299232  0.25299232  0.43777632  0.44417059  0.43143722  0.43777632  0.28849271  0.31494308  0.29895888  0.29370716  0.27306777  0.28849271  0.28331500  0.29370716  0.29370716  0.34238126  0.29370716  0.00000000  0.02136011  0.02498129  0.03227762  0.06220981  
43_0_0     0.26799725  0.26799725  0.26799725  0.43777632  0.45712852  0.44417059  0.44417059  0.28849271  0.31494308  0.29370716  0.28849271  0.28331500  0.29895888  0.27817352  0.29370716  0.30424840  0.34238126  0.30424840  0.02136011  0.00000000  0.03964714  0.03964714  0.06988733  
48_0_0     0.26799725  0.26799725  0.26799725  0.43143722  0.43777632  0.42515234  0.42515234  0.29370716  0.30957628  0.30424840  0.29895888  0.26296149  0.27817352  0.28331500  0.30957628  0.30424840  0.34799403  0.28849271  0.02498129  0.03964714  0.00000000  0.02136011  0.07375639  
45_0_0     0.27817352  0.27817352  0.27817352  0.44417059  0.43777632  0.42515234  0.42515234  0.29370716  0.29895888  0.28331500  0.27817352  0.27306777  0.27817352  0.27306777  0.29895888  0.30424840  0.34799403  0.28849271  0.03227762  0.03964714  0.02136011  0.00000000  0.06603855  
2_0_0      0.26296149  0.26296149  0.26296149  0.45712852  0.46369419  0.45062099  0.45062099  0.28849271  0.33681105  0.28849271  0.28331500  0.27817352  0.29370716  0.26799725  0.29370716  0.29895888  0.37671957  0.29370716  0.06220981  0.06988733  0.07375639  0.06603855  0.00000000  

