43
21_1_0     0.00000000  0.04765463  0.03464393  0.03464393  0.02822330  0.03142666  0.03142666  0.02822330  0.02822330  0.03142666  0.21234377  0.21234377  0.27206850  0.27652466  0.32262610  0.28100779  0.28100779  0.28100779  0.25450723  0.32262610  0.34679960  0.30849187  0.29462235  0.28100779  0.26763899  0.27652466  0.30849187  0.30849187  0.29921673  0.29462235  0.30849187  0.30849187  0.29005630  0.37178881  0.29921673  0.34190136  0.34190136  0.35669433  0.36169172  0.35173044  0.28100779  0.27206850  0.28100779  
26_1_0     0.04765463  0.00000000  0.03142666  0.03142666  0.02503374  0.02822330  0.02822330  0.02503374  0.02503374  0.02822330  0.20014899  0.20014899  0.25885867  0.27206850  0.30849187  0.25885867  0.25885867  0.25885867  0.24160426  0.30849187  0.33220103  0.29462235  0.29005630  0.26763899  0.25450723  0.27206850  0.32262610  0.32262610  0.31317337  0.30849187  0.32262610  0.32262610  0.30383978  0.39765070  0.31317337  0.33703531  0.31788465  0.34190136  0.35669433  0.34679960  0.26763899  0.25018122  0.26763899  
72_1_0     0.03464393  0.03142666  0.00000000  0.00000000  0.00617955  0.00928878  0.00928878  0.00617955  0.00617955  0.01554665  0.20014899  0.20014899  0.26763899  0.27206850  0.31788465  0.28551823  0.28551823  0.28551823  0.26763899  0.32739809  0.35173044  0.31317337  0.30849187  0.29462235  0.28100779  0.29921673  0.31788465  0.31788465  0.30849187  0.30383978  0.31788465  0.31788465  0.29921673  0.39240557  0.30849187  0.34679960  0.33703531  0.35173044  0.36672306  0.35669433  0.28551823  0.26763899  0.26763899  
49_1_0     0.03464393  0.03142666  0.00000000  0.00000000  0.00617955  0.00928878  0.00928878  0.00617955  0.00617955  0.01554665  0.20014899  0.20014899  0.26763899  0.27206850  0.31788465  0.28551823  0.28551823  0.28551823  0.26763899  0.32739809  0.35173044  0.31317337  0.30849187  0.29462235  0.28100779  0.29921673  0.31788465  0.31788465  0.30849187  0.30383978  0.31788465  0.31788465  0.29921673  0.39240557  0.30849187  0.34679960  0.33703531  0.35173044  0.36672306  0.35669433  0.28551823  0.26763899  0.26763899  
18_1_0     0.02822330  0.02503374  0.00617955  0.00617955  0.00000000  0.00308333  0.00308333  0.00000000  0.00000000  0.00928878  0.19212929  0.19212929  0.25885867  0.26323582  0.30849187  0.27652466  0.27652466  0.27652466  0.25885867  0.31788465  0.34190136  0.30383978  0.29921673  0.28551823  0.27206850  0.29005630  0.31317337  0.31317337  0.30383978  0.29921673  0.31317337  0.31317337  0.29462235  0.38719732  0.30383978  0.33703531  0.32739809  0.34190136  0.35669433  0.34679960  0.27652466  0.25885867  0.26763899  
60_1_0     0.03142666  0.02822330  0.00928878  0.00928878  0.00308333  0.00000000  0.00617955  0.00308333  0.00308333  0.01241110  0.19612828  0.19612828  0.25450723  0.25885867  0.30383978  0.27206850  0.27206850  0.27206850  0.25450723  0.31317337  0.33703531  0.29921673  0.29462235  0.28100779  0.26763899  0.28551823  0.30849187  0.30849187  0.29921673  0.29462235  0.30849187  0.30849187  0.29005630  0.38202545  0.29921673  0.33220103  0.32262610  0.33703531  0.35173044  0.34190136  0.27206850  0.25450723  0.26323582  
69_1_0     0.03142666  0.02822330  0.00928878  0.00928878  0.00308333  0.00617955  0.00000000  0.00308333  0.00308333  0.01241110  0.19612828  0.19612828  0.26323582  0.26763899  0.30383978  0.28100779  0.28100779  0.28100779  0.26323582  0.31317337  0.33703531  0.29921673  0.30383978  0.29005630  0.27652466  0.29462235  0.31788465  0.31788465  0.30849187  0.30383978  0.31788465  0.31788465  0.29921673  0.38202545  0.30849187  0.34190136  0.33220103  0.33703531  0.36169172  0.35173044  0.28100779  0.26323582  0.27206850  
69_2_0     0.02822330  0.02503374  0.00617955  0.00617955  0.00000000  0.00308333  0.00308333  0.00000000  0.00000000  0.00928878  0.19212929  0.19212929  0.25885867  0.26323582  0.30849187  0.27652466  0.27652466  0.27652466  0.25885867  0.31788465  0.34190136  0.30383978  0.29921673  0.28551823  0.27206850  0.29005630  0.31317337  0.31317337  0.30383978  0.29921673  0.31317337  0.31317337  0.29462235  0.38719732  0.30383978  0.33703531  0.32739809  0.34190136  0.35669433  0.34679960  0.27652466  0.25885867  0.26763899  
60_2_0     0.02822330  0.02503374  0.00617955  0.00617955  0.00000000  0.00308333  0.00308333  0.00000000  0.00000000  0.00928878  0.19212929  0.19212929  0.25885867  0.26323582  0.30849187  0.27652466  0.27652466  0.27652466  0.25885867  0.31788465  0.34190136  0.30383978  0.29921673  0.28551823  0.27206850  0.29005630  0.31317337  0.31317337  0.30383978  0.29921673  0.31317337  0.31317337  0.29462235  0.38719732  0.30383978  0.33703531  0.32739809  0.34190136  0.35669433  0.34679960  0.27652466  0.25885867  0.26763899  
68_1_0     0.03142666  0.02822330  0.01554665  0.01554665  0.00928878  0.01241110  0.01241110  0.00928878  0.00928878  0.00000000  0.19612828  0.19612828  0.25885867  0.26323582  0.30383978  0.28100779  0.27206850  0.27206850  0.26323582  0.32262610  0.33703531  0.30849187  0.30383978  0.29005630  0.27652466  0.28551823  0.31788465  0.31788465  0.30849187  0.30383978  0.31788465  0.31788465  0.29921673  0.39240557  0.30849187  0.34190136  0.33220103  0.34679960  0.36169172  0.35173044  0.28100779  0.26323582  0.27206850  
45_1_0     0.21234377  0.20014899  0.20014899  0.20014899  0.19212929  0.19612828  0.19612828  0.19212929  0.19212929  0.19612828  0.00000000  0.01554665  0.22892224  0.23312550  0.25450723  0.29921673  0.30383978  0.30383978  0.21645372  0.27652466  0.29005630  0.25885867  0.26763899  0.22474270  0.23735275  0.26323582  0.32262610  0.31317337  0.31788465  0.30849187  0.32262610  0.32262610  0.31317337  0.40293324  0.32262610  0.31317337  0.31317337  0.32739809  0.31788465  0.31317337  0.25450723  0.23735275  0.24588033  
2_1_0      0.21234377  0.20014899  0.20014899  0.20014899  0.19212929  0.19612828  0.19612828  0.19212929  0.19212929  0.19612828  0.01554665  0.00000000  0.22474270  0.22892224  0.25885867  0.29005630  0.29462235  0.29462235  0.20825649  0.27652466  0.29005630  0.25885867  0.25450723  0.20825649  0.22058662  0.25450723  0.31317337  0.30383978  0.30849187  0.29921673  0.31317337  0.31317337  0.30383978  0.40293324  0.31317337  0.30383978  0.30383978  0.31788465  0.30849187  0.30383978  0.25450723  0.23735275  0.24588033  
41_0_0     0.27206850  0.25885867  0.26763899  0.26763899  0.25885867  0.25450723  0.26323582  0.25885867  0.25885867  0.25885867  0.22892224  0.22474270  0.00000000  0.00928878  0.10565131  0.21645372  0.21234377  0.21234377  0.20825649  0.27206850  0.30383978  0.25885867  0.25018122  0.21234377  0.21645372  0.24160426  0.30849187  0.29921673  0.30849187  0.30383978  0.31788465  0.31788465  0.29921673  0.34190136  0.30849187  0.27206850  0.28551823  0.27652466  0.28551823  0.28100779  0.18815176  0.18026024  0.20419165  
38_0_0     0.27652466  0.27206850  0.27206850  0.27206850  0.26323582  0.25885867  0.26763899  0.26323582  0.26323582  0.26323582  0.23312550  0.22892224  0.00928878  0.00000000  0.10920854  0.22892224  0.22474270  0.22474270  0.21645372  0.27652466  0.30849187  0.26323582  0.25885867  0.22058662  0.21645372  0.25018122  0.31788465  0.30849187  0.31788465  0.31317337  0.32739809  0.32739809  0.30849187  0.35173044  0.31788465  0.26763899  0.29005630  0.28100779  0.28100779  0.27652466  0.18419549  0.18419549  0.20825649  
27_0_0     0.32262610  0.30849187  0.31788465  0.31788465  0.30849187  0.30383978  0.30383978  0.30849187  0.30849187  0.30383978  0.25450723  0.25885867  0.10565131  0.10920854  0.00000000  0.26763899  0.25885867  0.25885867  0.23312550  0.29005630  0.32739809  0.28551823  0.25885867  0.24588033  0.25018122  0.25885867  0.38202545  0.37178881  0.38202545  0.37688944  0.39240557  0.39240557  0.37178881  0.39765070  0.37178881  0.30849187  0.31317337  0.29462235  0.31317337  0.30849187  0.22892224  0.22892224  0.24160426  
70_0_0     0.28100779  0.25885867  0.28551823  0.28551823  0.27652466  0.27206850  0.28100779  0.27652466  0.27652466  0.28100779  0.29921673  0.29005630  0.21645372  0.22892224  0.26763899  0.00000000  0.01869553  0.01869553  0.21234377  0.31317337  0.32262610  0.32739809  0.24588033  0.23312550  0.23735275  0.24588033  0.33703531  0.33703531  0.33220103  0.33220103  0.34679960  0.34679960  0.32262610  0.39240557  0.32262610  0.29462235  0.29005630  0.30849187  0.29005630  0.29462235  0.27206850  0.24588033  0.27206850  
11_0_0     0.28100779  0.25885867  0.28551823  0.28551823  0.27652466  0.27206850  0.28100779  0.27652466  0.27652466  0.27206850  0.30383978  0.29462235  0.21234377  0.22474270  0.25885867  0.01869553  0.00000000  0.00000000  0.21234377  0.31317337  0.31317337  0.32739809  0.25885867  0.23312550  0.23735275  0.24588033  0.34679960  0.34679960  0.34190136  0.33703531  0.35173044  0.35173044  0.33220103  0.41361272  0.33220103  0.30383978  0.29921673  0.31788465  0.30849187  0.31317337  0.27206850  0.24588033  0.28100779  
17_0_0     0.28100779  0.25885867  0.28551823  0.28551823  0.27652466  0.27206850  0.28100779  0.27652466  0.27652466  0.27206850  0.30383978  0.29462235  0.21234377  0.22474270  0.25885867  0.01869553  0.00000000  0.00000000  0.21234377  0.31317337  0.31317337  0.32739809  0.25885867  0.23312550  0.23735275  0.24588033  0.34679960  0.34679960  0.34190136  0.33703531  0.35173044  0.35173044  0.33220103  0.41361272  0.33220103  0.30383978  0.29921673  0.31788465  0.30849187  0.31317337  0.27206850  0.24588033  0.28100779  
89_0_0     0.25450723  0.24160426  0.26763899  0.26763899  0.25885867  0.25450723  0.26323582  0.25885867  0.25885867  0.26323582  0.21645372  0.20825649  0.20825649  0.21645372  0.23312550  0.21234377  0.21234377  0.21234377  0.00000000  0.13459935  0.16857840  0.12361082  0.11998390  0.10211108  0.08465942  0.09858769  0.24588033  0.23735275  0.25018122  0.22892224  0.24160426  0.24160426  0.23312550  0.31788465  0.25018122  0.27652466  0.29921673  0.28551823  0.29005630  0.28551823  0.20014899  0.18026024  0.20419165  
83_0_0     0.32262610  0.30849187  0.32739809  0.32739809  0.31788465  0.31317337  0.31317337  0.31788465  0.31788465  0.32262610  0.27652466  0.27652466  0.27206850  0.27652466  0.29005630  0.31317337  0.31317337  0.31317337  0.13459935  0.00000000  0.03464393  0.02822330  0.23312550  0.19212929  0.16857840  0.18815176  0.33220103  0.32262610  0.32262610  0.31317337  0.32739809  0.32739809  0.32739809  0.39240557  0.32739809  0.38719732  0.40293324  0.38719732  0.40293324  0.39765070  0.28100779  0.25885867  0.28551823  
80_0_0     0.34679960  0.33220103  0.35173044  0.35173044  0.34190136  0.33703531  0.33703531  0.34190136  0.34190136  0.33703531  0.29005630  0.29005630  0.30383978  0.30849187  0.32739809  0.32262610  0.31317337  0.31317337  0.16857840  0.03464393  0.00000000  0.05756487  0.26763899  0.21234377  0.19612828  0.21645372  0.35173044  0.34190136  0.34190136  0.33703531  0.35173044  0.35173044  0.34679960  0.42444844  0.34679960  0.38719732  0.39240557  0.38719732  0.40825373  0.39765070  0.29921673  0.27652466  0.31317337  
94_0_0     0.30849187  0.29462235  0.31317337  0.31317337  0.30383978  0.29921673  0.29921673  0.30383978  0.30383978  0.30849187  0.25885867  0.25885867  0.25885867  0.26323582  0.28551823  0.32739809  0.32739809  0.32739809  0.12361082  0.02822330  0.05756487  0.00000000  0.22058662  0.18815176  0.16472505  0.18419549  0.30849187  0.30849187  0.30849187  0.29005630  0.30383978  0.30383978  0.30383978  0.37688944  0.31317337  0.38202545  0.39765070  0.38202545  0.39765070  0.39240557  0.27652466  0.25450723  0.28100779  
93_0_0     0.29462235  0.29005630  0.30849187  0.30849187  0.29921673  0.29462235  0.30383978  0.29921673  0.29921673  0.30383978  0.26763899  0.25450723  0.25018122  0.25885867  0.25885867  0.24588033  0.25885867  0.25885867  0.11998390  0.23312550  0.26763899  0.22058662  0.00000000  0.10211108  0.09858769  0.11278293  0.32739809  0.31788465  0.31788465  0.30849187  0.32262610  0.32262610  0.30849187  0.36672306  0.31788465  0.29005630  0.32262610  0.30849187  0.30383978  0.29005630  0.28100779  0.26323582  0.27206850  
81_0_0     0.28100779  0.26763899  0.29462235  0.29462235  0.28551823  0.28100779  0.29005630  0.28551823  0.28551823  0.29005630  0.22474270  0.20825649  0.21234377  0.22058662  0.24588033  0.23312550  0.23312550  0.23312550  0.10211108  0.19212929  0.21234377  0.18815176  0.10211108  0.00000000  0.03464393  0.04765463  0.29921673  0.29005630  0.29005630  0.27652466  0.29005630  0.29005630  0.28100779  0.36169172  0.29005630  0.25450723  0.27652466  0.27206850  0.26763899  0.26323582  0.21645372  0.19612828  0.22892224  
99_0_0     0.26763899  0.25450723  0.28100779  0.28100779  0.27206850  0.26763899  0.27652466  0.27206850  0.27206850  0.27652466  0.23735275  0.22058662  0.21645372  0.21645372  0.25018122  0.23735275  0.23735275  0.23735275  0.08465942  0.16857840  0.19612828  0.16472505  0.09858769  0.03464393  0.00000000  0.04438046  0.29462235  0.28551823  0.28551823  0.27206850  0.28551823  0.28551823  0.27652466  0.34679960  0.28551823  0.25885867  0.29005630  0.27652466  0.27206850  0.26763899  0.22892224  0.20825649  0.24160426  
90_0_0     0.27652466  0.27206850  0.29921673  0.29921673  0.29005630  0.28551823  0.29462235  0.29005630  0.29005630  0.28551823  0.26323582  0.25450723  0.24160426  0.25018122  0.25885867  0.24588033  0.24588033  0.24588033  0.09858769  0.18815176  0.21645372  0.18419549  0.11278293  0.04765463  0.04438046  0.00000000  0.32262610  0.31317337  0.31317337  0.29921673  0.31317337  0.31317337  0.30383978  0.36672306  0.31317337  0.25885867  0.29005630  0.27652466  0.27206850  0.26763899  0.22892224  0.20014899  0.22474270  
76_6_0     0.30849187  0.32262610  0.31788465  0.31788465  0.31317337  0.30849187  0.31788465  0.31317337  0.31317337  0.31788465  0.32262610  0.31317337  0.30849187  0.31788465  0.38202545  0.33703531  0.34679960  0.34679960  0.24588033  0.33220103  0.35173044  0.30849187  0.32739809  0.29921673  0.29462235  0.32262610  0.00000000  0.01241110  0.02822330  0.01869553  0.02185785  0.02185785  0.01241110  0.11998390  0.01869553  0.36672306  0.39765070  0.37688944  0.39240557  0.37688944  0.33220103  0.31788465  0.33220103  
76_0_0     0.30849187  0.32262610  0.31788465  0.31788465  0.31317337  0.30849187  0.31788465  0.31317337  0.31317337  0.31788465  0.31317337  0.30383978  0.29921673  0.30849187  0.37178881  0.33703531  0.34679960  0.34679960  0.23735275  0.32262610  0.34190136  0.30849187  0.31788465  0.29005630  0.28551823  0.31317337  0.01241110  0.00000000  0.03464393  0.02503374  0.02822330  0.02822330  0.01869553  0.11998390  0.02503374  0.36169172  0.39240557  0.37178881  0.38719732  0.37178881  0.31788465  0.30383978  0.31788465  
96_0_0     0.29921673  0.31317337  0.30849187  0.30849187  0.30383978  0.29921673  0.30849187  0.30383978  0.30383978  0.30849187  0.31788465  0.30849187  0.30849187  0.31788465  0.38202545  0.33220103  0.34190136  0.34190136  0.25018122  0.32262610  0.34190136  0.30849187  0.31788465  0.29005630  0.28551823  0.31317337  0.02822330  0.03464393  0.00000000  0.02822330  0.03142666  0.03142666  0.01869553  0.13829873  0.02822330  0.36672306  0.39765070  0.37688944  0.39240557  0.37688944  0.31317337  0.30849187  0.32262610  
85_0_0     0.29462235  0.30849187  0.30383978  0.30383978  0.29921673  0.29462235  0.30383978  0.29921673  0.29921673  0.30383978  0.30849187  0.29921673  0.30383978  0.31317337  0.37688944  0.33220103  0.33703531  0.33703531  0.22892224  0.31317337  0.33703531  0.29005630  0.30849187  0.27652466  0.27206850  0.29921673  0.01869553  0.02503374  0.02822330  0.00000000  0.00928878  0.00928878  0.01241110  0.12725558  0.01869553  0.36169172  0.39240557  0.37178881  0.37688944  0.37178881  0.31788465  0.30383978  0.31788465  
78_0_0     0.30849187  0.32262610  0.31788465  0.31788465  0.31317337  0.30849187  0.31788465  0.31317337  0.31317337  0.31788465  0.32262610  0.31317337  0.31788465  0.32739809  0.39240557  0.34679960  0.35173044  0.35173044  0.24160426  0.32739809  0.35173044  0.30383978  0.32262610  0.29005630  0.28551823  0.31317337  0.02185785  0.02822330  0.03142666  0.00928878  0.00000000  0.00000000  0.01554665  0.13091836  0.02185785  0.37688944  0.40825373  0.38719732  0.39240557  0.38719732  0.33220103  0.31788465  0.33220103  
78_5_0     0.30849187  0.32262610  0.31788465  0.31788465  0.31317337  0.30849187  0.31788465  0.31317337  0.31317337  0.31788465  0.32262610  0.31317337  0.31788465  0.32739809  0.39240557  0.34679960  0.35173044  0.35173044  0.24160426  0.32739809  0.35173044  0.30383978  0.32262610  0.29005630  0.28551823  0.31317337  0.02185785  0.02822330  0.03142666  0.00928878  0.00000000  0.00000000  0.01554665  0.13091836  0.02185785  0.37688944  0.40825373  0.38719732  0.39240557  0.38719732  0.33220103  0.31788465  0.33220103  
77_0_0     0.29005630  0.30383978  0.29921673  0.29921673  0.29462235  0.29005630  0.29921673  0.29462235  0.29462235  0.29921673  0.31317337  0.30383978  0.29921673  0.30849187  0.37178881  0.32262610  0.33220103  0.33220103  0.23312550  0.32739809  0.34679960  0.30383978  0.30849187  0.28100779  0.27652466  0.30383978  0.01241110  0.01869553  0.01869553  0.01241110  0.01554665  0.01554665  0.00000000  0.11998390  0.01241110  0.35669433  0.38719732  0.36672306  0.38202545  0.36672306  0.31317337  0.29921673  0.31317337  
91_0_0     0.37178881  0.39765070  0.39240557  0.39240557  0.38719732  0.38202545  0.38202545  0.38719732  0.38719732  0.39240557  0.40293324  0.40293324  0.34190136  0.35173044  0.39765070  0.39240557  0.41361272  0.41361272  0.31788465  0.39240557  0.42444844  0.37688944  0.36672306  0.36169172  0.34679960  0.36672306  0.11998390  0.11998390  0.13829873  0.12725558  0.13091836  0.13091836  0.11998390  0.00000000  0.11278293  0.38719732  0.42992634  0.38719732  0.40293324  0.39765070  0.38719732  0.38202545  0.38719732  
79_0_0     0.29921673  0.31317337  0.30849187  0.30849187  0.30383978  0.29921673  0.30849187  0.30383978  0.30383978  0.30849187  0.32262610  0.31317337  0.30849187  0.31788465  0.37178881  0.32262610  0.33220103  0.33220103  0.25018122  0.32739809  0.34679960  0.31317337  0.31788465  0.29005630  0.28551823  0.31317337  0.01869553  0.02503374  0.02822330  0.01869553  0.02185785  0.02185785  0.01241110  0.11278293  0.00000000  0.35669433  0.38719732  0.36672306  0.37178881  0.36672306  0.32262610  0.30849187  0.32262610  
92_3_0     0.34190136  0.33703531  0.34679960  0.34679960  0.33703531  0.33220103  0.34190136  0.33703531  0.33703531  0.34190136  0.31317337  0.30383978  0.27206850  0.26763899  0.30849187  0.29462235  0.30383978  0.30383978  0.27652466  0.38719732  0.38719732  0.38202545  0.29005630  0.25450723  0.25885867  0.25885867  0.36672306  0.36169172  0.36672306  0.36169172  0.37688944  0.37688944  0.35669433  0.38719732  0.35669433  0.00000000  0.04438046  0.02185785  0.01554665  0.00617955  0.22058662  0.20419165  0.22058662  
97_3_0     0.34190136  0.31788465  0.33703531  0.33703531  0.32739809  0.32262610  0.33220103  0.32739809  0.32739809  0.33220103  0.31317337  0.30383978  0.28551823  0.29005630  0.31317337  0.29005630  0.29921673  0.29921673  0.29921673  0.40293324  0.39240557  0.39765070  0.32262610  0.27652466  0.29005630  0.29005630  0.39765070  0.39240557  0.39765070  0.39240557  0.40825373  0.40825373  0.38719732  0.42992634  0.38719732  0.04438046  0.00000000  0.04112071  0.05424670  0.04438046  0.22892224  0.21234377  0.22892224  
95_3_0     0.35669433  0.34190136  0.35173044  0.35173044  0.34190136  0.33703531  0.33703531  0.34190136  0.34190136  0.34679960  0.32739809  0.31788465  0.27652466  0.28100779  0.29462235  0.30849187  0.31788465  0.31788465  0.28551823  0.38719732  0.38719732  0.38202545  0.30849187  0.27206850  0.27652466  0.27652466  0.37688944  0.37178881  0.37688944  0.37178881  0.38719732  0.38719732  0.36672306  0.38719732  0.36672306  0.02185785  0.04112071  0.00000000  0.03142666  0.02185785  0.21645372  0.20014899  0.21645372  
95_4_0     0.36169172  0.35669433  0.36672306  0.36672306  0.35669433  0.35173044  0.36169172  0.35669433  0.35669433  0.36169172  0.31788465  0.30849187  0.28551823  0.28100779  0.31317337  0.29005630  0.30849187  0.30849187  0.29005630  0.40293324  0.40825373  0.39765070  0.30383978  0.26763899  0.27206850  0.27206850  0.39240557  0.38719732  0.39240557  0.37688944  0.39240557  0.39240557  0.38202545  0.40293324  0.37178881  0.01554665  0.05424670  0.03142666  0.00000000  0.00928878  0.23312550  0.22474270  0.23312550  
97_4_0     0.35173044  0.34679960  0.35669433  0.35669433  0.34679960  0.34190136  0.35173044  0.34679960  0.34679960  0.35173044  0.31317337  0.30383978  0.28100779  0.27652466  0.30849187  0.29462235  0.31317337  0.31317337  0.28551823  0.39765070  0.39765070  0.39240557  0.29005630  0.26323582  0.26763899  0.26763899  0.37688944  0.37178881  0.37688944  0.37178881  0.38719732  0.38719732  0.36672306  0.39765070  0.36672306  0.00617955  0.04438046  0.02185785  0.00928878  0.00000000  0.22058662  0.21234377  0.22058662  
92_0_0     0.28100779  0.26763899  0.28551823  0.28551823  0.27652466  0.27206850  0.28100779  0.27652466  0.27652466  0.28100779  0.25450723  0.25450723  0.18815176  0.18419549  0.22892224  0.27206850  0.27206850  0.27206850  0.20014899  0.28100779  0.29921673  0.27652466  0.28100779  0.21645372  0.22892224  0.22892224  0.33220103  0.31788465  0.31317337  0.31788465  0.33220103  0.33220103  0.31317337  0.38719732  0.32262610  0.22058662  0.22892224  0.21645372  0.23312550  0.22058662  0.00000000  0.04438046  0.07098825  
95_0_0     0.27206850  0.25018122  0.26763899  0.26763899  0.25885867  0.25450723  0.26323582  0.25885867  0.25885867  0.26323582  0.23735275  0.23735275  0.18026024  0.18419549  0.22892224  0.24588033  0.24588033  0.24588033  0.18026024  0.25885867  0.27652466  0.25450723  0.26323582  0.19612828  0.20825649  0.20014899  0.31788465  0.30383978  0.30849187  0.30383978  0.31788465  0.31788465  0.29921673  0.38202545  0.30849187  0.20419165  0.21234377  0.20014899  0.22474270  0.21234377  0.04438046  0.00000000  0.02503374  
97_0_0     0.28100779  0.26763899  0.26763899  0.26763899  0.26763899  0.26323582  0.27206850  0.26763899  0.26763899  0.27206850  0.24588033  0.24588033  0.20419165  0.20825649  0.24160426  0.27206850  0.28100779  0.28100779  0.20419165  0.28551823  0.31317337  0.28100779  0.27206850  0.22892224  0.24160426  0.22474270  0.33220103  0.31788465  0.32262610  0.31788465  0.33220103  0.33220103  0.31317337  0.38719732  0.32262610  0.22058662  0.22892224  0.21645372  0.23312550  0.22058662  0.07098825  0.02503374  0.00000000  

