11
9_1_0      0.00000000  0.06986883  0.05314884  0.04765856  0.14081111  0.12850416  0.15966469  0.12850416  0.13463200  0.12242672  0.14081111  
7_1_0      0.06986883  0.00000000  0.04765856  0.04220878  0.15966469  0.12242672  0.15332655  0.12242672  0.12850416  0.12850416  0.13463200  
13_1_0     0.05314884  0.04765856  0.00000000  0.00514609  0.12242672  0.08697602  0.11639887  0.08697602  0.09276759  0.09276759  0.09860492  
14_1_0     0.04765856  0.04220878  0.00514609  0.00000000  0.11639887  0.08122949  0.11041981  0.08122949  0.08697602  0.08697602  0.09276759  
9_0_0      0.14081111  0.15966469  0.12242672  0.11639887  0.00000000  0.04220878  0.07552733  0.04220878  0.04765856  0.04765856  0.05314884  
7_0_0      0.12850416  0.12242672  0.08697602  0.08122949  0.04220878  0.00000000  0.04765856  0.01032827  0.01554706  0.01554706  0.02080299  
14_2_0     0.15966469  0.15332655  0.11639887  0.11041981  0.07552733  0.04765856  0.00000000  0.03679890  0.04220878  0.04220878  0.04765856  
13_2_0     0.12850416  0.12242672  0.08697602  0.08122949  0.04220878  0.01032827  0.03679890  0.00000000  0.00514609  0.00514609  0.01032827  
13_3_0     0.13463200  0.12850416  0.09276759  0.08697602  0.04765856  0.01554706  0.04220878  0.00514609  0.00000000  0.01032827  0.01554706  
14_3_0     0.12242672  0.12850416  0.09276759  0.08697602  0.04765856  0.01554706  0.04220878  0.00514609  0.01032827  0.00000000  0.01554706  
13_0_0     0.14081111  0.13463200  0.09860492  0.09276759  0.05314884  0.02080299  0.04765856  0.01032827  0.01554706  0.01554706  0.00000000  

