46
19_0_0     0.00000000  0.31827511  0.25003719  0.25003719  0.22861168  0.24282674  0.26467069  0.30256237  0.30256237  0.30256237  0.31037735  0.29482843  0.32625741  0.31037735  0.31037735  0.39339217  0.39339217  0.41116468  0.27209656  0.27959712  0.27959712  0.27209656  0.25731804  0.44803324  0.44803324  0.38466227  0.38466227  0.52773521  0.50699696  0.41116468  0.41116468  0.51729400  0.27959712  0.35073016  0.43864381  0.43864381  0.43864381  0.32625741  0.33432608  0.35906953  0.34248301  0.32625741  0.50699696  0.44803324  0.47693246  0.42937113  
27_0_0     0.31827511  0.00000000  0.23568533  0.31827511  0.31827511  0.34248301  0.35073016  0.45754242  0.42937113  0.42937113  0.38466227  0.37603340  0.45754242  0.40222548  0.40222548  0.50699696  0.50699696  0.51729400  0.44803324  0.42937113  0.44803324  0.38466227  0.36750323  0.52773521  0.55996577  0.53832469  0.53832469  0.51729400  0.52773521  0.51729400  0.51729400  0.69171867  0.36750323  0.40222548  0.44803324  0.48681989  0.42021234  0.43864381  0.47693246  0.48681989  0.47693246  0.44803324  0.57102647  0.55996577  0.53832469  0.52773521  
15_0_0     0.25003719  0.23568533  0.00000000  0.23568533  0.27209656  0.25003719  0.27209656  0.34248301  0.35906953  0.27959712  0.38466227  0.36750323  0.38466227  0.35073016  0.35073016  0.47693246  0.47693246  0.50699696  0.30256237  0.33432608  0.41116468  0.32625741  0.31827511  0.45754242  0.43864381  0.40222548  0.40222548  0.50699696  0.50699696  0.45754242  0.45754242  0.55996577  0.31827511  0.36750323  0.42021234  0.42937113  0.41116468  0.38466227  0.42021234  0.44803324  0.39339217  0.42937113  0.51729400  0.45754242  0.50699696  0.45754242  
74_0_0     0.25003719  0.31827511  0.23568533  0.00000000  0.19421620  0.19421620  0.24282674  0.27959712  0.29482843  0.32625741  0.34248301  0.30256237  0.29482843  0.28717389  0.28717389  0.31827511  0.31827511  0.31827511  0.27959712  0.31827511  0.33432608  0.27209656  0.27209656  0.54906673  0.48681989  0.43864381  0.43864381  0.37603340  0.38466227  0.42021234  0.42021234  0.53832469  0.32625741  0.35906953  0.38466227  0.36750323  0.32625741  0.36750323  0.37603340  0.35073016  0.38466227  0.36750323  0.43864381  0.47693246  0.46717442  0.49684019  
80_0_0     0.22861168  0.31827511  0.27209656  0.19421620  0.00000000  0.13603999  0.16779830  0.25003719  0.26467069  0.34248301  0.35073016  0.29482843  0.37603340  0.33432608  0.33432608  0.33432608  0.33432608  0.33432608  0.30256237  0.27959712  0.38466227  0.31827511  0.31827511  0.49684019  0.42937113  0.40222548  0.40222548  0.45754242  0.46717442  0.43864381  0.43864381  0.54906673  0.37603340  0.40222548  0.36750323  0.39339217  0.43864381  0.35906953  0.34248301  0.35073016  0.31827511  0.36750323  0.45754242  0.46717442  0.47693246  0.48681989  
68_0_0     0.24282674  0.34248301  0.25003719  0.19421620  0.13603999  0.00000000  0.05929067  0.31037735  0.31037735  0.39339217  0.35073016  0.32625741  0.38466227  0.34248301  0.34248301  0.34248301  0.34248301  0.35073016  0.33432608  0.34248301  0.40222548  0.27959712  0.28717389  0.41116468  0.37603340  0.39339217  0.39339217  0.40222548  0.39339217  0.42021234  0.42021234  0.57102647  0.39339217  0.33432608  0.38466227  0.42021234  0.37603340  0.35073016  0.36750323  0.38466227  0.31037735  0.31037735  0.38466227  0.47693246  0.42937113  0.42021234  
66_0_0     0.26467069  0.35073016  0.27209656  0.24282674  0.16779830  0.05929067  0.00000000  0.29482843  0.27959712  0.36750323  0.32625741  0.35073016  0.37603340  0.34248301  0.34248301  0.33432608  0.33432608  0.34248301  0.32625741  0.35073016  0.39339217  0.28717389  0.27959712  0.38466227  0.38466227  0.36750323  0.36750323  0.42021234  0.40222548  0.39339217  0.39339217  0.55996577  0.41116468  0.36750323  0.38466227  0.42021234  0.37603340  0.38466227  0.38466227  0.42021234  0.34248301  0.37603340  0.42021234  0.44803324  0.46717442  0.45754242  
17_0_0     0.30256237  0.45754242  0.34248301  0.27959712  0.25003719  0.31037735  0.29482843  0.00000000  0.04264738  0.14858148  0.16133751  0.35906953  0.37603340  0.35906953  0.35906953  0.38466227  0.38466227  0.38466227  0.35906953  0.35906953  0.46717442  0.35073016  0.35906953  0.55996577  0.51729400  0.48681989  0.48681989  0.49684019  0.48681989  0.47693246  0.47693246  0.60522838  0.46717442  0.43864381  0.41116468  0.40222548  0.35906953  0.40222548  0.37603340  0.38466227  0.37603340  0.42937113  0.53832469  0.48681989  0.50699696  0.53832469  
42_0_0     0.30256237  0.42937113  0.35906953  0.29482843  0.26467069  0.31037735  0.27959712  0.04264738  0.00000000  0.14858148  0.16133751  0.39339217  0.36750323  0.35073016  0.35073016  0.38466227  0.38466227  0.37603340  0.39339217  0.39339217  0.46717442  0.36750323  0.37603340  0.58225371  0.57102647  0.49684019  0.49684019  0.52773521  0.49684019  0.50699696  0.50699696  0.57102647  0.43864381  0.42937113  0.38466227  0.39339217  0.35906953  0.40222548  0.39339217  0.38466227  0.41116468  0.42937113  0.49684019  0.43864381  0.46717442  0.47693246  
71_0_0     0.30256237  0.42937113  0.27959712  0.32625741  0.34248301  0.39339217  0.36750323  0.14858148  0.14858148  0.00000000  0.19421620  0.41116468  0.43864381  0.35906953  0.35906953  0.42021234  0.42021234  0.44803324  0.35073016  0.38466227  0.46717442  0.38466227  0.36750323  0.53832469  0.53832469  0.47693246  0.47693246  0.53832469  0.52773521  0.44803324  0.44803324  0.55996577  0.43864381  0.45754242  0.50699696  0.49684019  0.43864381  0.42937113  0.41116468  0.41116468  0.43864381  0.46717442  0.54906673  0.50699696  0.61698673  0.58225371  
50_0_0     0.31037735  0.38466227  0.38466227  0.34248301  0.35073016  0.35073016  0.32625741  0.16133751  0.16133751  0.19421620  0.00000000  0.36750323  0.41116468  0.35906953  0.35906953  0.42021234  0.42021234  0.39339217  0.42937113  0.39339217  0.42021234  0.45754242  0.42937113  0.54906673  0.60522838  0.53832469  0.53832469  0.50699696  0.50699696  0.48681989  0.48681989  0.60522838  0.39339217  0.40222548  0.51729400  0.52773521  0.41116468  0.42937113  0.45754242  0.41116468  0.42937113  0.46717442  0.49684019  0.47693246  0.52773521  0.53832469  
95_0_0     0.29482843  0.37603340  0.36750323  0.30256237  0.29482843  0.32625741  0.35073016  0.35906953  0.39339217  0.41116468  0.36750323  0.00000000  0.42021234  0.36750323  0.36750323  0.38466227  0.38466227  0.38466227  0.27959712  0.29482843  0.33432608  0.35906953  0.38466227  0.53832469  0.52773521  0.50699696  0.50699696  0.55996577  0.54906673  0.48681989  0.48681989  0.58225371  0.41116468  0.46717442  0.41116468  0.36750323  0.42937113  0.42937113  0.46717442  0.45754242  0.35073016  0.43864381  0.57102647  0.55996577  0.52773521  0.51729400  
38_0_0     0.32625741  0.45754242  0.38466227  0.29482843  0.37603340  0.38466227  0.37603340  0.37603340  0.36750323  0.43864381  0.41116468  0.42021234  0.00000000  0.18752347  0.18752347  0.44803324  0.44803324  0.42937113  0.35906953  0.37603340  0.34248301  0.34248301  0.34248301  0.52773521  0.57102647  0.48681989  0.48681989  0.53832469  0.49684019  0.50699696  0.50699696  0.53832469  0.43864381  0.44803324  0.48681989  0.44803324  0.45754242  0.31037735  0.35906953  0.36750323  0.46717442  0.39339217  0.55996577  0.47693246  0.53832469  0.54906673  
61_0_0     0.31037735  0.40222548  0.35073016  0.28717389  0.33432608  0.34248301  0.34248301  0.35906953  0.35073016  0.35906953  0.35906953  0.36750323  0.18752347  0.00000000  0.00000000  0.49684019  0.49684019  0.47693246  0.36750323  0.43864381  0.43864381  0.35906953  0.33432608  0.55996577  0.53832469  0.49684019  0.49684019  0.48681989  0.43864381  0.47693246  0.47693246  0.55996577  0.39339217  0.45754242  0.43864381  0.45754242  0.48681989  0.39339217  0.44803324  0.42021234  0.51729400  0.40222548  0.51729400  0.47693246  0.51729400  0.49684019  
79_0_0     0.31037735  0.40222548  0.35073016  0.28717389  0.33432608  0.34248301  0.34248301  0.35906953  0.35073016  0.35906953  0.35906953  0.36750323  0.18752347  0.00000000  0.00000000  0.49684019  0.49684019  0.47693246  0.36750323  0.43864381  0.43864381  0.35906953  0.33432608  0.55996577  0.53832469  0.49684019  0.49684019  0.48681989  0.43864381  0.47693246  0.47693246  0.55996577  0.39339217  0.45754242  0.43864381  0.45754242  0.48681989  0.39339217  0.44803324  0.42021234  0.51729400  0.40222548  0.51729400  0.47693246  0.51729400  0.49684019  
34_0_0     0.39339217  0.50699696  0.47693246  0.31827511  0.33432608  0.34248301  0.33432608  0.38466227  0.38466227  0.42021234  0.42021234  0.38466227  0.44803324  0.49684019  0.49684019  0.00000000  0.00000000  0.02101885  0.24282674  0.24282674  0.30256237  0.26467069  0.25731804  0.52773521  0.53832469  0.51729400  0.51729400  0.59365257  0.61698673  0.51729400  0.51729400  0.59365257  0.55996577  0.54906673  0.55996577  0.52773521  0.46717442  0.40222548  0.40222548  0.39339217  0.43864381  0.46717442  0.52773521  0.65341691  0.53832469  0.52773521  
60_0_0     0.39339217  0.50699696  0.47693246  0.31827511  0.33432608  0.34248301  0.33432608  0.38466227  0.38466227  0.42021234  0.42021234  0.38466227  0.44803324  0.49684019  0.49684019  0.00000000  0.00000000  0.02101885  0.24282674  0.24282674  0.30256237  0.26467069  0.25731804  0.52773521  0.53832469  0.51729400  0.51729400  0.59365257  0.61698673  0.51729400  0.51729400  0.59365257  0.55996577  0.54906673  0.55996577  0.52773521  0.46717442  0.40222548  0.40222548  0.39339217  0.43864381  0.46717442  0.52773521  0.65341691  0.53832469  0.52773521  
78_0_0     0.41116468  0.51729400  0.50699696  0.31827511  0.33432608  0.35073016  0.34248301  0.38466227  0.37603340  0.44803324  0.39339217  0.38466227  0.42937113  0.47693246  0.47693246  0.02101885  0.02101885  0.00000000  0.27209656  0.25731804  0.31827511  0.27959712  0.27209656  0.54906673  0.52773521  0.54906673  0.54906673  0.58225371  0.60522838  0.52773521  0.52773521  0.57102647  0.53832469  0.52773521  0.57102647  0.55996577  0.46717442  0.42937113  0.42937113  0.42021234  0.45754242  0.44803324  0.50699696  0.62893346  0.50699696  0.51729400  
47_0_0     0.27209656  0.44803324  0.30256237  0.27959712  0.30256237  0.33432608  0.32625741  0.35906953  0.39339217  0.35073016  0.42937113  0.27959712  0.35906953  0.36750323  0.36750323  0.24282674  0.24282674  0.27209656  0.00000000  0.10557915  0.18752347  0.18752347  0.16779830  0.48681989  0.43864381  0.45754242  0.45754242  0.58225371  0.60522838  0.47693246  0.47693246  0.55996577  0.40222548  0.47693246  0.47693246  0.45754242  0.48681989  0.38466227  0.41116468  0.40222548  0.37603340  0.43864381  0.51729400  0.57102647  0.53832469  0.52773521  
64_0_0     0.27959712  0.42937113  0.33432608  0.31827511  0.27959712  0.34248301  0.35073016  0.35906953  0.39339217  0.38466227  0.39339217  0.29482843  0.37603340  0.43864381  0.43864381  0.24282674  0.24282674  0.25731804  0.10557915  0.00000000  0.18089027  0.23568533  0.21466254  0.53832469  0.50699696  0.51729400  0.51729400  0.65341691  0.69171867  0.55996577  0.55996577  0.59365257  0.47693246  0.51729400  0.51729400  0.48681989  0.46717442  0.35906953  0.35073016  0.42937113  0.35073016  0.42937113  0.58225371  0.54906673  0.54906673  0.53832469  
91_0_0     0.27959712  0.44803324  0.41116468  0.33432608  0.38466227  0.40222548  0.39339217  0.46717442  0.46717442  0.46717442  0.42021234  0.33432608  0.34248301  0.43864381  0.43864381  0.30256237  0.30256237  0.31827511  0.18752347  0.18089027  0.00000000  0.27959712  0.24282674  0.54906673  0.54906673  0.47693246  0.47693246  0.61698673  0.61698673  0.46717442  0.46717442  0.48681989  0.41116468  0.45754242  0.50699696  0.46717442  0.50699696  0.40222548  0.44803324  0.42021234  0.46717442  0.47693246  0.54906673  0.59365257  0.55996577  0.51729400  
87_0_0     0.27209656  0.38466227  0.32625741  0.27209656  0.31827511  0.27959712  0.28717389  0.35073016  0.36750323  0.38466227  0.45754242  0.35906953  0.34248301  0.35906953  0.35906953  0.26467069  0.26467069  0.27959712  0.18752347  0.23568533  0.27959712  0.00000000  0.04815398  0.42021234  0.40222548  0.42937113  0.42937113  0.53832469  0.54906673  0.46717442  0.46717442  0.57102647  0.42021234  0.42937113  0.46717442  0.46717442  0.48681989  0.35073016  0.41116468  0.41116468  0.42021234  0.38466227  0.54906673  0.59365257  0.50699696  0.53832469  
89_0_0     0.25731804  0.36750323  0.31827511  0.27209656  0.31827511  0.28717389  0.27959712  0.35906953  0.37603340  0.36750323  0.42937113  0.38466227  0.34248301  0.33432608  0.33432608  0.25731804  0.25731804  0.27209656  0.16779830  0.21466254  0.24282674  0.04815398  0.00000000  0.42021234  0.41116468  0.42021234  0.42021234  0.55996577  0.58225371  0.49684019  0.49684019  0.54906673  0.38466227  0.42021234  0.43864381  0.45754242  0.46717442  0.35073016  0.37603340  0.36750323  0.40222548  0.38466227  0.48681989  0.55996577  0.47693246  0.52773521  
43_0_0     0.44803324  0.52773521  0.45754242  0.54906673  0.49684019  0.41116468  0.38466227  0.55996577  0.58225371  0.53832469  0.54906673  0.53832469  0.52773521  0.55996577  0.55996577  0.52773521  0.52773521  0.54906673  0.48681989  0.53832469  0.54906673  0.42021234  0.42021234  0.00000000  0.08788256  0.16779830  0.16779830  0.40222548  0.35906953  0.24282674  0.24282674  0.39339217  0.57102647  0.59365257  0.60522838  0.62893346  0.54906673  0.49684019  0.46717442  0.47693246  0.55996577  0.53832469  0.59365257  0.67873160  0.55996577  0.57102647  
21_0_0     0.44803324  0.55996577  0.43864381  0.48681989  0.42937113  0.37603340  0.38466227  0.51729400  0.57102647  0.53832469  0.60522838  0.52773521  0.57102647  0.53832469  0.53832469  0.53832469  0.53832469  0.52773521  0.43864381  0.50699696  0.54906673  0.40222548  0.41116468  0.08788256  0.00000000  0.14858148  0.14858148  0.33432608  0.29482843  0.20096955  0.20096955  0.35906953  0.54906673  0.53832469  0.53832469  0.55996577  0.55996577  0.54906673  0.47693246  0.48681989  0.50699696  0.50699696  0.52773521  0.71839171  0.49684019  0.50699696  
98_0_0     0.38466227  0.53832469  0.40222548  0.43864381  0.40222548  0.39339217  0.36750323  0.48681989  0.49684019  0.47693246  0.53832469  0.50699696  0.48681989  0.49684019  0.49684019  0.51729400  0.51729400  0.54906673  0.45754242  0.51729400  0.47693246  0.42937113  0.42021234  0.16779830  0.14858148  0.00000000  0.00000000  0.26467069  0.22861168  0.12370594  0.12370594  0.37603340  0.47693246  0.54906673  0.52773521  0.57102647  0.54906673  0.48681989  0.45754242  0.46717442  0.55996577  0.58225371  0.60522838  0.65341691  0.57102647  0.58225371  
26_0_0     0.38466227  0.53832469  0.40222548  0.43864381  0.40222548  0.39339217  0.36750323  0.48681989  0.49684019  0.47693246  0.53832469  0.50699696  0.48681989  0.49684019  0.49684019  0.51729400  0.51729400  0.54906673  0.45754242  0.51729400  0.47693246  0.42937113  0.42021234  0.16779830  0.14858148  0.00000000  0.00000000  0.26467069  0.22861168  0.12370594  0.12370594  0.37603340  0.47693246  0.54906673  0.52773521  0.57102647  0.54906673  0.48681989  0.45754242  0.46717442  0.55996577  0.58225371  0.60522838  0.65341691  0.57102647  0.58225371  
100_0_0    0.52773521  0.51729400  0.50699696  0.37603340  0.45754242  0.40222548  0.42021234  0.49684019  0.52773521  0.53832469  0.50699696  0.55996577  0.53832469  0.48681989  0.48681989  0.59365257  0.59365257  0.58225371  0.58225371  0.65341691  0.61698673  0.53832469  0.55996577  0.40222548  0.33432608  0.26467069  0.26467069  0.00000000  0.04815398  0.19421620  0.19421620  0.55996577  0.47693246  0.51729400  0.49684019  0.54906673  0.50699696  0.60522838  0.53832469  0.61698673  0.58225371  0.59365257  0.54906673  0.67873160  0.55996577  0.60522838  
51_0_0     0.50699696  0.52773521  0.50699696  0.38466227  0.46717442  0.39339217  0.40222548  0.48681989  0.49684019  0.52773521  0.50699696  0.54906673  0.49684019  0.43864381  0.43864381  0.61698673  0.61698673  0.60522838  0.60522838  0.69171867  0.61698673  0.54906673  0.58225371  0.35906953  0.29482843  0.22861168  0.22861168  0.04815398  0.00000000  0.17431555  0.17431555  0.50699696  0.47693246  0.49684019  0.48681989  0.54906673  0.49684019  0.53832469  0.47693246  0.53832469  0.55996577  0.50699696  0.57102647  0.69171867  0.57102647  0.57102647  
73_0_0     0.41116468  0.51729400  0.45754242  0.42021234  0.43864381  0.42021234  0.39339217  0.47693246  0.50699696  0.44803324  0.48681989  0.48681989  0.50699696  0.47693246  0.47693246  0.51729400  0.51729400  0.52773521  0.47693246  0.55996577  0.46717442  0.46717442  0.49684019  0.24282674  0.20096955  0.12370594  0.12370594  0.19421620  0.17431555  0.00000000  0.00000000  0.40222548  0.50699696  0.48681989  0.60522838  0.57102647  0.51729400  0.49684019  0.54906673  0.52773521  0.58225371  0.58225371  0.57102647  0.65341691  0.59365257  0.57102647  
85_0_0     0.41116468  0.51729400  0.45754242  0.42021234  0.43864381  0.42021234  0.39339217  0.47693246  0.50699696  0.44803324  0.48681989  0.48681989  0.50699696  0.47693246  0.47693246  0.51729400  0.51729400  0.52773521  0.47693246  0.55996577  0.46717442  0.46717442  0.49684019  0.24282674  0.20096955  0.12370594  0.12370594  0.19421620  0.17431555  0.00000000  0.00000000  0.40222548  0.50699696  0.48681989  0.60522838  0.57102647  0.51729400  0.49684019  0.54906673  0.52773521  0.58225371  0.58225371  0.57102647  0.65341691  0.59365257  0.57102647  
99_0_0     0.51729400  0.69171867  0.55996577  0.53832469  0.54906673  0.57102647  0.55996577  0.60522838  0.57102647  0.55996577  0.60522838  0.58225371  0.53832469  0.55996577  0.55996577  0.59365257  0.59365257  0.57102647  0.55996577  0.59365257  0.48681989  0.57102647  0.54906673  0.39339217  0.35906953  0.37603340  0.37603340  0.55996577  0.50699696  0.40222548  0.40222548  0.00000000  0.58225371  0.58225371  0.67873160  0.62893346  0.64107471  0.58225371  0.60522838  0.58225371  0.64107471  0.62893346  0.62893346  0.73209476  0.66596684  0.67873160  
11_0_0     0.27959712  0.36750323  0.31827511  0.32625741  0.37603340  0.39339217  0.41116468  0.46717442  0.43864381  0.43864381  0.39339217  0.41116468  0.43864381  0.39339217  0.39339217  0.55996577  0.55996577  0.53832469  0.40222548  0.47693246  0.41116468  0.42021234  0.38466227  0.57102647  0.54906673  0.47693246  0.47693246  0.47693246  0.47693246  0.50699696  0.50699696  0.58225371  0.00000000  0.12370594  0.25731804  0.27209656  0.29482843  0.42937113  0.47693246  0.46717442  0.43864381  0.41116468  0.44803324  0.48681989  0.45754242  0.42021234  
1_0_0      0.35073016  0.40222548  0.36750323  0.35906953  0.40222548  0.33432608  0.36750323  0.43864381  0.42937113  0.45754242  0.40222548  0.46717442  0.44803324  0.45754242  0.45754242  0.54906673  0.54906673  0.52773521  0.47693246  0.51729400  0.45754242  0.42937113  0.42021234  0.59365257  0.53832469  0.54906673  0.54906673  0.51729400  0.49684019  0.48681989  0.48681989  0.58225371  0.12370594  0.00000000  0.22861168  0.25731804  0.26467069  0.42937113  0.49684019  0.46717442  0.43864381  0.39339217  0.42937113  0.47693246  0.49684019  0.45754242  
2_0_0      0.43864381  0.44803324  0.42021234  0.38466227  0.36750323  0.38466227  0.38466227  0.41116468  0.38466227  0.50699696  0.51729400  0.41116468  0.48681989  0.43864381  0.43864381  0.55996577  0.55996577  0.57102647  0.47693246  0.51729400  0.50699696  0.46717442  0.43864381  0.60522838  0.53832469  0.52773521  0.52773521  0.49684019  0.48681989  0.60522838  0.60522838  0.67873160  0.25731804  0.22861168  0.00000000  0.07631392  0.22861168  0.53832469  0.50699696  0.48681989  0.48681989  0.50699696  0.48681989  0.60522838  0.47693246  0.45754242  
5_0_0      0.43864381  0.48681989  0.42937113  0.36750323  0.39339217  0.42021234  0.42021234  0.40222548  0.39339217  0.49684019  0.52773521  0.36750323  0.44803324  0.45754242  0.45754242  0.52773521  0.52773521  0.55996577  0.45754242  0.48681989  0.46717442  0.46717442  0.45754242  0.62893346  0.55996577  0.57102647  0.57102647  0.54906673  0.54906673  0.57102647  0.57102647  0.62893346  0.27209656  0.25731804  0.07631392  0.00000000  0.21466254  0.44803324  0.44803324  0.43864381  0.43864381  0.44803324  0.51729400  0.64107471  0.48681989  0.46717442  
12_0_0     0.43864381  0.42021234  0.41116468  0.32625741  0.43864381  0.37603340  0.37603340  0.35906953  0.35906953  0.43864381  0.41116468  0.42937113  0.45754242  0.48681989  0.48681989  0.46717442  0.46717442  0.46717442  0.48681989  0.46717442  0.50699696  0.48681989  0.46717442  0.54906673  0.55996577  0.54906673  0.54906673  0.50699696  0.49684019  0.51729400  0.51729400  0.64107471  0.29482843  0.26467069  0.22861168  0.21466254  0.00000000  0.37603340  0.37603340  0.40222548  0.38466227  0.38466227  0.45754242  0.50699696  0.45754242  0.46717442  
5_1_0      0.32625741  0.43864381  0.38466227  0.36750323  0.35906953  0.35073016  0.38466227  0.40222548  0.40222548  0.42937113  0.42937113  0.42937113  0.31037735  0.39339217  0.39339217  0.40222548  0.40222548  0.42937113  0.38466227  0.35906953  0.40222548  0.35073016  0.35073016  0.49684019  0.54906673  0.48681989  0.48681989  0.60522838  0.53832469  0.49684019  0.49684019  0.58225371  0.42937113  0.42937113  0.53832469  0.44803324  0.37603340  0.00000000  0.07059622  0.11157259  0.15493222  0.12984747  0.51729400  0.50699696  0.44803324  0.44803324  
2_1_0      0.33432608  0.47693246  0.42021234  0.37603340  0.34248301  0.36750323  0.38466227  0.37603340  0.39339217  0.41116468  0.45754242  0.46717442  0.35906953  0.44803324  0.44803324  0.40222548  0.40222548  0.42937113  0.41116468  0.35073016  0.44803324  0.41116468  0.37603340  0.46717442  0.47693246  0.45754242  0.45754242  0.53832469  0.47693246  0.54906673  0.54906673  0.60522838  0.47693246  0.49684019  0.50699696  0.44803324  0.37603340  0.07059622  0.00000000  0.12984747  0.16133751  0.13603999  0.51729400  0.59365257  0.46717442  0.46717442  
12_1_0     0.35906953  0.48681989  0.44803324  0.35073016  0.35073016  0.38466227  0.42021234  0.38466227  0.38466227  0.41116468  0.41116468  0.45754242  0.36750323  0.42021234  0.42021234  0.39339217  0.39339217  0.42021234  0.40222548  0.42937113  0.42021234  0.41116468  0.36750323  0.47693246  0.48681989  0.46717442  0.46717442  0.61698673  0.53832469  0.52773521  0.52773521  0.58225371  0.46717442  0.46717442  0.48681989  0.43864381  0.40222548  0.11157259  0.12984747  0.00000000  0.18089027  0.15493222  0.43864381  0.50699696  0.44803324  0.44803324  
1_1_0      0.34248301  0.47693246  0.39339217  0.38466227  0.31827511  0.31037735  0.34248301  0.37603340  0.41116468  0.43864381  0.42937113  0.35073016  0.46717442  0.51729400  0.51729400  0.43864381  0.43864381  0.45754242  0.37603340  0.35073016  0.46717442  0.42021234  0.40222548  0.55996577  0.50699696  0.55996577  0.55996577  0.58225371  0.55996577  0.58225371  0.58225371  0.64107471  0.43864381  0.43864381  0.48681989  0.43864381  0.38466227  0.15493222  0.16133751  0.18089027  0.00000000  0.10557915  0.45754242  0.52773521  0.46717442  0.48681989  
11_1_0     0.32625741  0.44803324  0.42937113  0.36750323  0.36750323  0.31037735  0.37603340  0.42937113  0.42937113  0.46717442  0.46717442  0.43864381  0.39339217  0.40222548  0.40222548  0.46717442  0.46717442  0.44803324  0.43864381  0.42937113  0.47693246  0.38466227  0.38466227  0.53832469  0.50699696  0.58225371  0.58225371  0.59365257  0.50699696  0.58225371  0.58225371  0.62893346  0.41116468  0.39339217  0.50699696  0.44803324  0.38466227  0.12984747  0.13603999  0.15493222  0.10557915  0.00000000  0.43864381  0.51729400  0.46717442  0.42937113  
9_0_0      0.50699696  0.57102647  0.51729400  0.43864381  0.45754242  0.38466227  0.42021234  0.53832469  0.49684019  0.54906673  0.49684019  0.57102647  0.55996577  0.51729400  0.51729400  0.52773521  0.52773521  0.50699696  0.51729400  0.58225371  0.54906673  0.54906673  0.48681989  0.59365257  0.52773521  0.60522838  0.60522838  0.54906673  0.57102647  0.57102647  0.57102647  0.62893346  0.44803324  0.42937113  0.48681989  0.51729400  0.45754242  0.51729400  0.51729400  0.43864381  0.45754242  0.43864381  0.00000000  0.22861168  0.11761459  0.12984747  
7_0_0      0.44803324  0.55996577  0.45754242  0.47693246  0.46717442  0.47693246  0.44803324  0.48681989  0.43864381  0.50699696  0.47693246  0.55996577  0.47693246  0.47693246  0.47693246  0.65341691  0.65341691  0.62893346  0.57102647  0.54906673  0.59365257  0.59365257  0.55996577  0.67873160  0.71839171  0.65341691  0.65341691  0.67873160  0.69171867  0.65341691  0.65341691  0.73209476  0.48681989  0.47693246  0.60522838  0.64107471  0.50699696  0.50699696  0.59365257  0.50699696  0.52773521  0.51729400  0.22861168  0.00000000  0.25731804  0.25003719  
14_0_0     0.47693246  0.53832469  0.50699696  0.46717442  0.47693246  0.42937113  0.46717442  0.50699696  0.46717442  0.61698673  0.52773521  0.52773521  0.53832469  0.51729400  0.51729400  0.53832469  0.53832469  0.50699696  0.53832469  0.54906673  0.55996577  0.50699696  0.47693246  0.55996577  0.49684019  0.57102647  0.57102647  0.55996577  0.57102647  0.59365257  0.59365257  0.66596684  0.45754242  0.49684019  0.47693246  0.48681989  0.45754242  0.44803324  0.46717442  0.44803324  0.46717442  0.46717442  0.11761459  0.25731804  0.00000000  0.05929067  
13_0_0     0.42937113  0.52773521  0.45754242  0.49684019  0.48681989  0.42021234  0.45754242  0.53832469  0.47693246  0.58225371  0.53832469  0.51729400  0.54906673  0.49684019  0.49684019  0.52773521  0.52773521  0.51729400  0.52773521  0.53832469  0.51729400  0.53832469  0.52773521  0.57102647  0.50699696  0.58225371  0.58225371  0.60522838  0.57102647  0.57102647  0.57102647  0.67873160  0.42021234  0.45754242  0.45754242  0.46717442  0.46717442  0.44803324  0.46717442  0.44803324  0.48681989  0.42937113  0.12984747  0.25003719  0.05929067  0.00000000  

