46
66_0_0     0.00000000  0.00000000  0.12159067  0.13268335  0.09989082  0.11066141  0.08927435  0.08927435  0.12159067  0.11066141  0.11066141  0.13268335  0.12159067  0.12159067  0.15537903  0.14394440  0.14394440  0.15537903  0.14394440  0.19077995  0.20296586  0.20296586  0.17879097  0.16699265  0.12159067  0.13268335  0.12159067  0.12159067  0.22795511  0.22795511  0.22795511  0.16699265  0.21535528  0.21535528  0.14394440  0.13268335  0.13268335  0.14394440  0.14394440  0.14394440  0.14394440  0.14394440  0.13268335  0.13268335  0.13268335  0.13268335  
81_0_0     0.00000000  0.00000000  0.12159067  0.13268335  0.09989082  0.11066141  0.08927435  0.08927435  0.12159067  0.11066141  0.11066141  0.13268335  0.12159067  0.12159067  0.15537903  0.14394440  0.14394440  0.15537903  0.14394440  0.19077995  0.20296586  0.20296586  0.17879097  0.16699265  0.12159067  0.13268335  0.12159067  0.12159067  0.22795511  0.22795511  0.22795511  0.16699265  0.21535528  0.21535528  0.14394440  0.13268335  0.13268335  0.14394440  0.14394440  0.14394440  0.14394440  0.14394440  0.13268335  0.13268335  0.13268335  0.13268335  
100_0_0    0.12159067  0.12159067  0.00000000  0.00940516  0.07880767  0.08927435  0.06848660  0.06848660  0.12159067  0.11066141  0.11066141  0.19077995  0.17879097  0.15537903  0.16699265  0.17879097  0.17879097  0.19077995  0.17879097  0.20296586  0.21535528  0.21535528  0.16699265  0.15537903  0.17879097  0.19077995  0.17879097  0.17879097  0.29437907  0.29437907  0.29437907  0.22795511  0.24077264  0.24077264  0.15537903  0.14394440  0.14394440  0.15537903  0.15537903  0.15537903  0.17879097  0.17879097  0.16699265  0.16699265  0.16699265  0.16699265  
100_6_0    0.13268335  0.13268335  0.00940516  0.00000000  0.06848660  0.07880767  0.05830715  0.05830715  0.11066141  0.09989082  0.09989082  0.17879097  0.16699265  0.14394440  0.17879097  0.16699265  0.16699265  0.17879097  0.16699265  0.19077995  0.20296586  0.20296586  0.15537903  0.14394440  0.16699265  0.17879097  0.16699265  0.16699265  0.28060998  0.28060998  0.28060998  0.21535528  0.24077264  0.24077264  0.14394440  0.13268335  0.15537903  0.14394440  0.14394440  0.14394440  0.16699265  0.16699265  0.17879097  0.17879097  0.15537903  0.15537903  
77_0_0     0.09989082  0.09989082  0.07880767  0.06848660  0.00000000  0.00940516  0.00940516  0.00940516  0.07880767  0.06848660  0.06848660  0.15537903  0.14394440  0.16699265  0.17879097  0.16699265  0.16699265  0.17879097  0.16699265  0.19077995  0.20296586  0.20296586  0.17879097  0.16699265  0.14394440  0.13268335  0.14394440  0.14394440  0.25381551  0.25381551  0.25381551  0.19077995  0.21535528  0.21535528  0.14394440  0.13268335  0.15537903  0.14394440  0.14394440  0.14394440  0.16699265  0.16699265  0.17879097  0.17879097  0.13268335  0.13268335  
61_0_0     0.11066141  0.11066141  0.08927435  0.07880767  0.00940516  0.00000000  0.01893108  0.01893108  0.08927435  0.07880767  0.07880767  0.14394440  0.13268335  0.15537903  0.16699265  0.15537903  0.15537903  0.16699265  0.15537903  0.17879097  0.19077995  0.19077995  0.16699265  0.15537903  0.13268335  0.12159067  0.13268335  0.13268335  0.24077264  0.24077264  0.24077264  0.17879097  0.22795511  0.22795511  0.13268335  0.12159067  0.14394440  0.13268335  0.13268335  0.13268335  0.15537903  0.15537903  0.16699265  0.16699265  0.12159067  0.12159067  
56_0_0     0.08927435  0.08927435  0.06848660  0.05830715  0.00940516  0.01893108  0.00000000  0.00000000  0.06848660  0.05830715  0.05830715  0.14394440  0.13268335  0.15537903  0.16699265  0.15537903  0.15537903  0.16699265  0.15537903  0.20296586  0.21535528  0.21535528  0.16699265  0.15537903  0.13268335  0.14394440  0.13268335  0.13268335  0.24077264  0.24077264  0.24077264  0.17879097  0.20296586  0.20296586  0.13268335  0.12159067  0.14394440  0.13268335  0.13268335  0.13268335  0.15537903  0.15537903  0.16699265  0.16699265  0.12159067  0.12159067  
59_0_0     0.08927435  0.08927435  0.06848660  0.05830715  0.00940516  0.01893108  0.00000000  0.00000000  0.06848660  0.05830715  0.05830715  0.14394440  0.13268335  0.15537903  0.16699265  0.15537903  0.15537903  0.16699265  0.15537903  0.20296586  0.21535528  0.21535528  0.16699265  0.15537903  0.13268335  0.14394440  0.13268335  0.13268335  0.24077264  0.24077264  0.24077264  0.17879097  0.20296586  0.20296586  0.13268335  0.12159067  0.14394440  0.13268335  0.13268335  0.13268335  0.15537903  0.15537903  0.16699265  0.16699265  0.12159067  0.12159067  
92_0_0     0.12159067  0.12159067  0.12159067  0.11066141  0.07880767  0.08927435  0.06848660  0.06848660  0.00000000  0.00940516  0.00940516  0.19077995  0.17879097  0.17879097  0.21535528  0.20296586  0.20296586  0.21535528  0.20296586  0.25381551  0.26709178  0.26709178  0.19077995  0.17879097  0.15537903  0.16699265  0.15537903  0.15537903  0.26709178  0.26709178  0.26709178  0.22795511  0.21535528  0.21535528  0.17879097  0.16699265  0.19077995  0.17879097  0.17879097  0.17879097  0.20296586  0.20296586  0.21535528  0.21535528  0.16699265  0.16699265  
52_0_0     0.11066141  0.11066141  0.11066141  0.09989082  0.06848660  0.07880767  0.05830715  0.05830715  0.00940516  0.00000000  0.00000000  0.17879097  0.16699265  0.16699265  0.20296586  0.19077995  0.19077995  0.20296586  0.19077995  0.24077264  0.25381551  0.25381551  0.20296586  0.19077995  0.14394440  0.15537903  0.14394440  0.14394440  0.28060998  0.28060998  0.28060998  0.21535528  0.20296586  0.20296586  0.16699265  0.15537903  0.17879097  0.16699265  0.16699265  0.16699265  0.19077995  0.19077995  0.20296586  0.20296586  0.15537903  0.15537903  
96_0_0     0.11066141  0.11066141  0.11066141  0.09989082  0.06848660  0.07880767  0.05830715  0.05830715  0.00940516  0.00000000  0.00000000  0.17879097  0.16699265  0.16699265  0.20296586  0.19077995  0.19077995  0.20296586  0.19077995  0.24077264  0.25381551  0.25381551  0.20296586  0.19077995  0.14394440  0.15537903  0.14394440  0.14394440  0.28060998  0.28060998  0.28060998  0.21535528  0.20296586  0.20296586  0.16699265  0.15537903  0.17879097  0.16699265  0.16699265  0.16699265  0.19077995  0.19077995  0.20296586  0.20296586  0.15537903  0.15537903  
7_2_0      0.13268335  0.13268335  0.19077995  0.17879097  0.15537903  0.14394440  0.14394440  0.14394440  0.19077995  0.17879097  0.17879097  0.00000000  0.00940516  0.05830715  0.08927435  0.03835791  0.05830715  0.06848660  0.05830715  0.07880767  0.06848660  0.06848660  0.08927435  0.07880767  0.03835791  0.04826548  0.03835791  0.03835791  0.11066141  0.11066141  0.09989082  0.07880767  0.16699265  0.16699265  0.05830715  0.04826548  0.04826548  0.05830715  0.05830715  0.05830715  0.03835791  0.03835791  0.04826548  0.04826548  0.04826548  0.04826548  
2_2_0      0.12159067  0.12159067  0.17879097  0.16699265  0.14394440  0.13268335  0.13268335  0.13268335  0.17879097  0.16699265  0.16699265  0.00940516  0.00000000  0.04826548  0.07880767  0.02858091  0.04826548  0.05830715  0.04826548  0.08927435  0.07880767  0.07880767  0.07880767  0.06848660  0.02858091  0.03835791  0.02858091  0.02858091  0.12159067  0.12159067  0.11066141  0.08927435  0.16699265  0.16699265  0.04826548  0.03835791  0.05830715  0.04826548  0.04826548  0.04826548  0.02858091  0.02858091  0.03835791  0.03835791  0.03835791  0.03835791  
46_2_0     0.12159067  0.12159067  0.15537903  0.14394440  0.16699265  0.15537903  0.15537903  0.15537903  0.17879097  0.16699265  0.16699265  0.05830715  0.04826548  0.00000000  0.04826548  0.01893108  0.01893108  0.02858091  0.01893108  0.05830715  0.06848660  0.06848660  0.06848660  0.05830715  0.03835791  0.04826548  0.03835791  0.03835791  0.15537903  0.15537903  0.16699265  0.09989082  0.17879097  0.17879097  0.05830715  0.04826548  0.06848660  0.05830715  0.05830715  0.05830715  0.05830715  0.05830715  0.06848660  0.06848660  0.04826548  0.04826548  
5_2_0      0.15537903  0.15537903  0.16699265  0.17879097  0.17879097  0.16699265  0.16699265  0.16699265  0.21535528  0.20296586  0.20296586  0.08927435  0.07880767  0.04826548  0.00000000  0.04826548  0.04826548  0.05830715  0.04826548  0.08927435  0.09989082  0.09989082  0.09989082  0.08927435  0.06848660  0.07880767  0.06848660  0.06848660  0.14394440  0.14394440  0.15537903  0.11066141  0.17879097  0.17879097  0.08927435  0.07880767  0.07880767  0.08927435  0.08927435  0.08927435  0.08927435  0.08927435  0.07880767  0.07880767  0.07880767  0.07880767  
32_2_0     0.14394440  0.14394440  0.17879097  0.16699265  0.16699265  0.15537903  0.15537903  0.15537903  0.20296586  0.19077995  0.19077995  0.03835791  0.02858091  0.01893108  0.04826548  0.00000000  0.01893108  0.02858091  0.01893108  0.05830715  0.04826548  0.04826548  0.06848660  0.05830715  0.03835791  0.04826548  0.03835791  0.03835791  0.13268335  0.13268335  0.14394440  0.09989082  0.17879097  0.17879097  0.05830715  0.04826548  0.06848660  0.05830715  0.05830715  0.05830715  0.03835791  0.03835791  0.04826548  0.04826548  0.04826548  0.04826548  
42_2_0     0.14394440  0.14394440  0.17879097  0.16699265  0.16699265  0.15537903  0.15537903  0.15537903  0.20296586  0.19077995  0.19077995  0.05830715  0.04826548  0.01893108  0.04826548  0.01893108  0.00000000  0.00940516  0.00000000  0.05830715  0.06848660  0.06848660  0.06848660  0.05830715  0.03835791  0.04826548  0.03835791  0.03835791  0.15537903  0.15537903  0.16699265  0.09989082  0.17879097  0.17879097  0.05830715  0.04826548  0.06848660  0.05830715  0.05830715  0.05830715  0.05830715  0.05830715  0.06848660  0.06848660  0.04826548  0.04826548  
37_2_0     0.15537903  0.15537903  0.19077995  0.17879097  0.17879097  0.16699265  0.16699265  0.16699265  0.21535528  0.20296586  0.20296586  0.06848660  0.05830715  0.02858091  0.05830715  0.02858091  0.00940516  0.00000000  0.00940516  0.06848660  0.07880767  0.07880767  0.07880767  0.06848660  0.04826548  0.05830715  0.04826548  0.04826548  0.16699265  0.16699265  0.17879097  0.11066141  0.19077995  0.19077995  0.06848660  0.05830715  0.07880767  0.06848660  0.06848660  0.06848660  0.06848660  0.06848660  0.07880767  0.07880767  0.05830715  0.05830715  
39_2_0     0.14394440  0.14394440  0.17879097  0.16699265  0.16699265  0.15537903  0.15537903  0.15537903  0.20296586  0.19077995  0.19077995  0.05830715  0.04826548  0.01893108  0.04826548  0.01893108  0.00000000  0.00940516  0.00000000  0.05830715  0.06848660  0.06848660  0.06848660  0.05830715  0.03835791  0.04826548  0.03835791  0.03835791  0.15537903  0.15537903  0.16699265  0.09989082  0.17879097  0.17879097  0.05830715  0.04826548  0.06848660  0.05830715  0.05830715  0.05830715  0.05830715  0.05830715  0.06848660  0.06848660  0.04826548  0.04826548  
28_4_0     0.19077995  0.19077995  0.20296586  0.19077995  0.19077995  0.17879097  0.20296586  0.20296586  0.25381551  0.24077264  0.24077264  0.07880767  0.08927435  0.05830715  0.08927435  0.05830715  0.05830715  0.06848660  0.05830715  0.00000000  0.00940516  0.00940516  0.08927435  0.07880767  0.07880767  0.06848660  0.07880767  0.07880767  0.17879097  0.17879097  0.19077995  0.12159067  0.19077995  0.19077995  0.09989082  0.08927435  0.08927435  0.09989082  0.09989082  0.09989082  0.09989082  0.09989082  0.11066141  0.11066141  0.08927435  0.08927435  
28_2_0     0.20296586  0.20296586  0.21535528  0.20296586  0.20296586  0.19077995  0.21535528  0.21535528  0.26709178  0.25381551  0.25381551  0.06848660  0.07880767  0.06848660  0.09989082  0.04826548  0.06848660  0.07880767  0.06848660  0.00940516  0.00000000  0.00000000  0.09989082  0.08927435  0.08927435  0.07880767  0.08927435  0.08927435  0.16699265  0.16699265  0.17879097  0.13268335  0.20296586  0.20296586  0.11066141  0.09989082  0.09989082  0.11066141  0.11066141  0.11066141  0.08927435  0.08927435  0.09989082  0.09989082  0.09989082  0.09989082  
27_2_0     0.20296586  0.20296586  0.21535528  0.20296586  0.20296586  0.19077995  0.21535528  0.21535528  0.26709178  0.25381551  0.25381551  0.06848660  0.07880767  0.06848660  0.09989082  0.04826548  0.06848660  0.07880767  0.06848660  0.00940516  0.00000000  0.00000000  0.09989082  0.08927435  0.08927435  0.07880767  0.08927435  0.08927435  0.16699265  0.16699265  0.17879097  0.13268335  0.20296586  0.20296586  0.11066141  0.09989082  0.09989082  0.11066141  0.11066141  0.11066141  0.08927435  0.08927435  0.09989082  0.09989082  0.09989082  0.09989082  
25_2_0     0.17879097  0.17879097  0.16699265  0.15537903  0.17879097  0.16699265  0.16699265  0.16699265  0.19077995  0.20296586  0.20296586  0.08927435  0.07880767  0.06848660  0.09989082  0.06848660  0.06848660  0.07880767  0.06848660  0.08927435  0.09989082  0.09989082  0.00000000  0.00940516  0.06848660  0.07880767  0.06848660  0.06848660  0.16699265  0.16699265  0.17879097  0.13268335  0.19077995  0.19077995  0.08927435  0.07880767  0.09989082  0.08927435  0.08927435  0.08927435  0.08927435  0.08927435  0.09989082  0.09989082  0.07880767  0.07880767  
35_2_0     0.16699265  0.16699265  0.15537903  0.14394440  0.16699265  0.15537903  0.15537903  0.15537903  0.17879097  0.19077995  0.19077995  0.07880767  0.06848660  0.05830715  0.08927435  0.05830715  0.05830715  0.06848660  0.05830715  0.07880767  0.08927435  0.08927435  0.00940516  0.00000000  0.05830715  0.06848660  0.05830715  0.05830715  0.15537903  0.15537903  0.16699265  0.12159067  0.20296586  0.20296586  0.07880767  0.06848660  0.08927435  0.07880767  0.07880767  0.07880767  0.07880767  0.07880767  0.08927435  0.08927435  0.06848660  0.06848660  
36_2_0     0.12159067  0.12159067  0.17879097  0.16699265  0.14394440  0.13268335  0.13268335  0.13268335  0.15537903  0.14394440  0.14394440  0.03835791  0.02858091  0.03835791  0.06848660  0.03835791  0.03835791  0.04826548  0.03835791  0.07880767  0.08927435  0.08927435  0.06848660  0.05830715  0.00000000  0.00940516  0.00000000  0.00000000  0.13268335  0.13268335  0.14394440  0.07880767  0.17879097  0.17879097  0.03835791  0.02858091  0.04826548  0.03835791  0.03835791  0.03835791  0.03835791  0.03835791  0.04826548  0.04826548  0.02858091  0.02858091  
17_2_0     0.13268335  0.13268335  0.19077995  0.17879097  0.13268335  0.12159067  0.14394440  0.14394440  0.16699265  0.15537903  0.15537903  0.04826548  0.03835791  0.04826548  0.07880767  0.04826548  0.04826548  0.05830715  0.04826548  0.06848660  0.07880767  0.07880767  0.07880767  0.06848660  0.00940516  0.00000000  0.00940516  0.00940516  0.14394440  0.14394440  0.15537903  0.08927435  0.19077995  0.19077995  0.04826548  0.03835791  0.05830715  0.04826548  0.04826548  0.04826548  0.04826548  0.04826548  0.05830715  0.05830715  0.03835791  0.03835791  
12_2_0     0.12159067  0.12159067  0.17879097  0.16699265  0.14394440  0.13268335  0.13268335  0.13268335  0.15537903  0.14394440  0.14394440  0.03835791  0.02858091  0.03835791  0.06848660  0.03835791  0.03835791  0.04826548  0.03835791  0.07880767  0.08927435  0.08927435  0.06848660  0.05830715  0.00000000  0.00940516  0.00000000  0.00000000  0.13268335  0.13268335  0.14394440  0.07880767  0.17879097  0.17879097  0.03835791  0.02858091  0.04826548  0.03835791  0.03835791  0.03835791  0.03835791  0.03835791  0.04826548  0.04826548  0.02858091  0.02858091  
20_2_0     0.12159067  0.12159067  0.17879097  0.16699265  0.14394440  0.13268335  0.13268335  0.13268335  0.15537903  0.14394440  0.14394440  0.03835791  0.02858091  0.03835791  0.06848660  0.03835791  0.03835791  0.04826548  0.03835791  0.07880767  0.08927435  0.08927435  0.06848660  0.05830715  0.00000000  0.00940516  0.00000000  0.00000000  0.13268335  0.13268335  0.14394440  0.07880767  0.17879097  0.17879097  0.03835791  0.02858091  0.04826548  0.03835791  0.03835791  0.03835791  0.03835791  0.03835791  0.04826548  0.04826548  0.02858091  0.02858091  
20_0_0     0.22795511  0.22795511  0.29437907  0.28060998  0.25381551  0.24077264  0.24077264  0.24077264  0.26709178  0.28060998  0.28060998  0.11066141  0.12159067  0.15537903  0.14394440  0.13268335  0.15537903  0.16699265  0.15537903  0.17879097  0.16699265  0.16699265  0.16699265  0.15537903  0.13268335  0.14394440  0.13268335  0.13268335  0.00000000  0.00000000  0.00940516  0.04826548  0.22795511  0.22795511  0.13268335  0.12159067  0.12159067  0.13268335  0.13268335  0.13268335  0.13268335  0.13268335  0.14394440  0.14394440  0.12159067  0.12159067  
12_0_0     0.22795511  0.22795511  0.29437907  0.28060998  0.25381551  0.24077264  0.24077264  0.24077264  0.26709178  0.28060998  0.28060998  0.11066141  0.12159067  0.15537903  0.14394440  0.13268335  0.15537903  0.16699265  0.15537903  0.17879097  0.16699265  0.16699265  0.16699265  0.15537903  0.13268335  0.14394440  0.13268335  0.13268335  0.00000000  0.00000000  0.00940516  0.04826548  0.22795511  0.22795511  0.13268335  0.12159067  0.12159067  0.13268335  0.13268335  0.13268335  0.13268335  0.13268335  0.14394440  0.14394440  0.12159067  0.12159067  
17_0_0     0.22795511  0.22795511  0.29437907  0.28060998  0.25381551  0.24077264  0.24077264  0.24077264  0.26709178  0.28060998  0.28060998  0.09989082  0.11066141  0.16699265  0.15537903  0.14394440  0.16699265  0.17879097  0.16699265  0.19077995  0.17879097  0.17879097  0.17879097  0.16699265  0.14394440  0.15537903  0.14394440  0.14394440  0.00940516  0.00940516  0.00000000  0.05830715  0.21535528  0.21535528  0.14394440  0.13268335  0.13268335  0.14394440  0.14394440  0.14394440  0.14394440  0.14394440  0.15537903  0.15537903  0.13268335  0.13268335  
36_0_0     0.16699265  0.16699265  0.22795511  0.21535528  0.19077995  0.17879097  0.17879097  0.17879097  0.22795511  0.21535528  0.21535528  0.07880767  0.08927435  0.09989082  0.11066141  0.09989082  0.09989082  0.11066141  0.09989082  0.12159067  0.13268335  0.13268335  0.13268335  0.12159067  0.07880767  0.08927435  0.07880767  0.07880767  0.04826548  0.04826548  0.05830715  0.00000000  0.16699265  0.16699265  0.07880767  0.06848660  0.06848660  0.07880767  0.07880767  0.07880767  0.09989082  0.09989082  0.11066141  0.11066141  0.06848660  0.06848660  
25_0_0     0.21535528  0.21535528  0.24077264  0.24077264  0.21535528  0.22795511  0.20296586  0.20296586  0.21535528  0.20296586  0.20296586  0.16699265  0.16699265  0.17879097  0.17879097  0.17879097  0.17879097  0.19077995  0.17879097  0.19077995  0.20296586  0.20296586  0.19077995  0.20296586  0.17879097  0.19077995  0.17879097  0.17879097  0.22795511  0.22795511  0.21535528  0.16699265  0.00000000  0.00000000  0.17879097  0.16699265  0.16699265  0.17879097  0.17879097  0.17879097  0.20296586  0.20296586  0.20296586  0.20296586  0.16699265  0.16699265  
35_0_0     0.21535528  0.21535528  0.24077264  0.24077264  0.21535528  0.22795511  0.20296586  0.20296586  0.21535528  0.20296586  0.20296586  0.16699265  0.16699265  0.17879097  0.17879097  0.17879097  0.17879097  0.19077995  0.17879097  0.19077995  0.20296586  0.20296586  0.19077995  0.20296586  0.17879097  0.19077995  0.17879097  0.17879097  0.22795511  0.22795511  0.21535528  0.16699265  0.00000000  0.00000000  0.17879097  0.16699265  0.16699265  0.17879097  0.17879097  0.17879097  0.20296586  0.20296586  0.20296586  0.20296586  0.16699265  0.16699265  
5_0_0      0.14394440  0.14394440  0.15537903  0.14394440  0.14394440  0.13268335  0.13268335  0.13268335  0.17879097  0.16699265  0.16699265  0.05830715  0.04826548  0.05830715  0.08927435  0.05830715  0.05830715  0.06848660  0.05830715  0.09989082  0.11066141  0.11066141  0.08927435  0.07880767  0.03835791  0.04826548  0.03835791  0.03835791  0.13268335  0.13268335  0.14394440  0.07880767  0.17879097  0.17879097  0.00000000  0.00940516  0.02858091  0.01893108  0.01893108  0.01893108  0.03835791  0.03835791  0.04826548  0.04826548  0.02858091  0.02858091  
32_0_0     0.13268335  0.13268335  0.14394440  0.13268335  0.13268335  0.12159067  0.12159067  0.12159067  0.16699265  0.15537903  0.15537903  0.04826548  0.03835791  0.04826548  0.07880767  0.04826548  0.04826548  0.05830715  0.04826548  0.08927435  0.09989082  0.09989082  0.07880767  0.06848660  0.02858091  0.03835791  0.02858091  0.02858091  0.12159067  0.12159067  0.13268335  0.06848660  0.16699265  0.16699265  0.00940516  0.00000000  0.01893108  0.00940516  0.00940516  0.00940516  0.02858091  0.02858091  0.03835791  0.03835791  0.01893108  0.01893108  
46_0_0     0.13268335  0.13268335  0.14394440  0.15537903  0.15537903  0.14394440  0.14394440  0.14394440  0.19077995  0.17879097  0.17879097  0.04826548  0.05830715  0.06848660  0.07880767  0.06848660  0.06848660  0.07880767  0.06848660  0.08927435  0.09989082  0.09989082  0.09989082  0.08927435  0.04826548  0.05830715  0.04826548  0.04826548  0.12159067  0.12159067  0.13268335  0.06848660  0.16699265  0.16699265  0.02858091  0.01893108  0.00000000  0.02858091  0.02858091  0.02858091  0.04826548  0.04826548  0.03835791  0.03835791  0.03835791  0.03835791  
42_0_0     0.14394440  0.14394440  0.15537903  0.14394440  0.14394440  0.13268335  0.13268335  0.13268335  0.17879097  0.16699265  0.16699265  0.05830715  0.04826548  0.05830715  0.08927435  0.05830715  0.05830715  0.06848660  0.05830715  0.09989082  0.11066141  0.11066141  0.08927435  0.07880767  0.03835791  0.04826548  0.03835791  0.03835791  0.13268335  0.13268335  0.14394440  0.07880767  0.17879097  0.17879097  0.01893108  0.00940516  0.02858091  0.00000000  0.00000000  0.00000000  0.03835791  0.03835791  0.04826548  0.04826548  0.02858091  0.02858091  
39_0_0     0.14394440  0.14394440  0.15537903  0.14394440  0.14394440  0.13268335  0.13268335  0.13268335  0.17879097  0.16699265  0.16699265  0.05830715  0.04826548  0.05830715  0.08927435  0.05830715  0.05830715  0.06848660  0.05830715  0.09989082  0.11066141  0.11066141  0.08927435  0.07880767  0.03835791  0.04826548  0.03835791  0.03835791  0.13268335  0.13268335  0.14394440  0.07880767  0.17879097  0.17879097  0.01893108  0.00940516  0.02858091  0.00000000  0.00000000  0.00000000  0.03835791  0.03835791  0.04826548  0.04826548  0.02858091  0.02858091  
37_0_0     0.14394440  0.14394440  0.15537903  0.14394440  0.14394440  0.13268335  0.13268335  0.13268335  0.17879097  0.16699265  0.16699265  0.05830715  0.04826548  0.05830715  0.08927435  0.05830715  0.05830715  0.06848660  0.05830715  0.09989082  0.11066141  0.11066141  0.08927435  0.07880767  0.03835791  0.04826548  0.03835791  0.03835791  0.13268335  0.13268335  0.14394440  0.07880767  0.17879097  0.17879097  0.01893108  0.00940516  0.02858091  0.00000000  0.00000000  0.00000000  0.03835791  0.03835791  0.04826548  0.04826548  0.02858091  0.02858091  
28_3_0     0.14394440  0.14394440  0.17879097  0.16699265  0.16699265  0.15537903  0.15537903  0.15537903  0.20296586  0.19077995  0.19077995  0.03835791  0.02858091  0.05830715  0.08927435  0.03835791  0.05830715  0.06848660  0.05830715  0.09989082  0.08927435  0.08927435  0.08927435  0.07880767  0.03835791  0.04826548  0.03835791  0.03835791  0.13268335  0.13268335  0.14394440  0.09989082  0.20296586  0.20296586  0.03835791  0.02858091  0.04826548  0.03835791  0.03835791  0.03835791  0.00000000  0.00000000  0.00940516  0.00940516  0.04826548  0.04826548  
27_3_0     0.14394440  0.14394440  0.17879097  0.16699265  0.16699265  0.15537903  0.15537903  0.15537903  0.20296586  0.19077995  0.19077995  0.03835791  0.02858091  0.05830715  0.08927435  0.03835791  0.05830715  0.06848660  0.05830715  0.09989082  0.08927435  0.08927435  0.08927435  0.07880767  0.03835791  0.04826548  0.03835791  0.03835791  0.13268335  0.13268335  0.14394440  0.09989082  0.20296586  0.20296586  0.03835791  0.02858091  0.04826548  0.03835791  0.03835791  0.03835791  0.00000000  0.00000000  0.00940516  0.00940516  0.04826548  0.04826548  
28_0_0     0.13268335  0.13268335  0.16699265  0.17879097  0.17879097  0.16699265  0.16699265  0.16699265  0.21535528  0.20296586  0.20296586  0.04826548  0.03835791  0.06848660  0.07880767  0.04826548  0.06848660  0.07880767  0.06848660  0.11066141  0.09989082  0.09989082  0.09989082  0.08927435  0.04826548  0.05830715  0.04826548  0.04826548  0.14394440  0.14394440  0.15537903  0.11066141  0.20296586  0.20296586  0.04826548  0.03835791  0.03835791  0.04826548  0.04826548  0.04826548  0.00940516  0.00940516  0.00000000  0.00000000  0.05830715  0.05830715  
27_0_0     0.13268335  0.13268335  0.16699265  0.17879097  0.17879097  0.16699265  0.16699265  0.16699265  0.21535528  0.20296586  0.20296586  0.04826548  0.03835791  0.06848660  0.07880767  0.04826548  0.06848660  0.07880767  0.06848660  0.11066141  0.09989082  0.09989082  0.09989082  0.08927435  0.04826548  0.05830715  0.04826548  0.04826548  0.14394440  0.14394440  0.15537903  0.11066141  0.20296586  0.20296586  0.04826548  0.03835791  0.03835791  0.04826548  0.04826548  0.04826548  0.00940516  0.00940516  0.00000000  0.00000000  0.05830715  0.05830715  
7_0_0      0.13268335  0.13268335  0.16699265  0.15537903  0.13268335  0.12159067  0.12159067  0.12159067  0.16699265  0.15537903  0.15537903  0.04826548  0.03835791  0.04826548  0.07880767  0.04826548  0.04826548  0.05830715  0.04826548  0.08927435  0.09989082  0.09989082  0.07880767  0.06848660  0.02858091  0.03835791  0.02858091  0.02858091  0.12159067  0.12159067  0.13268335  0.06848660  0.16699265  0.16699265  0.02858091  0.01893108  0.03835791  0.02858091  0.02858091  0.02858091  0.04826548  0.04826548  0.05830715  0.05830715  0.00000000  0.00000000  
2_0_0      0.13268335  0.13268335  0.16699265  0.15537903  0.13268335  0.12159067  0.12159067  0.12159067  0.16699265  0.15537903  0.15537903  0.04826548  0.03835791  0.04826548  0.07880767  0.04826548  0.04826548  0.05830715  0.04826548  0.08927435  0.09989082  0.09989082  0.07880767  0.06848660  0.02858091  0.03835791  0.02858091  0.02858091  0.12159067  0.12159067  0.13268335  0.06848660  0.16699265  0.16699265  0.02858091  0.01893108  0.03835791  0.02858091  0.02858091  0.02858091  0.04826548  0.04826548  0.05830715  0.05830715  0.00000000  0.00000000  

