30
46_30_0    0.00000000  0.00000000  0.07479477  0.17000644  0.17000644  0.15227633  0.18817800  0.17601350  0.16404842  0.15227633  0.15813864  0.16404842  0.18207041  0.15813864  0.16404842  0.16404842  0.23897083  0.18207041  0.15227633  0.14646073  0.14646073  0.14646073  0.15813864  0.15227633  0.15227633  0.17000644  0.20681356  0.20681356  0.17000644  0.15813864  
46_29_0    0.00000000  0.00000000  0.07479477  0.17000644  0.17000644  0.15227633  0.18817800  0.17601350  0.16404842  0.15227633  0.15813864  0.16404842  0.18207041  0.15813864  0.16404842  0.16404842  0.23897083  0.18207041  0.15227633  0.14646073  0.14646073  0.14646073  0.15813864  0.15227633  0.15227633  0.17000644  0.20681356  0.20681356  0.17000644  0.15813864  
46_11_0    0.07479477  0.07479477  0.00000000  0.18817800  0.18817800  0.18207041  0.21950696  0.17000644  0.17000644  0.19433714  0.17601350  0.18207041  0.20054869  0.17601350  0.19433714  0.19433714  0.24557587  0.21950696  0.17601350  0.17000644  0.17000644  0.18817800  0.20054869  0.18207041  0.18207041  0.22593742  0.23897083  0.23897083  0.22593742  0.22593742  
23_40_0    0.17000644  0.17000644  0.18817800  0.00000000  0.00000000  0.04395118  0.08006451  0.08537258  0.08537258  0.05408824  0.05921006  0.06436808  0.08006451  0.04900211  0.04395118  0.04395118  0.21313266  0.17000644  0.13496672  0.12928689  0.12928689  0.12365092  0.14646073  0.12928689  0.12928689  0.17000644  0.15813864  0.15813864  0.15813864  0.17000644  
34_40_0    0.17000644  0.17000644  0.18817800  0.00000000  0.00000000  0.04395118  0.08006451  0.08537258  0.08537258  0.05408824  0.05921006  0.06436808  0.08006451  0.04900211  0.04395118  0.04395118  0.21313266  0.17000644  0.13496672  0.12928689  0.12928689  0.12365092  0.14646073  0.12928689  0.12928689  0.17000644  0.15813864  0.15813864  0.15813864  0.17000644  
72_43_0    0.15227633  0.15227633  0.18207041  0.04395118  0.04395118  0.00000000  0.04395118  0.03893496  0.03893496  0.00954076  0.03395298  0.03893496  0.05408824  0.02408989  0.02900478  0.02900478  0.20681356  0.15227633  0.11805813  0.11250788  0.11250788  0.10699951  0.14069110  0.10153240  0.10153240  0.15227633  0.17601350  0.17601350  0.16404842  0.16404842  
72_40_0    0.18817800  0.18817800  0.21950696  0.08006451  0.08006451  0.04395118  0.00000000  0.08537258  0.08537258  0.05408824  0.06956280  0.06436808  0.08006451  0.06956280  0.07479477  0.07479477  0.25224122  0.20681356  0.17000644  0.16404842  0.16404842  0.15813864  0.18207041  0.15227633  0.15227633  0.19433714  0.23242503  0.23242503  0.20681356  0.20681356  
50_44_0    0.17601350  0.17601350  0.17000644  0.08537258  0.08537258  0.03893496  0.08537258  0.00000000  0.00954076  0.03893496  0.07479477  0.08006451  0.08537258  0.05408824  0.06956280  0.06956280  0.23242503  0.19433714  0.15813864  0.15227633  0.15227633  0.15227633  0.18817800  0.14646073  0.14646073  0.20054869  0.21313266  0.21313266  0.20054869  0.20054869  
50_45_0    0.16404842  0.16404842  0.17000644  0.08537258  0.08537258  0.03893496  0.08537258  0.00954076  0.00000000  0.03893496  0.06436808  0.06956280  0.08537258  0.05408824  0.06956280  0.06956280  0.22593742  0.18207041  0.14646073  0.14069110  0.14069110  0.14069110  0.18817800  0.13496672  0.13496672  0.20054869  0.21313266  0.21313266  0.20054869  0.20054869  
50_40_0    0.15227633  0.15227633  0.19433714  0.05408824  0.05408824  0.00954076  0.05408824  0.03893496  0.03893496  0.00000000  0.04395118  0.04900211  0.06436808  0.03395298  0.03893496  0.03893496  0.21313266  0.15227633  0.12928689  0.12365092  0.12365092  0.11805813  0.14069110  0.11250788  0.11250788  0.15227633  0.18817800  0.18817800  0.16404842  0.16404842  
71_42_0    0.15813864  0.15813864  0.17601350  0.05921006  0.05921006  0.03395298  0.06956280  0.07479477  0.06436808  0.04395118  0.00000000  0.01435832  0.03893496  0.03893496  0.04395118  0.04395118  0.20054869  0.15813864  0.12365092  0.11805813  0.11805813  0.11250788  0.15813864  0.10699951  0.10699951  0.17000644  0.18207041  0.18207041  0.18207041  0.18207041  
71_41_0    0.16404842  0.16404842  0.18207041  0.06436808  0.06436808  0.03893496  0.06436808  0.08006451  0.06956280  0.04900211  0.01435832  0.00000000  0.03395298  0.04395118  0.04900211  0.04900211  0.20681356  0.16404842  0.12928689  0.12365092  0.12365092  0.11805813  0.16404842  0.11250788  0.11250788  0.16404842  0.18817800  0.18817800  0.17601350  0.17601350  
26_41_0    0.18207041  0.18207041  0.20054869  0.08006451  0.08006451  0.05408824  0.08006451  0.08537258  0.08537258  0.06436808  0.03893496  0.03395298  0.00000000  0.05921006  0.06436808  0.06436808  0.25224122  0.17000644  0.14646073  0.14069110  0.14069110  0.13496672  0.17000644  0.12928689  0.12928689  0.17000644  0.18207041  0.18207041  0.18207041  0.18207041  
26_40_0    0.15813864  0.15813864  0.17601350  0.04900211  0.04900211  0.02408989  0.06956280  0.05408824  0.05408824  0.03395298  0.03893496  0.04395118  0.05921006  0.00000000  0.03395298  0.03395298  0.20054869  0.15227633  0.11805813  0.11250788  0.11250788  0.11250788  0.14646073  0.10699951  0.10699951  0.15813864  0.17000644  0.17000644  0.15813864  0.15813864  
25_40_0    0.16404842  0.16404842  0.19433714  0.04395118  0.04395118  0.02900478  0.07479477  0.06956280  0.06956280  0.03893496  0.04395118  0.04900211  0.06436808  0.03395298  0.00000000  0.00000000  0.20681356  0.15227633  0.11805813  0.11250788  0.11250788  0.10699951  0.14069110  0.11250788  0.11250788  0.15227633  0.17601350  0.17601350  0.16404842  0.16404842  
98_40_0    0.16404842  0.16404842  0.19433714  0.04395118  0.04395118  0.02900478  0.07479477  0.06956280  0.06956280  0.03893496  0.04395118  0.04900211  0.06436808  0.03395298  0.00000000  0.00000000  0.20681356  0.15227633  0.11805813  0.11250788  0.11250788  0.10699951  0.14069110  0.11250788  0.11250788  0.15227633  0.17601350  0.17601350  0.16404842  0.16404842  
20_37_0    0.23897083  0.23897083  0.24557587  0.21313266  0.21313266  0.20681356  0.25224122  0.23242503  0.22593742  0.21313266  0.20054869  0.20681356  0.25224122  0.20054869  0.20681356  0.20681356  0.00000000  0.25896801  0.22593742  0.21950696  0.21950696  0.20054869  0.20681356  0.19433714  0.19433714  0.24557587  0.30787578  0.30787578  0.26575736  0.26575736  
16_21_0    0.18207041  0.18207041  0.21950696  0.17000644  0.17000644  0.15227633  0.20681356  0.19433714  0.18207041  0.15227633  0.15813864  0.16404842  0.17000644  0.15227633  0.15227633  0.15227633  0.25896801  0.00000000  0.04900211  0.04395118  0.04395118  0.08006451  0.11250788  0.07479477  0.07479477  0.12365092  0.17000644  0.17000644  0.15227633  0.15227633  
16_25_0    0.15227633  0.15227633  0.17601350  0.13496672  0.13496672  0.11805813  0.17000644  0.15813864  0.14646073  0.12928689  0.12365092  0.12928689  0.14646073  0.11805813  0.11805813  0.11805813  0.22593742  0.04900211  0.00000000  0.00475479  0.00475479  0.04900211  0.09071953  0.04395118  0.04395118  0.12365092  0.16404842  0.16404842  0.15813864  0.15813864  
16_27_0    0.14646073  0.14646073  0.17000644  0.12928689  0.12928689  0.11250788  0.16404842  0.15227633  0.14069110  0.12365092  0.11805813  0.12365092  0.14069110  0.11250788  0.11250788  0.11250788  0.21950696  0.04395118  0.00475479  0.00000000  0.00000000  0.04395118  0.08537258  0.03893496  0.03893496  0.11805813  0.15813864  0.15813864  0.15227633  0.15227633  
16_16_0    0.14646073  0.14646073  0.17000644  0.12928689  0.12928689  0.11250788  0.16404842  0.15227633  0.14069110  0.12365092  0.11805813  0.12365092  0.14069110  0.11250788  0.11250788  0.11250788  0.21950696  0.04395118  0.00475479  0.00000000  0.00000000  0.04395118  0.08537258  0.03893496  0.03893496  0.11805813  0.15813864  0.15813864  0.15227633  0.15227633  
16_26_0    0.14646073  0.14646073  0.18817800  0.12365092  0.12365092  0.10699951  0.15813864  0.15227633  0.14069110  0.11805813  0.11250788  0.11805813  0.13496672  0.11250788  0.10699951  0.10699951  0.20054869  0.08006451  0.04900211  0.04395118  0.04395118  0.00000000  0.05921006  0.03395298  0.03395298  0.12365092  0.17000644  0.17000644  0.15813864  0.15813864  
16_23_0    0.15813864  0.15813864  0.20054869  0.14646073  0.14646073  0.14069110  0.18207041  0.18817800  0.18817800  0.14069110  0.15813864  0.16404842  0.17000644  0.14646073  0.14069110  0.14069110  0.20681356  0.11250788  0.09071953  0.08537258  0.08537258  0.05921006  0.00000000  0.07479477  0.07479477  0.12365092  0.17000644  0.17000644  0.15813864  0.17000644  
16_22_0    0.15227633  0.15227633  0.18207041  0.12928689  0.12928689  0.10153240  0.15227633  0.14646073  0.13496672  0.11250788  0.10699951  0.11250788  0.12928689  0.10699951  0.11250788  0.11250788  0.19433714  0.07479477  0.04395118  0.03893496  0.03893496  0.03395298  0.07479477  0.00000000  0.00000000  0.11805813  0.17601350  0.17601350  0.15227633  0.15227633  
16_28_0    0.15227633  0.15227633  0.18207041  0.12928689  0.12928689  0.10153240  0.15227633  0.14646073  0.13496672  0.11250788  0.10699951  0.11250788  0.12928689  0.10699951  0.11250788  0.11250788  0.19433714  0.07479477  0.04395118  0.03893496  0.03893496  0.03395298  0.07479477  0.00000000  0.00000000  0.11805813  0.17601350  0.17601350  0.15227633  0.15227633  
33_16_0    0.17000644  0.17000644  0.22593742  0.17000644  0.17000644  0.15227633  0.19433714  0.20054869  0.20054869  0.15227633  0.17000644  0.16404842  0.17000644  0.15813864  0.15227633  0.15227633  0.24557587  0.12365092  0.12365092  0.11805813  0.11805813  0.12365092  0.12365092  0.11805813  0.11805813  0.00000000  0.12365092  0.12365092  0.06956280  0.06956280  
95_34_0    0.20681356  0.20681356  0.23897083  0.15813864  0.15813864  0.17601350  0.23242503  0.21313266  0.21313266  0.18817800  0.18207041  0.18817800  0.18207041  0.17000644  0.17601350  0.17601350  0.30787578  0.17000644  0.16404842  0.15813864  0.15813864  0.17000644  0.17000644  0.17601350  0.17601350  0.12365092  0.00000000  0.00000000  0.08006451  0.09071953  
44_34_0    0.20681356  0.20681356  0.23897083  0.15813864  0.15813864  0.17601350  0.23242503  0.21313266  0.21313266  0.18817800  0.18207041  0.18817800  0.18207041  0.17000644  0.17601350  0.17601350  0.30787578  0.17000644  0.16404842  0.15813864  0.15813864  0.17000644  0.17000644  0.17601350  0.17601350  0.12365092  0.00000000  0.00000000  0.08006451  0.09071953  
95_35_0    0.17000644  0.17000644  0.22593742  0.15813864  0.15813864  0.16404842  0.20681356  0.20054869  0.20054869  0.16404842  0.18207041  0.17601350  0.18207041  0.15813864  0.16404842  0.16404842  0.26575736  0.15227633  0.15813864  0.15227633  0.15227633  0.15813864  0.15813864  0.15227633  0.15227633  0.06956280  0.08006451  0.08006451  0.00000000  0.01920789  
44_35_0    0.15813864  0.15813864  0.22593742  0.17000644  0.17000644  0.16404842  0.20681356  0.20054869  0.20054869  0.16404842  0.18207041  0.17601350  0.18207041  0.15813864  0.16404842  0.16404842  0.26575736  0.15227633  0.15813864  0.15227633  0.15227633  0.15813864  0.17000644  0.15227633  0.15227633  0.06956280  0.09071953  0.09071953  0.01920789  0.00000000  

