25
13_3_0     0.00000000  0.04479109  0.06230320  0.07420959  0.28804619  0.31238726  0.32067995  0.32067995  0.35480041  0.35480041  0.35480041  0.36357902  0.33754593  0.31238726  0.32906547  0.35480041  0.35480041  0.42809057  0.43777735  0.45753500  0.45753500  0.42809057  0.32067995  0.32067995  0.36357902  
12_3_0     0.04479109  0.00000000  0.03333974  0.09860562  0.28010515  0.30418537  0.31238726  0.29607232  0.34612349  0.36357902  0.36357902  0.37246172  0.32906547  0.31238726  0.35480041  0.38145102  0.38145102  0.46761275  0.47782793  0.47782793  0.47782793  0.44759104  0.33754593  0.33754593  0.35480041  
10_3_0     0.06230320  0.03333974  0.00000000  0.11743862  0.28010515  0.30418537  0.31238726  0.30418537  0.36357902  0.38145102  0.38145102  0.39054951  0.35480041  0.33754593  0.38145102  0.40908489  0.40908489  0.48818434  0.49868594  0.49868594  0.49868594  0.46761275  0.33754593  0.33754593  0.35480041  
4_3_0      0.07420959  0.09860562  0.11743862  0.00000000  0.31238726  0.32067995  0.34612349  0.32906547  0.37246172  0.37246172  0.37246172  0.38145102  0.37246172  0.34612349  0.34612349  0.37246172  0.37246172  0.46761275  0.45753500  0.47782793  0.47782793  0.46761275  0.32906547  0.32906547  0.33754593  
12_1_0     0.28804619  0.28010515  0.28010515  0.31238726  0.00000000  0.03333974  0.04479109  0.09243172  0.35480041  0.40908489  0.40908489  0.39975987  0.39054951  0.41852746  0.43777735  0.40908489  0.40908489  0.41852746  0.40908489  0.42809057  0.42809057  0.39054951  0.37246172  0.39054951  0.41852746  
10_1_0     0.31238726  0.30418537  0.30418537  0.32067995  0.03333974  0.00000000  0.04479109  0.11110820  0.37246172  0.40908489  0.40908489  0.39975987  0.39054951  0.44759104  0.44759104  0.41852746  0.43777735  0.40908489  0.39975987  0.41852746  0.43777735  0.38145102  0.38145102  0.39975987  0.42809057  
13_1_0     0.32067995  0.31238726  0.31238726  0.34612349  0.04479109  0.04479109  0.00000000  0.10483083  0.37246172  0.42809057  0.42809057  0.43777735  0.40908489  0.45753500  0.45753500  0.42809057  0.42809057  0.36357902  0.37246172  0.37246172  0.39054951  0.33754593  0.35480041  0.37246172  0.41852746  
4_1_0      0.32067995  0.29607232  0.30418537  0.32906547  0.09243172  0.11110820  0.10483083  0.00000000  0.39975987  0.44759104  0.44759104  0.43777735  0.41852746  0.40908489  0.42809057  0.39975987  0.39975987  0.40908489  0.41852746  0.41852746  0.39975987  0.41852746  0.39054951  0.40908489  0.39054951  
4_2_0      0.35480041  0.34612349  0.36357902  0.37246172  0.35480041  0.37246172  0.37246172  0.39975987  0.00000000  0.06823274  0.07420959  0.07420959  0.05642022  0.19085094  0.19789579  0.19789579  0.19789579  0.42809057  0.39975987  0.41852746  0.41852746  0.40908489  0.34612349  0.36357902  0.34612349  
12_2_0     0.35480041  0.36357902  0.38145102  0.37246172  0.40908489  0.40908489  0.42809057  0.44759104  0.06823274  0.00000000  0.01648440  0.01648440  0.03333974  0.20500752  0.19789579  0.22675703  0.22675703  0.41852746  0.39054951  0.42809057  0.42809057  0.41852746  0.32906547  0.34612349  0.32906547  
10_4_0     0.35480041  0.36357902  0.38145102  0.37246172  0.40908489  0.40908489  0.42809057  0.44759104  0.07420959  0.01648440  0.00000000  0.02206081  0.03904353  0.20500752  0.19789579  0.22675703  0.22675703  0.43777735  0.40908489  0.44759104  0.44759104  0.41852746  0.34612349  0.36357902  0.34612349  
10_2_0     0.36357902  0.37246172  0.39054951  0.38145102  0.39975987  0.39975987  0.43777735  0.43777735  0.07420959  0.01648440  0.02206081  0.00000000  0.03904353  0.21218742  0.20500752  0.23414949  0.23414949  0.44759104  0.41852746  0.45753500  0.45753500  0.42809057  0.35480041  0.37246172  0.35480041  
13_2_0     0.33754593  0.32906547  0.35480041  0.37246172  0.39054951  0.39054951  0.40908489  0.41852746  0.05642022  0.03333974  0.03904353  0.03904353  0.00000000  0.19085094  0.19789579  0.21218742  0.21218742  0.42809057  0.39975987  0.43777735  0.43777735  0.42809057  0.34612349  0.36357902  0.32067995  
4_0_0      0.31238726  0.31238726  0.33754593  0.34612349  0.41852746  0.44759104  0.45753500  0.40908489  0.19085094  0.20500752  0.20500752  0.21218742  0.19085094  0.00000000  0.05642022  0.06823274  0.06823274  0.43777735  0.40908489  0.44759104  0.42809057  0.45753500  0.32067995  0.32067995  0.36357902  
13_0_0     0.32906547  0.35480041  0.38145102  0.34612349  0.43777735  0.44759104  0.45753500  0.42809057  0.19789579  0.19789579  0.19789579  0.20500752  0.19789579  0.05642022  0.00000000  0.04479109  0.05642022  0.47782793  0.44759104  0.48818434  0.46761275  0.47782793  0.34612349  0.36357902  0.40908489  
10_0_0     0.35480041  0.38145102  0.40908489  0.37246172  0.40908489  0.41852746  0.42809057  0.39975987  0.19789579  0.22675703  0.22675703  0.23414949  0.21218742  0.06823274  0.04479109  0.00000000  0.01094920  0.45753500  0.42809057  0.46761275  0.44759104  0.45753500  0.32067995  0.33754593  0.36357902  
12_0_0     0.35480041  0.38145102  0.40908489  0.37246172  0.40908489  0.43777735  0.42809057  0.39975987  0.19789579  0.22675703  0.22675703  0.23414949  0.21218742  0.06823274  0.05642022  0.01094920  0.00000000  0.45753500  0.42809057  0.46761275  0.44759104  0.45753500  0.32067995  0.33754593  0.36357902  
11_0_0     0.42809057  0.46761275  0.48818434  0.46761275  0.41852746  0.40908489  0.36357902  0.40908489  0.42809057  0.41852746  0.43777735  0.44759104  0.42809057  0.43777735  0.47782793  0.45753500  0.45753500  0.00000000  0.02206081  0.01648440  0.02767905  0.06230320  0.39054951  0.39975987  0.40908489  
6_0_0      0.43777735  0.47782793  0.49868594  0.45753500  0.40908489  0.39975987  0.37246172  0.41852746  0.39975987  0.39054951  0.40908489  0.41852746  0.39975987  0.40908489  0.44759104  0.42809057  0.42809057  0.02206081  0.00000000  0.02767905  0.03904353  0.08630830  0.39054951  0.39975987  0.42809057  
14_0_0     0.45753500  0.47782793  0.49868594  0.47782793  0.42809057  0.41852746  0.37246172  0.41852746  0.41852746  0.42809057  0.44759104  0.45753500  0.43777735  0.44759104  0.48818434  0.46761275  0.46761275  0.01648440  0.02767905  0.00000000  0.01094920  0.08023452  0.39975987  0.40908489  0.41852746  
17_0_0     0.45753500  0.47782793  0.49868594  0.47782793  0.42809057  0.43777735  0.39054951  0.39975987  0.41852746  0.42809057  0.44759104  0.45753500  0.43777735  0.42809057  0.46761275  0.44759104  0.44759104  0.02767905  0.03904353  0.01094920  0.00000000  0.09243172  0.39975987  0.40908489  0.39975987  
5_0_0      0.42809057  0.44759104  0.46761275  0.46761275  0.39054951  0.38145102  0.33754593  0.41852746  0.40908489  0.41852746  0.41852746  0.42809057  0.42809057  0.45753500  0.47782793  0.45753500  0.45753500  0.06230320  0.08630830  0.08023452  0.09243172  0.00000000  0.36357902  0.37246172  0.41852746  
1_0_0      0.32067995  0.33754593  0.33754593  0.32906547  0.37246172  0.38145102  0.35480041  0.39054951  0.34612349  0.32906547  0.34612349  0.35480041  0.34612349  0.32067995  0.34612349  0.32067995  0.32067995  0.39054951  0.39054951  0.39975987  0.39975987  0.36357902  0.00000000  0.01094920  0.11110820  
2_0_0      0.32067995  0.33754593  0.33754593  0.32906547  0.39054951  0.39975987  0.37246172  0.40908489  0.36357902  0.34612349  0.36357902  0.37246172  0.36357902  0.32067995  0.36357902  0.33754593  0.33754593  0.39975987  0.39975987  0.40908489  0.40908489  0.37246172  0.01094920  0.00000000  0.12382300  
3_0_0      0.36357902  0.35480041  0.35480041  0.33754593  0.41852746  0.42809057  0.41852746  0.39054951  0.34612349  0.32906547  0.34612349  0.35480041  0.32067995  0.36357902  0.40908489  0.36357902  0.36357902  0.40908489  0.42809057  0.41852746  0.39975987  0.41852746  0.11110820  0.12382300  0.00000000  

