20
11_0_0     0.00000000  0.02055129  0.02055129  0.08584484  0.05611654  0.05611654  0.46267355  0.48826362  0.54224363  0.46267355  0.50139620  0.50139620  0.47535866  0.50139620  0.36829459  0.36829459  0.34645735  0.36829459  0.36829459  0.36829459  
2_0_0      0.02055129  0.00000000  0.00000000  0.06343809  0.03457421  0.03457421  0.47535866  0.47535866  0.55637305  0.47535866  0.51476456  0.51476456  0.48826362  0.51476456  0.35729592  0.35729592  0.33577429  0.35729592  0.35729592  0.35729592  
14_0_0     0.02055129  0.00000000  0.00000000  0.06343809  0.03457421  0.03457421  0.47535866  0.47535866  0.55637305  0.47535866  0.51476456  0.51476456  0.48826362  0.51476456  0.35729592  0.35729592  0.33577429  0.35729592  0.35729592  0.35729592  
13_0_0     0.08584484  0.06343809  0.06343809  0.00000000  0.02752974  0.02752974  0.54224363  0.51476456  0.60044500  0.51476456  0.55637305  0.58546263  0.55637305  0.55637305  0.39079168  0.39079168  0.39079168  0.39079168  0.39079168  0.39079168  
6_0_0      0.05611654  0.03457421  0.03457421  0.02752974  0.00000000  0.00000000  0.54224363  0.51476456  0.60044500  0.51476456  0.55637305  0.58546263  0.55637305  0.55637305  0.39079168  0.39079168  0.39079168  0.41398972  0.41398972  0.41398972  
3_0_0      0.05611654  0.03457421  0.03457421  0.02752974  0.00000000  0.00000000  0.54224363  0.51476456  0.60044500  0.51476456  0.55637305  0.58546263  0.55637305  0.55637305  0.39079168  0.39079168  0.39079168  0.41398972  0.41398972  0.41398972  
9_0_0      0.46267355  0.47535866  0.47535866  0.54224363  0.54224363  0.54224363  0.00000000  0.09346615  0.15741919  0.12475626  0.09346615  0.08584484  0.08584484  0.10116627  0.52837734  0.52837734  0.51476456  0.50139620  0.50139620  0.50139620  
8_0_0      0.48826362  0.47535866  0.47535866  0.51476456  0.51476456  0.51476456  0.09346615  0.00000000  0.17430416  0.10894685  0.09346615  0.10116627  0.08584484  0.10116627  0.52837734  0.52837734  0.58546263  0.55637305  0.55637305  0.55637305  
12_0_0     0.54224363  0.55637305  0.55637305  0.60044500  0.60044500  0.60044500  0.15741919  0.17430416  0.00000000  0.08584484  0.10116627  0.09346615  0.10894685  0.09346615  0.63134566  0.63134566  0.63134566  0.61573505  0.61573505  0.61573505  
4_0_0      0.46267355  0.47535866  0.47535866  0.51476456  0.51476456  0.51476456  0.12475626  0.10894685  0.08584484  0.00000000  0.02752974  0.03457421  0.03457421  0.02055129  0.66358443  0.66358443  0.63134566  0.60044500  0.60044500  0.60044500  
7_0_0      0.50139620  0.51476456  0.51476456  0.55637305  0.55637305  0.55637305  0.09346615  0.09346615  0.10116627  0.02752974  0.00000000  0.02055129  0.02055129  0.00678760  0.61573505  0.61573505  0.58546263  0.55637305  0.55637305  0.55637305  
5_0_0      0.50139620  0.51476456  0.51476456  0.58546263  0.58546263  0.58546263  0.08584484  0.10116627  0.09346615  0.03457421  0.02055129  0.00000000  0.01363765  0.01363765  0.58546263  0.58546263  0.55637305  0.52837734  0.52837734  0.52837734  
10_0_0     0.47535866  0.48826362  0.48826362  0.55637305  0.55637305  0.55637305  0.08584484  0.08584484  0.10894685  0.03457421  0.02055129  0.01363765  0.00000000  0.01363765  0.58546263  0.58546263  0.55637305  0.52837734  0.52837734  0.52837734  
1_0_0      0.50139620  0.51476456  0.51476456  0.55637305  0.55637305  0.55637305  0.10116627  0.10116627  0.09346615  0.02055129  0.00678760  0.01363765  0.01363765  0.00000000  0.61573505  0.61573505  0.58546263  0.55637305  0.55637305  0.55637305  
16_0_0     0.36829459  0.35729592  0.35729592  0.39079168  0.39079168  0.39079168  0.52837734  0.52837734  0.63134566  0.66358443  0.61573505  0.58546263  0.58546263  0.61573505  0.00000000  0.00000000  0.08584484  0.10116627  0.10116627  0.10116627  
20_0_0     0.36829459  0.35729592  0.35729592  0.39079168  0.39079168  0.39079168  0.52837734  0.52837734  0.63134566  0.66358443  0.61573505  0.58546263  0.58546263  0.61573505  0.00000000  0.00000000  0.08584484  0.10116627  0.10116627  0.10116627  
15_0_0     0.34645735  0.33577429  0.33577429  0.39079168  0.39079168  0.39079168  0.51476456  0.58546263  0.63134566  0.63134566  0.58546263  0.55637305  0.55637305  0.58546263  0.08584484  0.08584484  0.00000000  0.02752974  0.02752974  0.02752974  
19_0_0     0.36829459  0.35729592  0.35729592  0.39079168  0.41398972  0.41398972  0.50139620  0.55637305  0.61573505  0.60044500  0.55637305  0.52837734  0.52837734  0.55637305  0.10116627  0.10116627  0.02752974  0.00000000  0.00000000  0.00000000  
17_0_0     0.36829459  0.35729592  0.35729592  0.39079168  0.41398972  0.41398972  0.50139620  0.55637305  0.61573505  0.60044500  0.55637305  0.52837734  0.52837734  0.55637305  0.10116627  0.10116627  0.02752974  0.00000000  0.00000000  0.00000000  
18_0_0     0.36829459  0.35729592  0.35729592  0.39079168  0.41398972  0.41398972  0.50139620  0.55637305  0.61573505  0.60044500  0.55637305  0.52837734  0.52837734  0.55637305  0.10116627  0.10116627  0.02752974  0.00000000  0.00000000  0.00000000  

