20
3_0_0      0.00000000  0.03509837  0.19849277  0.28119575  0.24859999  0.26880489  0.25259744  0.30231570  0.30661238  0.27704256  0.29379585  0.40307810  0.41295062  0.43309637  0.37422086  0.35099738  0.37895357  0.39819039  0.37422086  0.37422086  
6_0_0      0.03509837  0.00000000  0.17645441  0.26471990  0.22505484  0.26065716  0.23673455  0.28957214  0.28957214  0.28119575  0.29804362  0.37422086  0.42800871  0.44857084  0.37895357  0.36484456  0.36951798  0.38850999  0.37895357  0.38371648  
9_0_0      0.19849277  0.17645441  0.00000000  0.28957214  0.29379585  0.31528068  0.31093394  0.33292535  0.34190666  0.31965289  0.31093394  0.37422086  0.46971567  0.45906836  0.39333449  0.40307810  0.43309637  0.44857084  0.43821895  0.44337694  
10_0_0     0.28119575  0.26471990  0.28957214  0.00000000  0.18008256  0.20222995  0.20976093  0.22120187  0.22120187  0.22120187  0.21736870  0.36020022  0.40799803  0.40307810  0.43309637  0.41295062  0.37895357  0.39819039  0.38850999  0.37422086  
1_0_0      0.24859999  0.22505484  0.29379585  0.18008256  0.00000000  0.07508241  0.13766733  0.15504830  0.15153957  0.13423919  0.15153957  0.31093394  0.35099738  0.39819039  0.36951798  0.36020022  0.30661238  0.31965289  0.34190666  0.32847492  
8_0_0      0.26880489  0.26065716  0.31528068  0.20222995  0.07508241  0.00000000  0.15504830  0.17284381  0.17645441  0.15857362  0.17645441  0.32847492  0.34643818  0.36951798  0.36951798  0.35099738  0.33292535  0.34643818  0.34190666  0.33740249  
5_0_0      0.25259744  0.23673455  0.31093394  0.20976093  0.13766733  0.15504830  0.00000000  0.13082674  0.13423919  0.13766733  0.12742981  0.31965289  0.34190666  0.39333449  0.33740249  0.33292535  0.31528068  0.34643818  0.33292535  0.33292535  
2_0_0      0.30231570  0.28957214  0.33292535  0.22120187  0.15504830  0.17284381  0.13082674  0.00000000  0.01442423  0.05944936  0.06878983  0.33740249  0.41793629  0.42295551  0.40307810  0.41295062  0.36020022  0.36484456  0.41793629  0.39333449  
12_0_0     0.30661238  0.28957214  0.34190666  0.22120187  0.15153957  0.17645441  0.13423919  0.01442423  0.00000000  0.06878983  0.07192949  0.32405086  0.40307810  0.42800871  0.41793629  0.40799803  0.35558462  0.36951798  0.40307810  0.38850999  
4_0_0      0.27704256  0.28119575  0.31965289  0.22120187  0.13423919  0.15857362  0.13766733  0.05944936  0.06878983  0.00000000  0.02027291  0.33740249  0.37422086  0.39333449  0.36484456  0.36484456  0.33292535  0.34643818  0.36951798  0.34643818  
11_0_0     0.29379585  0.29804362  0.31093394  0.21736870  0.15153957  0.17645441  0.12742981  0.06878983  0.07192949  0.02027291  0.00000000  0.33740249  0.37422086  0.40307810  0.37422086  0.36484456  0.33292535  0.35558462  0.36951798  0.34643818  
7_0_0      0.40307810  0.37422086  0.37422086  0.36020022  0.31093394  0.32847492  0.31965289  0.33740249  0.32405086  0.33740249  0.33740249  0.00000000  0.48597703  0.46971567  0.40307810  0.41295062  0.43821895  0.43309637  0.43821895  0.42295551  
16_0_0     0.41295062  0.42800871  0.46971567  0.40799803  0.35099738  0.34643818  0.34190666  0.41793629  0.40307810  0.37422086  0.37422086  0.48597703  0.00000000  0.20222995  0.14111129  0.12404828  0.26065716  0.28119575  0.24859999  0.24462384  
20_0_0     0.43309637  0.44857084  0.45906836  0.40307810  0.39819039  0.36951798  0.39333449  0.42295551  0.42800871  0.39333449  0.40307810  0.46971567  0.20222995  0.00000000  0.15857362  0.15153957  0.27704256  0.28957214  0.25259744  0.24066877  
13_0_0     0.37422086  0.37895357  0.39333449  0.43309637  0.36951798  0.36951798  0.33740249  0.40307810  0.41793629  0.36484456  0.37422086  0.40307810  0.14111129  0.15857362  0.00000000  0.02616780  0.22505484  0.20976093  0.21736870  0.21355512  
19_0_0     0.35099738  0.36484456  0.40307810  0.41295062  0.36020022  0.35099738  0.33292535  0.41295062  0.40799803  0.36484456  0.36484456  0.41295062  0.12404828  0.15153957  0.02616780  0.00000000  0.20598594  0.19849277  0.19849277  0.18739223  
14_0_0     0.37895357  0.36951798  0.43309637  0.37895357  0.30661238  0.33292535  0.31528068  0.36020022  0.35558462  0.33292535  0.33292535  0.43821895  0.26065716  0.27704256  0.22505484  0.20598594  0.00000000  0.05022437  0.06254988  0.05944936  
18_0_0     0.39819039  0.38850999  0.44857084  0.39819039  0.31965289  0.34643818  0.34643818  0.36484456  0.36951798  0.34643818  0.35558462  0.43309637  0.28119575  0.28957214  0.20976093  0.19849277  0.05022437  0.00000000  0.08142850  0.07824871  
17_0_0     0.37422086  0.37895357  0.43821895  0.38850999  0.34190666  0.34190666  0.33292535  0.41793629  0.40307810  0.36951798  0.36951798  0.43821895  0.24859999  0.25259744  0.21736870  0.19849277  0.06254988  0.08142850  0.00000000  0.01442423  
15_0_0     0.37422086  0.38371648  0.44337694  0.37422086  0.32847492  0.33740249  0.33292535  0.39333449  0.38850999  0.34643818  0.34643818  0.42295551  0.24462384  0.24066877  0.21355512  0.18739223  0.05944936  0.07824871  0.01442423  0.00000000  

