51
89_0_0     0.00000000  0.24382104  0.27118400  0.25737607  0.21098132  0.21098132  0.25737607  0.26424784  0.25056752  0.24382104  0.22394288  0.23713549  0.35210751  0.35210751  0.38387536  0.39203504  0.37580465  0.38387536  0.35992256  0.34437413  0.23050979  0.20458468  0.20458468  0.24382104  0.25056752  0.23713549  0.29959756  0.31422415  0.31422415  0.29959756  0.36782100  0.39203504  0.35210751  0.35992256  0.32914562  0.33672071  0.33672071  0.37580465  0.36782100  0.37580465  0.37580465  0.38387536  0.37580465  0.36782100  0.36782100  0.39203504  0.36782100  0.29959756  0.29239126  0.36782100  0.36782100  
75_0_0     0.24382104  0.00000000  0.09799816  0.08163583  0.10353365  0.10911086  0.15530936  0.10911086  0.10911086  0.13764528  0.09799816  0.13764528  0.28525444  0.24382104  0.30687473  0.31422415  0.29959756  0.30687473  0.25056752  0.24382104  0.10911086  0.14937437  0.14937437  0.16129233  0.15530936  0.14937437  0.35210751  0.34437413  0.32914562  0.29239126  0.37580465  0.36782100  0.36782100  0.36782100  0.35992256  0.35210751  0.36782100  0.38387536  0.34437413  0.36782100  0.37580465  0.35992256  0.35992256  0.37580465  0.37580465  0.38387536  0.33672071  0.33672071  0.34437413  0.35210751  0.37580465  
75_9_0     0.27118400  0.09799816  0.00000000  0.04480764  0.13764528  0.13184971  0.14937437  0.13764528  0.12609917  0.14937437  0.12609917  0.13764528  0.27818579  0.24382104  0.32164728  0.28525444  0.27118400  0.27818579  0.25056752  0.25737607  0.13184971  0.17340535  0.17340535  0.15530936  0.14937437  0.16129233  0.38387536  0.37580465  0.34437413  0.30687473  0.39203504  0.34437413  0.38387536  0.36782100  0.35992256  0.35210751  0.36782100  0.39203504  0.38387536  0.39203504  0.40028568  0.37580465  0.38387536  0.39203504  0.39203504  0.40028568  0.36782100  0.36782100  0.35992256  0.37580465  0.38387536  
75_10_0    0.25737607  0.08163583  0.04480764  0.00000000  0.12039296  0.13764528  0.14348659  0.13184971  0.12039296  0.15530936  0.12039296  0.16732406  0.27818579  0.24382104  0.30687473  0.29959756  0.28525444  0.31422415  0.25056752  0.24382104  0.12609917  0.17953702  0.17953702  0.17340535  0.15530936  0.16732406  0.38387536  0.36782100  0.33672071  0.29959756  0.39203504  0.37580465  0.38387536  0.36782100  0.35992256  0.35210751  0.36782100  0.36782100  0.34437413  0.38387536  0.39203504  0.37580465  0.38387536  0.39203504  0.39203504  0.38387536  0.35210751  0.35992256  0.35210751  0.35210751  0.37580465  
84_0_0     0.21098132  0.10353365  0.13764528  0.12039296  0.00000000  0.01463653  0.07626113  0.10911086  0.09799816  0.12039296  0.09799816  0.14937437  0.23050979  0.19824285  0.27118400  0.25056752  0.23713549  0.24382104  0.19824285  0.19195490  0.12039296  0.15530936  0.15530936  0.15530936  0.13764528  0.13764528  0.32164728  0.38387536  0.38387536  0.35210751  0.40862934  0.38387536  0.40028568  0.37580465  0.35992256  0.36782100  0.35210751  0.36782100  0.37580465  0.40028568  0.39203504  0.36782100  0.35210751  0.37580465  0.37580465  0.36782100  0.35992256  0.34437413  0.33672071  0.35210751  0.35992256  
80_0_0     0.21098132  0.10911086  0.13184971  0.13764528  0.01463653  0.00000000  0.09250376  0.12609917  0.11473042  0.13764528  0.10353365  0.14348659  0.22394288  0.19824285  0.28525444  0.23713549  0.22394288  0.23713549  0.19824285  0.19824285  0.13764528  0.17340535  0.17340535  0.14937437  0.14348659  0.13184971  0.32914562  0.37580465  0.37580465  0.34437413  0.40862934  0.38387536  0.40028568  0.36782100  0.35992256  0.36782100  0.35210751  0.37580465  0.36782100  0.39203504  0.38387536  0.35992256  0.34437413  0.36782100  0.36782100  0.35992256  0.35210751  0.32914562  0.32164728  0.35210751  0.35992256  
90_0_0     0.25737607  0.15530936  0.14937437  0.14348659  0.07626113  0.09250376  0.00000000  0.14937437  0.13764528  0.16732406  0.14937437  0.17953702  0.28525444  0.25737607  0.27818579  0.25737607  0.24382104  0.26424784  0.24382104  0.24382104  0.14937437  0.16129233  0.16129233  0.17340535  0.16732406  0.17953702  0.32164728  0.41706813  0.39203504  0.40028568  0.39203504  0.35992256  0.38387536  0.34437413  0.32164728  0.32914562  0.32164728  0.35210751  0.38387536  0.38387536  0.36782100  0.36782100  0.35210751  0.34437413  0.35992256  0.36782100  0.35210751  0.36782100  0.35992256  0.33672071  0.32914562  
84_7_0     0.26424784  0.10911086  0.13764528  0.13184971  0.10911086  0.12609917  0.14937437  0.00000000  0.01958041  0.06562741  0.04995793  0.12039296  0.27118400  0.24382104  0.29959756  0.31422415  0.29239126  0.26424784  0.25056752  0.24382104  0.13764528  0.17953702  0.17953702  0.17953702  0.17340535  0.19824285  0.36782100  0.40028568  0.37580465  0.34437413  0.41706813  0.41706813  0.39203504  0.39203504  0.36782100  0.35992256  0.38387536  0.40028568  0.39203504  0.38387536  0.40862934  0.40028568  0.39203504  0.40028568  0.40028568  0.42560425  0.39203504  0.37580465  0.38387536  0.39203504  0.40028568  
84_8_0     0.25056752  0.10911086  0.12609917  0.12039296  0.09799816  0.11473042  0.13764528  0.01958041  0.00000000  0.05514432  0.02956835  0.12039296  0.27118400  0.22394288  0.30687473  0.29959756  0.27118400  0.26424784  0.23050979  0.22394288  0.11473042  0.17953702  0.16732406  0.16129233  0.15530936  0.17953702  0.35992256  0.37580465  0.37580465  0.34437413  0.41706813  0.40028568  0.39203504  0.39203504  0.36782100  0.35992256  0.37580465  0.42560425  0.41706813  0.39203504  0.41706813  0.40862934  0.40028568  0.42560425  0.42560425  0.43423997  0.40028568  0.35992256  0.35210751  0.37580465  0.38387536  
80_7_0     0.24382104  0.13764528  0.14937437  0.15530936  0.12039296  0.13764528  0.16732406  0.06562741  0.05514432  0.00000000  0.06562741  0.12609917  0.25737607  0.23713549  0.34437413  0.32914562  0.29959756  0.28525444  0.27118400  0.25737607  0.12609917  0.15530936  0.14348659  0.15530936  0.14937437  0.17340535  0.35210751  0.37580465  0.35992256  0.32914562  0.40028568  0.38387536  0.37580465  0.39203504  0.38387536  0.37580465  0.39203504  0.37580465  0.40028568  0.39203504  0.42560425  0.39203504  0.38387536  0.40862934  0.40862934  0.41706813  0.41706813  0.36782100  0.35992256  0.37580465  0.36782100  
90_7_0     0.22394288  0.09799816  0.12609917  0.12039296  0.09799816  0.10353365  0.14937437  0.04995793  0.02956835  0.06562741  0.00000000  0.12039296  0.25056752  0.21743373  0.29959756  0.27818579  0.26424784  0.28525444  0.23050979  0.21743373  0.12609917  0.19195490  0.17953702  0.15530936  0.16129233  0.17340535  0.34437413  0.35210751  0.36782100  0.33672071  0.41706813  0.40028568  0.39203504  0.37580465  0.36782100  0.35992256  0.37580465  0.41706813  0.39203504  0.40028568  0.42560425  0.40862934  0.40028568  0.42560425  0.42560425  0.41706813  0.38387536  0.35210751  0.34437413  0.38387536  0.39203504  
100_0_0    0.23713549  0.13764528  0.13764528  0.16732406  0.14937437  0.14348659  0.17953702  0.12039296  0.12039296  0.12609917  0.12039296  0.00000000  0.29239126  0.21743373  0.32914562  0.29239126  0.27118400  0.29239126  0.25056752  0.25737607  0.10353365  0.14348659  0.13184971  0.12609917  0.12039296  0.13764528  0.34437413  0.38387536  0.33672071  0.31422415  0.41706813  0.40862934  0.39203504  0.34437413  0.33672071  0.32914562  0.33672071  0.41706813  0.40862934  0.40028568  0.42560425  0.40028568  0.39203504  0.38387536  0.40028568  0.42560425  0.39203504  0.34437413  0.33672071  0.35992256  0.36782100  
70_0_0     0.35210751  0.28525444  0.27818579  0.27818579  0.23050979  0.22394288  0.28525444  0.27118400  0.27118400  0.25737607  0.25056752  0.29239126  0.00000000  0.10353365  0.17953702  0.10353365  0.10353365  0.20458468  0.10353365  0.09799816  0.31422415  0.32164728  0.30687473  0.29959756  0.27818579  0.28525444  0.42560425  0.40862934  0.47899791  0.45181970  0.49768749  0.47899791  0.48828371  0.47899791  0.47899791  0.48828371  0.49768749  0.45181970  0.46982717  0.51686128  0.51686128  0.44297764  0.43423997  0.47899791  0.44297764  0.44297764  0.44297764  0.46982717  0.46076867  0.46982717  0.47899791  
97_0_0     0.35210751  0.24382104  0.24382104  0.24382104  0.19824285  0.19824285  0.25737607  0.24382104  0.22394288  0.23713549  0.21743373  0.21743373  0.10353365  0.00000000  0.14937437  0.12609917  0.10911086  0.17953702  0.06036731  0.06562741  0.21098132  0.25737607  0.24382104  0.20458468  0.18571992  0.20458468  0.39203504  0.40028568  0.40862934  0.40862934  0.49768749  0.46076867  0.46982717  0.40862934  0.42560425  0.41706813  0.41706813  0.41706813  0.43423997  0.46076867  0.48828371  0.40028568  0.39203504  0.41706813  0.40028568  0.40028568  0.41706813  0.40028568  0.39203504  0.42560425  0.41706813  
99_0_0     0.38387536  0.30687473  0.32164728  0.30687473  0.27118400  0.28525444  0.27818579  0.29959756  0.30687473  0.34437413  0.29959756  0.32914562  0.17953702  0.14937437  0.00000000  0.19824285  0.19195490  0.23713549  0.13764528  0.14937437  0.30687473  0.32164728  0.33672071  0.30687473  0.29959756  0.30687473  0.44297764  0.47899791  0.43423997  0.45181970  0.45181970  0.44297764  0.42560425  0.41706813  0.41706813  0.40862934  0.40862934  0.46076867  0.44297764  0.48828371  0.48828371  0.41706813  0.40028568  0.39203504  0.37580465  0.40862934  0.39203504  0.40028568  0.39203504  0.45181970  0.44297764  
70_13_0    0.39203504  0.31422415  0.28525444  0.29959756  0.25056752  0.23713549  0.25737607  0.31422415  0.29959756  0.32914562  0.27818579  0.29239126  0.10353365  0.12609917  0.19824285  0.00000000  0.03969293  0.19824285  0.11473042  0.11473042  0.32164728  0.32914562  0.31422415  0.29959756  0.29239126  0.28525444  0.46076867  0.46982717  0.45181970  0.46076867  0.50721230  0.47899791  0.49768749  0.46982717  0.47899791  0.47899791  0.48828371  0.46076867  0.46076867  0.48828371  0.46982717  0.46982717  0.46076867  0.45181970  0.45181970  0.45181970  0.46982717  0.47899791  0.46982717  0.46982717  0.45181970  
70_12_0    0.37580465  0.29959756  0.27118400  0.28525444  0.23713549  0.22394288  0.24382104  0.29239126  0.27118400  0.29959756  0.26424784  0.27118400  0.10353365  0.10911086  0.19195490  0.03969293  0.00000000  0.17953702  0.09799816  0.10911086  0.29239126  0.29959756  0.28525444  0.27818579  0.27118400  0.26424784  0.45181970  0.43423997  0.41706813  0.42560425  0.48828371  0.45181970  0.47899791  0.46076867  0.45181970  0.46982717  0.46076867  0.42560425  0.42560425  0.46982717  0.45181970  0.45181970  0.44297764  0.45181970  0.43423997  0.43423997  0.45181970  0.45181970  0.44297764  0.46076867  0.46076867  
99_12_0    0.38387536  0.30687473  0.27818579  0.31422415  0.24382104  0.23713549  0.26424784  0.26424784  0.26424784  0.28525444  0.28525444  0.29239126  0.20458468  0.17953702  0.23713549  0.19824285  0.17953702  0.00000000  0.16732406  0.18571992  0.29959756  0.29959756  0.29959756  0.26424784  0.25737607  0.27118400  0.44297764  0.46076867  0.47899791  0.47899791  0.55676660  0.52663772  0.54658675  0.50721230  0.48828371  0.49768749  0.47899791  0.46076867  0.43423997  0.46982717  0.47899791  0.44297764  0.43423997  0.45181970  0.43423997  0.46076867  0.46076867  0.47899791  0.46982717  0.48828371  0.49768749  
97_12_0    0.35992256  0.25056752  0.25056752  0.25056752  0.19824285  0.19824285  0.24382104  0.25056752  0.23050979  0.27118400  0.23050979  0.25056752  0.10353365  0.06036731  0.13764528  0.11473042  0.09799816  0.16732406  0.00000000  0.04995793  0.23050979  0.27118400  0.25737607  0.23713549  0.21743373  0.22394288  0.42560425  0.41706813  0.44297764  0.45181970  0.46982717  0.45181970  0.47899791  0.45181970  0.42560425  0.43423997  0.41706813  0.41706813  0.42560425  0.50721230  0.48828371  0.44297764  0.43423997  0.46076867  0.42560425  0.43423997  0.43423997  0.42560425  0.41706813  0.47899791  0.46982717  
79_0_0     0.34437413  0.24382104  0.25737607  0.24382104  0.19195490  0.19824285  0.24382104  0.24382104  0.22394288  0.25737607  0.21743373  0.25737607  0.09799816  0.06562741  0.14937437  0.11473042  0.10911086  0.18571992  0.04995793  0.00000000  0.23050979  0.27818579  0.26424784  0.25056752  0.23050979  0.23713549  0.40028568  0.41706813  0.46076867  0.46076867  0.46982717  0.46076867  0.48828371  0.44297764  0.44297764  0.45181970  0.43423997  0.44297764  0.46982717  0.52663772  0.49768749  0.43423997  0.42560425  0.46076867  0.42560425  0.42560425  0.42560425  0.44297764  0.43423997  0.47899791  0.46982717  
95_0_0     0.23050979  0.10911086  0.13184971  0.12609917  0.12039296  0.13764528  0.14937437  0.13764528  0.11473042  0.12609917  0.12609917  0.10353365  0.31422415  0.21098132  0.30687473  0.32164728  0.29239126  0.29959756  0.23050979  0.23050979  0.00000000  0.07626113  0.06562741  0.12039296  0.10353365  0.12039296  0.32914562  0.35210751  0.35992256  0.32914562  0.40028568  0.38387536  0.37580465  0.33672071  0.32914562  0.32164728  0.32164728  0.39203504  0.40862934  0.43423997  0.44297764  0.40028568  0.39203504  0.40862934  0.40862934  0.41706813  0.38387536  0.32914562  0.32164728  0.37580465  0.36782100  
86_0_0     0.20458468  0.14937437  0.17340535  0.17953702  0.15530936  0.17340535  0.16129233  0.17953702  0.17953702  0.15530936  0.19195490  0.14348659  0.32164728  0.25737607  0.32164728  0.32914562  0.29959756  0.29959756  0.27118400  0.27818579  0.07626113  0.00000000  0.00972545  0.15530936  0.14937437  0.16732406  0.33672071  0.38387536  0.37580465  0.34437413  0.40028568  0.40028568  0.39203504  0.36782100  0.34437413  0.35210751  0.36782100  0.35210751  0.38387536  0.41706813  0.42560425  0.41706813  0.40862934  0.40862934  0.40862934  0.41706813  0.41706813  0.37580465  0.36782100  0.40028568  0.39203504  
83_0_0     0.20458468  0.14937437  0.17340535  0.17953702  0.15530936  0.17340535  0.16129233  0.17953702  0.16732406  0.14348659  0.17953702  0.13184971  0.30687473  0.24382104  0.33672071  0.31422415  0.28525444  0.29959756  0.25737607  0.26424784  0.06562741  0.00972545  0.00000000  0.14348659  0.13764528  0.15530936  0.34437413  0.37580465  0.36782100  0.33672071  0.39203504  0.39203504  0.38387536  0.35992256  0.33672071  0.34437413  0.35992256  0.35992256  0.39203504  0.42560425  0.43423997  0.42560425  0.41706813  0.41706813  0.41706813  0.42560425  0.42560425  0.36782100  0.35992256  0.39203504  0.38387536  
88_0_0     0.24382104  0.16129233  0.15530936  0.17340535  0.15530936  0.14937437  0.17340535  0.17953702  0.16129233  0.15530936  0.15530936  0.12609917  0.29959756  0.20458468  0.30687473  0.29959756  0.27818579  0.26424784  0.23713549  0.25056752  0.12039296  0.15530936  0.14348659  0.00000000  0.01463653  0.04480764  0.33672071  0.41706813  0.34437413  0.34437413  0.45181970  0.43423997  0.42560425  0.39203504  0.38387536  0.37580465  0.39203504  0.41706813  0.41706813  0.44297764  0.47899791  0.40028568  0.39203504  0.40028568  0.40028568  0.40028568  0.43423997  0.35992256  0.35210751  0.40028568  0.39203504  
93_0_0     0.25056752  0.15530936  0.14937437  0.15530936  0.13764528  0.14348659  0.16732406  0.17340535  0.15530936  0.14937437  0.16129233  0.12039296  0.27818579  0.18571992  0.29959756  0.29239126  0.27118400  0.25737607  0.21743373  0.23050979  0.10353365  0.14937437  0.13764528  0.01463653  0.00000000  0.03969293  0.33672071  0.40862934  0.35210751  0.35210751  0.45181970  0.43423997  0.42560425  0.39203504  0.40028568  0.39203504  0.39203504  0.40862934  0.42560425  0.45181970  0.46982717  0.38387536  0.37580465  0.38387536  0.38387536  0.41706813  0.41706813  0.36782100  0.35992256  0.39203504  0.38387536  
68_0_0     0.23713549  0.14937437  0.16129233  0.16732406  0.13764528  0.13184971  0.17953702  0.19824285  0.17953702  0.17340535  0.17340535  0.13764528  0.28525444  0.20458468  0.30687473  0.28525444  0.26424784  0.27118400  0.22394288  0.23713549  0.12039296  0.16732406  0.15530936  0.04480764  0.03969293  0.00000000  0.36782100  0.40028568  0.34437413  0.34437413  0.42560425  0.40862934  0.40028568  0.36782100  0.37580465  0.36782100  0.36782100  0.41706813  0.40028568  0.46076867  0.46076867  0.39203504  0.39203504  0.38387536  0.38387536  0.40028568  0.40028568  0.34437413  0.33672071  0.38387536  0.37580465  
87_0_0     0.29959756  0.35210751  0.38387536  0.38387536  0.32164728  0.32914562  0.32164728  0.36782100  0.35992256  0.35210751  0.34437413  0.34437413  0.42560425  0.39203504  0.44297764  0.46076867  0.45181970  0.44297764  0.42560425  0.40028568  0.32914562  0.33672071  0.34437413  0.33672071  0.33672071  0.36782100  0.00000000  0.15530936  0.38387536  0.37580465  0.37580465  0.40862934  0.38387536  0.36782100  0.36782100  0.37580465  0.36782100  0.36782100  0.40862934  0.40862934  0.41706813  0.34437413  0.34437413  0.36782100  0.36782100  0.37580465  0.37580465  0.40028568  0.39203504  0.39203504  0.41706813  
87_1_0     0.31422415  0.34437413  0.37580465  0.36782100  0.38387536  0.37580465  0.41706813  0.40028568  0.37580465  0.37580465  0.35210751  0.38387536  0.40862934  0.40028568  0.47899791  0.46982717  0.43423997  0.46076867  0.41706813  0.41706813  0.35210751  0.38387536  0.37580465  0.41706813  0.40862934  0.40028568  0.15530936  0.00000000  0.33672071  0.32164728  0.37580465  0.40862934  0.38387536  0.37580465  0.36782100  0.37580465  0.36782100  0.39203504  0.39203504  0.40862934  0.40862934  0.32914562  0.32914562  0.37580465  0.35992256  0.35992256  0.31422415  0.33672071  0.32914562  0.33672071  0.35210751  
76_2_0     0.31422415  0.32914562  0.34437413  0.33672071  0.38387536  0.37580465  0.39203504  0.37580465  0.37580465  0.35992256  0.36782100  0.33672071  0.47899791  0.40862934  0.43423997  0.45181970  0.41706813  0.47899791  0.44297764  0.46076867  0.35992256  0.37580465  0.36782100  0.34437413  0.35210751  0.34437413  0.38387536  0.33672071  0.00000000  0.04995793  0.14937437  0.17340535  0.13764528  0.17340535  0.15530936  0.15530936  0.17340535  0.19195490  0.16732406  0.18571992  0.21098132  0.16732406  0.17340535  0.14937437  0.16129233  0.17340535  0.15530936  0.10353365  0.10911086  0.12039296  0.13184971  
73_2_0     0.29959756  0.29239126  0.30687473  0.29959756  0.35210751  0.34437413  0.40028568  0.34437413  0.34437413  0.32914562  0.33672071  0.31422415  0.45181970  0.40862934  0.45181970  0.46076867  0.42560425  0.47899791  0.45181970  0.46076867  0.32914562  0.34437413  0.33672071  0.34437413  0.35210751  0.34437413  0.37580465  0.32164728  0.04995793  0.00000000  0.09799816  0.13764528  0.09799816  0.14937437  0.13184971  0.13184971  0.15530936  0.16129233  0.13184971  0.16129233  0.19195490  0.16732406  0.17340535  0.17953702  0.16732406  0.17340535  0.16129233  0.10911086  0.11473042  0.10353365  0.12609917  
96_2_0     0.36782100  0.37580465  0.39203504  0.39203504  0.40862934  0.40862934  0.39203504  0.41706813  0.41706813  0.40028568  0.41706813  0.41706813  0.49768749  0.49768749  0.45181970  0.50721230  0.48828371  0.55676660  0.46982717  0.46982717  0.40028568  0.40028568  0.39203504  0.45181970  0.45181970  0.42560425  0.37580465  0.37580465  0.14937437  0.09799816  0.00000000  0.06562741  0.02956835  0.17953702  0.13184971  0.14348659  0.15530936  0.14937437  0.17953702  0.17340535  0.17340535  0.21098132  0.21098132  0.21098132  0.21098132  0.23713549  0.21098132  0.18571992  0.19195490  0.17340535  0.19195490  
96_3_0     0.39203504  0.36782100  0.34437413  0.37580465  0.38387536  0.38387536  0.35992256  0.41706813  0.40028568  0.38387536  0.40028568  0.40862934  0.47899791  0.46076867  0.44297764  0.47899791  0.45181970  0.52663772  0.45181970  0.46076867  0.38387536  0.40028568  0.39203504  0.43423997  0.43423997  0.40862934  0.40862934  0.40862934  0.17340535  0.13764528  0.06562741  0.00000000  0.04480764  0.19195490  0.16732406  0.16732406  0.19195490  0.16129233  0.19195490  0.15530936  0.16732406  0.22394288  0.22394288  0.24382104  0.25056752  0.23713549  0.22394288  0.19824285  0.20458468  0.17953702  0.17340535  
98_2_0     0.35210751  0.36782100  0.38387536  0.38387536  0.40028568  0.40028568  0.38387536  0.39203504  0.39203504  0.37580465  0.39203504  0.39203504  0.48828371  0.46982717  0.42560425  0.49768749  0.47899791  0.54658675  0.47899791  0.48828371  0.37580465  0.39203504  0.38387536  0.42560425  0.42560425  0.40028568  0.38387536  0.38387536  0.13764528  0.09799816  0.02956835  0.04480764  0.00000000  0.16732406  0.13184971  0.13184971  0.15530936  0.16129233  0.17953702  0.16129233  0.17340535  0.20458468  0.20458468  0.20458468  0.21743373  0.23050979  0.20458468  0.17340535  0.17953702  0.16129233  0.16732406  
77_2_0     0.35992256  0.36782100  0.36782100  0.36782100  0.37580465  0.36782100  0.34437413  0.39203504  0.39203504  0.39203504  0.37580465  0.34437413  0.47899791  0.40862934  0.41706813  0.46982717  0.46076867  0.50721230  0.45181970  0.44297764  0.33672071  0.36782100  0.35992256  0.39203504  0.39203504  0.36782100  0.36782100  0.37580465  0.17340535  0.14937437  0.17953702  0.19195490  0.16732406  0.00000000  0.03969293  0.02956835  0.04480764  0.21098132  0.20458468  0.26424784  0.26424784  0.24382104  0.24382104  0.22394288  0.22394288  0.24382104  0.23050979  0.20458468  0.19824285  0.20458468  0.20458468  
74_2_0     0.32914562  0.35992256  0.35992256  0.35992256  0.35992256  0.35992256  0.32164728  0.36782100  0.36782100  0.38387536  0.36782100  0.33672071  0.47899791  0.42560425  0.41706813  0.47899791  0.45181970  0.48828371  0.42560425  0.44297764  0.32914562  0.34437413  0.33672071  0.38387536  0.40028568  0.37580465  0.36782100  0.36782100  0.15530936  0.13184971  0.13184971  0.16732406  0.13184971  0.03969293  0.00000000  0.00972545  0.02455753  0.19195490  0.19824285  0.24382104  0.24382104  0.25737607  0.25737607  0.23713549  0.23713549  0.25737607  0.24382104  0.19195490  0.18571992  0.19824285  0.21098132  
92_2_0     0.33672071  0.35210751  0.35210751  0.35210751  0.36782100  0.36782100  0.32914562  0.35992256  0.35992256  0.37580465  0.35992256  0.32914562  0.48828371  0.41706813  0.40862934  0.47899791  0.46982717  0.49768749  0.43423997  0.45181970  0.32164728  0.35210751  0.34437413  0.37580465  0.39203504  0.36782100  0.37580465  0.37580465  0.15530936  0.13184971  0.14348659  0.16732406  0.13184971  0.02956835  0.00972545  0.00000000  0.02455753  0.20458468  0.19824285  0.24382104  0.25737607  0.25056752  0.25056752  0.23050979  0.23050979  0.25056752  0.23713549  0.19195490  0.18571992  0.19824285  0.19824285  
72_2_0     0.33672071  0.36782100  0.36782100  0.36782100  0.35210751  0.35210751  0.32164728  0.38387536  0.37580465  0.39203504  0.37580465  0.33672071  0.49768749  0.41706813  0.40862934  0.48828371  0.46076867  0.47899791  0.41706813  0.43423997  0.32164728  0.36782100  0.35992256  0.39203504  0.39203504  0.36782100  0.36782100  0.36782100  0.17340535  0.15530936  0.15530936  0.19195490  0.15530936  0.04480764  0.02455753  0.02455753  0.00000000  0.20458468  0.21098132  0.26424784  0.25056752  0.23713549  0.23713549  0.21743373  0.21743373  0.25056752  0.22394288  0.19824285  0.19195490  0.20458468  0.20458468  
76_0_0     0.37580465  0.38387536  0.39203504  0.36782100  0.36782100  0.37580465  0.35210751  0.40028568  0.42560425  0.37580465  0.41706813  0.41706813  0.45181970  0.41706813  0.46076867  0.46076867  0.42560425  0.46076867  0.41706813  0.44297764  0.39203504  0.35210751  0.35992256  0.41706813  0.40862934  0.41706813  0.36782100  0.39203504  0.19195490  0.16129233  0.14937437  0.16129233  0.16129233  0.21098132  0.19195490  0.20458468  0.20458468  0.00000000  0.04995793  0.10911086  0.11473042  0.19195490  0.19824285  0.19195490  0.20458468  0.18571992  0.21098132  0.20458468  0.21098132  0.17340535  0.18571992  
76_6_0     0.36782100  0.34437413  0.38387536  0.34437413  0.37580465  0.36782100  0.38387536  0.39203504  0.41706813  0.40028568  0.39203504  0.40862934  0.46982717  0.43423997  0.44297764  0.46076867  0.42560425  0.43423997  0.42560425  0.46982717  0.40862934  0.38387536  0.39203504  0.41706813  0.42560425  0.40028568  0.40862934  0.39203504  0.16732406  0.13184971  0.17953702  0.19195490  0.17953702  0.20458468  0.19824285  0.19824285  0.21098132  0.04995793  0.00000000  0.11473042  0.13184971  0.19195490  0.19824285  0.19195490  0.20458468  0.17340535  0.18571992  0.17953702  0.18571992  0.14937437  0.18571992  
73_0_0     0.37580465  0.36782100  0.39203504  0.38387536  0.40028568  0.39203504  0.38387536  0.38387536  0.39203504  0.39203504  0.40028568  0.40028568  0.51686128  0.46076867  0.48828371  0.48828371  0.46982717  0.46982717  0.50721230  0.52663772  0.43423997  0.41706813  0.42560425  0.44297764  0.45181970  0.46076867  0.40862934  0.40862934  0.18571992  0.16129233  0.17340535  0.15530936  0.16129233  0.26424784  0.24382104  0.24382104  0.26424784  0.10911086  0.11473042  0.00000000  0.02956835  0.19195490  0.19824285  0.21743373  0.23050979  0.21098132  0.21098132  0.17340535  0.17953702  0.15530936  0.17953702  
85_0_0     0.37580465  0.37580465  0.40028568  0.39203504  0.39203504  0.38387536  0.36782100  0.40862934  0.41706813  0.42560425  0.42560425  0.42560425  0.51686128  0.48828371  0.48828371  0.46982717  0.45181970  0.47899791  0.48828371  0.49768749  0.44297764  0.42560425  0.43423997  0.47899791  0.46982717  0.46076867  0.41706813  0.40862934  0.21098132  0.19195490  0.17340535  0.16732406  0.17340535  0.26424784  0.24382104  0.25737607  0.25056752  0.11473042  0.13184971  0.02956835  0.00000000  0.21098132  0.21743373  0.22394288  0.23713549  0.23713549  0.22394288  0.19824285  0.20458468  0.18571992  0.20458468  
92_0_0     0.38387536  0.35992256  0.37580465  0.37580465  0.36782100  0.35992256  0.36782100  0.40028568  0.40862934  0.39203504  0.40862934  0.40028568  0.44297764  0.40028568  0.41706813  0.46982717  0.45181970  0.44297764  0.44297764  0.43423997  0.40028568  0.41706813  0.42560425  0.40028568  0.38387536  0.39203504  0.34437413  0.32914562  0.16732406  0.16732406  0.21098132  0.22394288  0.20458468  0.24382104  0.25737607  0.25056752  0.23713549  0.19195490  0.19195490  0.19195490  0.21098132  0.00000000  0.00972545  0.04480764  0.04480764  0.03969293  0.03461333  0.14348659  0.14937437  0.13184971  0.14348659  
92_4_0     0.37580465  0.35992256  0.38387536  0.38387536  0.35210751  0.34437413  0.35210751  0.39203504  0.40028568  0.38387536  0.40028568  0.39203504  0.43423997  0.39203504  0.40028568  0.46076867  0.44297764  0.43423997  0.43423997  0.42560425  0.39203504  0.40862934  0.41706813  0.39203504  0.37580465  0.39203504  0.34437413  0.32914562  0.17340535  0.17340535  0.21098132  0.22394288  0.20458468  0.24382104  0.25737607  0.25056752  0.23713549  0.19824285  0.19824285  0.19824285  0.21743373  0.00972545  0.00000000  0.04480764  0.04480764  0.03969293  0.03461333  0.14348659  0.14937437  0.13184971  0.14348659  
77_0_0     0.36782100  0.37580465  0.39203504  0.39203504  0.37580465  0.36782100  0.34437413  0.40028568  0.42560425  0.40862934  0.42560425  0.38387536  0.47899791  0.41706813  0.39203504  0.45181970  0.45181970  0.45181970  0.46076867  0.46076867  0.40862934  0.40862934  0.41706813  0.40028568  0.38387536  0.38387536  0.36782100  0.37580465  0.14937437  0.17953702  0.21098132  0.24382104  0.20458468  0.22394288  0.23713549  0.23050979  0.21743373  0.19195490  0.19195490  0.21743373  0.22394288  0.04480764  0.04480764  0.00000000  0.02956835  0.06562741  0.04995793  0.14937437  0.15530936  0.13764528  0.13764528  
91_0_0     0.36782100  0.37580465  0.39203504  0.39203504  0.37580465  0.36782100  0.35992256  0.40028568  0.42560425  0.40862934  0.42560425  0.40028568  0.44297764  0.40028568  0.37580465  0.45181970  0.43423997  0.43423997  0.42560425  0.42560425  0.40862934  0.40862934  0.41706813  0.40028568  0.38387536  0.38387536  0.36782100  0.35992256  0.16129233  0.16732406  0.21098132  0.25056752  0.21743373  0.22394288  0.23713549  0.23050979  0.21743373  0.20458468  0.20458468  0.23050979  0.23713549  0.04480764  0.04480764  0.02956835  0.00000000  0.06562741  0.04995793  0.14937437  0.15530936  0.14937437  0.14937437  
74_0_0     0.39203504  0.38387536  0.40028568  0.38387536  0.36782100  0.35992256  0.36782100  0.42560425  0.43423997  0.41706813  0.41706813  0.42560425  0.44297764  0.40028568  0.40862934  0.45181970  0.43423997  0.46076867  0.43423997  0.42560425  0.41706813  0.41706813  0.42560425  0.40028568  0.41706813  0.40028568  0.37580465  0.35992256  0.17340535  0.17340535  0.23713549  0.23713549  0.23050979  0.24382104  0.25737607  0.25056752  0.25056752  0.18571992  0.17340535  0.21098132  0.23713549  0.03969293  0.03969293  0.06562741  0.06562741  0.00000000  0.03461333  0.14348659  0.14937437  0.13184971  0.13184971  
72_0_0     0.36782100  0.33672071  0.36782100  0.35210751  0.35992256  0.35210751  0.35210751  0.39203504  0.40028568  0.41706813  0.38387536  0.39203504  0.44297764  0.41706813  0.39203504  0.46982717  0.45181970  0.46076867  0.43423997  0.42560425  0.38387536  0.41706813  0.42560425  0.43423997  0.41706813  0.40028568  0.37580465  0.31422415  0.15530936  0.16129233  0.21098132  0.22394288  0.20458468  0.23050979  0.24382104  0.23713549  0.22394288  0.21098132  0.18571992  0.21098132  0.22394288  0.03461333  0.03461333  0.04995793  0.04995793  0.03461333  0.00000000  0.12609917  0.13184971  0.12039296  0.13184971  
71_0_0     0.29959756  0.33672071  0.36782100  0.35992256  0.34437413  0.32914562  0.36782100  0.37580465  0.35992256  0.36782100  0.35210751  0.34437413  0.46982717  0.40028568  0.40028568  0.47899791  0.45181970  0.47899791  0.42560425  0.44297764  0.32914562  0.37580465  0.36782100  0.35992256  0.36782100  0.34437413  0.40028568  0.33672071  0.10353365  0.10911086  0.18571992  0.19824285  0.17340535  0.20458468  0.19195490  0.19195490  0.19824285  0.20458468  0.17953702  0.17340535  0.19824285  0.14348659  0.14348659  0.14937437  0.14937437  0.14348659  0.12609917  0.00000000  0.00484675  0.07092517  0.07626113  
81_0_0     0.29239126  0.34437413  0.35992256  0.35210751  0.33672071  0.32164728  0.35992256  0.38387536  0.35210751  0.35992256  0.34437413  0.33672071  0.46076867  0.39203504  0.39203504  0.46982717  0.44297764  0.46982717  0.41706813  0.43423997  0.32164728  0.36782100  0.35992256  0.35210751  0.35992256  0.33672071  0.39203504  0.32914562  0.10911086  0.11473042  0.19195490  0.20458468  0.17953702  0.19824285  0.18571992  0.18571992  0.19195490  0.21098132  0.18571992  0.17953702  0.20458468  0.14937437  0.14937437  0.15530936  0.15530936  0.14937437  0.13184971  0.00484675  0.00000000  0.07626113  0.08163583  
69_0_0     0.36782100  0.35210751  0.37580465  0.35210751  0.35210751  0.35210751  0.33672071  0.39203504  0.37580465  0.37580465  0.38387536  0.35992256  0.46982717  0.42560425  0.45181970  0.46982717  0.46076867  0.48828371  0.47899791  0.47899791  0.37580465  0.40028568  0.39203504  0.40028568  0.39203504  0.38387536  0.39203504  0.33672071  0.12039296  0.10353365  0.17340535  0.17953702  0.16129233  0.20458468  0.19824285  0.19824285  0.20458468  0.17340535  0.14937437  0.15530936  0.18571992  0.13184971  0.13184971  0.13764528  0.14937437  0.13184971  0.12039296  0.07092517  0.07626113  0.00000000  0.03461333  
69_5_0     0.36782100  0.37580465  0.38387536  0.37580465  0.35992256  0.35992256  0.32914562  0.40028568  0.38387536  0.36782100  0.39203504  0.36782100  0.47899791  0.41706813  0.44297764  0.45181970  0.46076867  0.49768749  0.46982717  0.46982717  0.36782100  0.39203504  0.38387536  0.39203504  0.38387536  0.37580465  0.41706813  0.35210751  0.13184971  0.12609917  0.19195490  0.17340535  0.16732406  0.20458468  0.21098132  0.19824285  0.20458468  0.18571992  0.18571992  0.17953702  0.20458468  0.14348659  0.14348659  0.13764528  0.14937437  0.13184971  0.13184971  0.07626113  0.08163583  0.03461333  0.00000000  

