12
8_30_0     0.00000000  0.01471020  0.02468417  0.04505010  0.05544998  0.06070597  0.04505010  0.05023154  0.05023154  0.07133276  0.06600004  0.05544998  
8_38_0     0.01471020  0.00000000  0.01968017  0.04505010  0.05544998  0.06070597  0.04505010  0.05023154  0.05023154  0.07670468  0.06070597  0.05023154  
8_21_0     0.02468417  0.01968017  0.00000000  0.03479617  0.03479617  0.03990515  0.03479617  0.03990515  0.03990515  0.05544998  0.05023154  0.03990515  
8_34_0     0.04505010  0.04505010  0.03479617  0.00000000  0.00977382  0.01471020  0.00000000  0.00487057  0.00487057  0.07133276  0.05544998  0.04505010  
8_41_0     0.05544998  0.05544998  0.03479617  0.00977382  0.00000000  0.00487057  0.00977382  0.01471020  0.01471020  0.07133276  0.06600004  0.05544998  
8_43_0     0.06070597  0.06070597  0.03990515  0.01471020  0.00487057  0.00000000  0.01471020  0.01968017  0.01968017  0.06600004  0.06070597  0.05023154  
8_39_0     0.04505010  0.04505010  0.03479617  0.00000000  0.00977382  0.01471020  0.00000000  0.00487057  0.00487057  0.07133276  0.05544998  0.04505010  
8_42_0     0.05023154  0.05023154  0.03990515  0.00487057  0.01471020  0.01968017  0.00487057  0.00000000  0.00977382  0.07670468  0.06070597  0.05023154  
8_37_0     0.05023154  0.05023154  0.03990515  0.00487057  0.01471020  0.01968017  0.00487057  0.00977382  0.00000000  0.07670468  0.06070597  0.05023154  
8_35_0     0.07133276  0.07670468  0.05544998  0.07133276  0.07133276  0.06600004  0.07133276  0.07670468  0.07670468  0.00000000  0.04505010  0.03479617  
8_40_0     0.06600004  0.06070597  0.05023154  0.05544998  0.06600004  0.06070597  0.05544998  0.06070597  0.06070597  0.04505010  0.00000000  0.00977382  
8_36_0     0.05544998  0.05023154  0.03990515  0.04505010  0.05544998  0.05023154  0.04505010  0.05023154  0.05023154  0.03479617  0.00977382  0.00000000  

