1 3 0 0 0 
10 3 0 0 0 
11 1 0 0 0 
12 3 0 0 0 
13 3 0 0 0 
14 1 0 0 0 
15 3 1 0 0 
16 6 0 0 0 
17 1 0 0 0 
18 5 1 0 0 
19 5 1 0 0 
2 3 0 0 0 
20 4 0 0 1 
3 4 2 0 0 
4 3 0 0 0 
5 2 0 0 0 
6 1 0 0 0 
7 4 0 0 1 
8 4 0 0 0 
9 4 0 0 0 
Node_11_6_0 1 0 0 0 
Node_12_10_0 3 0 0 0 
Node_12_13_0 3 0 0 0 
Node_14_11_0 1 0 0 0 
Node_14_17_0 1 0 0 0 
Node_15_8_0 3 1 1 0 
Node_18_16_0 6 1 2 0 
Node_18_7_0 4 0 0 0 
Node_1_2_0 3 1 0 0 
Node_1_3_0 2 1 0 0 
Node_1_4_0 1 0 0 0 
Node_4_12_0 4 3 2 0 
Node_4_5_0 1 0 0 1 
Node_5_14_0 2 1 1 0 
Node_5_9_0 1 0 0 0 
Node_8_20_0 4 0 0 0 
Node_9_15_0 2 1 0 0 
Node_9_18_0 4 0 0 0 
Node_9_19_0 4 1 0 0 
