1 0 0 0 0 
10 2 0 0 0 
11 2 0 0 0 
12 3 0 0 0 
13 4 1 0 0 
14 0 0 0 0 
15 2 0 0 1 
16 3 0 0 0 
17 1 0 0 0 
18 4 1 0 0 
19 2 1 0 0 
2 0 0 0 0 
20 1 0 0 0 
3 0 0 0 0 
4 8 4 0 0 
5 3 2 0 0 
6 2 0 0 0 
7 3 1 0 0 
8 2 0 0 0 
9 2 0 0 0 
Node_11_6_0 2 1 0 0 
Node_12_10_0 3 0 1 0 
Node_12_13_0 3 0 0 0 
Node_14_11_0 1 0 0 0 
Node_14_17_0 1 0 1 0 
Node_15_8_0 2 0 0 0 
Node_18_16_0 3 0 0 1 
Node_18_7_0 3 0 1 0 
Node_1_2_0 0 0 0 0 
Node_1_3_0 0 0 0 0 
Node_1_4_0 0 0 0 0 
Node_4_12_0 4 3 1 0 
Node_4_5_0 1 0 0 0 
Node_5_14_0 1 0 0 0 
Node_5_9_0 1 0 0 0 
Node_8_20_0 2 0 1 0 
Node_9_15_0 1 0 0 0 
Node_9_18_0 3 1 1 0 
Node_9_19_0 1 0 0 0 
