1 2 0 0 0 
10 1 0 0 0 
11 2 0 0 0 
12 1 0 0 0 
13 1 0 0 0 
14 2 0 0 0 
15 3 0 0 0 
16 5 2 0 0 
17 2 0 0 0 
18 3 0 0 0 
19 4 1 0 0 
2 2 0 0 0 
20 3 0 0 0 
3 0 0 0 0 
4 2 1 0 0 
5 2 0 0 0 
6 2 0 0 0 
7 3 0 0 2 
8 3 0 0 0 
9 3 0 0 0 
Node_11_6_0 2 0 0 0 
Node_12_10_0 1 0 0 0 
Node_12_13_0 1 0 0 0 
Node_14_11_0 2 0 0 0 
Node_14_17_0 2 0 0 0 
Node_15_8_0 3 0 0 0 
Node_18_16_0 3 0 0 1 
Node_18_7_0 3 0 0 0 
Node_1_2_0 2 1 0 0 
Node_1_3_0 1 0 1 0 
Node_1_4_0 1 0 0 0 
Node_4_12_0 1 0 0 0 
Node_4_5_0 1 0 0 0 
Node_5_14_0 2 1 0 0 
Node_5_9_0 1 0 0 0 
Node_8_20_0 3 0 0 0 
Node_9_15_0 3 0 0 0 
Node_9_18_0 3 0 1 0 
Node_9_19_0 3 0 0 0 
