1 0 0 0 0 
10 0 0 0 0 
11 11 4 0 0 
12 0 0 0 0 
13 0 0 0 0 
14 6 0 0 1 
15 10 1 0 0 
16 7 2 0 0 
17 7 2 0 0 
18 7 1 0 0 
19 9 3 0 1 
2 0 0 0 0 
20 10 0 0 1 
3 0 0 0 0 
4 0 0 0 0 
5 7 1 0 0 
6 8 1 0 0 
7 8 2 0 0 
8 10 0 0 1 
9 3 0 0 0 
Node_11_6_0 7 0 0 0 
Node_12_10_0 0 0 0 0 
Node_12_13_0 0 0 0 0 
Node_14_11_0 7 0 1 0 
Node_14_17_0 6 0 1 0 
Node_15_8_0 9 2 2 1 
Node_18_16_0 4 0 0 0 
Node_18_7_0 6 2 0 1 
Node_1_2_0 0 0 0 0 
Node_1_3_0 0 0 0 0 
Node_1_4_0 0 0 0 0 
Node_4_12_0 0 0 0 0 
Node_4_5_0 0 0 0 0 
Node_5_14_0 7 5 1 0 
Node_5_9_0 1 0 0 0 
Node_8_20_0 10 2 0 0 
Node_9_15_0 6 4 0 0 
Node_9_18_0 4 0 2 0 
Node_9_19_0 6 0 2 0 
