28
7_14_0     0.00000000  0.05457285  0.09614195  0.24718423  0.25771763  0.21644494  0.20647268  0.16786099  0.16786099  0.31272907  0.32423353  0.33591751  0.33591751  0.32423353  0.26840133  0.23679695  0.25771763  0.24718423  0.29023722  0.29023722  0.33591751  0.29023722  0.32423353  0.31272907  0.32423353  0.31272907  0.30139869  0.30139869  
7_13_0     0.05457285  0.00000000  0.08764146  0.24718423  0.25771763  0.21644494  0.22655180  0.18691798  0.18691798  0.31272907  0.30139869  0.31272907  0.31272907  0.32423353  0.24718423  0.26840133  0.31272907  0.26840133  0.26840133  0.27923968  0.37210490  0.34778671  0.37210490  0.37210490  0.34778671  0.35984709  0.34778671  0.32423353  
7_6_0      0.09614195  0.08764146  0.00000000  0.26840133  0.30139869  0.21644494  0.22655180  0.19663150  0.19663150  0.33591751  0.34778671  0.35984709  0.33591751  0.34778671  0.29023722  0.32423353  0.37210490  0.34778671  0.37210490  0.38456673  0.41013040  0.38456673  0.34778671  0.35984709  0.32423353  0.33591751  0.32423353  0.37210490  
7_12_0     0.24718423  0.24718423  0.26840133  0.00000000  0.06270410  0.18691798  0.21644494  0.21644494  0.23679695  0.35984709  0.34778671  0.38456673  0.34778671  0.39723948  0.33591751  0.34778671  0.32423353  0.34778671  0.37210490  0.30139869  0.37210490  0.38456673  0.31272907  0.37210490  0.26840133  0.25771763  0.29023722  0.31272907  
7_7_0      0.25771763  0.25771763  0.30139869  0.06270410  0.00000000  0.19663150  0.20647268  0.22655180  0.24718423  0.30139869  0.29023722  0.32423353  0.31272907  0.33591751  0.30139869  0.33591751  0.31272907  0.31272907  0.38456673  0.24718423  0.33591751  0.37210490  0.32423353  0.35984709  0.23679695  0.22655180  0.25771763  0.26840133  
7_11_0     0.21644494  0.21644494  0.21644494  0.18691798  0.19663150  0.00000000  0.07092462  0.08764146  0.10474006  0.27923968  0.29023722  0.32423353  0.31272907  0.29023722  0.30139869  0.32423353  0.33591751  0.33591751  0.31272907  0.32423353  0.35984709  0.34778671  0.31272907  0.37210490  0.26840133  0.25771763  0.26840133  0.25771763  
7_0_0      0.20647268  0.22655180  0.22655180  0.21644494  0.20647268  0.07092462  0.00000000  0.11343804  0.13114313  0.26840133  0.27923968  0.31272907  0.27923968  0.25771763  0.26840133  0.29023722  0.34778671  0.30139869  0.32423353  0.31272907  0.32423353  0.33591751  0.34778671  0.35984709  0.25771763  0.22655180  0.23679695  0.26840133  
7_15_0     0.16786099  0.18691798  0.19663150  0.21644494  0.22655180  0.08764146  0.11343804  0.00000000  0.01519065  0.31272907  0.32423353  0.32423353  0.33591751  0.29023722  0.30139869  0.32423353  0.31272907  0.31272907  0.31272907  0.34778671  0.35984709  0.32423353  0.33591751  0.34778671  0.31272907  0.26840133  0.25771763  0.26840133  
7_10_0     0.16786099  0.18691798  0.19663150  0.23679695  0.24718423  0.10474006  0.13114313  0.01519065  0.00000000  0.29023722  0.30139869  0.30139869  0.31272907  0.26840133  0.27923968  0.30139869  0.29023722  0.31272907  0.29023722  0.34778671  0.33591751  0.32423353  0.31272907  0.32423353  0.33591751  0.29023722  0.27923968  0.26840133  
9_25_0     0.31272907  0.31272907  0.33591751  0.35984709  0.30139869  0.27923968  0.26840133  0.31272907  0.29023722  0.00000000  0.00755680  0.05457285  0.08764146  0.05457285  0.07923639  0.30139869  0.37210490  0.38456673  0.41013040  0.34778671  0.35984709  0.39723948  0.43659779  0.39723948  0.35984709  0.34778671  0.34778671  0.33591751  
9_27_0     0.32423353  0.30139869  0.34778671  0.34778671  0.29023722  0.29023722  0.27923968  0.32423353  0.30139869  0.00755680  0.00000000  0.04652896  0.07923639  0.06270410  0.07092462  0.31272907  0.38456673  0.37210490  0.39723948  0.33591751  0.37210490  0.41013040  0.45019079  0.41013040  0.37210490  0.35984709  0.35984709  0.34778671  
9_23_0     0.33591751  0.31272907  0.35984709  0.38456673  0.32423353  0.32423353  0.31272907  0.32423353  0.30139869  0.05457285  0.04652896  0.00000000  0.07923639  0.06270410  0.08764146  0.30139869  0.37210490  0.35984709  0.38456673  0.32423353  0.38456673  0.39723948  0.45019079  0.41013040  0.35984709  0.37210490  0.37210490  0.33591751  
9_24_0     0.33591751  0.31272907  0.33591751  0.34778671  0.31272907  0.31272907  0.27923968  0.33591751  0.31272907  0.08764146  0.07923639  0.07923639  0.00000000  0.07923639  0.10474006  0.31272907  0.39723948  0.42324716  0.39723948  0.33591751  0.34778671  0.41013040  0.46403512  0.42324716  0.37210490  0.38456673  0.38456673  0.34778671  
9_18_0     0.32423353  0.32423353  0.34778671  0.39723948  0.33591751  0.29023722  0.25771763  0.29023722  0.26840133  0.05457285  0.06270410  0.06270410  0.07923639  0.00000000  0.10474006  0.26840133  0.33591751  0.37210490  0.39723948  0.31272907  0.30139869  0.33591751  0.39723948  0.38456673  0.32423353  0.33591751  0.33591751  0.30139869  
6_18_0     0.26840133  0.24718423  0.29023722  0.33591751  0.30139869  0.30139869  0.26840133  0.30139869  0.27923968  0.07923639  0.07092462  0.08764146  0.10474006  0.10474006  0.00000000  0.32423353  0.37210490  0.33591751  0.33591751  0.30139869  0.35984709  0.39723948  0.38456673  0.39723948  0.35984709  0.37210490  0.37210490  0.35984709  
3_22_0     0.23679695  0.26840133  0.32423353  0.34778671  0.33591751  0.32423353  0.29023722  0.32423353  0.30139869  0.30139869  0.31272907  0.30139869  0.31272907  0.26840133  0.32423353  0.00000000  0.07923639  0.13114313  0.14927701  0.14927701  0.11343804  0.14927701  0.20647268  0.14927701  0.24718423  0.25771763  0.29023722  0.27923968  
9_22_0     0.25771763  0.31272907  0.37210490  0.32423353  0.31272907  0.33591751  0.34778671  0.31272907  0.29023722  0.37210490  0.38456673  0.37210490  0.39723948  0.33591751  0.37210490  0.07923639  0.00000000  0.11343804  0.14015517  0.13114313  0.13114313  0.13114313  0.20647268  0.14927701  0.24718423  0.27923968  0.31272907  0.27923968  
6_29_0     0.24718423  0.26840133  0.34778671  0.34778671  0.31272907  0.33591751  0.30139869  0.31272907  0.31272907  0.38456673  0.37210490  0.35984709  0.42324716  0.37210490  0.33591751  0.13114313  0.11343804  0.00000000  0.07923639  0.11343804  0.16786099  0.15851135  0.22655180  0.20647268  0.24718423  0.23679695  0.26840133  0.32423353  
3_29_0     0.29023722  0.26840133  0.37210490  0.37210490  0.38456673  0.31272907  0.32423353  0.31272907  0.29023722  0.41013040  0.39723948  0.38456673  0.39723948  0.39723948  0.33591751  0.14927701  0.14015517  0.07923639  0.00000000  0.14927701  0.15851135  0.16786099  0.21644494  0.19663150  0.33591751  0.32423353  0.35984709  0.31272907  
9_19_0     0.29023722  0.27923968  0.38456673  0.30139869  0.24718423  0.32423353  0.31272907  0.34778671  0.34778671  0.34778671  0.33591751  0.32423353  0.33591751  0.31272907  0.30139869  0.14927701  0.13114313  0.11343804  0.14927701  0.00000000  0.18691798  0.18691798  0.23679695  0.23679695  0.29023722  0.32423353  0.35984709  0.32423353  
9_28_0     0.33591751  0.37210490  0.41013040  0.37210490  0.33591751  0.35984709  0.32423353  0.35984709  0.33591751  0.35984709  0.37210490  0.38456673  0.34778671  0.30139869  0.35984709  0.11343804  0.13114313  0.16786099  0.15851135  0.18691798  0.00000000  0.07092462  0.14927701  0.09614195  0.29023722  0.27923968  0.31272907  0.25771763  
9_21_0     0.29023722  0.34778671  0.38456673  0.38456673  0.37210490  0.34778671  0.33591751  0.32423353  0.32423353  0.39723948  0.41013040  0.39723948  0.41013040  0.33591751  0.39723948  0.14927701  0.13114313  0.15851135  0.16786099  0.18691798  0.07092462  0.00000000  0.16786099  0.08764146  0.30139869  0.31272907  0.34778671  0.29023722  
3_21_0     0.32423353  0.37210490  0.34778671  0.31272907  0.32423353  0.31272907  0.34778671  0.33591751  0.31272907  0.43659779  0.45019079  0.45019079  0.46403512  0.39723948  0.38456673  0.20647268  0.20647268  0.22655180  0.21644494  0.23679695  0.14927701  0.16786099  0.00000000  0.12223825  0.29023722  0.30139869  0.33591751  0.34778671  
3_31_0     0.31272907  0.37210490  0.35984709  0.37210490  0.35984709  0.37210490  0.35984709  0.34778671  0.32423353  0.39723948  0.41013040  0.41013040  0.42324716  0.38456673  0.39723948  0.14927701  0.14927701  0.20647268  0.19663150  0.23679695  0.09614195  0.08764146  0.12223825  0.00000000  0.30139869  0.31272907  0.34778671  0.33591751  
6_17_0     0.32423353  0.34778671  0.32423353  0.26840133  0.23679695  0.26840133  0.25771763  0.31272907  0.33591751  0.35984709  0.37210490  0.35984709  0.37210490  0.32423353  0.35984709  0.24718423  0.24718423  0.24718423  0.33591751  0.29023722  0.29023722  0.30139869  0.29023722  0.30139869  0.00000000  0.03857056  0.06270410  0.17732886  
3_30_0     0.31272907  0.35984709  0.33591751  0.25771763  0.22655180  0.25771763  0.22655180  0.26840133  0.29023722  0.34778671  0.35984709  0.37210490  0.38456673  0.33591751  0.37210490  0.25771763  0.27923968  0.23679695  0.32423353  0.32423353  0.27923968  0.31272907  0.30139869  0.31272907  0.03857056  0.00000000  0.02290312  0.16786099  
3_17_0     0.30139869  0.34778671  0.32423353  0.29023722  0.25771763  0.26840133  0.23679695  0.25771763  0.27923968  0.34778671  0.35984709  0.37210490  0.38456673  0.33591751  0.37210490  0.29023722  0.31272907  0.26840133  0.35984709  0.35984709  0.31272907  0.34778671  0.33591751  0.34778671  0.06270410  0.02290312  0.00000000  0.15851135  
9_17_0     0.30139869  0.32423353  0.37210490  0.31272907  0.26840133  0.25771763  0.26840133  0.26840133  0.26840133  0.33591751  0.34778671  0.33591751  0.34778671  0.30139869  0.35984709  0.27923968  0.27923968  0.32423353  0.31272907  0.32423353  0.25771763  0.29023722  0.34778671  0.33591751  0.17732886  0.16786099  0.15851135  0.00000000  

