20
18_1_0     0.00000000  0.05220816  0.07975215  0.06585282  0.13809865  0.13809865  0.16382675  0.15342861  0.16382675  0.17970136  0.17437214  0.13809865  0.12805123  0.34689335  0.36725269  0.36725269  0.38114152  0.38818429  0.34022874  0.35361814  
14_1_0     0.05220816  0.00000000  0.05220816  0.03880900  0.11813757  0.11813757  0.13305800  0.15342861  0.13305800  0.17970136  0.17437214  0.14828348  0.13809865  0.35361814  0.33362325  0.34689335  0.34689335  0.35361814  0.34689335  0.36040421  
17_1_0     0.07975215  0.05220816  0.00000000  0.01271294  0.15860954  0.15860954  0.17437214  0.17437214  0.17437214  0.21250329  0.20693499  0.19047560  0.17970136  0.41704094  0.38818429  0.38818429  0.40972128  0.40247286  0.38114152  0.39529431  
15_1_0     0.06585282  0.03880900  0.01271294  0.00000000  0.15342861  0.15342861  0.16908078  0.16908078  0.15860954  0.20693499  0.20140801  0.17437214  0.16382675  0.39529431  0.36725269  0.36725269  0.38818429  0.39529431  0.38818429  0.40247286  
19_1_0     0.13809865  0.11813757  0.15860954  0.15342861  0.00000000  0.00845113  0.07975215  0.07509016  0.09391584  0.12805123  0.13305800  0.13305800  0.13305800  0.35361814  0.29517531  0.29517531  0.31415118  0.30777202  0.31415118  0.33362325  
13_1_0     0.13809865  0.11813757  0.15860954  0.15342861  0.00845113  0.00000000  0.07975215  0.07509016  0.08444351  0.13809865  0.14317366  0.12307790  0.12307790  0.36725269  0.30777202  0.30777202  0.32707583  0.32058547  0.31415118  0.33362325  
20_1_0     0.16382675  0.13305800  0.17437214  0.16908078  0.07975215  0.07975215  0.00000000  0.10351020  0.10835414  0.15342861  0.14828348  0.14317366  0.14317366  0.36040421  0.31415118  0.31415118  0.32058547  0.30777202  0.32707583  0.34022874  
16_3_0     0.15342861  0.15342861  0.17437214  0.16908078  0.07509016  0.07509016  0.10351020  0.00000000  0.06127677  0.15342861  0.14828348  0.13305800  0.12307790  0.38114152  0.36725269  0.35361814  0.38818429  0.37416473  0.38818429  0.38114152  
16_1_0     0.16382675  0.13305800  0.17437214  0.15860954  0.09391584  0.08444351  0.10835414  0.06127677  0.00000000  0.18506900  0.17970136  0.15860954  0.14828348  0.32058547  0.32058547  0.30777202  0.34689335  0.35361814  0.36040421  0.35361814  
20_2_0     0.17970136  0.17970136  0.21250329  0.20693499  0.12805123  0.13809865  0.15342861  0.15342861  0.18506900  0.00000000  0.00421358  0.08444351  0.08444351  0.38818429  0.36725269  0.36725269  0.38818429  0.36725269  0.38818429  0.39529431  
20_0_0     0.17437214  0.17437214  0.20693499  0.20140801  0.13305800  0.14317366  0.14828348  0.14828348  0.17970136  0.00421358  0.00000000  0.07975215  0.07975215  0.38114152  0.36040421  0.36040421  0.38114152  0.36040421  0.38114152  0.38818429  
19_0_0     0.13809865  0.14828348  0.19047560  0.17437214  0.13305800  0.12307790  0.14317366  0.13305800  0.15860954  0.08444351  0.07975215  0.00000000  0.00845113  0.38114152  0.37416473  0.37416473  0.37416473  0.36725269  0.36725269  0.37416473  
13_0_0     0.12805123  0.13809865  0.17970136  0.16382675  0.13305800  0.12307790  0.14317366  0.12307790  0.14828348  0.08444351  0.07975215  0.00845113  0.00000000  0.38114152  0.37416473  0.37416473  0.38818429  0.38114152  0.36725269  0.37416473  
5_0_0      0.34689335  0.35361814  0.41704094  0.39529431  0.35361814  0.36725269  0.36040421  0.38114152  0.32058547  0.38818429  0.38114152  0.38114152  0.38114152  0.00000000  0.13305800  0.14317366  0.13809865  0.13809865  0.09869757  0.11322979  
12_0_0     0.36725269  0.33362325  0.38818429  0.36725269  0.29517531  0.30777202  0.31415118  0.36725269  0.32058547  0.36725269  0.36040421  0.37416473  0.37416473  0.13305800  0.00000000  0.00845113  0.07975215  0.07045717  0.12805123  0.14317366  
2_0_0      0.36725269  0.34689335  0.38818429  0.36725269  0.29517531  0.30777202  0.31415118  0.35361814  0.30777202  0.36725269  0.36040421  0.37416473  0.37416473  0.14317366  0.00845113  0.00000000  0.07975215  0.07045717  0.13809865  0.15342861  
4_0_0      0.38114152  0.34689335  0.40972128  0.38818429  0.31415118  0.32707583  0.32058547  0.38818429  0.34689335  0.38818429  0.38114152  0.37416473  0.38818429  0.13809865  0.07975215  0.07975215  0.00000000  0.01699927  0.11813757  0.12307790  
11_0_0     0.38818429  0.35361814  0.40247286  0.39529431  0.30777202  0.32058547  0.30777202  0.37416473  0.35361814  0.36725269  0.36040421  0.36725269  0.38114152  0.13809865  0.07045717  0.07045717  0.01699927  0.00000000  0.11813757  0.12307790  
1_0_0      0.34022874  0.34689335  0.38114152  0.38818429  0.31415118  0.31415118  0.32707583  0.38818429  0.36040421  0.38818429  0.38114152  0.36725269  0.36725269  0.09869757  0.12805123  0.13809865  0.11813757  0.11813757  0.00000000  0.03880900  
8_0_0      0.35361814  0.36040421  0.39529431  0.40247286  0.33362325  0.33362325  0.34022874  0.38114152  0.35361814  0.39529431  0.38818429  0.37416473  0.37416473  0.11322979  0.14317366  0.15342861  0.12307790  0.12307790  0.03880900  0.00000000  

