15
5_2_0      0.00000000  0.04088018  0.14377238  0.17909500  0.18636622  0.19370951  0.20861814  0.17189446  0.15070345  0.27968919  0.34010274  0.57024736  0.57024736  0.59519933  0.67553239  
5_0_0      0.04088018  0.00000000  0.11667889  0.15769999  0.16476323  0.17189446  0.18636622  0.13690555  0.13010179  0.23936682  0.27968919  0.53432774  0.53432774  0.55807962  0.60799772  
5_1_0      0.14377238  0.11667889  0.00000000  0.20112632  0.20861814  0.20112632  0.20112632  0.15070345  0.15769999  0.23936682  0.30497995  0.62102109  0.62102109  0.63427752  0.67553239  
12_0_0     0.17909500  0.15769999  0.20112632  0.00000000  0.00570372  0.08414862  0.08414862  0.20112632  0.16476323  0.31360577  0.33116470  0.62102109  0.62102109  0.60799772  0.67553239  
2_0_0      0.18636622  0.16476323  0.20861814  0.00570372  0.00000000  0.09054141  0.09054141  0.20861814  0.17189446  0.32233321  0.34010274  0.60799772  0.60799772  0.59519933  0.66152395  
11_0_0     0.19370951  0.17189446  0.20112632  0.08414862  0.09054141  0.00000000  0.01145169  0.18636622  0.17909500  0.27968919  0.30497995  0.55807962  0.55807962  0.54610849  0.60799772  
4_0_0      0.20861814  0.18636622  0.20112632  0.08414862  0.09054141  0.01145169  0.00000000  0.18636622  0.17909500  0.29645340  0.30497995  0.55807962  0.55807962  0.54610849  0.58261830  
8_0_0      0.17189446  0.13690555  0.15070345  0.20112632  0.20861814  0.18636622  0.18636622  0.00000000  0.07781053  0.19370951  0.27968919  0.63427752  0.63427752  0.62102109  0.64777548  
1_0_0      0.15070345  0.13010179  0.15769999  0.16476323  0.17189446  0.17909500  0.17909500  0.07781053  0.00000000  0.20112632  0.25523339  0.64777548  0.64777548  0.63427752  0.66152395  
10_0_0     0.27968919  0.23936682  0.23936682  0.31360577  0.32233321  0.27968919  0.29645340  0.19370951  0.20112632  0.00000000  0.17189446  0.50006946  0.50006946  0.52273140  0.54610849  
7_0_0      0.34010274  0.27968919  0.30497995  0.33116470  0.34010274  0.30497995  0.30497995  0.27968919  0.25523339  0.17189446  0.00000000  0.45672490  0.45672490  0.48899326  0.53432774  
15_0_0     0.57024736  0.53432774  0.62102109  0.62102109  0.60799772  0.55807962  0.55807962  0.63427752  0.64777548  0.50006946  0.45672490  0.00000000  0.00000000  0.07152621  0.11005756  
17_0_0     0.57024736  0.53432774  0.62102109  0.62102109  0.60799772  0.55807962  0.55807962  0.63427752  0.64777548  0.50006946  0.45672490  0.00000000  0.00000000  0.07152621  0.11005756  
14_0_0     0.59519933  0.55807962  0.63427752  0.60799772  0.59519933  0.54610849  0.54610849  0.62102109  0.63427752  0.52273140  0.48899326  0.07152621  0.07152621  0.00000000  0.10349488  
18_0_0     0.67553239  0.60799772  0.67553239  0.67553239  0.66152395  0.60799772  0.58261830  0.64777548  0.66152395  0.54610849  0.53432774  0.11005756  0.11005756  0.10349488  0.00000000  

