34
2_0_0      0.00000000  0.07728473  0.23558289  0.25473440  0.22308455  0.22308455  0.36617371  0.24191194  0.37372746  0.38135893  0.36617371  0.35869612  0.41269514  0.40473610  0.42074052  0.38906974  0.36617371  0.28779525  0.33670529  0.32951755  0.38906974  0.28106414  0.32951755  0.38135893  0.30144356  0.26122973  0.26778244  0.27439356  0.26122973  0.26778244  0.29458801  0.31534774  0.29458801  0.30144356  
15_0_0     0.07728473  0.00000000  0.19273017  0.20472327  0.19273017  0.18092792  0.32239881  0.19273017  0.31534774  0.32239881  0.36617371  0.34396336  0.40473610  0.39686156  0.39686156  0.36617371  0.32951755  0.24191194  0.29458801  0.29458801  0.33670529  0.26122973  0.33670529  0.35129316  0.28106414  0.26778244  0.27439356  0.29458801  0.26778244  0.27439356  0.30144356  0.28106414  0.30144356  0.30836307  
5_0_0      0.23558289  0.19273017  0.00000000  0.03763619  0.16931053  0.15221867  0.37372746  0.25473440  0.39686156  0.40473610  0.41269514  0.37372746  0.47093642  0.47093642  0.47093642  0.38135893  0.33670529  0.24191194  0.29458801  0.26778244  0.32951755  0.24191194  0.29458801  0.35869612  0.30144356  0.30836307  0.30836307  0.33670529  0.30836307  0.31534774  0.34396336  0.30836307  0.32239881  0.31534774  
7_0_0      0.25473440  0.20472327  0.03763619  0.00000000  0.18092792  0.17509648  0.37372746  0.26778244  0.36617371  0.35869612  0.38135893  0.32951755  0.47093642  0.47093642  0.45382421  0.35129316  0.30836307  0.24191194  0.30836307  0.25473440  0.32951755  0.24191194  0.29458801  0.34396336  0.30144356  0.32951755  0.31534774  0.34396336  0.31534774  0.32239881  0.35129316  0.30836307  0.33670529  0.32951755  
17_0_0     0.22308455  0.19273017  0.16931053  0.18092792  0.00000000  0.08753712  0.35129316  0.24191194  0.35869612  0.36617371  0.39686156  0.38135893  0.42887413  0.44541392  0.40473610  0.38906974  0.33670529  0.22930739  0.24829546  0.28106414  0.30836307  0.22930739  0.30144356  0.34396336  0.30144356  0.30836307  0.27439356  0.30836307  0.28106414  0.28779525  0.30144356  0.30144356  0.30836307  0.30144356  
18_0_0     0.22308455  0.18092792  0.15221867  0.17509648  0.08753712  0.00000000  0.32951755  0.22930739  0.32239881  0.32951755  0.36617371  0.34396336  0.44541392  0.42887413  0.44541392  0.35869612  0.31534774  0.21691348  0.24191194  0.26778244  0.33670529  0.22930739  0.27439356  0.28106414  0.28779525  0.28106414  0.27439356  0.26778244  0.25473440  0.26122973  0.27439356  0.26778244  0.27439356  0.26778244  
9_0_0      0.36617371  0.32239881  0.37372746  0.37372746  0.35129316  0.32951755  0.00000000  0.22930739  0.39686156  0.38906974  0.42074052  0.36617371  0.44541392  0.44541392  0.40473610  0.41269514  0.42074052  0.35869612  0.33670529  0.37372746  0.39686156  0.37372746  0.38906974  0.35129316  0.32951755  0.30144356  0.28106414  0.30144356  0.28779525  0.28106414  0.29458801  0.31534774  0.25473440  0.27439356  
12_0_0     0.24191194  0.19273017  0.25473440  0.26778244  0.24191194  0.22930739  0.22930739  0.00000000  0.30836307  0.31534774  0.36617371  0.32951755  0.39686156  0.36617371  0.35129316  0.35869612  0.32239881  0.26122973  0.32239881  0.30144356  0.35869612  0.27439356  0.34396336  0.36617371  0.28106414  0.28779525  0.29458801  0.28106414  0.28779525  0.28106414  0.29458801  0.26778244  0.27439356  0.26778244  
93_0_0     0.37372746  0.31534774  0.39686156  0.36617371  0.35869612  0.32239881  0.39686156  0.30836307  0.00000000  0.00460140  0.14660781  0.13002547  0.19870248  0.18092792  0.18092792  0.32239881  0.34396336  0.32239881  0.33670529  0.30836307  0.30836307  0.28106414  0.34396336  0.31534774  0.28779525  0.30836307  0.27439356  0.28779525  0.29458801  0.28779525  0.28779525  0.28779525  0.30836307  0.30144356  
37_0_0     0.38135893  0.32239881  0.40473610  0.35869612  0.36617371  0.32951755  0.38906974  0.31534774  0.00460140  0.00000000  0.15221867  0.12457940  0.20472327  0.18680557  0.18680557  0.31534774  0.33670529  0.31534774  0.34396336  0.30144356  0.31534774  0.28779525  0.33670529  0.30836307  0.29458801  0.30144356  0.26778244  0.28106414  0.28779525  0.28106414  0.28106414  0.28106414  0.30144356  0.29458801  
95_0_0     0.36617371  0.36617371  0.41269514  0.38135893  0.39686156  0.36617371  0.42074052  0.36617371  0.14660781  0.15221867  0.00000000  0.05225715  0.15221867  0.14103907  0.15787231  0.35129316  0.37372746  0.32239881  0.39686156  0.38135893  0.32951755  0.32239881  0.36617371  0.39686156  0.33670529  0.33670529  0.32951755  0.30836307  0.32239881  0.31534774  0.31534774  0.37372746  0.35129316  0.37372746  
94_0_0     0.35869612  0.34396336  0.37372746  0.32951755  0.38135893  0.34396336  0.36617371  0.32951755  0.13002547  0.12457940  0.05225715  0.00000000  0.14660781  0.13551183  0.15221867  0.35129316  0.35869612  0.31534774  0.37372746  0.35869612  0.38135893  0.30144356  0.34396336  0.35869612  0.28779525  0.31534774  0.30836307  0.28779525  0.30144356  0.29458801  0.29458801  0.35129316  0.32951755  0.35129316  
82_0_0     0.41269514  0.40473610  0.47093642  0.47093642  0.42887413  0.44541392  0.44541392  0.39686156  0.19870248  0.20472327  0.15221867  0.14660781  0.00000000  0.05719556  0.10318641  0.42074052  0.39686156  0.35869612  0.38135893  0.38135893  0.32951755  0.32239881  0.36617371  0.42887413  0.36617371  0.30836307  0.29458801  0.31534774  0.32239881  0.31534774  0.30144356  0.35869612  0.32239881  0.32951755  
97_0_0     0.40473610  0.39686156  0.47093642  0.47093642  0.44541392  0.42887413  0.44541392  0.36617371  0.18092792  0.18680557  0.14103907  0.13551183  0.05719556  0.00000000  0.12457940  0.39686156  0.40473610  0.38135893  0.42887413  0.38135893  0.35869612  0.32239881  0.39686156  0.41269514  0.33670529  0.34396336  0.31534774  0.35129316  0.34396336  0.33670529  0.32239881  0.38135893  0.35869612  0.36617371  
73_0_0     0.42074052  0.39686156  0.47093642  0.45382421  0.40473610  0.44541392  0.40473610  0.35129316  0.18092792  0.18680557  0.15787231  0.15221867  0.10318641  0.12457940  0.00000000  0.42074052  0.40473610  0.37372746  0.36617371  0.37372746  0.30836307  0.30144356  0.37372746  0.42074052  0.30144356  0.34396336  0.28779525  0.31534774  0.32951755  0.32239881  0.30836307  0.32239881  0.30144356  0.30836307  
83_0_0     0.38906974  0.36617371  0.38135893  0.35129316  0.38906974  0.35869612  0.41269514  0.35869612  0.32239881  0.31534774  0.35129316  0.35129316  0.42074052  0.39686156  0.42074052  0.00000000  0.10318641  0.27439356  0.33670529  0.32951755  0.33670529  0.29458801  0.32239881  0.30836307  0.28779525  0.28779525  0.28106414  0.28106414  0.27439356  0.26778244  0.27439356  0.30144356  0.30836307  0.32951755  
53_0_0     0.36617371  0.32951755  0.33670529  0.30836307  0.33670529  0.31534774  0.42074052  0.32239881  0.34396336  0.33670529  0.37372746  0.35869612  0.39686156  0.40473610  0.40473610  0.10318641  0.00000000  0.22930739  0.30144356  0.29458801  0.30144356  0.24191194  0.28106414  0.32951755  0.28779525  0.28779525  0.28106414  0.29458801  0.28779525  0.28106414  0.28779525  0.28106414  0.30144356  0.30836307  
70_0_0     0.28779525  0.24191194  0.24191194  0.24191194  0.22930739  0.21691348  0.35869612  0.26122973  0.32239881  0.31534774  0.32239881  0.31534774  0.35869612  0.38135893  0.37372746  0.27439356  0.22930739  0.00000000  0.21691348  0.23558289  0.23558289  0.18092792  0.18680557  0.29458801  0.24191194  0.20472327  0.20472327  0.21079333  0.19273017  0.19273017  0.20472327  0.23558289  0.22930739  0.23558289  
86_0_0     0.33670529  0.29458801  0.29458801  0.30836307  0.24829546  0.24191194  0.33670529  0.32239881  0.33670529  0.34396336  0.39686156  0.37372746  0.38135893  0.42887413  0.36617371  0.33670529  0.30144356  0.21691348  0.00000000  0.18092792  0.18680557  0.11380578  0.17509648  0.19870248  0.19273017  0.24829546  0.24191194  0.26122973  0.24829546  0.24191194  0.23558289  0.27439356  0.24191194  0.24829546  
46_0_0     0.32951755  0.29458801  0.26778244  0.25473440  0.28106414  0.26778244  0.37372746  0.30144356  0.30836307  0.30144356  0.38135893  0.35869612  0.38135893  0.38135893  0.37372746  0.32951755  0.29458801  0.23558289  0.18092792  0.00000000  0.17509648  0.15787231  0.20472327  0.19273017  0.24191194  0.30144356  0.28106414  0.32239881  0.28779525  0.29458801  0.29458801  0.28779525  0.27439356  0.26122973  
44_0_0     0.38906974  0.33670529  0.32951755  0.32951755  0.30836307  0.33670529  0.39686156  0.35869612  0.30836307  0.31534774  0.32951755  0.38135893  0.32951755  0.35869612  0.30836307  0.33670529  0.30144356  0.23558289  0.18680557  0.17509648  0.00000000  0.16356937  0.19870248  0.26122973  0.22930739  0.26778244  0.24829546  0.28779525  0.25473440  0.26122973  0.25473440  0.27439356  0.25473440  0.24829546  
79_0_0     0.28106414  0.26122973  0.24191194  0.24191194  0.22930739  0.22930739  0.37372746  0.27439356  0.28106414  0.28779525  0.32239881  0.30144356  0.32239881  0.32239881  0.30144356  0.29458801  0.24191194  0.18092792  0.11380578  0.15787231  0.16356937  0.00000000  0.13002547  0.19870248  0.18092792  0.23558289  0.20472327  0.24829546  0.23558289  0.22930739  0.22308455  0.25473440  0.22308455  0.22930739  
21_0_0     0.32951755  0.33670529  0.29458801  0.29458801  0.30144356  0.27439356  0.38906974  0.34396336  0.34396336  0.33670529  0.36617371  0.34396336  0.36617371  0.39686156  0.37372746  0.32239881  0.28106414  0.18680557  0.17509648  0.20472327  0.19870248  0.13002547  0.00000000  0.21079333  0.21079333  0.21691348  0.21079333  0.22930739  0.20472327  0.21079333  0.21691348  0.20472327  0.19870248  0.19273017  
20_0_0     0.38135893  0.35129316  0.35869612  0.34396336  0.34396336  0.28106414  0.35129316  0.36617371  0.31534774  0.30836307  0.39686156  0.35869612  0.42887413  0.41269514  0.42074052  0.30836307  0.32951755  0.29458801  0.19870248  0.19273017  0.26122973  0.19870248  0.21079333  0.00000000  0.22930739  0.30144356  0.25473440  0.29458801  0.28779525  0.28106414  0.27439356  0.29458801  0.25473440  0.26122973  
33_0_0     0.30144356  0.28106414  0.30144356  0.30144356  0.30144356  0.28779525  0.32951755  0.28106414  0.28779525  0.29458801  0.33670529  0.28779525  0.36617371  0.33670529  0.30144356  0.28779525  0.28779525  0.24191194  0.19273017  0.24191194  0.22930739  0.18092792  0.21079333  0.22930739  0.00000000  0.22930739  0.21079333  0.21691348  0.21691348  0.21079333  0.19870248  0.19870248  0.20472327  0.21079333  
22_0_0     0.26122973  0.26778244  0.30836307  0.32951755  0.30836307  0.28106414  0.30144356  0.28779525  0.30836307  0.30144356  0.33670529  0.31534774  0.30836307  0.34396336  0.34396336  0.28779525  0.28779525  0.20472327  0.24829546  0.30144356  0.26778244  0.23558289  0.21691348  0.30144356  0.22930739  0.00000000  0.05225715  0.03282589  0.01857940  0.01389073  0.05225715  0.09793321  0.07221120  0.07728473  
69_0_0     0.26778244  0.27439356  0.30836307  0.31534774  0.27439356  0.27439356  0.28106414  0.29458801  0.27439356  0.26778244  0.32951755  0.30836307  0.29458801  0.31534774  0.28779525  0.28106414  0.28106414  0.20472327  0.24191194  0.28106414  0.24829546  0.20472327  0.21079333  0.25473440  0.21079333  0.05225715  0.00000000  0.05719556  0.04247789  0.03763619  0.07728473  0.11380578  0.06717213  0.07221120  
27_0_0     0.27439356  0.29458801  0.33670529  0.34396336  0.30836307  0.26778244  0.30144356  0.28106414  0.28779525  0.28106414  0.30836307  0.28779525  0.31534774  0.35129316  0.31534774  0.28106414  0.29458801  0.21079333  0.26122973  0.32239881  0.28779525  0.24829546  0.22930739  0.29458801  0.21691348  0.03282589  0.05719556  0.00000000  0.02329789  0.01857940  0.05719556  0.09271695  0.07728473  0.08239321  
96_0_0     0.26122973  0.26778244  0.30836307  0.31534774  0.28106414  0.25473440  0.28779525  0.28779525  0.29458801  0.28779525  0.32239881  0.30144356  0.32239881  0.34396336  0.32951755  0.27439356  0.28779525  0.19273017  0.24829546  0.28779525  0.25473440  0.23558289  0.20472327  0.28779525  0.21691348  0.01857940  0.04247789  0.02329789  0.00000000  0.00460140  0.04247789  0.08753712  0.06216707  0.06717213  
87_0_0     0.26778244  0.27439356  0.31534774  0.32239881  0.28779525  0.26122973  0.28106414  0.28106414  0.28779525  0.28106414  0.31534774  0.29458801  0.31534774  0.33670529  0.32239881  0.26778244  0.28106414  0.19273017  0.24191194  0.29458801  0.26122973  0.22930739  0.21079333  0.28106414  0.21079333  0.01389073  0.03763619  0.01857940  0.00460140  0.00000000  0.03763619  0.08239321  0.05719556  0.06216707  
84_0_0     0.29458801  0.30144356  0.34396336  0.35129316  0.30144356  0.27439356  0.29458801  0.29458801  0.28779525  0.28106414  0.31534774  0.29458801  0.30144356  0.32239881  0.30836307  0.27439356  0.28779525  0.20472327  0.23558289  0.29458801  0.25473440  0.22308455  0.21691348  0.27439356  0.19870248  0.05225715  0.07728473  0.05719556  0.04247789  0.03763619  0.00000000  0.11380578  0.08753712  0.09271695  
25_0_0     0.31534774  0.28106414  0.30836307  0.30836307  0.30144356  0.26778244  0.31534774  0.26778244  0.28779525  0.28106414  0.37372746  0.35129316  0.35869612  0.38135893  0.32239881  0.30144356  0.28106414  0.23558289  0.27439356  0.28779525  0.27439356  0.25473440  0.20472327  0.29458801  0.19870248  0.09793321  0.11380578  0.09271695  0.08753712  0.08239321  0.11380578  0.00000000  0.06216707  0.04735140  
32_0_0     0.29458801  0.30144356  0.32239881  0.33670529  0.30836307  0.27439356  0.25473440  0.27439356  0.30836307  0.30144356  0.35129316  0.32951755  0.32239881  0.35869612  0.30144356  0.30836307  0.30144356  0.22930739  0.24191194  0.27439356  0.25473440  0.22308455  0.19870248  0.25473440  0.20472327  0.07221120  0.06717213  0.07728473  0.06216707  0.05719556  0.08753712  0.06216707  0.00000000  0.01389073  
35_0_0     0.30144356  0.30836307  0.31534774  0.32951755  0.30144356  0.26778244  0.27439356  0.26778244  0.30144356  0.29458801  0.37372746  0.35129316  0.32951755  0.36617371  0.30836307  0.32951755  0.30836307  0.23558289  0.24829546  0.26122973  0.24829546  0.22930739  0.19273017  0.26122973  0.21079333  0.07728473  0.07221120  0.08239321  0.06717213  0.06216707  0.09271695  0.04735140  0.01389073  0.00000000  

