8
95_5_0     0.00000000  0.13129843  0.15117196  0.16472655  0.17159895  0.15791795  0.13786330  0.13129843  
75_10_0    0.13129843  0.00000000  0.12479180  0.12479180  0.09309717  0.13786330  0.11834237  0.11194915  
75_5_0     0.15117196  0.12479180  0.00000000  0.02219020  0.11194915  0.18553996  0.17853633  0.18553996  
75_9_0     0.16472655  0.12479180  0.02219020  0.00000000  0.09932749  0.18553996  0.17853633  0.18553996  
75_8_0     0.17159895  0.09309717  0.11194915  0.09932749  0.00000000  0.15791795  0.15791795  0.16472655  
90_5_0     0.15791795  0.13786330  0.18553996  0.18553996  0.15791795  0.00000000  0.04507266  0.03928478  
84_5_0     0.13786330  0.11834237  0.17853633  0.17853633  0.15791795  0.04507266  0.00000000  0.01657940  
80_5_0     0.13129843  0.11194915  0.18553996  0.18553996  0.16472655  0.03928478  0.01657940  0.00000000  

