46
89_4_0     0.00000000  0.10837935  0.12894611  0.13944603  0.16636089  0.15009578  0.14475190  0.17186234  0.15009578  0.16089970  0.12894611  0.13944603  0.13417760  0.14475190  0.15547819  0.12894611  0.31776076  0.32450516  0.26589347  0.20575090  0.30445209  0.27218314  0.33817963  0.31107676  0.28492378  0.40301881  0.44163373  0.45765708  0.44960240  0.46579964  0.47403203  0.47403203  0.44163373  0.46579964  0.43374925  0.46579964  0.44163373  0.43374925  0.40301881  0.41058360  0.36630401  0.34511199  0.44960240  0.40301881  0.41058360  0.41822586  
61_4_0     0.10837935  0.00000000  0.05931337  0.06887188  0.09830468  0.10837935  0.10332502  0.13417760  0.11346815  0.10332502  0.11859189  0.11859189  0.13417760  0.14475190  0.15547819  0.12894611  0.32450516  0.33131108  0.25347095  0.19999486  0.34511199  0.29788571  0.35210934  0.37350389  0.27218314  0.39552993  0.41822586  0.44163373  0.41822586  0.41822586  0.42594719  0.42594719  0.40301881  0.43374925  0.37350389  0.38811545  0.38811545  0.43374925  0.41822586  0.44163373  0.37350389  0.36630401  0.41058360  0.42594719  0.43374925  0.41058360  
56_4_0     0.12894611  0.05931337  0.00000000  0.01775336  0.12375104  0.13417760  0.12894611  0.13944603  0.14475190  0.13417760  0.14475190  0.14475190  0.17186234  0.17186234  0.18298841  0.15009578  0.33131108  0.33131108  0.25347095  0.21739791  0.31107676  0.29137660  0.34511199  0.33817963  0.29137660  0.43374925  0.47403203  0.49928850  0.47403203  0.47403203  0.48235624  0.44960240  0.44163373  0.47403203  0.41822586  0.42594719  0.40301881  0.43374925  0.44163373  0.46579964  0.36630401  0.35210934  0.40301881  0.42594719  0.44163373  0.42594719  
33_4_0     0.13944603  0.06887188  0.01775336  0.00000000  0.13417760  0.14475190  0.13944603  0.15009578  0.15547819  0.14475190  0.14475190  0.14475190  0.18298841  0.18298841  0.19428288  0.16089970  0.33131108  0.33131108  0.26589347  0.22922957  0.31107676  0.30445209  0.35917293  0.35210934  0.29788571  0.44960240  0.47403203  0.51661386  0.49077435  0.49077435  0.49928850  0.44960240  0.42594719  0.47403203  0.41822586  0.42594719  0.40301881  0.41822586  0.44163373  0.46579964  0.38077391  0.36630401  0.41822586  0.42594719  0.42594719  0.42594719  
95_4_0     0.16636089  0.09830468  0.12375104  0.13417760  0.00000000  0.18861428  0.18298841  0.18298841  0.20575090  0.20575090  0.20575090  0.20575090  0.16636089  0.18861428  0.18861428  0.18298841  0.35210934  0.35917293  0.30445209  0.27852627  0.35917293  0.33131108  0.41058360  0.40301881  0.30445209  0.45765708  0.48235624  0.52542975  0.49928850  0.49928850  0.50790091  0.48235624  0.44960240  0.46579964  0.43374925  0.44960240  0.41058360  0.44960240  0.42594719  0.41822586  0.42594719  0.40301881  0.43374925  0.38811545  0.42594719  0.41822586  
33_8_0     0.15009578  0.10837935  0.13417760  0.14475190  0.18861428  0.00000000  0.00439890  0.06887188  0.09331790  0.08344319  0.10332502  0.12375104  0.17186234  0.16089970  0.17186234  0.14475190  0.34511199  0.35210934  0.30445209  0.26589347  0.35917293  0.31776076  0.35917293  0.36630401  0.24733639  0.44960240  0.44163373  0.47403203  0.44960240  0.44960240  0.45765708  0.44960240  0.44163373  0.44163373  0.39552993  0.39552993  0.42594719  0.45765708  0.44960240  0.47403203  0.44960240  0.42594719  0.42594719  0.44960240  0.46579964  0.49077435  
56_8_0     0.14475190  0.10332502  0.12894611  0.13944603  0.18298841  0.00439890  0.00000000  0.06407732  0.08836421  0.07855441  0.10837935  0.11859189  0.16636089  0.15547819  0.16636089  0.13944603  0.35210934  0.35917293  0.31107676  0.27218314  0.35210934  0.32450516  0.36630401  0.35917293  0.24125184  0.44163373  0.43374925  0.46579964  0.44163373  0.44163373  0.44960240  0.44163373  0.43374925  0.43374925  0.40301881  0.40301881  0.41822586  0.44960240  0.44960240  0.47403203  0.44960240  0.42594719  0.43374925  0.45765708  0.45765708  0.49928850  
95_8_0     0.17186234  0.13417760  0.13944603  0.15009578  0.18298841  0.06887188  0.06407732  0.00000000  0.08344319  0.08344319  0.16089970  0.16089970  0.21155169  0.19999486  0.19999486  0.18298841  0.34511199  0.33817963  0.33817963  0.28492378  0.31776076  0.32450516  0.33817963  0.38811545  0.29137660  0.43374925  0.44163373  0.45765708  0.44960240  0.44960240  0.45765708  0.46579964  0.44163373  0.46579964  0.39552993  0.38077391  0.39552993  0.42594719  0.43374925  0.45765708  0.39552993  0.38077391  0.43374925  0.42594719  0.45765708  0.46579964  
61_9_0     0.15009578  0.11346815  0.14475190  0.15547819  0.20575090  0.09331790  0.08836421  0.08344319  0.00000000  0.02679097  0.14475190  0.14475190  0.16636089  0.16089970  0.17186234  0.15547819  0.38077391  0.38811545  0.35917293  0.30445209  0.36630401  0.35917293  0.38077391  0.37350389  0.32450516  0.49077435  0.49928850  0.51661386  0.50790091  0.50790091  0.51661386  0.49077435  0.48235624  0.49928850  0.41822586  0.44163373  0.44960240  0.46579964  0.46579964  0.47403203  0.41058360  0.43374925  0.45765708  0.48235624  0.50790091  0.49077435  
61_8_0     0.16089970  0.10332502  0.13417760  0.14475190  0.20575090  0.08344319  0.07855441  0.08344319  0.02679097  0.00000000  0.13417760  0.13417760  0.17740464  0.17186234  0.18298841  0.16636089  0.35917293  0.36630401  0.33817963  0.29788571  0.38077391  0.37350389  0.36630401  0.37350389  0.29788571  0.47403203  0.47403203  0.50790091  0.48235624  0.48235624  0.49077435  0.47403203  0.48235624  0.49928850  0.41822586  0.45765708  0.46579964  0.46579964  0.43374925  0.45765708  0.44163373  0.44960240  0.43374925  0.46579964  0.50790091  0.50790091  
38_4_0     0.12894611  0.11859189  0.14475190  0.14475190  0.20575090  0.10332502  0.10837935  0.16089970  0.14475190  0.13417760  0.00000000  0.02679097  0.13944603  0.11859189  0.12894611  0.13417760  0.35917293  0.36630401  0.33131108  0.26589347  0.34511199  0.31776076  0.36630401  0.37350389  0.27852627  0.44960240  0.44960240  0.49928850  0.47403203  0.47403203  0.46579964  0.47403203  0.48235624  0.48235624  0.43374925  0.43374925  0.46579964  0.46579964  0.49077435  0.51661386  0.39552993  0.38811545  0.43374925  0.41058360  0.43374925  0.45765708  
85_4_0     0.13944603  0.11859189  0.14475190  0.14475190  0.20575090  0.12375104  0.11859189  0.16089970  0.14475190  0.13417760  0.02679097  0.00000000  0.15009578  0.12894611  0.13944603  0.14475190  0.37350389  0.38077391  0.34511199  0.29137660  0.35917293  0.34511199  0.36630401  0.37350389  0.27852627  0.44960240  0.43374925  0.48235624  0.45765708  0.45765708  0.44960240  0.49077435  0.48235624  0.48235624  0.44960240  0.44960240  0.46579964  0.46579964  0.48235624  0.50790091  0.38077391  0.38077391  0.41822586  0.42594719  0.44163373  0.44163373  
41_4_0     0.13417760  0.13417760  0.17186234  0.18298841  0.16636089  0.17186234  0.16636089  0.21155169  0.16636089  0.17740464  0.13944603  0.15009578  0.00000000  0.02679097  0.03593937  0.04055597  0.35917293  0.36630401  0.34511199  0.26589347  0.33817963  0.32450516  0.39552993  0.33817963  0.28492378  0.40301881  0.43374925  0.46579964  0.44163373  0.44163373  0.44960240  0.39552993  0.38811545  0.37350389  0.37350389  0.40301881  0.38077391  0.37350389  0.47403203  0.48235624  0.41058360  0.40301881  0.47403203  0.41822586  0.43374925  0.42594719  
75_4_0     0.14475190  0.14475190  0.17186234  0.18298841  0.18861428  0.16089970  0.15547819  0.19999486  0.16089970  0.17186234  0.11859189  0.12894611  0.02679097  0.00000000  0.00882389  0.03135115  0.37350389  0.38077391  0.35917293  0.27852627  0.33817963  0.32450516  0.39552993  0.33817963  0.28492378  0.40301881  0.41822586  0.44960240  0.42594719  0.42594719  0.43374925  0.41058360  0.40301881  0.38811545  0.40301881  0.40301881  0.40301881  0.40301881  0.49077435  0.49928850  0.40301881  0.39552993  0.46579964  0.41822586  0.44960240  0.42594719  
21_4_0     0.15547819  0.15547819  0.18298841  0.19428288  0.18861428  0.17186234  0.16636089  0.19999486  0.17186234  0.18298841  0.12894611  0.13944603  0.03593937  0.00882389  0.00000000  0.04055597  0.38811545  0.39552993  0.37350389  0.29137660  0.33817963  0.33817963  0.41058360  0.35210934  0.29788571  0.40301881  0.41822586  0.44960240  0.42594719  0.42594719  0.43374925  0.42594719  0.40301881  0.38811545  0.40301881  0.40301881  0.40301881  0.40301881  0.50790091  0.51661386  0.41822586  0.41058360  0.47403203  0.43374925  0.46579964  0.43374925  
54_4_0     0.12894611  0.12894611  0.15009578  0.16089970  0.18298841  0.14475190  0.13944603  0.18298841  0.15547819  0.16636089  0.13417760  0.14475190  0.04055597  0.03135115  0.04055597  0.00000000  0.38811545  0.38077391  0.33817963  0.24733639  0.29788571  0.29788571  0.41822586  0.34511199  0.30445209  0.38811545  0.41058360  0.44163373  0.41822586  0.41822586  0.42594719  0.40301881  0.38077391  0.38077391  0.42594719  0.42594719  0.42594719  0.44163373  0.48235624  0.49077435  0.40301881  0.40301881  0.46579964  0.41058360  0.46579964  0.40301881  
42_0_0     0.31776076  0.32450516  0.33131108  0.33131108  0.35210934  0.34511199  0.35210934  0.34511199  0.38077391  0.35917293  0.35917293  0.37350389  0.35917293  0.37350389  0.38811545  0.38811545  0.00000000  0.00439890  0.21739791  0.19999486  0.23521650  0.21155169  0.35210934  0.41822586  0.38077391  0.53435102  0.50790091  0.56177315  0.55252003  0.56177315  0.57114244  0.52542975  0.51661386  0.49928850  0.46579964  0.45765708  0.53435102  0.53435102  0.47403203  0.46579964  0.47403203  0.46579964  0.47403203  0.45765708  0.57114244  0.49077435  
98_0_0     0.32450516  0.33131108  0.33131108  0.33131108  0.35917293  0.35210934  0.35917293  0.33817963  0.38811545  0.36630401  0.36630401  0.38077391  0.36630401  0.38077391  0.39552993  0.38077391  0.00439890  0.00000000  0.22329029  0.19428288  0.22922957  0.21739791  0.34511199  0.42594719  0.38811545  0.53435102  0.50790091  0.56177315  0.55252003  0.56177315  0.57114244  0.51661386  0.50790091  0.49077435  0.47403203  0.44960240  0.54338024  0.54338024  0.46579964  0.45765708  0.46579964  0.46579964  0.48235624  0.46579964  0.56177315  0.48235624  
38_0_0     0.26589347  0.25347095  0.25347095  0.26589347  0.30445209  0.30445209  0.31107676  0.33817963  0.35917293  0.33817963  0.33131108  0.34511199  0.34511199  0.35917293  0.37350389  0.33817963  0.21739791  0.22329029  0.00000000  0.07369744  0.27852627  0.24733639  0.41058360  0.36630401  0.33817963  0.52542975  0.49077435  0.47403203  0.46579964  0.49077435  0.49928850  0.43374925  0.47403203  0.46579964  0.49928850  0.49928850  0.49928850  0.49928850  0.41822586  0.42594719  0.49928850  0.49928850  0.44960240  0.48235624  0.53435102  0.44960240  
85_0_0     0.20575090  0.19999486  0.21739791  0.22922957  0.27852627  0.26589347  0.27218314  0.28492378  0.30445209  0.29788571  0.26589347  0.29137660  0.26589347  0.27852627  0.29137660  0.24733639  0.19999486  0.19428288  0.07369744  0.00000000  0.22922957  0.18861428  0.37350389  0.38077391  0.33817963  0.44960240  0.43374925  0.41822586  0.41058360  0.43374925  0.44163373  0.43374925  0.43374925  0.44960240  0.49077435  0.47403203  0.49077435  0.52542975  0.44163373  0.46579964  0.43374925  0.44163373  0.45765708  0.49928850  0.46579964  0.38811545  
95_0_0     0.30445209  0.34511199  0.31107676  0.31107676  0.35917293  0.35917293  0.35210934  0.31776076  0.36630401  0.38077391  0.34511199  0.35917293  0.33817963  0.33817963  0.33817963  0.29788571  0.23521650  0.22922957  0.27852627  0.22922957  0.00000000  0.12375104  0.37350389  0.42594719  0.41822586  0.49077435  0.52542975  0.50790091  0.49928850  0.50790091  0.49928850  0.58063085  0.49077435  0.48235624  0.52542975  0.50790091  0.50790091  0.56177315  0.53435102  0.54338024  0.40301881  0.41822586  0.49928850  0.47403203  0.53435102  0.47403203  
61_0_0     0.27218314  0.29788571  0.29137660  0.30445209  0.33131108  0.31776076  0.32450516  0.32450516  0.35917293  0.37350389  0.31776076  0.34511199  0.32450516  0.32450516  0.33817963  0.29788571  0.21155169  0.21739791  0.24733639  0.18861428  0.12375104  0.00000000  0.40301881  0.41058360  0.40301881  0.46579964  0.51661386  0.48235624  0.47403203  0.49928850  0.50790091  0.59997744  0.54338024  0.53435102  0.49077435  0.49077435  0.49077435  0.52542975  0.50790091  0.53435102  0.38811545  0.41058360  0.46579964  0.44163373  0.52542975  0.42594719  
89_5_0     0.33817963  0.35210934  0.34511199  0.35917293  0.41058360  0.35917293  0.36630401  0.33817963  0.38077391  0.36630401  0.36630401  0.36630401  0.39552993  0.39552993  0.41058360  0.41822586  0.35210934  0.34511199  0.41058360  0.37350389  0.37350389  0.40301881  0.00000000  0.28492378  0.23521650  0.64024353  0.62997150  0.67193618  0.68280671  0.65065892  0.64024353  0.50790091  0.52542975  0.50790091  0.49928850  0.46579964  0.51661386  0.55252003  0.49928850  0.50790091  0.46579964  0.47403203  0.53435102  0.40301881  0.49077435  0.54338024  
89_6_0     0.31107676  0.37350389  0.33817963  0.35210934  0.40301881  0.36630401  0.35917293  0.38811545  0.37350389  0.37350389  0.37350389  0.37350389  0.33817963  0.33817963  0.35210934  0.34511199  0.41822586  0.42594719  0.36630401  0.38077391  0.42594719  0.41058360  0.28492378  0.00000000  0.16636089  0.44960240  0.45765708  0.50790091  0.53435102  0.50790091  0.51661386  0.48235624  0.46579964  0.44163373  0.50790091  0.50790091  0.49928850  0.45765708  0.49077435  0.48235624  0.38811545  0.40301881  0.40301881  0.38077391  0.45765708  0.52542975  
89_2_0     0.28492378  0.27218314  0.29137660  0.29788571  0.30445209  0.24733639  0.24125184  0.29137660  0.32450516  0.29788571  0.27852627  0.27852627  0.28492378  0.28492378  0.29788571  0.30445209  0.38077391  0.38811545  0.33817963  0.33817963  0.41822586  0.40301881  0.23521650  0.16636089  0.00000000  0.43374925  0.40301881  0.46579964  0.45765708  0.43374925  0.44163373  0.39552993  0.48235624  0.43374925  0.46579964  0.44960240  0.46579964  0.46579964  0.44163373  0.43374925  0.48235624  0.46579964  0.48235624  0.39552993  0.47403203  0.54338024  
36_10_0    0.40301881  0.39552993  0.43374925  0.44960240  0.45765708  0.44960240  0.44163373  0.43374925  0.49077435  0.47403203  0.44960240  0.44960240  0.40301881  0.40301881  0.40301881  0.38811545  0.53435102  0.53435102  0.52542975  0.44960240  0.49077435  0.46579964  0.64024353  0.44960240  0.43374925  0.00000000  0.12894611  0.12894611  0.12894611  0.12375104  0.12894611  0.44163373  0.41058360  0.42594719  0.42594719  0.43374925  0.44960240  0.44960240  0.56177315  0.58063085  0.41058360  0.40301881  0.53435102  0.48235624  0.48235624  0.46579964  
50_10_0    0.44163373  0.41822586  0.47403203  0.47403203  0.48235624  0.44163373  0.43374925  0.44163373  0.49928850  0.47403203  0.44960240  0.43374925  0.43374925  0.41822586  0.41822586  0.41058360  0.50790091  0.50790091  0.49077435  0.43374925  0.52542975  0.51661386  0.62997150  0.45765708  0.40301881  0.12894611  0.00000000  0.06887188  0.06407732  0.05931337  0.06407732  0.41822586  0.43374925  0.45765708  0.47403203  0.48235624  0.49928850  0.49928850  0.49077435  0.50790091  0.44960240  0.46579964  0.50790091  0.52542975  0.52542975  0.46579964  
71_10_0    0.45765708  0.44163373  0.49928850  0.51661386  0.52542975  0.47403203  0.46579964  0.45765708  0.51661386  0.50790091  0.49928850  0.48235624  0.46579964  0.44960240  0.44960240  0.44163373  0.56177315  0.56177315  0.47403203  0.41822586  0.50790091  0.48235624  0.67193618  0.50790091  0.46579964  0.12894611  0.06887188  0.00000000  0.01327527  0.01775336  0.02225849  0.45765708  0.45765708  0.47403203  0.47403203  0.46579964  0.44960240  0.46579964  0.51661386  0.53435102  0.44163373  0.47403203  0.49928850  0.56177315  0.57114244  0.44960240  
69_10_0    0.44960240  0.41822586  0.47403203  0.49077435  0.49928850  0.44960240  0.44163373  0.44960240  0.50790091  0.48235624  0.47403203  0.45765708  0.44163373  0.42594719  0.42594719  0.41822586  0.55252003  0.55252003  0.46579964  0.41058360  0.49928850  0.47403203  0.68280671  0.53435102  0.45765708  0.12894611  0.06407732  0.01327527  0.00000000  0.01327527  0.01775336  0.43374925  0.46579964  0.48235624  0.48235624  0.47403203  0.47403203  0.49077435  0.52542975  0.54338024  0.44960240  0.46579964  0.51661386  0.58063085  0.59024146  0.45765708  
71_12_0    0.46579964  0.41822586  0.47403203  0.49077435  0.49928850  0.44960240  0.44163373  0.44960240  0.50790091  0.48235624  0.47403203  0.45765708  0.44163373  0.42594719  0.42594719  0.41822586  0.56177315  0.56177315  0.49077435  0.43374925  0.50790091  0.49928850  0.65065892  0.50790091  0.43374925  0.12375104  0.05931337  0.01775336  0.01327527  0.00000000  0.00439890  0.44960240  0.45765708  0.47403203  0.47403203  0.46579964  0.46579964  0.49928850  0.51661386  0.53435102  0.42594719  0.45765708  0.49928850  0.56177315  0.58063085  0.44960240  
69_12_0    0.47403203  0.42594719  0.48235624  0.49928850  0.50790091  0.45765708  0.44960240  0.45765708  0.51661386  0.49077435  0.46579964  0.44960240  0.44960240  0.43374925  0.43374925  0.42594719  0.57114244  0.57114244  0.49928850  0.44163373  0.49928850  0.50790091  0.64024353  0.51661386  0.44163373  0.12894611  0.06407732  0.02225849  0.01775336  0.00439890  0.00000000  0.45765708  0.46579964  0.48235624  0.48235624  0.47403203  0.47403203  0.50790091  0.52542975  0.54338024  0.43374925  0.46579964  0.50790091  0.57114244  0.59024146  0.44163373  
72_10_0    0.47403203  0.42594719  0.44960240  0.44960240  0.48235624  0.44960240  0.44163373  0.46579964  0.49077435  0.47403203  0.47403203  0.49077435  0.39552993  0.41058360  0.42594719  0.40301881  0.52542975  0.51661386  0.43374925  0.43374925  0.58063085  0.59997744  0.50790091  0.48235624  0.39552993  0.44163373  0.41822586  0.45765708  0.43374925  0.44960240  0.45765708  0.00000000  0.24733639  0.22329029  0.26589347  0.26589347  0.30445209  0.29788571  0.58063085  0.59024146  0.57114244  0.57114244  0.58063085  0.51661386  0.47403203  0.60984212  
77_10_0    0.44163373  0.40301881  0.44163373  0.42594719  0.44960240  0.44163373  0.43374925  0.44163373  0.48235624  0.48235624  0.48235624  0.48235624  0.38811545  0.40301881  0.40301881  0.38077391  0.51661386  0.50790091  0.47403203  0.43374925  0.49077435  0.54338024  0.52542975  0.46579964  0.48235624  0.41058360  0.43374925  0.45765708  0.46579964  0.45765708  0.46579964  0.24733639  0.00000000  0.06887188  0.27852627  0.27852627  0.27852627  0.29137660  0.65065892  0.66122172  0.53435102  0.56177315  0.49928850  0.47403203  0.47403203  0.53435102  
76_10_0    0.46579964  0.43374925  0.47403203  0.47403203  0.46579964  0.44163373  0.43374925  0.46579964  0.49928850  0.49928850  0.48235624  0.48235624  0.37350389  0.38811545  0.38811545  0.38077391  0.49928850  0.49077435  0.46579964  0.44960240  0.48235624  0.53435102  0.50790091  0.44163373  0.43374925  0.42594719  0.45765708  0.47403203  0.48235624  0.47403203  0.48235624  0.22329029  0.06887188  0.00000000  0.26589347  0.25347095  0.26589347  0.26589347  0.62997150  0.64024353  0.52542975  0.57114244  0.49077435  0.45765708  0.49928850  0.57114244  
99_11_0    0.43374925  0.37350389  0.41822586  0.41822586  0.43374925  0.39552993  0.40301881  0.39552993  0.41822586  0.41822586  0.43374925  0.44960240  0.37350389  0.40301881  0.40301881  0.42594719  0.46579964  0.47403203  0.49928850  0.49077435  0.52542975  0.49077435  0.49928850  0.50790091  0.46579964  0.42594719  0.47403203  0.47403203  0.48235624  0.47403203  0.48235624  0.26589347  0.27852627  0.26589347  0.00000000  0.03593937  0.08836421  0.10332502  0.47403203  0.49928850  0.48235624  0.50790091  0.44960240  0.48235624  0.46579964  0.50790091  
87_11_0    0.46579964  0.38811545  0.42594719  0.42594719  0.44960240  0.39552993  0.40301881  0.38077391  0.44163373  0.45765708  0.43374925  0.44960240  0.40301881  0.40301881  0.40301881  0.42594719  0.45765708  0.44960240  0.49928850  0.47403203  0.50790091  0.49077435  0.46579964  0.50790091  0.44960240  0.43374925  0.48235624  0.46579964  0.47403203  0.46579964  0.47403203  0.26589347  0.27852627  0.25347095  0.03593937  0.00000000  0.10332502  0.12375104  0.47403203  0.49928850  0.45765708  0.47403203  0.44960240  0.48235624  0.46579964  0.51661386  
99_10_0    0.44163373  0.38811545  0.40301881  0.40301881  0.41058360  0.42594719  0.41822586  0.39552993  0.44960240  0.46579964  0.46579964  0.46579964  0.38077391  0.40301881  0.40301881  0.42594719  0.53435102  0.54338024  0.49928850  0.49077435  0.50790091  0.49077435  0.51661386  0.49928850  0.46579964  0.44960240  0.49928850  0.44960240  0.47403203  0.46579964  0.47403203  0.30445209  0.27852627  0.26589347  0.08836421  0.10332502  0.00000000  0.04987574  0.50790091  0.53435102  0.48235624  0.45765708  0.54338024  0.54338024  0.51661386  0.59997744  
87_10_0    0.43374925  0.43374925  0.43374925  0.41822586  0.44960240  0.45765708  0.44960240  0.42594719  0.46579964  0.46579964  0.46579964  0.46579964  0.37350389  0.40301881  0.40301881  0.44163373  0.53435102  0.54338024  0.49928850  0.52542975  0.56177315  0.52542975  0.55252003  0.45765708  0.46579964  0.44960240  0.49928850  0.46579964  0.49077435  0.49928850  0.50790091  0.29788571  0.29137660  0.26589347  0.10332502  0.12375104  0.04987574  0.00000000  0.54338024  0.57114244  0.50790091  0.49928850  0.55252003  0.53435102  0.51661386  0.62997150  
9_0_0      0.40301881  0.41822586  0.44163373  0.44163373  0.42594719  0.44960240  0.44960240  0.43374925  0.46579964  0.43374925  0.49077435  0.48235624  0.47403203  0.49077435  0.50790091  0.48235624  0.47403203  0.46579964  0.41822586  0.44163373  0.53435102  0.50790091  0.49928850  0.49077435  0.44163373  0.56177315  0.49077435  0.51661386  0.52542975  0.51661386  0.52542975  0.58063085  0.65065892  0.62997150  0.47403203  0.47403203  0.50790091  0.54338024  0.00000000  0.01327527  0.41058360  0.39552993  0.49077435  0.46579964  0.48235624  0.51661386  
92_0_0     0.41058360  0.44163373  0.46579964  0.46579964  0.41822586  0.47403203  0.47403203  0.45765708  0.47403203  0.45765708  0.51661386  0.50790091  0.48235624  0.49928850  0.51661386  0.49077435  0.46579964  0.45765708  0.42594719  0.46579964  0.54338024  0.53435102  0.50790091  0.48235624  0.43374925  0.58063085  0.50790091  0.53435102  0.54338024  0.53435102  0.54338024  0.59024146  0.66122172  0.64024353  0.49928850  0.49928850  0.53435102  0.57114244  0.01327527  0.00000000  0.41822586  0.40301881  0.50790091  0.45765708  0.49928850  0.51661386  
63_0_0     0.36630401  0.37350389  0.36630401  0.38077391  0.42594719  0.44960240  0.44960240  0.39552993  0.41058360  0.44163373  0.39552993  0.38077391  0.41058360  0.40301881  0.41822586  0.40301881  0.47403203  0.46579964  0.49928850  0.43374925  0.40301881  0.38811545  0.46579964  0.38811545  0.48235624  0.41058360  0.44960240  0.44163373  0.44960240  0.42594719  0.43374925  0.57114244  0.53435102  0.52542975  0.48235624  0.45765708  0.48235624  0.50790091  0.41058360  0.41822586  0.00000000  0.05457964  0.35917293  0.33817963  0.34511199  0.40301881  
35_0_0     0.34511199  0.36630401  0.35210934  0.36630401  0.40301881  0.42594719  0.42594719  0.38077391  0.43374925  0.44960240  0.38811545  0.38077391  0.40301881  0.39552993  0.41058360  0.40301881  0.46579964  0.46579964  0.49928850  0.44163373  0.41822586  0.41058360  0.47403203  0.40301881  0.46579964  0.40301881  0.46579964  0.47403203  0.46579964  0.45765708  0.46579964  0.57114244  0.56177315  0.57114244  0.50790091  0.47403203  0.45765708  0.49928850  0.39552993  0.40301881  0.05457964  0.00000000  0.39552993  0.36630401  0.34511199  0.40301881  
29_0_0     0.44960240  0.41058360  0.40301881  0.41822586  0.43374925  0.42594719  0.43374925  0.43374925  0.45765708  0.43374925  0.43374925  0.41822586  0.47403203  0.46579964  0.47403203  0.46579964  0.47403203  0.48235624  0.44960240  0.45765708  0.49928850  0.46579964  0.53435102  0.40301881  0.48235624  0.53435102  0.50790091  0.49928850  0.51661386  0.49928850  0.50790091  0.58063085  0.49928850  0.49077435  0.44960240  0.44960240  0.54338024  0.55252003  0.49077435  0.50790091  0.35917293  0.39552993  0.00000000  0.28492378  0.44960240  0.39552993  
65_0_0     0.40301881  0.42594719  0.42594719  0.42594719  0.38811545  0.44960240  0.45765708  0.42594719  0.48235624  0.46579964  0.41058360  0.42594719  0.41822586  0.41822586  0.43374925  0.41058360  0.45765708  0.46579964  0.48235624  0.49928850  0.47403203  0.44163373  0.40301881  0.38077391  0.39552993  0.48235624  0.52542975  0.56177315  0.58063085  0.56177315  0.57114244  0.51661386  0.47403203  0.45765708  0.48235624  0.48235624  0.54338024  0.53435102  0.46579964  0.45765708  0.33817963  0.36630401  0.28492378  0.00000000  0.40301881  0.45765708  
8_0_0      0.41058360  0.43374925  0.44163373  0.42594719  0.42594719  0.46579964  0.45765708  0.45765708  0.50790091  0.50790091  0.43374925  0.44163373  0.43374925  0.44960240  0.46579964  0.46579964  0.57114244  0.56177315  0.53435102  0.46579964  0.53435102  0.52542975  0.49077435  0.45765708  0.47403203  0.48235624  0.52542975  0.57114244  0.59024146  0.58063085  0.59024146  0.47403203  0.47403203  0.49928850  0.46579964  0.46579964  0.51661386  0.51661386  0.48235624  0.49928850  0.34511199  0.34511199  0.44960240  0.40301881  0.00000000  0.44163373  
8_1_0      0.41822586  0.41058360  0.42594719  0.42594719  0.41822586  0.49077435  0.49928850  0.46579964  0.49077435  0.50790091  0.45765708  0.44163373  0.42594719  0.42594719  0.43374925  0.40301881  0.49077435  0.48235624  0.44960240  0.38811545  0.47403203  0.42594719  0.54338024  0.52542975  0.54338024  0.46579964  0.46579964  0.44960240  0.45765708  0.44960240  0.44163373  0.60984212  0.53435102  0.57114244  0.50790091  0.51661386  0.59997744  0.62997150  0.51661386  0.51661386  0.40301881  0.40301881  0.39552993  0.45765708  0.44163373  0.00000000  

