15
15_2_0     0.00000000  0.12858987  0.26415939  0.28426374  0.27414342  0.31548101  0.23498955  0.24458587  0.18878726  0.26415939  0.23498955  0.22551587  0.25430803  0.25430803  0.24458587  
15_0_0     0.12858987  0.00000000  0.28426374  0.27414342  0.24458587  0.29452413  0.18878726  0.21616172  0.21616172  0.29452413  0.28426374  0.25430803  0.20692413  0.20692413  0.20692413  
10_0_0     0.26415939  0.28426374  0.00000000  0.34807080  0.32618588  0.31548101  0.30492852  0.29452413  0.37062146  0.34807080  0.34807080  0.35926039  0.35926039  0.35926039  0.33704758  
8_1_0      0.28426374  0.27414342  0.34807080  0.00000000  0.05027812  0.30492852  0.23498955  0.22551587  0.34807080  0.41789120  0.38215935  0.33704758  0.32618588  0.33704758  0.33704758  
8_0_0      0.27414342  0.24458587  0.32618588  0.05027812  0.00000000  0.25430803  0.22551587  0.23498955  0.31548101  0.35926039  0.32618588  0.30492852  0.29452413  0.30492852  0.30492852  
49_0_0     0.31548101  0.29452413  0.31548101  0.30492852  0.25430803  0.00000000  0.14529620  0.13689598  0.39387965  0.44270657  0.44270657  0.43019506  0.40578822  0.39387965  0.31548101  
51_0_0     0.23498955  0.18878726  0.30492852  0.23498955  0.22551587  0.14529620  0.00000000  0.02113166  0.30492852  0.31548101  0.32618588  0.31548101  0.30492852  0.32618588  0.26415939  
44_0_0     0.24458587  0.21616172  0.29452413  0.22551587  0.23498955  0.13689598  0.02113166  0.00000000  0.31548101  0.34807080  0.35926039  0.34807080  0.31548101  0.33704758  0.25430803  
93_0_0     0.18878726  0.21616172  0.37062146  0.34807080  0.31548101  0.39387965  0.30492852  0.31548101  0.00000000  0.09626592  0.08061753  0.07291549  0.16238769  0.17988254  0.16238769  
95_0_0     0.26415939  0.29452413  0.34807080  0.41789120  0.35926039  0.44270657  0.31548101  0.34807080  0.09626592  0.00000000  0.02831155  0.08840044  0.17988254  0.19780023  0.20692413  
95_3_0     0.23498955  0.28426374  0.34807080  0.38215935  0.32618588  0.44270657  0.32618588  0.35926039  0.08061753  0.02831155  0.00000000  0.07291549  0.19780023  0.21616172  0.21616172  
100_0_0    0.22551587  0.25430803  0.35926039  0.33704758  0.30492852  0.43019506  0.31548101  0.34807080  0.07291549  0.08840044  0.07291549  0.00000000  0.19780023  0.21616172  0.19780023  
96_0_0     0.25430803  0.20692413  0.35926039  0.32618588  0.29452413  0.40578822  0.30492852  0.31548101  0.16238769  0.17988254  0.19780023  0.19780023  0.00000000  0.01402064  0.16238769  
98_0_0     0.25430803  0.20692413  0.35926039  0.33704758  0.30492852  0.39387965  0.32618588  0.33704758  0.17988254  0.19780023  0.21616172  0.21616172  0.01402064  0.00000000  0.17988254  
94_0_0     0.24458587  0.20692413  0.33704758  0.33704758  0.30492852  0.31548101  0.26415939  0.25430803  0.16238769  0.20692413  0.21616172  0.19780023  0.16238769  0.17988254  0.00000000  

