32
26_1_0     0.00000000  0.00000000  0.08328080  0.07235004  0.03530177  0.04048350  0.09437345  0.07779548  0.07235004  0.07235004  0.22864851  0.26284080  0.21539700  0.22864851  0.22864851  0.24897602  0.20885814  0.21539700  0.21539700  0.21539700  0.21539700  0.21539700  0.20885814  0.20237587  0.18957725  0.19594922  0.22199345  0.23536323  0.22864851  0.22864851  0.20237587  0.22199345  
98_1_0     0.00000000  0.00000000  0.08328080  0.07235004  0.03530177  0.04048350  0.09437345  0.07779548  0.07235004  0.07235004  0.22864851  0.26284080  0.21539700  0.22864851  0.22864851  0.24897602  0.20885814  0.21539700  0.21539700  0.21539700  0.21539700  0.21539700  0.20885814  0.20237587  0.18957725  0.19594922  0.22199345  0.23536323  0.22864851  0.22864851  0.20237587  0.22199345  
43_1_0     0.08328080  0.08328080  0.00000000  0.04048350  0.05095575  0.04570132  0.07235004  0.06157651  0.07235004  0.07235004  0.20885814  0.21539700  0.22864851  0.19594922  0.20885814  0.21539700  0.22199345  0.22199345  0.22199345  0.20237587  0.20237587  0.20237587  0.21539700  0.21539700  0.20885814  0.22199345  0.23536323  0.20885814  0.19594922  0.19594922  0.18957725  0.21539700  
21_1_0     0.07235004  0.07235004  0.04048350  0.00000000  0.05095575  0.04048350  0.07779548  0.05624731  0.06694391  0.06694391  0.23536323  0.24213870  0.22864851  0.20885814  0.21539700  0.22199345  0.22864851  0.22864851  0.24213870  0.22199345  0.21539700  0.21539700  0.22199345  0.19594922  0.20237587  0.20237587  0.23536323  0.24213870  0.20885814  0.20885814  0.20885814  0.22199345  
43_2_0     0.03530177  0.03530177  0.05095575  0.05095575  0.00000000  0.01996826  0.07779548  0.06694391  0.05624731  0.05624731  0.21539700  0.23536323  0.20885814  0.20237587  0.21539700  0.23536323  0.19594922  0.18957725  0.18957725  0.18957725  0.17699365  0.17699365  0.18325902  0.18325902  0.17699365  0.18957725  0.19594922  0.22199345  0.20885814  0.20885814  0.17699365  0.18957725  
21_2_0     0.04048350  0.04048350  0.04570132  0.04048350  0.01996826  0.00000000  0.06694391  0.04570132  0.05624731  0.05624731  0.22199345  0.24213870  0.21539700  0.22199345  0.23536323  0.25587633  0.20237587  0.20885814  0.20885814  0.20237587  0.18957725  0.18957725  0.20237587  0.18325902  0.18957725  0.18957725  0.22199345  0.23536323  0.19594922  0.19594922  0.18957725  0.20237587  
43_0_0     0.09437345  0.09437345  0.07235004  0.07779548  0.07779548  0.06694391  0.00000000  0.03015564  0.09437345  0.09437345  0.21539700  0.22199345  0.22199345  0.21539700  0.22864851  0.23536323  0.20885814  0.21539700  0.20237587  0.20885814  0.19594922  0.19594922  0.22199345  0.20237587  0.19594922  0.19594922  0.22864851  0.20885814  0.18325902  0.18325902  0.18957725  0.20237587  
21_0_0     0.07779548  0.07779548  0.06157651  0.05624731  0.06694391  0.04570132  0.03015564  0.00000000  0.08328080  0.08328080  0.22864851  0.23536323  0.22199345  0.22864851  0.24213870  0.24897602  0.22199345  0.22864851  0.22864851  0.22199345  0.20885814  0.20885814  0.22199345  0.20237587  0.20885814  0.20885814  0.24213870  0.22199345  0.18325902  0.18325902  0.20237587  0.21539700  
98_0_0     0.07235004  0.07235004  0.07235004  0.06694391  0.05624731  0.05624731  0.09437345  0.08328080  0.00000000  0.00000000  0.20237587  0.22199345  0.20885814  0.20885814  0.22199345  0.24213870  0.21539700  0.22199345  0.22199345  0.22199345  0.20885814  0.20885814  0.20237587  0.18957725  0.18325902  0.19594922  0.20885814  0.22199345  0.21539700  0.21539700  0.18325902  0.22199345  
26_0_0     0.07235004  0.07235004  0.07235004  0.06694391  0.05624731  0.05624731  0.09437345  0.08328080  0.00000000  0.00000000  0.20237587  0.22199345  0.20885814  0.20885814  0.22199345  0.24213870  0.21539700  0.22199345  0.22199345  0.22199345  0.20885814  0.20885814  0.20237587  0.18957725  0.18325902  0.19594922  0.20885814  0.22199345  0.21539700  0.21539700  0.18325902  0.22199345  
76_0_0     0.22864851  0.22864851  0.20885814  0.23536323  0.21539700  0.22199345  0.21539700  0.22864851  0.20237587  0.20237587  0.00000000  0.02504463  0.01996826  0.05624731  0.08328080  0.09437345  0.08880659  0.08880659  0.08328080  0.09998200  0.09437345  0.09437345  0.09437345  0.10563286  0.09437345  0.11706411  0.11132668  0.11132668  0.08880659  0.09437345  0.10563286  0.14046371  
76_8_0     0.26284080  0.26284080  0.21539700  0.24213870  0.23536323  0.24213870  0.22199345  0.23536323  0.22199345  0.22199345  0.02504463  0.00000000  0.04570132  0.07235004  0.09437345  0.09437345  0.09437345  0.09437345  0.09998200  0.11706411  0.08880659  0.08880659  0.09998200  0.09998200  0.11132668  0.13454492  0.12867253  0.10563286  0.09437345  0.09998200  0.12284583  0.12867253  
70_0_0     0.21539700  0.21539700  0.22864851  0.22864851  0.20885814  0.21539700  0.22199345  0.22199345  0.20885814  0.20885814  0.01996826  0.04570132  0.00000000  0.06694391  0.09437345  0.10563286  0.08880659  0.08880659  0.08328080  0.10563286  0.09998200  0.09998200  0.09437345  0.08880659  0.08880659  0.09998200  0.10563286  0.11706411  0.08328080  0.08880659  0.09998200  0.12284583  
49_0_0     0.22864851  0.22864851  0.19594922  0.20885814  0.20237587  0.22199345  0.21539700  0.22864851  0.20885814  0.20885814  0.05624731  0.07235004  0.06694391  0.00000000  0.04570132  0.06694391  0.07235004  0.06694391  0.07235004  0.07235004  0.07779548  0.07779548  0.07235004  0.07779548  0.06694391  0.08880659  0.08328080  0.09437345  0.09998200  0.09437345  0.09437345  0.11132668  
65_0_0     0.22864851  0.22864851  0.20885814  0.21539700  0.21539700  0.23536323  0.22864851  0.24213870  0.22199345  0.22199345  0.08328080  0.09437345  0.09437345  0.04570132  0.00000000  0.01996826  0.10563286  0.09998200  0.10563286  0.09437345  0.09998200  0.09998200  0.11706411  0.11706411  0.09437345  0.11706411  0.11132668  0.11132668  0.13454492  0.14046371  0.13454492  0.15244348  
28_0_0     0.24897602  0.24897602  0.21539700  0.22199345  0.23536323  0.25587633  0.23536323  0.24897602  0.24213870  0.24213870  0.09437345  0.09437345  0.10563286  0.06694391  0.01996826  0.00000000  0.11706411  0.11132668  0.12867253  0.11706411  0.11132668  0.11132668  0.12867253  0.11706411  0.10563286  0.12867253  0.12284583  0.09998200  0.14642965  0.15244348  0.14642965  0.15850600  
16_0_0     0.20885814  0.20885814  0.22199345  0.22864851  0.19594922  0.20237587  0.20885814  0.22199345  0.21539700  0.21539700  0.08880659  0.09437345  0.08880659  0.07235004  0.10563286  0.11706411  0.00000000  0.01492607  0.02504463  0.05624731  0.04048350  0.04048350  0.03015564  0.06157651  0.06157651  0.08328080  0.08880659  0.11706411  0.09998200  0.09437345  0.09998200  0.12284583  
55_0_0     0.21539700  0.21539700  0.22199345  0.22864851  0.18957725  0.20885814  0.21539700  0.22864851  0.22199345  0.22199345  0.08880659  0.09437345  0.08880659  0.06694391  0.09998200  0.11132668  0.01492607  0.00000000  0.02504463  0.04048350  0.02504463  0.02504463  0.01492607  0.06694391  0.06694391  0.07779548  0.07235004  0.11706411  0.09998200  0.09437345  0.09998200  0.12284583  
75_0_0     0.21539700  0.21539700  0.22199345  0.24213870  0.18957725  0.20885814  0.20237587  0.22864851  0.22199345  0.22199345  0.08328080  0.09998200  0.08328080  0.07235004  0.10563286  0.12867253  0.02504463  0.02504463  0.00000000  0.05624731  0.05095575  0.05095575  0.04048350  0.08328080  0.07235004  0.08328080  0.08880659  0.11132668  0.08328080  0.07779548  0.08328080  0.11132668  
69_9_0     0.21539700  0.21539700  0.20237587  0.22199345  0.18957725  0.20237587  0.20885814  0.22199345  0.22199345  0.22199345  0.09998200  0.11706411  0.10563286  0.07235004  0.09437345  0.11706411  0.05624731  0.04048350  0.05624731  0.00000000  0.02504463  0.02504463  0.04570132  0.10563286  0.08328080  0.09437345  0.08880659  0.11706411  0.12284583  0.11706411  0.10563286  0.12867253  
69_11_0    0.21539700  0.21539700  0.20237587  0.21539700  0.17699365  0.18957725  0.19594922  0.20885814  0.20885814  0.20885814  0.09437345  0.08880659  0.09998200  0.07779548  0.09998200  0.11132668  0.04048350  0.02504463  0.05095575  0.02504463  0.00000000  0.00000000  0.03015564  0.07779548  0.07779548  0.08880659  0.08328080  0.12284583  0.11706411  0.11132668  0.12284583  0.12867253  
69_10_0    0.21539700  0.21539700  0.20237587  0.21539700  0.17699365  0.18957725  0.19594922  0.20885814  0.20885814  0.20885814  0.09437345  0.08880659  0.09998200  0.07779548  0.09998200  0.11132668  0.04048350  0.02504463  0.05095575  0.02504463  0.00000000  0.00000000  0.03015564  0.07779548  0.07779548  0.08880659  0.08328080  0.12284583  0.11706411  0.11132668  0.12284583  0.12867253  
23_9_0     0.20885814  0.20885814  0.21539700  0.22199345  0.18325902  0.20237587  0.22199345  0.22199345  0.20237587  0.20237587  0.09437345  0.09998200  0.09437345  0.07235004  0.11706411  0.12867253  0.03015564  0.01492607  0.04048350  0.04570132  0.03015564  0.03015564  0.00000000  0.07235004  0.07235004  0.08328080  0.07779548  0.12867253  0.10563286  0.09998200  0.09437345  0.12284583  
44_6_0     0.20237587  0.20237587  0.21539700  0.19594922  0.18325902  0.18325902  0.20237587  0.20237587  0.18957725  0.18957725  0.10563286  0.09998200  0.08880659  0.07779548  0.11706411  0.11706411  0.06157651  0.06694391  0.08328080  0.10563286  0.07779548  0.07779548  0.07235004  0.00000000  0.01996826  0.03015564  0.05095575  0.09998200  0.08880659  0.08880659  0.07235004  0.07235004  
44_5_0     0.18957725  0.18957725  0.20885814  0.20237587  0.17699365  0.18957725  0.19594922  0.20885814  0.18325902  0.18325902  0.09437345  0.11132668  0.08880659  0.06694391  0.09437345  0.10563286  0.06157651  0.06694391  0.07235004  0.08328080  0.07779548  0.07779548  0.07235004  0.01996826  0.00000000  0.01996826  0.03015564  0.09998200  0.08880659  0.08880659  0.06157651  0.08880659  
44_0_0     0.19594922  0.19594922  0.22199345  0.20237587  0.18957725  0.18957725  0.19594922  0.20885814  0.19594922  0.19594922  0.11706411  0.13454492  0.09998200  0.08880659  0.11706411  0.12867253  0.08328080  0.07779548  0.08328080  0.09437345  0.08880659  0.08880659  0.08328080  0.03015564  0.01996826  0.00000000  0.04048350  0.12284583  0.09998200  0.09998200  0.06694391  0.08328080  
22_0_0     0.22199345  0.22199345  0.23536323  0.23536323  0.19594922  0.22199345  0.22864851  0.24213870  0.20885814  0.20885814  0.11132668  0.12867253  0.10563286  0.08328080  0.11132668  0.12284583  0.08880659  0.07235004  0.08880659  0.08880659  0.08328080  0.08328080  0.07779548  0.05095575  0.03015564  0.04048350  0.00000000  0.11706411  0.10563286  0.10563286  0.08328080  0.09998200  
29_0_0     0.23536323  0.23536323  0.20885814  0.24213870  0.22199345  0.23536323  0.20885814  0.22199345  0.22199345  0.22199345  0.11132668  0.10563286  0.11706411  0.09437345  0.11132668  0.09998200  0.11706411  0.11706411  0.11132668  0.11706411  0.12284583  0.12284583  0.12867253  0.09998200  0.09998200  0.12284583  0.11706411  0.00000000  0.07779548  0.07235004  0.08880659  0.09998200  
90_12_0    0.22864851  0.22864851  0.19594922  0.20885814  0.20885814  0.19594922  0.18325902  0.18325902  0.21539700  0.21539700  0.08880659  0.09437345  0.08328080  0.09998200  0.13454492  0.14642965  0.09998200  0.09998200  0.08328080  0.12284583  0.11706411  0.11706411  0.10563286  0.08880659  0.08880659  0.09998200  0.10563286  0.07779548  0.00000000  0.00494238  0.07779548  0.09437345  
24_12_0    0.22864851  0.22864851  0.19594922  0.20885814  0.20885814  0.19594922  0.18325902  0.18325902  0.21539700  0.21539700  0.09437345  0.09998200  0.08880659  0.09437345  0.14046371  0.15244348  0.09437345  0.09437345  0.07779548  0.11706411  0.11132668  0.11132668  0.09998200  0.08880659  0.08880659  0.09998200  0.10563286  0.07235004  0.00494238  0.00000000  0.07779548  0.09437345  
81_0_0     0.20237587  0.20237587  0.18957725  0.20885814  0.17699365  0.18957725  0.18957725  0.20237587  0.18325902  0.18325902  0.10563286  0.12284583  0.09998200  0.09437345  0.13454492  0.14642965  0.09998200  0.09998200  0.08328080  0.10563286  0.12284583  0.12284583  0.09437345  0.07235004  0.06157651  0.06694391  0.08328080  0.08880659  0.07779548  0.07779548  0.00000000  0.04570132  
40_0_0     0.22199345  0.22199345  0.21539700  0.22199345  0.18957725  0.20237587  0.20237587  0.21539700  0.22199345  0.22199345  0.14046371  0.12867253  0.12284583  0.11132668  0.15244348  0.15850600  0.12284583  0.12284583  0.11132668  0.12867253  0.12867253  0.12867253  0.12284583  0.07235004  0.08880659  0.08328080  0.09998200  0.09998200  0.09437345  0.09437345  0.04570132  0.00000000  

