41
88_0_0     0.00000000  0.11565513  0.11565513  0.04413631  0.27287776  0.27287776  0.27287776  0.27287776  0.33734797  0.29375536  0.24261673  0.14978153  0.22310328  0.21353453  0.23279626  0.17644058  0.24261673  0.16744806  0.14978153  0.22310328  0.21353453  0.19475722  0.19475722  0.20408685  0.19475722  0.29375536  0.28324359  0.24261673  0.27287776  0.27287776  0.27287776  0.27287776  0.24261673  0.34865574  0.32620890  0.33734797  0.23279626  0.22310328  0.18554274  0.18554274  0.18554274  
83_0_0     0.11565513  0.00000000  0.01442415  0.11565513  0.30441724  0.30441724  0.30441724  0.30441724  0.33734797  0.33734797  0.22310328  0.19475722  0.23279626  0.23279626  0.27287776  0.17644058  0.18554274  0.21353453  0.19475722  0.17644058  0.22310328  0.20408685  0.16744806  0.19475722  0.13252337  0.27287776  0.27287776  0.26265387  0.27287776  0.25256809  0.27287776  0.27287776  0.23279626  0.30441724  0.28324359  0.29375536  0.29375536  0.21353453  0.19475722  0.19475722  0.21353453  
94_0_0     0.11565513  0.01442415  0.00000000  0.11565513  0.29375536  0.29375536  0.29375536  0.29375536  0.32620890  0.32620890  0.22310328  0.17644058  0.21353453  0.21353453  0.26265387  0.17644058  0.18554274  0.19475722  0.17644058  0.17644058  0.22310328  0.20408685  0.14978153  0.17644058  0.11565513  0.27287776  0.27287776  0.25256809  0.26265387  0.24261673  0.26265387  0.26265387  0.24261673  0.31523357  0.29375536  0.30441724  0.29375536  0.21353453  0.19475722  0.17644058  0.21353453  
80_0_0     0.04413631  0.11565513  0.11565513  0.00000000  0.27287776  0.27287776  0.27287776  0.27287776  0.36013739  0.31523357  0.21353453  0.14978153  0.24261673  0.27287776  0.25256809  0.20408685  0.23279626  0.18554274  0.16744806  0.20408685  0.25256809  0.23279626  0.19475722  0.22310328  0.19475722  0.29375536  0.30441724  0.26265387  0.29375536  0.29375536  0.29375536  0.29375536  0.30441724  0.36013739  0.33734797  0.32620890  0.27287776  0.24261673  0.20408685  0.20408685  0.20408685  
87_0_0     0.27287776  0.30441724  0.29375536  0.27287776  0.00000000  0.02913245  0.02913245  0.02913245  0.16744806  0.16744806  0.31523357  0.25256809  0.31523357  0.36013739  0.32620890  0.31523357  0.30441724  0.28324359  0.28324359  0.29375536  0.36013739  0.34865574  0.30441724  0.29375536  0.28324359  0.30441724  0.32620890  0.31523357  0.32620890  0.30441724  0.32620890  0.32620890  0.33734797  0.38364436  0.37179837  0.36013739  0.29375536  0.30441724  0.30441724  0.29375536  0.30441724  
93_0_0     0.27287776  0.30441724  0.29375536  0.27287776  0.02913245  0.00000000  0.00000000  0.00000000  0.13252337  0.13252337  0.31523357  0.25256809  0.33734797  0.38364436  0.32620890  0.31523357  0.28324359  0.26265387  0.26265387  0.27287776  0.33734797  0.32620890  0.30441724  0.29375536  0.28324359  0.30441724  0.30441724  0.31523357  0.32620890  0.30441724  0.32620890  0.32620890  0.31523357  0.36013739  0.34865574  0.33734797  0.29375536  0.30441724  0.32620890  0.31523357  0.32620890  
92_0_0     0.27287776  0.30441724  0.29375536  0.27287776  0.02913245  0.00000000  0.00000000  0.00000000  0.13252337  0.13252337  0.31523357  0.25256809  0.33734797  0.38364436  0.32620890  0.31523357  0.28324359  0.26265387  0.26265387  0.27287776  0.33734797  0.32620890  0.30441724  0.29375536  0.28324359  0.30441724  0.30441724  0.31523357  0.32620890  0.30441724  0.32620890  0.32620890  0.31523357  0.36013739  0.34865574  0.33734797  0.29375536  0.30441724  0.32620890  0.31523357  0.32620890  
84_0_0     0.27287776  0.30441724  0.29375536  0.27287776  0.02913245  0.00000000  0.00000000  0.00000000  0.13252337  0.13252337  0.31523357  0.25256809  0.33734797  0.38364436  0.32620890  0.31523357  0.28324359  0.26265387  0.26265387  0.27287776  0.33734797  0.32620890  0.30441724  0.29375536  0.28324359  0.30441724  0.30441724  0.31523357  0.32620890  0.30441724  0.32620890  0.32620890  0.31523357  0.36013739  0.34865574  0.33734797  0.29375536  0.30441724  0.32620890  0.31523357  0.32620890  
74_0_0     0.33734797  0.33734797  0.32620890  0.36013739  0.16744806  0.13252337  0.13252337  0.13252337  0.00000000  0.05944788  0.37179837  0.32620890  0.43300225  0.47228725  0.38364436  0.34865574  0.33734797  0.31523357  0.31523357  0.32620890  0.36013739  0.34865574  0.34865574  0.31523357  0.32620890  0.39568133  0.34865574  0.33734797  0.34865574  0.32620890  0.34865574  0.34865574  0.33734797  0.43300225  0.40791553  0.39568133  0.32620890  0.33734797  0.36013739  0.34865574  0.36013739  
91_0_0     0.29375536  0.33734797  0.32620890  0.31523357  0.16744806  0.13252337  0.13252337  0.13252337  0.05944788  0.00000000  0.36013739  0.31523357  0.44586895  0.42035353  0.37179837  0.33734797  0.36013739  0.28324359  0.28324359  0.33734797  0.34865574  0.33734797  0.33734797  0.32620890  0.33734797  0.33734797  0.30441724  0.29375536  0.32620890  0.32620890  0.32620890  0.32620890  0.31523357  0.44586895  0.42035353  0.40791553  0.29375536  0.33734797  0.33734797  0.32620890  0.33734797  
62_0_0     0.24261673  0.22310328  0.22310328  0.21353453  0.31523357  0.31523357  0.31523357  0.31523357  0.37179837  0.36013739  0.00000000  0.14110259  0.25256809  0.25256809  0.26265387  0.22310328  0.21353453  0.16744806  0.15856254  0.19475722  0.21353453  0.21353453  0.14978153  0.14978153  0.14110259  0.26265387  0.22310328  0.34865574  0.34865574  0.32620890  0.34865574  0.34865574  0.29375536  0.39568133  0.37179837  0.36013739  0.31523357  0.27287776  0.24261673  0.24261673  0.25256809  
30_0_0     0.14978153  0.19475722  0.17644058  0.14978153  0.25256809  0.25256809  0.25256809  0.25256809  0.32620890  0.31523357  0.14110259  0.00000000  0.21353453  0.20408685  0.18554274  0.14110259  0.18554274  0.12404162  0.10736179  0.12404162  0.20408685  0.22310328  0.08302056  0.10736179  0.09915956  0.24261673  0.24261673  0.24261673  0.27287776  0.27287776  0.27287776  0.27287776  0.24261673  0.34865574  0.32620890  0.31523357  0.29375536  0.26265387  0.22310328  0.20408685  0.20408685  
20_3_0     0.22310328  0.23279626  0.21353453  0.24261673  0.31523357  0.33734797  0.33734797  0.33734797  0.43300225  0.44586895  0.25256809  0.21353453  0.00000000  0.17644058  0.22310328  0.20408685  0.19475722  0.14978153  0.15856254  0.21353453  0.22310328  0.22310328  0.20408685  0.21353453  0.18554274  0.36013739  0.32620890  0.32620890  0.31523357  0.29375536  0.31523357  0.31523357  0.28324359  0.39568133  0.39568133  0.38364436  0.32620890  0.30441724  0.30441724  0.28324359  0.28324359  
20_0_0     0.21353453  0.23279626  0.21353453  0.27287776  0.36013739  0.38364436  0.38364436  0.38364436  0.47228725  0.42035353  0.25256809  0.20408685  0.17644058  0.00000000  0.17644058  0.22310328  0.25256809  0.19475722  0.19475722  0.20408685  0.22310328  0.22310328  0.20408685  0.21353453  0.18554274  0.30441724  0.25256809  0.31523357  0.32620890  0.32620890  0.32620890  0.32620890  0.27287776  0.40791553  0.43300225  0.44586895  0.26265387  0.25256809  0.23279626  0.21353453  0.25256809  
53_0_0     0.23279626  0.27287776  0.26265387  0.25256809  0.32620890  0.32620890  0.32620890  0.32620890  0.38364436  0.37179837  0.26265387  0.18554274  0.22310328  0.17644058  0.00000000  0.30441724  0.24261673  0.18554274  0.18554274  0.22310328  0.29375536  0.29375536  0.19475722  0.20408685  0.21353453  0.32620890  0.28324359  0.29375536  0.30441724  0.28324359  0.30441724  0.30441724  0.28324359  0.31523357  0.29375536  0.28324359  0.18554274  0.21353453  0.21353453  0.19475722  0.23279626  
27_0_0     0.17644058  0.17644058  0.17644058  0.20408685  0.31523357  0.31523357  0.31523357  0.31523357  0.34865574  0.33734797  0.22310328  0.14110259  0.20408685  0.22310328  0.30441724  0.00000000  0.16744806  0.16744806  0.14978153  0.14110259  0.15856254  0.15856254  0.14978153  0.16744806  0.13252337  0.27287776  0.26265387  0.21353453  0.22310328  0.24261673  0.22310328  0.22310328  0.23279626  0.29375536  0.29375536  0.30441724  0.25256809  0.20408685  0.18554274  0.20408685  0.18554274  
57_0_0     0.24261673  0.18554274  0.18554274  0.23279626  0.30441724  0.28324359  0.28324359  0.28324359  0.33734797  0.36013739  0.21353453  0.18554274  0.19475722  0.25256809  0.24261673  0.16744806  0.00000000  0.19475722  0.17644058  0.16744806  0.20408685  0.22310328  0.17644058  0.19475722  0.15856254  0.33734797  0.29375536  0.26265387  0.25256809  0.23279626  0.25256809  0.25256809  0.25256809  0.24261673  0.24261673  0.23279626  0.28324359  0.25256809  0.25256809  0.25256809  0.27287776  
28_0_0     0.16744806  0.21353453  0.19475722  0.18554274  0.28324359  0.26265387  0.26265387  0.26265387  0.31523357  0.28324359  0.16744806  0.12404162  0.14978153  0.19475722  0.18554274  0.16744806  0.19475722  0.00000000  0.01442415  0.12404162  0.13252337  0.11565513  0.11565513  0.12404162  0.11565513  0.28324359  0.24261673  0.28324359  0.29375536  0.27287776  0.29375536  0.29375536  0.27287776  0.37179837  0.34865574  0.33734797  0.25256809  0.26265387  0.22310328  0.20408685  0.23279626  
28_4_0     0.14978153  0.19475722  0.17644058  0.16744806  0.28324359  0.26265387  0.26265387  0.26265387  0.31523357  0.28324359  0.15856254  0.10736179  0.15856254  0.19475722  0.18554274  0.14978153  0.17644058  0.01442415  0.00000000  0.10736179  0.11565513  0.09915956  0.09915956  0.10736179  0.09915956  0.28324359  0.24261673  0.26265387  0.27287776  0.25256809  0.27287776  0.27287776  0.25256809  0.36013739  0.33734797  0.32620890  0.25256809  0.24261673  0.20408685  0.18554274  0.22310328  
37_0_0     0.22310328  0.17644058  0.17644058  0.20408685  0.29375536  0.27287776  0.27287776  0.27287776  0.32620890  0.33734797  0.19475722  0.12404162  0.21353453  0.20408685  0.22310328  0.14110259  0.16744806  0.12404162  0.10736179  0.00000000  0.13252337  0.14978153  0.13252337  0.15856254  0.13252337  0.25256809  0.27287776  0.24261673  0.27287776  0.27287776  0.27287776  0.27287776  0.27287776  0.27287776  0.29375536  0.28324359  0.28324359  0.22310328  0.18554274  0.18554274  0.18554274  
69_0_0     0.21353453  0.22310328  0.22310328  0.25256809  0.36013739  0.33734797  0.33734797  0.33734797  0.36013739  0.34865574  0.21353453  0.20408685  0.22310328  0.22310328  0.29375536  0.15856254  0.20408685  0.13252337  0.11565513  0.13252337  0.00000000  0.02913245  0.15856254  0.14978153  0.15856254  0.28324359  0.27287776  0.27287776  0.26265387  0.28324359  0.26265387  0.26265387  0.24261673  0.32620890  0.32620890  0.33734797  0.31523357  0.23279626  0.23279626  0.23279626  0.23279626  
67_0_0     0.19475722  0.20408685  0.20408685  0.23279626  0.34865574  0.32620890  0.32620890  0.32620890  0.34865574  0.33734797  0.21353453  0.22310328  0.22310328  0.22310328  0.29375536  0.15856254  0.22310328  0.11565513  0.09915956  0.14978153  0.02913245  0.00000000  0.15856254  0.14978153  0.15856254  0.30441724  0.27287776  0.31523357  0.30441724  0.30441724  0.30441724  0.30441724  0.26265387  0.37179837  0.37179837  0.38364436  0.29375536  0.21353453  0.21353453  0.21353453  0.23279626  
61_1_0     0.19475722  0.16744806  0.14978153  0.19475722  0.30441724  0.30441724  0.30441724  0.30441724  0.34865574  0.33734797  0.14978153  0.08302056  0.20408685  0.20408685  0.19475722  0.14978153  0.17644058  0.11565513  0.09915956  0.13252337  0.15856254  0.15856254  0.00000000  0.02174208  0.02913245  0.27287776  0.25256809  0.27287776  0.28324359  0.26265387  0.28324359  0.28324359  0.20408685  0.33734797  0.31523357  0.30441724  0.27287776  0.21353453  0.19475722  0.17644058  0.21353453  
61_2_0     0.20408685  0.19475722  0.17644058  0.22310328  0.29375536  0.29375536  0.29375536  0.29375536  0.31523357  0.32620890  0.14978153  0.10736179  0.21353453  0.21353453  0.20408685  0.16744806  0.19475722  0.12404162  0.10736179  0.15856254  0.14978153  0.14978153  0.02174208  0.00000000  0.05175285  0.28324359  0.26265387  0.28324359  0.29375536  0.27287776  0.29375536  0.29375536  0.21353453  0.36013739  0.33734797  0.32620890  0.28324359  0.24261673  0.22310328  0.20408685  0.24261673  
61_0_0     0.19475722  0.13252337  0.11565513  0.19475722  0.28324359  0.28324359  0.28324359  0.28324359  0.32620890  0.33734797  0.14110259  0.09915956  0.18554274  0.18554274  0.21353453  0.13252337  0.15856254  0.11565513  0.09915956  0.13252337  0.15856254  0.15856254  0.02913245  0.05175285  0.00000000  0.25256809  0.23279626  0.27287776  0.26265387  0.24261673  0.26265387  0.26265387  0.22310328  0.33734797  0.31523357  0.30441724  0.29375536  0.21353453  0.19475722  0.17644058  0.21353453  
7_0_0      0.29375536  0.27287776  0.27287776  0.29375536  0.30441724  0.30441724  0.30441724  0.30441724  0.39568133  0.33734797  0.26265387  0.24261673  0.36013739  0.30441724  0.32620890  0.27287776  0.33734797  0.28324359  0.28324359  0.25256809  0.28324359  0.30441724  0.27287776  0.28324359  0.25256809  0.00000000  0.09104645  0.27287776  0.30441724  0.31523357  0.30441724  0.30441724  0.27287776  0.30441724  0.30441724  0.31523357  0.30441724  0.33734797  0.29375536  0.31523357  0.31523357  
35_0_0     0.28324359  0.27287776  0.27287776  0.30441724  0.32620890  0.30441724  0.30441724  0.30441724  0.34865574  0.30441724  0.22310328  0.24261673  0.32620890  0.25256809  0.28324359  0.26265387  0.29375536  0.24261673  0.24261673  0.27287776  0.27287776  0.27287776  0.25256809  0.26265387  0.23279626  0.09104645  0.00000000  0.28324359  0.29375536  0.27287776  0.29375536  0.29375536  0.19475722  0.30441724  0.30441724  0.31523357  0.23279626  0.24261673  0.22310328  0.24261673  0.26265387  
42_0_0     0.24261673  0.26265387  0.25256809  0.26265387  0.31523357  0.31523357  0.31523357  0.31523357  0.33734797  0.29375536  0.34865574  0.24261673  0.32620890  0.31523357  0.29375536  0.21353453  0.26265387  0.28324359  0.26265387  0.24261673  0.27287776  0.31523357  0.27287776  0.28324359  0.27287776  0.27287776  0.28324359  0.00000000  0.02174208  0.03659669  0.02174208  0.02174208  0.16744806  0.25256809  0.25256809  0.26265387  0.23279626  0.23279626  0.23279626  0.21353453  0.23279626  
51_5_0     0.27287776  0.27287776  0.26265387  0.29375536  0.32620890  0.32620890  0.32620890  0.32620890  0.34865574  0.32620890  0.34865574  0.27287776  0.31523357  0.32620890  0.30441724  0.22310328  0.25256809  0.29375536  0.27287776  0.27287776  0.26265387  0.30441724  0.28324359  0.29375536  0.26265387  0.30441724  0.29375536  0.02174208  0.00000000  0.01442415  0.00000000  0.00000000  0.17644058  0.22310328  0.22310328  0.23279626  0.24261673  0.22310328  0.24261673  0.22310328  0.24261673  
6_5_0      0.27287776  0.25256809  0.24261673  0.29375536  0.30441724  0.30441724  0.30441724  0.30441724  0.32620890  0.32620890  0.32620890  0.27287776  0.29375536  0.32620890  0.28324359  0.24261673  0.23279626  0.27287776  0.25256809  0.27287776  0.28324359  0.30441724  0.26265387  0.27287776  0.24261673  0.31523357  0.27287776  0.03659669  0.01442415  0.00000000  0.01442415  0.01442415  0.15856254  0.22310328  0.22310328  0.23279626  0.24261673  0.22310328  0.24261673  0.22310328  0.26265387  
51_0_0     0.27287776  0.27287776  0.26265387  0.29375536  0.32620890  0.32620890  0.32620890  0.32620890  0.34865574  0.32620890  0.34865574  0.27287776  0.31523357  0.32620890  0.30441724  0.22310328  0.25256809  0.29375536  0.27287776  0.27287776  0.26265387  0.30441724  0.28324359  0.29375536  0.26265387  0.30441724  0.29375536  0.02174208  0.00000000  0.01442415  0.00000000  0.00000000  0.17644058  0.22310328  0.22310328  0.23279626  0.24261673  0.22310328  0.24261673  0.22310328  0.24261673  
6_0_0      0.27287776  0.27287776  0.26265387  0.29375536  0.32620890  0.32620890  0.32620890  0.32620890  0.34865574  0.32620890  0.34865574  0.27287776  0.31523357  0.32620890  0.30441724  0.22310328  0.25256809  0.29375536  0.27287776  0.27287776  0.26265387  0.30441724  0.28324359  0.29375536  0.26265387  0.30441724  0.29375536  0.02174208  0.00000000  0.01442415  0.00000000  0.00000000  0.17644058  0.22310328  0.22310328  0.23279626  0.24261673  0.22310328  0.24261673  0.22310328  0.24261673  
16_0_0     0.24261673  0.23279626  0.24261673  0.30441724  0.33734797  0.31523357  0.31523357  0.31523357  0.33734797  0.31523357  0.29375536  0.24261673  0.28324359  0.27287776  0.28324359  0.23279626  0.25256809  0.27287776  0.25256809  0.27287776  0.24261673  0.26265387  0.20408685  0.21353453  0.22310328  0.27287776  0.19475722  0.16744806  0.17644058  0.15856254  0.17644058  0.17644058  0.00000000  0.24261673  0.22310328  0.23279626  0.22310328  0.18554274  0.22310328  0.22310328  0.23279626  
13_0_0     0.34865574  0.30441724  0.31523357  0.36013739  0.38364436  0.36013739  0.36013739  0.36013739  0.43300225  0.44586895  0.39568133  0.34865574  0.39568133  0.40791553  0.31523357  0.29375536  0.24261673  0.37179837  0.36013739  0.27287776  0.32620890  0.37179837  0.33734797  0.36013739  0.33734797  0.30441724  0.30441724  0.25256809  0.22310328  0.22310328  0.22310328  0.22310328  0.24261673  0.00000000  0.01442415  0.02174208  0.29375536  0.26265387  0.28324359  0.30441724  0.29375536  
26_0_0     0.32620890  0.28324359  0.29375536  0.33734797  0.37179837  0.34865574  0.34865574  0.34865574  0.40791553  0.42035353  0.37179837  0.32620890  0.39568133  0.43300225  0.29375536  0.29375536  0.24261673  0.34865574  0.33734797  0.29375536  0.32620890  0.37179837  0.31523357  0.33734797  0.31523357  0.30441724  0.30441724  0.25256809  0.22310328  0.22310328  0.22310328  0.22310328  0.22310328  0.01442415  0.00000000  0.00717724  0.27287776  0.24261673  0.26265387  0.28324359  0.27287776  
33_0_0     0.33734797  0.29375536  0.30441724  0.32620890  0.36013739  0.33734797  0.33734797  0.33734797  0.39568133  0.40791553  0.36013739  0.31523357  0.38364436  0.44586895  0.28324359  0.30441724  0.23279626  0.33734797  0.32620890  0.28324359  0.33734797  0.38364436  0.30441724  0.32620890  0.30441724  0.31523357  0.31523357  0.26265387  0.23279626  0.23279626  0.23279626  0.23279626  0.23279626  0.02174208  0.00717724  0.00000000  0.28324359  0.25256809  0.27287776  0.29375536  0.28324359  
46_0_0     0.23279626  0.29375536  0.29375536  0.27287776  0.29375536  0.29375536  0.29375536  0.29375536  0.32620890  0.29375536  0.31523357  0.29375536  0.32620890  0.26265387  0.18554274  0.25256809  0.28324359  0.25256809  0.25256809  0.28324359  0.31523357  0.29375536  0.27287776  0.28324359  0.29375536  0.30441724  0.23279626  0.23279626  0.24261673  0.24261673  0.24261673  0.24261673  0.22310328  0.29375536  0.27287776  0.28324359  0.00000000  0.07508002  0.10736179  0.10736179  0.12404162  
40_0_0     0.22310328  0.21353453  0.21353453  0.24261673  0.30441724  0.30441724  0.30441724  0.30441724  0.33734797  0.33734797  0.27287776  0.26265387  0.30441724  0.25256809  0.21353453  0.20408685  0.25256809  0.26265387  0.24261673  0.22310328  0.23279626  0.21353453  0.21353453  0.24261673  0.21353453  0.33734797  0.24261673  0.23279626  0.22310328  0.22310328  0.22310328  0.22310328  0.18554274  0.26265387  0.24261673  0.25256809  0.07508002  0.00000000  0.04413631  0.04413631  0.05944788  
4_0_0      0.18554274  0.19475722  0.19475722  0.20408685  0.30441724  0.32620890  0.32620890  0.32620890  0.36013739  0.33734797  0.24261673  0.22310328  0.30441724  0.23279626  0.21353453  0.18554274  0.25256809  0.22310328  0.20408685  0.18554274  0.23279626  0.21353453  0.19475722  0.22310328  0.19475722  0.29375536  0.22310328  0.23279626  0.24261673  0.24261673  0.24261673  0.24261673  0.22310328  0.28324359  0.26265387  0.27287776  0.10736179  0.04413631  0.00000000  0.01442415  0.02913245  
2_0_0      0.18554274  0.19475722  0.17644058  0.20408685  0.29375536  0.31523357  0.31523357  0.31523357  0.34865574  0.32620890  0.24261673  0.20408685  0.28324359  0.21353453  0.19475722  0.20408685  0.25256809  0.20408685  0.18554274  0.18554274  0.23279626  0.21353453  0.17644058  0.20408685  0.17644058  0.31523357  0.24261673  0.21353453  0.22310328  0.22310328  0.22310328  0.22310328  0.22310328  0.30441724  0.28324359  0.29375536  0.10736179  0.04413631  0.01442415  0.00000000  0.02913245  
31_0_0     0.18554274  0.21353453  0.21353453  0.20408685  0.30441724  0.32620890  0.32620890  0.32620890  0.36013739  0.33734797  0.25256809  0.20408685  0.28324359  0.25256809  0.23279626  0.18554274  0.27287776  0.23279626  0.22310328  0.18554274  0.23279626  0.23279626  0.21353453  0.24261673  0.21353453  0.31523357  0.26265387  0.23279626  0.24261673  0.26265387  0.24261673  0.24261673  0.23279626  0.29375536  0.27287776  0.28324359  0.12404162  0.05944788  0.02913245  0.02913245  0.00000000  

