20
5_0_0      0.00000000  0.01632936  0.01632936  0.01630600  0.13988279  0.11868864  0.11868864  0.56365738  0.69674399  0.53420405  0.53420405  0.53420405  0.69305374  0.69305374  0.71102365  0.59108959  0.62708540  0.62708540  0.69739636  0.50460321  
4_0_0      0.01632936  0.00000000  0.00000000  0.01083354  0.13916833  0.11257068  0.11257068  0.56620106  0.70126670  0.53684280  0.53684280  0.53684280  0.69795702  0.69795702  0.71626560  0.57991735  0.61540663  0.61540663  0.71859634  0.50770247  
12_0_0     0.01632936  0.00000000  0.00000000  0.01083354  0.13916833  0.11257068  0.11257068  0.56620106  0.70126670  0.53684280  0.53684280  0.53684280  0.69795702  0.69795702  0.71626560  0.57991735  0.61540663  0.61540663  0.71859634  0.50770247  
10_0_0     0.01630600  0.01083354  0.01083354  0.00000000  0.13851140  0.10549338  0.11204687  0.56365738  0.69674399  0.52645475  0.52645475  0.52645475  0.68511588  0.68511588  0.70309554  0.56891136  0.60390810  0.60390810  0.68839423  0.50460321  
15_0_0     0.13988279  0.13916833  0.13916833  0.13851140  0.00000000  0.11817463  0.11817463  0.56128015  0.69245408  0.55806670  0.55806670  0.55806670  0.60043442  0.68030408  0.66326143  0.56620106  0.57178867  0.57178867  0.63754774  0.53519643  
17_0_0     0.11868864  0.11257068  0.11257068  0.10549338  0.11817463  0.00000000  0.02198851  0.62013859  0.69674399  0.47314530  0.47314530  0.47314530  0.61188581  0.64276855  0.62708540  0.55049321  0.55538051  0.55538051  0.68095590  0.52485838  
11_0_0     0.11868864  0.11257068  0.11257068  0.11204687  0.11817463  0.02198851  0.00000000  0.57718271  0.64733690  0.50886614  0.50886614  0.50886614  0.62708540  0.65896702  0.64276855  0.56365738  0.56891136  0.56891136  0.69739636  0.52485838  
14_0_0     0.56365738  0.56620106  0.56620106  0.56365738  0.56128015  0.62013859  0.57718271  0.00000000  0.17629869  0.50610586  0.50610586  0.50610586  0.62868552  0.65953951  0.65953951  0.64387119  0.65100694  0.65100694  0.64060847  0.43983865  
6_0_0      0.69674399  0.70126670  0.70126670  0.69674399  0.69245408  0.69674399  0.64733690  0.17629869  0.00000000  0.57044033  0.57044033  0.57044033  0.64733690  0.63191010  0.63191010  0.71437815  0.67134794  0.67134794  0.80687623  0.55806670  
1_0_0      0.53420405  0.53684280  0.53684280  0.52645475  0.55806670  0.47314530  0.50886614  0.50610586  0.57044033  0.00000000  0.00000000  0.00000000  0.40320698  0.40320698  0.41407890  0.44821167  0.47820906  0.47820906  0.49613727  0.27399745  
2_0_0      0.53420405  0.53684280  0.53684280  0.52645475  0.55806670  0.47314530  0.50886614  0.50610586  0.57044033  0.00000000  0.00000000  0.00000000  0.40320698  0.40320698  0.41407890  0.44821167  0.47820906  0.47820906  0.49613727  0.27399745  
3_0_0      0.53420405  0.53684280  0.53684280  0.52645475  0.55806670  0.47314530  0.50886614  0.50610586  0.57044033  0.00000000  0.00000000  0.00000000  0.40320698  0.40320698  0.41407890  0.44821167  0.47820906  0.47820906  0.49613727  0.27399745  
19_0_0     0.69305374  0.69795702  0.69795702  0.68511588  0.60043442  0.61188581  0.62708540  0.62868552  0.64733690  0.40320698  0.40320698  0.40320698  0.00000000  0.14777746  0.14065445  0.20399540  0.21191608  0.21191608  0.34420842  0.49774108  
18_0_0     0.69305374  0.69795702  0.69795702  0.68511588  0.68030408  0.64276855  0.65896702  0.65953951  0.63191010  0.40320698  0.40320698  0.40320698  0.14777746  0.00000000  0.01639876  0.23929539  0.24493618  0.24493618  0.33430766  0.46013539  
8_0_0      0.71102365  0.71626560  0.71626560  0.70309554  0.66326143  0.62708540  0.64276855  0.65953951  0.63191010  0.41407890  0.41407890  0.41407890  0.14065445  0.01639876  0.00000000  0.23082856  0.23647152  0.23647152  0.32460183  0.47235465  
7_0_0      0.59108959  0.57991735  0.57991735  0.56891136  0.56620106  0.55049321  0.56365738  0.64387119  0.71437815  0.44821167  0.44821167  0.44821167  0.20399540  0.23929539  0.23082856  0.00000000  0.02183216  0.02183216  0.33430766  0.50460321  
9_0_0      0.62708540  0.61540663  0.61540663  0.60390810  0.57178867  0.55538051  0.56891136  0.65100694  0.67134794  0.47820906  0.47820906  0.47820906  0.21191608  0.24493618  0.23647152  0.02183216  0.00000000  0.00000000  0.34420842  0.49774108  
13_0_0     0.62708540  0.61540663  0.61540663  0.60390810  0.57178867  0.55538051  0.56891136  0.65100694  0.67134794  0.47820906  0.47820906  0.47820906  0.21191608  0.24493618  0.23647152  0.02183216  0.00000000  0.00000000  0.34420842  0.49774108  
16_0_0     0.69739636  0.71859634  0.71859634  0.68839423  0.63754774  0.68095590  0.69739636  0.64060847  0.80687623  0.49613727  0.49613727  0.49613727  0.34420842  0.33430766  0.32460183  0.33430766  0.34420842  0.34420842  0.00000000  0.51621042  
20_0_0     0.50460321  0.50770247  0.50770247  0.50460321  0.53519643  0.52485838  0.52485838  0.43983865  0.55806670  0.27399745  0.27399745  0.27399745  0.49774108  0.46013539  0.47235465  0.50460321  0.49774108  0.49774108  0.51621042  0.00000000  

