29
87_3_0     0.00000000  0.07236229  0.09439450  0.20247762  0.17085166  0.22211702  0.20896684  0.20247762  0.27005745  0.27716451  0.24913345  0.29890096  0.31375172  0.28433989  0.14051133  0.14648154  0.13458849  0.29890096  0.28433989  0.26301741  0.20896684  0.21551297  0.20896684  0.22211702  0.20896684  0.25604315  0.25604315  0.25604315  0.27716451  
76_0_0     0.07236229  0.00000000  0.03015773  0.18334172  0.17707056  0.18966600  0.17707056  0.17085166  0.24913345  0.25604315  0.24913345  0.30628941  0.30628941  0.29158492  0.16468413  0.17085166  0.15856715  0.32128938  0.32128938  0.29890096  0.22211702  0.22878001  0.22211702  0.23550301  0.22211702  0.26301741  0.26301741  0.26301741  0.28433989  
39_0_0     0.09439450  0.03015773  0.00000000  0.20896684  0.20896684  0.20896684  0.20896684  0.20247762  0.28433989  0.29158492  0.29158492  0.32128938  0.32128938  0.32128938  0.17707056  0.18334172  0.17085166  0.31375172  0.34437012  0.32128938  0.22878001  0.23550301  0.20247762  0.21551297  0.20247762  0.28433989  0.28433989  0.28433989  0.28433989  
90_0_0     0.20247762  0.18334172  0.20896684  0.00000000  0.10565936  0.18334172  0.13458849  0.14051133  0.18334172  0.18966600  0.18334172  0.24228712  0.27005745  0.24228712  0.20896684  0.18334172  0.18966600  0.25604315  0.27716451  0.29158492  0.24913345  0.24228712  0.23550301  0.22211702  0.23550301  0.24228712  0.24228712  0.24228712  0.24228712  
55_0_0     0.17085166  0.17707056  0.20896684  0.10565936  0.00000000  0.10000568  0.07236229  0.06695437  0.14051133  0.15856715  0.18966600  0.25604315  0.29158492  0.26301741  0.16468413  0.15249989  0.18334172  0.26301741  0.25604315  0.28433989  0.23550301  0.22878001  0.21551297  0.20247762  0.22878001  0.22878001  0.22878001  0.22878001  0.28433989  
85_0_0     0.22211702  0.18966600  0.20896684  0.18334172  0.10000568  0.00000000  0.13458849  0.12871228  0.18966600  0.19604432  0.27716451  0.28433989  0.31375172  0.27716451  0.18334172  0.18334172  0.17707056  0.27716451  0.29158492  0.29158492  0.26301741  0.25604315  0.22878001  0.24228712  0.22878001  0.29158492  0.29158492  0.30628941  0.32128938  
51_0_0     0.20896684  0.17707056  0.20896684  0.13458849  0.07236229  0.13458849  0.00000000  0.00494243  0.16468413  0.17085166  0.20896684  0.29158492  0.32128938  0.28433989  0.19604432  0.19604432  0.20247762  0.29890096  0.29158492  0.30628941  0.27005745  0.26301741  0.27716451  0.26301741  0.27716451  0.25604315  0.25604315  0.27005745  0.30628941  
49_0_0     0.20247762  0.17085166  0.20247762  0.14051133  0.06695437  0.12871228  0.00494243  0.00000000  0.15856715  0.16468413  0.21551297  0.29890096  0.32890394  0.29158492  0.18966600  0.18966600  0.19604432  0.30628941  0.29890096  0.31375172  0.26301741  0.25604315  0.27005745  0.25604315  0.27005745  0.24913345  0.24913345  0.26301741  0.31375172  
49_1_0     0.27005745  0.24913345  0.28433989  0.18334172  0.14051133  0.18966600  0.16468413  0.15856715  0.00000000  0.01492657  0.26301741  0.22878001  0.27716451  0.22211702  0.22878001  0.20247762  0.22878001  0.38449844  0.34437012  0.37629834  0.27005745  0.26301741  0.26301741  0.24913345  0.27716451  0.29890096  0.29890096  0.29890096  0.30628941  
51_1_0     0.27716451  0.25604315  0.29158492  0.18966600  0.15856715  0.19604432  0.17085166  0.16468413  0.01492657  0.00000000  0.27716451  0.24913345  0.29158492  0.22878001  0.23550301  0.20896684  0.23550301  0.38449844  0.34437012  0.36016354  0.29158492  0.28433989  0.28433989  0.27005745  0.28433989  0.30628941  0.30628941  0.30628941  0.32890394  
85_1_0     0.24913345  0.24913345  0.29158492  0.18334172  0.18966600  0.27716451  0.20896684  0.21551297  0.26301741  0.27716451  0.00000000  0.34437012  0.32128938  0.33659697  0.24228712  0.24913345  0.25604315  0.33659697  0.34437012  0.32890394  0.34437012  0.35222506  0.34437012  0.34437012  0.34437012  0.30628941  0.30628941  0.30628941  0.31375172  
97_0_0     0.29890096  0.30628941  0.32128938  0.24228712  0.25604315  0.28433989  0.29158492  0.29890096  0.22878001  0.24913345  0.34437012  0.00000000  0.04570615  0.01996917  0.24913345  0.22878001  0.22878001  0.34437012  0.29890096  0.34437012  0.27005745  0.30628941  0.27005745  0.27716451  0.28433989  0.30628941  0.30628941  0.30628941  0.35222506  
81_0_0     0.31375172  0.30628941  0.32128938  0.27005745  0.29158492  0.31375172  0.32128938  0.32890394  0.27716451  0.29158492  0.32128938  0.04570615  0.00000000  0.05096177  0.26301741  0.24228712  0.25604315  0.32890394  0.28433989  0.33659697  0.29158492  0.32890394  0.27716451  0.28433989  0.28433989  0.32128938  0.32128938  0.32128938  0.35222506  
53_0_0     0.28433989  0.29158492  0.32128938  0.24228712  0.26301741  0.27716451  0.28433989  0.29158492  0.22211702  0.22878001  0.33659697  0.01996917  0.05096177  0.00000000  0.23550301  0.21551297  0.21551297  0.34437012  0.28433989  0.32890394  0.25604315  0.29158492  0.27005745  0.27716451  0.27005745  0.32128938  0.32128938  0.30628941  0.36818735  
83_0_0     0.14051133  0.16468413  0.17707056  0.20896684  0.16468413  0.18334172  0.19604432  0.18966600  0.22878001  0.23550301  0.24228712  0.24913345  0.26301741  0.23550301  0.00000000  0.03015773  0.06695437  0.27716451  0.27005745  0.24228712  0.20896684  0.21551297  0.18334172  0.20896684  0.18334172  0.27005745  0.27005745  0.27005745  0.24228712  
57_0_0     0.14648154  0.17085166  0.18334172  0.18334172  0.15249989  0.18334172  0.19604432  0.18966600  0.20247762  0.20896684  0.24913345  0.22878001  0.24228712  0.21551297  0.03015773  0.00000000  0.04570615  0.26301741  0.25604315  0.27005745  0.19604432  0.20247762  0.17085166  0.19604432  0.17085166  0.27005745  0.27005745  0.27005745  0.24228712  
69_0_0     0.13458849  0.15856715  0.17085166  0.18966600  0.18334172  0.17707056  0.20247762  0.19604432  0.22878001  0.23550301  0.25604315  0.22878001  0.25604315  0.21551297  0.06695437  0.04570615  0.00000000  0.29890096  0.26301741  0.29158492  0.20896684  0.21551297  0.19604432  0.19604432  0.19604432  0.26301741  0.26301741  0.26301741  0.26301741  
54_0_0     0.29890096  0.32128938  0.31375172  0.25604315  0.26301741  0.27716451  0.29890096  0.30628941  0.38449844  0.38449844  0.33659697  0.34437012  0.32890394  0.34437012  0.27716451  0.26301741  0.29890096  0.00000000  0.08329711  0.12871228  0.29890096  0.33659697  0.28433989  0.32890394  0.29890096  0.31375172  0.31375172  0.32890394  0.32890394  
54_2_0     0.28433989  0.32128938  0.34437012  0.27716451  0.25604315  0.29158492  0.29158492  0.29890096  0.34437012  0.34437012  0.34437012  0.29890096  0.28433989  0.28433989  0.27005745  0.25604315  0.26301741  0.08329711  0.00000000  0.10565936  0.23550301  0.28433989  0.26301741  0.29158492  0.27716451  0.28433989  0.28433989  0.28433989  0.32128938  
50_0_0     0.26301741  0.29890096  0.32128938  0.29158492  0.28433989  0.29158492  0.30628941  0.31375172  0.37629834  0.36016354  0.32890394  0.34437012  0.33659697  0.32890394  0.24228712  0.27005745  0.29158492  0.12871228  0.10565936  0.00000000  0.28433989  0.32128938  0.30628941  0.35222506  0.30628941  0.29890096  0.29890096  0.31375172  0.32128938  
70_0_0     0.20896684  0.22211702  0.22878001  0.24913345  0.23550301  0.26301741  0.27005745  0.26301741  0.27005745  0.29158492  0.34437012  0.27005745  0.29158492  0.25604315  0.20896684  0.19604432  0.20896684  0.29890096  0.23550301  0.28433989  0.00000000  0.03530463  0.05096177  0.08329711  0.06158534  0.30628941  0.30628941  0.29890096  0.32128938  
64_0_0     0.21551297  0.22878001  0.23550301  0.24228712  0.22878001  0.25604315  0.26301741  0.25604315  0.26301741  0.28433989  0.35222506  0.30628941  0.32890394  0.29158492  0.21551297  0.20247762  0.21551297  0.33659697  0.28433989  0.32128938  0.03530463  0.00000000  0.05625466  0.07780968  0.06695437  0.31375172  0.31375172  0.30628941  0.31375172  
44_0_0     0.20896684  0.22211702  0.20247762  0.23550301  0.21551297  0.22878001  0.27716451  0.27005745  0.26301741  0.28433989  0.34437012  0.27005745  0.27716451  0.27005745  0.18334172  0.17085166  0.19604432  0.28433989  0.26301741  0.30628941  0.05096177  0.05625466  0.00000000  0.03015773  0.00991781  0.30628941  0.30628941  0.29890096  0.30628941  
93_0_0     0.22211702  0.23550301  0.21551297  0.22211702  0.20247762  0.24228712  0.26301741  0.25604315  0.24913345  0.27005745  0.34437012  0.27716451  0.28433989  0.27716451  0.20896684  0.19604432  0.19604432  0.32890394  0.29158492  0.35222506  0.08329711  0.07780968  0.03015773  0.00000000  0.04048727  0.26301741  0.26301741  0.25604315  0.29158492  
66_0_0     0.20896684  0.22211702  0.20247762  0.23550301  0.22878001  0.22878001  0.27716451  0.27005745  0.27716451  0.28433989  0.34437012  0.28433989  0.28433989  0.27005745  0.18334172  0.17085166  0.19604432  0.29890096  0.27716451  0.30628941  0.06158534  0.06695437  0.00991781  0.04048727  0.00000000  0.30628941  0.30628941  0.29890096  0.32128938  
42_0_0     0.25604315  0.26301741  0.28433989  0.24228712  0.22878001  0.29158492  0.25604315  0.24913345  0.29890096  0.30628941  0.30628941  0.30628941  0.32128938  0.32128938  0.27005745  0.27005745  0.26301741  0.31375172  0.28433989  0.29890096  0.30628941  0.31375172  0.30628941  0.26301741  0.30628941  0.00000000  0.00000000  0.00991781  0.20896684  
65_0_0     0.25604315  0.26301741  0.28433989  0.24228712  0.22878001  0.29158492  0.25604315  0.24913345  0.29890096  0.30628941  0.30628941  0.30628941  0.32128938  0.32128938  0.27005745  0.27005745  0.26301741  0.31375172  0.28433989  0.29890096  0.30628941  0.31375172  0.30628941  0.26301741  0.30628941  0.00000000  0.00000000  0.00991781  0.20896684  
47_0_0     0.25604315  0.26301741  0.28433989  0.24228712  0.22878001  0.30628941  0.27005745  0.26301741  0.29890096  0.30628941  0.30628941  0.30628941  0.32128938  0.30628941  0.27005745  0.27005745  0.26301741  0.32890394  0.28433989  0.31375172  0.29890096  0.30628941  0.29890096  0.25604315  0.29890096  0.00991781  0.00991781  0.00000000  0.22211702  
91_0_0     0.27716451  0.28433989  0.28433989  0.24228712  0.28433989  0.32128938  0.30628941  0.31375172  0.30628941  0.32890394  0.31375172  0.35222506  0.35222506  0.36818735  0.24228712  0.24228712  0.26301741  0.32890394  0.32128938  0.32128938  0.32128938  0.31375172  0.30628941  0.29158492  0.32128938  0.20896684  0.20896684  0.22211702  0.00000000  

