20
20_0_0     0.00000000  0.33860397  0.33178172  0.34549119  0.39563059  0.38825146  0.38825146  0.38094686  0.38825146  0.39563059  0.39563059  0.40308579  0.41823077  0.42592388  0.42592388  0.33178172  0.35244463  0.37371531  0.37371531  0.37371531  
15_0_0     0.33860397  0.00000000  0.07690963  0.09625984  0.21306749  0.33178172  0.33178172  0.36655534  0.31169280  0.31832730  0.31832730  0.39563059  0.38094686  0.38825146  0.38825146  0.39563059  0.40308579  0.43369971  0.43369971  0.43369971  
6_0_0      0.33178172  0.07690963  0.00000000  0.05342794  0.21885282  0.32502322  0.31169280  0.35244463  0.31169280  0.31832730  0.31832730  0.43369971  0.41061864  0.41823077  0.41823077  0.36655534  0.37371531  0.41823077  0.41823077  0.41823077  
14_0_0     0.34549119  0.09625984  0.05342794  0.00000000  0.20732807  0.33178172  0.33178172  0.35244463  0.35946557  0.35244463  0.35244463  0.41823077  0.39563059  0.40308579  0.40308579  0.35244463  0.35946557  0.44950676  0.44950676  0.44950676  
16_0_0     0.39563059  0.21306749  0.21885282  0.20732807  0.00000000  0.29860365  0.29214685  0.35946557  0.38825146  0.38094686  0.38094686  0.38094686  0.36655534  0.37371531  0.37371531  0.33860397  0.33178172  0.50772185  0.50772185  0.50772185  
18_0_0     0.38825146  0.33178172  0.32502322  0.33178172  0.29860365  0.00000000  0.02178404  0.11112002  0.16837902  0.18481531  0.18481531  0.27940366  0.29860365  0.30511861  0.30511861  0.31169280  0.33178172  0.44950676  0.44950676  0.44950676  
8_0_0      0.38825146  0.33178172  0.31169280  0.33178172  0.29214685  0.02178404  0.00000000  0.11614205  0.15762542  0.17381638  0.17381638  0.29860365  0.31832730  0.32502322  0.32502322  0.32502322  0.34549119  0.41823077  0.41823077  0.41823077  
19_0_0     0.38094686  0.36655534  0.35244463  0.35244463  0.35946557  0.11112002  0.11614205  0.00000000  0.17381638  0.17929494  0.17929494  0.31169280  0.33178172  0.33860397  0.33860397  0.31169280  0.32502322  0.54322026  0.54322026  0.54322026  
7_0_0      0.38825146  0.31169280  0.31169280  0.35946557  0.38825146  0.16837902  0.15762542  0.17381638  0.00000000  0.01299153  0.01299153  0.35244463  0.37371531  0.38094686  0.38094686  0.33178172  0.35244463  0.45754175  0.45754175  0.45754175  
9_0_0      0.39563059  0.31832730  0.31832730  0.35244463  0.38094686  0.18481531  0.17381638  0.17929494  0.01299153  0.00000000  0.00000000  0.37371531  0.39563059  0.40308579  0.40308579  0.35244463  0.37371531  0.48219667  0.48219667  0.48219667  
13_0_0     0.39563059  0.31832730  0.31832730  0.35244463  0.38094686  0.18481531  0.17381638  0.17929494  0.01299153  0.00000000  0.00000000  0.37371531  0.39563059  0.40308579  0.40308579  0.35244463  0.37371531  0.48219667  0.48219667  0.48219667  
5_0_0      0.40308579  0.39563059  0.43369971  0.41823077  0.38094686  0.27940366  0.29860365  0.31169280  0.35244463  0.37371531  0.37371531  0.00000000  0.03517654  0.03969639  0.03969639  0.13142084  0.13658635  0.46566703  0.46566703  0.46566703  
10_0_0     0.41823077  0.38094686  0.41061864  0.39563059  0.36655534  0.29860365  0.31832730  0.33178172  0.37371531  0.39563059  0.39563059  0.03517654  0.00000000  0.00430463  0.00430463  0.13142084  0.12629196  0.48219667  0.48219667  0.48219667  
4_0_0      0.42592388  0.38825146  0.41823077  0.40308579  0.37371531  0.30511861  0.32502322  0.33860397  0.38094686  0.40308579  0.40308579  0.03969639  0.00430463  0.00000000  0.00000000  0.13658635  0.13142084  0.49060536  0.49060536  0.49060536  
12_0_0     0.42592388  0.38825146  0.41823077  0.40308579  0.37371531  0.30511861  0.32502322  0.33860397  0.38094686  0.40308579  0.40308579  0.03969639  0.00430463  0.00000000  0.00000000  0.13658635  0.13142084  0.49060536  0.49060536  0.49060536  
17_0_0     0.33178172  0.39563059  0.36655534  0.35244463  0.33860397  0.31169280  0.32502322  0.31169280  0.33178172  0.35244463  0.35244463  0.13142084  0.13142084  0.13658635  0.13658635  0.00000000  0.01299153  0.44156005  0.44156005  0.44156005  
11_0_0     0.35244463  0.40308579  0.37371531  0.35946557  0.33178172  0.33178172  0.34549119  0.32502322  0.35244463  0.37371531  0.37371531  0.13658635  0.12629196  0.13142084  0.13142084  0.01299153  0.00000000  0.44950676  0.44950676  0.44950676  
1_0_0      0.37371531  0.43369971  0.41823077  0.44950676  0.50772185  0.44950676  0.41823077  0.54322026  0.45754175  0.48219667  0.48219667  0.46566703  0.48219667  0.49060536  0.49060536  0.44156005  0.44950676  0.00000000  0.00000000  0.00000000  
2_0_0      0.37371531  0.43369971  0.41823077  0.44950676  0.50772185  0.44950676  0.41823077  0.54322026  0.45754175  0.48219667  0.48219667  0.46566703  0.48219667  0.49060536  0.49060536  0.44156005  0.44950676  0.00000000  0.00000000  0.00000000  
3_0_0      0.37371531  0.43369971  0.41823077  0.44950676  0.50772185  0.44950676  0.41823077  0.54322026  0.45754175  0.48219667  0.48219667  0.46566703  0.48219667  0.49060536  0.49060536  0.44156005  0.44950676  0.00000000  0.00000000  0.00000000  

