52
56_2_0     0.00000000  0.00412658  0.00412658  0.00412658  0.00412658  0.00827602  0.00412658  0.00412658  0.00412658  0.00412658  0.00412658  0.00412658  0.00412658  0.00412658  0.00827602  0.00827602  0.00827602  0.01244858  0.00827602  0.00827602  0.00827602  0.00412658  0.00412658  0.00412658  0.00827602  0.00412658  0.00412658  0.00412658  0.00412658  0.01244858  0.01244858  0.00827602  0.00827602  0.00827602  0.00827602  0.00827602  0.00827602  0.00000000  0.00000000  0.00000000  0.00000000  0.00000000  0.00412658  0.00412658  0.00000000  0.00827602  0.00827602  0.00412658  0.00412658  0.00412658  0.00827602  0.00827602  
29_4_0     0.00412658  0.00000000  0.00000000  0.00000000  0.00000000  0.00412658  0.00000000  0.00000000  0.00000000  0.00000000  0.00000000  0.00000000  0.00827602  0.00827602  0.01244858  0.01244858  0.01244858  0.00827602  0.01244858  0.01244858  0.01244858  0.00827602  0.00827602  0.00827602  0.01244858  0.00827602  0.00827602  0.00827602  0.00827602  0.00827602  0.00827602  0.01244858  0.01244858  0.01244858  0.01244858  0.01244858  0.01244858  0.00412658  0.00412658  0.00412658  0.00412658  0.00412658  0.00827602  0.00827602  0.00412658  0.01244858  0.01244858  0.00827602  0.00827602  0.00827602  0.01244858  0.01244858  
29_5_0     0.00412658  0.00000000  0.00000000  0.00000000  0.00000000  0.00412658  0.00000000  0.00000000  0.00000000  0.00000000  0.00000000  0.00000000  0.00827602  0.00827602  0.01244858  0.01244858  0.01244858  0.00827602  0.01244858  0.01244858  0.01244858  0.00827602  0.00827602  0.00827602  0.01244858  0.00827602  0.00827602  0.00827602  0.00827602  0.00827602  0.00827602  0.01244858  0.01244858  0.01244858  0.01244858  0.01244858  0.01244858  0.00412658  0.00412658  0.00412658  0.00412658  0.00412658  0.00827602  0.00827602  0.00412658  0.01244858  0.01244858  0.00827602  0.00827602  0.00827602  0.01244858  0.01244858  
29_7_0     0.00412658  0.00000000  0.00000000  0.00000000  0.00000000  0.00412658  0.00000000  0.00000000  0.00000000  0.00000000  0.00000000  0.00000000  0.00827602  0.00827602  0.01244858  0.01244858  0.01244858  0.00827602  0.01244858  0.01244858  0.01244858  0.00827602  0.00827602  0.00827602  0.01244858  0.00827602  0.00827602  0.00827602  0.00827602  0.00827602  0.00827602  0.01244858  0.01244858  0.01244858  0.01244858  0.01244858  0.01244858  0.00412658  0.00412658  0.00412658  0.00412658  0.00412658  0.00827602  0.00827602  0.00412658  0.01244858  0.01244858  0.00827602  0.00827602  0.00827602  0.01244858  0.01244858  
29_2_0     0.00412658  0.00000000  0.00000000  0.00000000  0.00000000  0.00412658  0.00000000  0.00000000  0.00000000  0.00000000  0.00000000  0.00000000  0.00827602  0.00827602  0.01244858  0.01244858  0.01244858  0.00827602  0.01244858  0.01244858  0.01244858  0.00827602  0.00827602  0.00827602  0.01244858  0.00827602  0.00827602  0.00827602  0.00827602  0.00827602  0.00827602  0.01244858  0.01244858  0.01244858  0.01244858  0.01244858  0.01244858  0.00412658  0.00412658  0.00412658  0.00412658  0.00412658  0.00827602  0.00827602  0.00412658  0.01244858  0.01244858  0.00827602  0.00827602  0.00827602  0.01244858  0.01244858  
16_2_0     0.00827602  0.00412658  0.00412658  0.00412658  0.00412658  0.00000000  0.00412658  0.00412658  0.00412658  0.00412658  0.00412658  0.00412658  0.01244858  0.01244858  0.01664453  0.01664453  0.01664453  0.01244858  0.01664453  0.01664453  0.01664453  0.01244858  0.01244858  0.01244858  0.01664453  0.01244858  0.01244858  0.01244858  0.01244858  0.01244858  0.01244858  0.01664453  0.01664453  0.01664453  0.01664453  0.01664453  0.01664453  0.00827602  0.00827602  0.00827602  0.00827602  0.00827602  0.01244858  0.01244858  0.00827602  0.01664453  0.01664453  0.01244858  0.01244858  0.01244858  0.01664453  0.01664453  
29_1_0     0.00412658  0.00000000  0.00000000  0.00000000  0.00000000  0.00412658  0.00000000  0.00000000  0.00000000  0.00000000  0.00000000  0.00000000  0.00827602  0.00827602  0.01244858  0.01244858  0.01244858  0.00827602  0.01244858  0.01244858  0.01244858  0.00827602  0.00827602  0.00827602  0.01244858  0.00827602  0.00827602  0.00827602  0.00827602  0.00827602  0.00827602  0.01244858  0.01244858  0.01244858  0.01244858  0.01244858  0.01244858  0.00412658  0.00412658  0.00412658  0.00412658  0.00412658  0.00827602  0.00827602  0.00412658  0.01244858  0.01244858  0.00827602  0.00827602  0.00827602  0.01244858  0.01244858  
56_1_0     0.00412658  0.00000000  0.00000000  0.00000000  0.00000000  0.00412658  0.00000000  0.00000000  0.00000000  0.00000000  0.00000000  0.00000000  0.00827602  0.00827602  0.01244858  0.01244858  0.01244858  0.00827602  0.01244858  0.01244858  0.01244858  0.00827602  0.00827602  0.00827602  0.01244858  0.00827602  0.00827602  0.00827602  0.00827602  0.00827602  0.00827602  0.01244858  0.01244858  0.01244858  0.01244858  0.01244858  0.01244858  0.00412658  0.00412658  0.00412658  0.00412658  0.00412658  0.00827602  0.00827602  0.00412658  0.01244858  0.01244858  0.00827602  0.00827602  0.00827602  0.01244858  0.01244858  
16_1_0     0.00412658  0.00000000  0.00000000  0.00000000  0.00000000  0.00412658  0.00000000  0.00000000  0.00000000  0.00000000  0.00000000  0.00000000  0.00827602  0.00827602  0.01244858  0.01244858  0.01244858  0.00827602  0.01244858  0.01244858  0.01244858  0.00827602  0.00827602  0.00827602  0.01244858  0.00827602  0.00827602  0.00827602  0.00827602  0.00827602  0.00827602  0.01244858  0.01244858  0.01244858  0.01244858  0.01244858  0.01244858  0.00412658  0.00412658  0.00412658  0.00412658  0.00412658  0.00827602  0.00827602  0.00412658  0.01244858  0.01244858  0.00827602  0.00827602  0.00827602  0.01244858  0.01244858  
16_3_0     0.00412658  0.00000000  0.00000000  0.00000000  0.00000000  0.00412658  0.00000000  0.00000000  0.00000000  0.00000000  0.00000000  0.00000000  0.00827602  0.00827602  0.01244858  0.01244858  0.01244858  0.00827602  0.01244858  0.01244858  0.01244858  0.00827602  0.00827602  0.00827602  0.01244858  0.00827602  0.00827602  0.00827602  0.00827602  0.00827602  0.00827602  0.01244858  0.01244858  0.01244858  0.01244858  0.01244858  0.01244858  0.00412658  0.00412658  0.00412658  0.00412658  0.00412658  0.00827602  0.00827602  0.00412658  0.01244858  0.01244858  0.00827602  0.00827602  0.00827602  0.01244858  0.01244858  
29_3_0     0.00412658  0.00000000  0.00000000  0.00000000  0.00000000  0.00412658  0.00000000  0.00000000  0.00000000  0.00000000  0.00000000  0.00000000  0.00827602  0.00827602  0.01244858  0.01244858  0.01244858  0.00827602  0.01244858  0.01244858  0.01244858  0.00827602  0.00827602  0.00827602  0.01244858  0.00827602  0.00827602  0.00827602  0.00827602  0.00827602  0.00827602  0.01244858  0.01244858  0.01244858  0.01244858  0.01244858  0.01244858  0.00412658  0.00412658  0.00412658  0.00412658  0.00412658  0.00827602  0.00827602  0.00412658  0.01244858  0.01244858  0.00827602  0.00827602  0.00827602  0.01244858  0.01244858  
56_3_0     0.00412658  0.00000000  0.00000000  0.00000000  0.00000000  0.00412658  0.00000000  0.00000000  0.00000000  0.00000000  0.00000000  0.00000000  0.00827602  0.00827602  0.01244858  0.01244858  0.01244858  0.00827602  0.01244858  0.01244858  0.01244858  0.00827602  0.00827602  0.00827602  0.01244858  0.00827602  0.00827602  0.00827602  0.00827602  0.00827602  0.00827602  0.01244858  0.01244858  0.01244858  0.01244858  0.01244858  0.01244858  0.00412658  0.00412658  0.00412658  0.00412658  0.00412658  0.00827602  0.00827602  0.00412658  0.01244858  0.01244858  0.00827602  0.00827602  0.00827602  0.01244858  0.01244858  
70_16_0    0.00412658  0.00827602  0.00827602  0.00827602  0.00827602  0.01244858  0.00827602  0.00827602  0.00827602  0.00827602  0.00827602  0.00827602  0.00000000  0.00000000  0.00412658  0.00412658  0.00412658  0.00827602  0.00412658  0.00412658  0.00412658  0.00000000  0.00000000  0.00000000  0.00412658  0.00000000  0.00000000  0.00000000  0.00000000  0.00827602  0.00827602  0.01244858  0.01244858  0.01244858  0.01244858  0.01244858  0.01244858  0.00412658  0.00412658  0.00412658  0.00412658  0.00412658  0.00827602  0.00827602  0.00412658  0.01244858  0.01244858  0.00827602  0.00827602  0.00827602  0.01244858  0.01244858  
72_16_0    0.00412658  0.00827602  0.00827602  0.00827602  0.00827602  0.01244858  0.00827602  0.00827602  0.00827602  0.00827602  0.00827602  0.00827602  0.00000000  0.00000000  0.00412658  0.00412658  0.00412658  0.00827602  0.00412658  0.00412658  0.00412658  0.00000000  0.00000000  0.00000000  0.00412658  0.00000000  0.00000000  0.00000000  0.00000000  0.00827602  0.00827602  0.01244858  0.01244858  0.01244858  0.01244858  0.01244858  0.01244858  0.00412658  0.00412658  0.00412658  0.00412658  0.00412658  0.00827602  0.00827602  0.00412658  0.01244858  0.01244858  0.00827602  0.00827602  0.00827602  0.01244858  0.01244858  
72_8_0     0.00827602  0.01244858  0.01244858  0.01244858  0.01244858  0.01664453  0.01244858  0.01244858  0.01244858  0.01244858  0.01244858  0.01244858  0.00412658  0.00412658  0.00000000  0.00000000  0.00000000  0.00412658  0.00000000  0.00000000  0.00000000  0.00412658  0.00412658  0.00412658  0.00827602  0.00412658  0.00412658  0.00412658  0.00412658  0.01244858  0.01244858  0.01664453  0.01664453  0.01664453  0.01664453  0.01664453  0.01664453  0.00827602  0.00827602  0.00827602  0.00827602  0.00827602  0.01244858  0.01244858  0.00827602  0.01664453  0.01664453  0.01244858  0.01244858  0.01244858  0.01664453  0.01664453  
70_8_0     0.00827602  0.01244858  0.01244858  0.01244858  0.01244858  0.01664453  0.01244858  0.01244858  0.01244858  0.01244858  0.01244858  0.01244858  0.00412658  0.00412658  0.00000000  0.00000000  0.00000000  0.00412658  0.00000000  0.00000000  0.00000000  0.00412658  0.00412658  0.00412658  0.00827602  0.00412658  0.00412658  0.00412658  0.00412658  0.01244858  0.01244858  0.01664453  0.01664453  0.01664453  0.01664453  0.01664453  0.01664453  0.00827602  0.00827602  0.00827602  0.00827602  0.00827602  0.01244858  0.01244858  0.00827602  0.01664453  0.01664453  0.01244858  0.01244858  0.01244858  0.01664453  0.01664453  
76_8_0     0.00827602  0.01244858  0.01244858  0.01244858  0.01244858  0.01664453  0.01244858  0.01244858  0.01244858  0.01244858  0.01244858  0.01244858  0.00412658  0.00412658  0.00000000  0.00000000  0.00000000  0.00412658  0.00000000  0.00000000  0.00000000  0.00412658  0.00412658  0.00412658  0.00827602  0.00412658  0.00412658  0.00412658  0.00412658  0.01244858  0.01244858  0.01664453  0.01664453  0.01664453  0.01664453  0.01664453  0.01664453  0.00827602  0.00827602  0.00827602  0.00827602  0.00827602  0.01244858  0.01244858  0.00827602  0.01664453  0.01664453  0.01244858  0.01244858  0.01244858  0.01664453  0.01664453  
92_8_0     0.01244858  0.00827602  0.00827602  0.00827602  0.00827602  0.01244858  0.00827602  0.00827602  0.00827602  0.00827602  0.00827602  0.00827602  0.00827602  0.00827602  0.00412658  0.00412658  0.00412658  0.00000000  0.00412658  0.00412658  0.00412658  0.00827602  0.00827602  0.00827602  0.01244858  0.00827602  0.00827602  0.00827602  0.00827602  0.00827602  0.00827602  0.02086412  0.02086412  0.02086412  0.02086412  0.02086412  0.02086412  0.01244858  0.01244858  0.01244858  0.01244858  0.01244858  0.01664453  0.01664453  0.01244858  0.02086412  0.02086412  0.01664453  0.01664453  0.01664453  0.02086412  0.02086412  
92_15_0    0.00827602  0.01244858  0.01244858  0.01244858  0.01244858  0.01664453  0.01244858  0.01244858  0.01244858  0.01244858  0.01244858  0.01244858  0.00412658  0.00412658  0.00000000  0.00000000  0.00000000  0.00412658  0.00000000  0.00000000  0.00000000  0.00412658  0.00412658  0.00412658  0.00827602  0.00412658  0.00412658  0.00412658  0.00412658  0.01244858  0.01244858  0.01664453  0.01664453  0.01664453  0.01664453  0.01664453  0.01664453  0.00827602  0.00827602  0.00827602  0.00827602  0.00827602  0.01244858  0.01244858  0.00827602  0.01664453  0.01664453  0.01244858  0.01244858  0.01244858  0.01664453  0.01664453  
76_15_0    0.00827602  0.01244858  0.01244858  0.01244858  0.01244858  0.01664453  0.01244858  0.01244858  0.01244858  0.01244858  0.01244858  0.01244858  0.00412658  0.00412658  0.00000000  0.00000000  0.00000000  0.00412658  0.00000000  0.00000000  0.00000000  0.00412658  0.00412658  0.00412658  0.00827602  0.00412658  0.00412658  0.00412658  0.00412658  0.01244858  0.01244858  0.01664453  0.01664453  0.01664453  0.01664453  0.01664453  0.01664453  0.00827602  0.00827602  0.00827602  0.00827602  0.00827602  0.01244858  0.01244858  0.00827602  0.01664453  0.01664453  0.01244858  0.01244858  0.01244858  0.01664453  0.01664453  
69_8_0     0.00827602  0.01244858  0.01244858  0.01244858  0.01244858  0.01664453  0.01244858  0.01244858  0.01244858  0.01244858  0.01244858  0.01244858  0.00412658  0.00412658  0.00000000  0.00000000  0.00000000  0.00412658  0.00000000  0.00000000  0.00000000  0.00412658  0.00412658  0.00412658  0.00827602  0.00412658  0.00412658  0.00412658  0.00412658  0.01244858  0.01244858  0.01664453  0.01664453  0.01664453  0.01664453  0.01664453  0.01664453  0.00827602  0.00827602  0.00827602  0.00827602  0.00827602  0.01244858  0.01244858  0.00827602  0.01664453  0.01664453  0.01244858  0.01244858  0.01244858  0.01664453  0.01664453  
80_8_0     0.00412658  0.00827602  0.00827602  0.00827602  0.00827602  0.01244858  0.00827602  0.00827602  0.00827602  0.00827602  0.00827602  0.00827602  0.00000000  0.00000000  0.00412658  0.00412658  0.00412658  0.00827602  0.00412658  0.00412658  0.00412658  0.00000000  0.00000000  0.00000000  0.00412658  0.00000000  0.00000000  0.00000000  0.00000000  0.00827602  0.00827602  0.01244858  0.01244858  0.01244858  0.01244858  0.01244858  0.01244858  0.00412658  0.00412658  0.00412658  0.00412658  0.00412658  0.00827602  0.00827602  0.00412658  0.01244858  0.01244858  0.00827602  0.00827602  0.00827602  0.01244858  0.01244858  
77_8_0     0.00412658  0.00827602  0.00827602  0.00827602  0.00827602  0.01244858  0.00827602  0.00827602  0.00827602  0.00827602  0.00827602  0.00827602  0.00000000  0.00000000  0.00412658  0.00412658  0.00412658  0.00827602  0.00412658  0.00412658  0.00412658  0.00000000  0.00000000  0.00000000  0.00412658  0.00000000  0.00000000  0.00000000  0.00000000  0.00827602  0.00827602  0.01244858  0.01244858  0.01244858  0.01244858  0.01244858  0.01244858  0.00412658  0.00412658  0.00412658  0.00412658  0.00412658  0.00827602  0.00827602  0.00412658  0.01244858  0.01244858  0.00827602  0.00827602  0.00827602  0.01244858  0.01244858  
77_19_0    0.00412658  0.00827602  0.00827602  0.00827602  0.00827602  0.01244858  0.00827602  0.00827602  0.00827602  0.00827602  0.00827602  0.00827602  0.00000000  0.00000000  0.00412658  0.00412658  0.00412658  0.00827602  0.00412658  0.00412658  0.00412658  0.00000000  0.00000000  0.00000000  0.00412658  0.00000000  0.00000000  0.00000000  0.00000000  0.00827602  0.00827602  0.01244858  0.01244858  0.01244858  0.01244858  0.01244858  0.01244858  0.00412658  0.00412658  0.00412658  0.00412658  0.00412658  0.00827602  0.00827602  0.00412658  0.01244858  0.01244858  0.00827602  0.00827602  0.00827602  0.01244858  0.01244858  
77_18_0    0.00827602  0.01244858  0.01244858  0.01244858  0.01244858  0.01664453  0.01244858  0.01244858  0.01244858  0.01244858  0.01244858  0.01244858  0.00412658  0.00412658  0.00827602  0.00827602  0.00827602  0.01244858  0.00827602  0.00827602  0.00827602  0.00412658  0.00412658  0.00412658  0.00000000  0.00412658  0.00412658  0.00412658  0.00412658  0.00412658  0.00412658  0.00827602  0.00827602  0.00827602  0.00827602  0.00827602  0.00827602  0.00827602  0.00827602  0.00827602  0.00827602  0.00827602  0.01244858  0.01244858  0.00827602  0.01664453  0.01664453  0.01244858  0.01244858  0.01244858  0.01664453  0.01664453  
77_17_0    0.00412658  0.00827602  0.00827602  0.00827602  0.00827602  0.01244858  0.00827602  0.00827602  0.00827602  0.00827602  0.00827602  0.00827602  0.00000000  0.00000000  0.00412658  0.00412658  0.00412658  0.00827602  0.00412658  0.00412658  0.00412658  0.00000000  0.00000000  0.00000000  0.00412658  0.00000000  0.00000000  0.00000000  0.00000000  0.00827602  0.00827602  0.01244858  0.01244858  0.01244858  0.01244858  0.01244858  0.01244858  0.00412658  0.00412658  0.00412658  0.00412658  0.00412658  0.00827602  0.00827602  0.00412658  0.01244858  0.01244858  0.00827602  0.00827602  0.00827602  0.01244858  0.01244858  
77_21_0    0.00412658  0.00827602  0.00827602  0.00827602  0.00827602  0.01244858  0.00827602  0.00827602  0.00827602  0.00827602  0.00827602  0.00827602  0.00000000  0.00000000  0.00412658  0.00412658  0.00412658  0.00827602  0.00412658  0.00412658  0.00412658  0.00000000  0.00000000  0.00000000  0.00412658  0.00000000  0.00000000  0.00000000  0.00000000  0.00827602  0.00827602  0.01244858  0.01244858  0.01244858  0.01244858  0.01244858  0.01244858  0.00412658  0.00412658  0.00412658  0.00412658  0.00412658  0.00827602  0.00827602  0.00412658  0.01244858  0.01244858  0.00827602  0.00827602  0.00827602  0.01244858  0.01244858  
77_20_0    0.00412658  0.00827602  0.00827602  0.00827602  0.00827602  0.01244858  0.00827602  0.00827602  0.00827602  0.00827602  0.00827602  0.00827602  0.00000000  0.00000000  0.00412658  0.00412658  0.00412658  0.00827602  0.00412658  0.00412658  0.00412658  0.00000000  0.00000000  0.00000000  0.00412658  0.00000000  0.00000000  0.00000000  0.00000000  0.00827602  0.00827602  0.01244858  0.01244858  0.01244858  0.01244858  0.01244858  0.01244858  0.00412658  0.00412658  0.00412658  0.00412658  0.00412658  0.00827602  0.00827602  0.00412658  0.01244858  0.01244858  0.00827602  0.00827602  0.00827602  0.01244858  0.01244858  
80_17_0    0.00412658  0.00827602  0.00827602  0.00827602  0.00827602  0.01244858  0.00827602  0.00827602  0.00827602  0.00827602  0.00827602  0.00827602  0.00000000  0.00000000  0.00412658  0.00412658  0.00412658  0.00827602  0.00412658  0.00412658  0.00412658  0.00000000  0.00000000  0.00000000  0.00412658  0.00000000  0.00000000  0.00000000  0.00000000  0.00827602  0.00827602  0.01244858  0.01244858  0.01244858  0.01244858  0.01244858  0.01244858  0.00412658  0.00412658  0.00412658  0.00412658  0.00412658  0.00827602  0.00827602  0.00412658  0.01244858  0.01244858  0.00827602  0.00827602  0.00827602  0.01244858  0.01244858  
96_9_0     0.01244858  0.00827602  0.00827602  0.00827602  0.00827602  0.01244858  0.00827602  0.00827602  0.00827602  0.00827602  0.00827602  0.00827602  0.00827602  0.00827602  0.01244858  0.01244858  0.01244858  0.00827602  0.01244858  0.01244858  0.01244858  0.00827602  0.00827602  0.00827602  0.00412658  0.00827602  0.00827602  0.00827602  0.00827602  0.00000000  0.00000000  0.01244858  0.01244858  0.01244858  0.01244858  0.01244858  0.01244858  0.01244858  0.01244858  0.01244858  0.01244858  0.01244858  0.01664453  0.01664453  0.01244858  0.02086412  0.02086412  0.01664453  0.01664453  0.01664453  0.02086412  0.02086412  
71_9_0     0.01244858  0.00827602  0.00827602  0.00827602  0.00827602  0.01244858  0.00827602  0.00827602  0.00827602  0.00827602  0.00827602  0.00827602  0.00827602  0.00827602  0.01244858  0.01244858  0.01244858  0.00827602  0.01244858  0.01244858  0.01244858  0.00827602  0.00827602  0.00827602  0.00412658  0.00827602  0.00827602  0.00827602  0.00827602  0.00000000  0.00000000  0.01244858  0.01244858  0.01244858  0.01244858  0.01244858  0.01244858  0.01244858  0.01244858  0.01244858  0.01244858  0.01244858  0.01664453  0.01664453  0.01244858  0.02086412  0.02086412  0.01664453  0.01664453  0.01664453  0.02086412  0.02086412  
71_11_0    0.00827602  0.01244858  0.01244858  0.01244858  0.01244858  0.01664453  0.01244858  0.01244858  0.01244858  0.01244858  0.01244858  0.01244858  0.01244858  0.01244858  0.01664453  0.01664453  0.01664453  0.02086412  0.01664453  0.01664453  0.01664453  0.01244858  0.01244858  0.01244858  0.00827602  0.01244858  0.01244858  0.01244858  0.01244858  0.01244858  0.01244858  0.00000000  0.00000000  0.00000000  0.00000000  0.00000000  0.00000000  0.00827602  0.00827602  0.00827602  0.00827602  0.00827602  0.01244858  0.01244858  0.00827602  0.01664453  0.01664453  0.01244858  0.01244858  0.01244858  0.01664453  0.01664453  
96_11_0    0.00827602  0.01244858  0.01244858  0.01244858  0.01244858  0.01664453  0.01244858  0.01244858  0.01244858  0.01244858  0.01244858  0.01244858  0.01244858  0.01244858  0.01664453  0.01664453  0.01664453  0.02086412  0.01664453  0.01664453  0.01664453  0.01244858  0.01244858  0.01244858  0.00827602  0.01244858  0.01244858  0.01244858  0.01244858  0.01244858  0.01244858  0.00000000  0.00000000  0.00000000  0.00000000  0.00000000  0.00000000  0.00827602  0.00827602  0.00827602  0.00827602  0.00827602  0.01244858  0.01244858  0.00827602  0.01664453  0.01664453  0.01244858  0.01244858  0.01244858  0.01664453  0.01664453  
96_12_0    0.00827602  0.01244858  0.01244858  0.01244858  0.01244858  0.01664453  0.01244858  0.01244858  0.01244858  0.01244858  0.01244858  0.01244858  0.01244858  0.01244858  0.01664453  0.01664453  0.01664453  0.02086412  0.01664453  0.01664453  0.01664453  0.01244858  0.01244858  0.01244858  0.00827602  0.01244858  0.01244858  0.01244858  0.01244858  0.01244858  0.01244858  0.00000000  0.00000000  0.00000000  0.00000000  0.00000000  0.00000000  0.00827602  0.00827602  0.00827602  0.00827602  0.00827602  0.01244858  0.01244858  0.00827602  0.01664453  0.01664453  0.01244858  0.01244858  0.01244858  0.01664453  0.01664453  
96_13_0    0.00827602  0.01244858  0.01244858  0.01244858  0.01244858  0.01664453  0.01244858  0.01244858  0.01244858  0.01244858  0.01244858  0.01244858  0.01244858  0.01244858  0.01664453  0.01664453  0.01664453  0.02086412  0.01664453  0.01664453  0.01664453  0.01244858  0.01244858  0.01244858  0.00827602  0.01244858  0.01244858  0.01244858  0.01244858  0.01244858  0.01244858  0.00000000  0.00000000  0.00000000  0.00000000  0.00000000  0.00000000  0.00827602  0.00827602  0.00827602  0.00827602  0.00827602  0.01244858  0.01244858  0.00827602  0.01664453  0.01664453  0.01244858  0.01244858  0.01244858  0.01664453  0.01664453  
71_12_0    0.00827602  0.01244858  0.01244858  0.01244858  0.01244858  0.01664453  0.01244858  0.01244858  0.01244858  0.01244858  0.01244858  0.01244858  0.01244858  0.01244858  0.01664453  0.01664453  0.01664453  0.02086412  0.01664453  0.01664453  0.01664453  0.01244858  0.01244858  0.01244858  0.00827602  0.01244858  0.01244858  0.01244858  0.01244858  0.01244858  0.01244858  0.00000000  0.00000000  0.00000000  0.00000000  0.00000000  0.00000000  0.00827602  0.00827602  0.00827602  0.00827602  0.00827602  0.01244858  0.01244858  0.00827602  0.01664453  0.01664453  0.01244858  0.01244858  0.01244858  0.01664453  0.01664453  
71_14_0    0.00827602  0.01244858  0.01244858  0.01244858  0.01244858  0.01664453  0.01244858  0.01244858  0.01244858  0.01244858  0.01244858  0.01244858  0.01244858  0.01244858  0.01664453  0.01664453  0.01664453  0.02086412  0.01664453  0.01664453  0.01664453  0.01244858  0.01244858  0.01244858  0.00827602  0.01244858  0.01244858  0.01244858  0.01244858  0.01244858  0.01244858  0.00000000  0.00000000  0.00000000  0.00000000  0.00000000  0.00000000  0.00827602  0.00827602  0.00827602  0.00827602  0.00827602  0.01244858  0.01244858  0.00827602  0.01664453  0.01664453  0.01244858  0.01244858  0.01244858  0.01664453  0.01664453  
68_0_0     0.00000000  0.00412658  0.00412658  0.00412658  0.00412658  0.00827602  0.00412658  0.00412658  0.00412658  0.00412658  0.00412658  0.00412658  0.00412658  0.00412658  0.00827602  0.00827602  0.00827602  0.01244858  0.00827602  0.00827602  0.00827602  0.00412658  0.00412658  0.00412658  0.00827602  0.00412658  0.00412658  0.00412658  0.00412658  0.01244858  0.01244858  0.00827602  0.00827602  0.00827602  0.00827602  0.00827602  0.00827602  0.00000000  0.00000000  0.00000000  0.00000000  0.00000000  0.00412658  0.00412658  0.00000000  0.00827602  0.00827602  0.00412658  0.00412658  0.00412658  0.00827602  0.00827602  
85_0_0     0.00000000  0.00412658  0.00412658  0.00412658  0.00412658  0.00827602  0.00412658  0.00412658  0.00412658  0.00412658  0.00412658  0.00412658  0.00412658  0.00412658  0.00827602  0.00827602  0.00827602  0.01244858  0.00827602  0.00827602  0.00827602  0.00412658  0.00412658  0.00412658  0.00827602  0.00412658  0.00412658  0.00412658  0.00412658  0.01244858  0.01244858  0.00827602  0.00827602  0.00827602  0.00827602  0.00827602  0.00827602  0.00000000  0.00000000  0.00000000  0.00000000  0.00000000  0.00412658  0.00412658  0.00000000  0.00827602  0.00827602  0.00412658  0.00412658  0.00412658  0.00827602  0.00827602  
90_0_0     0.00000000  0.00412658  0.00412658  0.00412658  0.00412658  0.00827602  0.00412658  0.00412658  0.00412658  0.00412658  0.00412658  0.00412658  0.00412658  0.00412658  0.00827602  0.00827602  0.00827602  0.01244858  0.00827602  0.00827602  0.00827602  0.00412658  0.00412658  0.00412658  0.00827602  0.00412658  0.00412658  0.00412658  0.00412658  0.01244858  0.01244858  0.00827602  0.00827602  0.00827602  0.00827602  0.00827602  0.00827602  0.00000000  0.00000000  0.00000000  0.00000000  0.00000000  0.00412658  0.00412658  0.00000000  0.00827602  0.00827602  0.00412658  0.00412658  0.00412658  0.00827602  0.00827602  
82_0_0     0.00000000  0.00412658  0.00412658  0.00412658  0.00412658  0.00827602  0.00412658  0.00412658  0.00412658  0.00412658  0.00412658  0.00412658  0.00412658  0.00412658  0.00827602  0.00827602  0.00827602  0.01244858  0.00827602  0.00827602  0.00827602  0.00412658  0.00412658  0.00412658  0.00827602  0.00412658  0.00412658  0.00412658  0.00412658  0.01244858  0.01244858  0.00827602  0.00827602  0.00827602  0.00827602  0.00827602  0.00827602  0.00000000  0.00000000  0.00000000  0.00000000  0.00000000  0.00412658  0.00412658  0.00000000  0.00827602  0.00827602  0.00412658  0.00412658  0.00412658  0.00827602  0.00827602  
65_0_0     0.00000000  0.00412658  0.00412658  0.00412658  0.00412658  0.00827602  0.00412658  0.00412658  0.00412658  0.00412658  0.00412658  0.00412658  0.00412658  0.00412658  0.00827602  0.00827602  0.00827602  0.01244858  0.00827602  0.00827602  0.00827602  0.00412658  0.00412658  0.00412658  0.00827602  0.00412658  0.00412658  0.00412658  0.00412658  0.01244858  0.01244858  0.00827602  0.00827602  0.00827602  0.00827602  0.00827602  0.00827602  0.00000000  0.00000000  0.00000000  0.00000000  0.00000000  0.00412658  0.00412658  0.00000000  0.00827602  0.00827602  0.00412658  0.00412658  0.00412658  0.00827602  0.00827602  
97_0_0     0.00412658  0.00827602  0.00827602  0.00827602  0.00827602  0.01244858  0.00827602  0.00827602  0.00827602  0.00827602  0.00827602  0.00827602  0.00827602  0.00827602  0.01244858  0.01244858  0.01244858  0.01664453  0.01244858  0.01244858  0.01244858  0.00827602  0.00827602  0.00827602  0.01244858  0.00827602  0.00827602  0.00827602  0.00827602  0.01664453  0.01664453  0.01244858  0.01244858  0.01244858  0.01244858  0.01244858  0.01244858  0.00412658  0.00412658  0.00412658  0.00412658  0.00412658  0.00000000  0.00000000  0.00412658  0.01244858  0.01244858  0.00827602  0.00827602  0.00827602  0.01244858  0.01244858  
89_0_0     0.00412658  0.00827602  0.00827602  0.00827602  0.00827602  0.01244858  0.00827602  0.00827602  0.00827602  0.00827602  0.00827602  0.00827602  0.00827602  0.00827602  0.01244858  0.01244858  0.01244858  0.01664453  0.01244858  0.01244858  0.01244858  0.00827602  0.00827602  0.00827602  0.01244858  0.00827602  0.00827602  0.00827602  0.00827602  0.01664453  0.01664453  0.01244858  0.01244858  0.01244858  0.01244858  0.01244858  0.01244858  0.00412658  0.00412658  0.00412658  0.00412658  0.00412658  0.00000000  0.00000000  0.00412658  0.01244858  0.01244858  0.00827602  0.00827602  0.00827602  0.01244858  0.01244858  
66_0_0     0.00000000  0.00412658  0.00412658  0.00412658  0.00412658  0.00827602  0.00412658  0.00412658  0.00412658  0.00412658  0.00412658  0.00412658  0.00412658  0.00412658  0.00827602  0.00827602  0.00827602  0.01244858  0.00827602  0.00827602  0.00827602  0.00412658  0.00412658  0.00412658  0.00827602  0.00412658  0.00412658  0.00412658  0.00412658  0.01244858  0.01244858  0.00827602  0.00827602  0.00827602  0.00827602  0.00827602  0.00827602  0.00000000  0.00000000  0.00000000  0.00000000  0.00000000  0.00412658  0.00412658  0.00000000  0.00827602  0.00827602  0.00412658  0.00412658  0.00412658  0.00827602  0.00827602  
100_24_0   0.00827602  0.01244858  0.01244858  0.01244858  0.01244858  0.01664453  0.01244858  0.01244858  0.01244858  0.01244858  0.01244858  0.01244858  0.01244858  0.01244858  0.01664453  0.01664453  0.01664453  0.02086412  0.01664453  0.01664453  0.01664453  0.01244858  0.01244858  0.01244858  0.01664453  0.01244858  0.01244858  0.01244858  0.01244858  0.02086412  0.02086412  0.01664453  0.01664453  0.01664453  0.01664453  0.01664453  0.01664453  0.00827602  0.00827602  0.00827602  0.00827602  0.00827602  0.01244858  0.01244858  0.00827602  0.00000000  0.00000000  0.00412658  0.00412658  0.00412658  0.00827602  0.00827602  
100_0_0    0.00827602  0.01244858  0.01244858  0.01244858  0.01244858  0.01664453  0.01244858  0.01244858  0.01244858  0.01244858  0.01244858  0.01244858  0.01244858  0.01244858  0.01664453  0.01664453  0.01664453  0.02086412  0.01664453  0.01664453  0.01664453  0.01244858  0.01244858  0.01244858  0.01664453  0.01244858  0.01244858  0.01244858  0.01244858  0.02086412  0.02086412  0.01664453  0.01664453  0.01664453  0.01664453  0.01664453  0.01664453  0.00827602  0.00827602  0.00827602  0.00827602  0.00827602  0.01244858  0.01244858  0.00827602  0.00000000  0.00000000  0.00412658  0.00412658  0.00412658  0.00827602  0.00827602  
91_26_0    0.00412658  0.00827602  0.00827602  0.00827602  0.00827602  0.01244858  0.00827602  0.00827602  0.00827602  0.00827602  0.00827602  0.00827602  0.00827602  0.00827602  0.01244858  0.01244858  0.01244858  0.01664453  0.01244858  0.01244858  0.01244858  0.00827602  0.00827602  0.00827602  0.01244858  0.00827602  0.00827602  0.00827602  0.00827602  0.01664453  0.01664453  0.01244858  0.01244858  0.01244858  0.01244858  0.01244858  0.01244858  0.00412658  0.00412658  0.00412658  0.00412658  0.00412658  0.00827602  0.00827602  0.00412658  0.00412658  0.00412658  0.00000000  0.00000000  0.00000000  0.00412658  0.00412658  
99_26_0    0.00412658  0.00827602  0.00827602  0.00827602  0.00827602  0.01244858  0.00827602  0.00827602  0.00827602  0.00827602  0.00827602  0.00827602  0.00827602  0.00827602  0.01244858  0.01244858  0.01244858  0.01664453  0.01244858  0.01244858  0.01244858  0.00827602  0.00827602  0.00827602  0.01244858  0.00827602  0.00827602  0.00827602  0.00827602  0.01664453  0.01664453  0.01244858  0.01244858  0.01244858  0.01244858  0.01244858  0.01244858  0.00412658  0.00412658  0.00412658  0.00412658  0.00412658  0.00827602  0.00827602  0.00412658  0.00412658  0.00412658  0.00000000  0.00000000  0.00000000  0.00412658  0.00412658  
83_25_0    0.00412658  0.00827602  0.00827602  0.00827602  0.00827602  0.01244858  0.00827602  0.00827602  0.00827602  0.00827602  0.00827602  0.00827602  0.00827602  0.00827602  0.01244858  0.01244858  0.01244858  0.01664453  0.01244858  0.01244858  0.01244858  0.00827602  0.00827602  0.00827602  0.01244858  0.00827602  0.00827602  0.00827602  0.00827602  0.01664453  0.01664453  0.01244858  0.01244858  0.01244858  0.01244858  0.01244858  0.01244858  0.00412658  0.00412658  0.00412658  0.00412658  0.00412658  0.00827602  0.00827602  0.00412658  0.00412658  0.00412658  0.00000000  0.00000000  0.00000000  0.00412658  0.00412658  
83_27_0    0.00827602  0.01244858  0.01244858  0.01244858  0.01244858  0.01664453  0.01244858  0.01244858  0.01244858  0.01244858  0.01244858  0.01244858  0.01244858  0.01244858  0.01664453  0.01664453  0.01664453  0.02086412  0.01664453  0.01664453  0.01664453  0.01244858  0.01244858  0.01244858  0.01664453  0.01244858  0.01244858  0.01244858  0.01244858  0.02086412  0.02086412  0.01664453  0.01664453  0.01664453  0.01664453  0.01664453  0.01664453  0.00827602  0.00827602  0.00827602  0.00827602  0.00827602  0.01244858  0.01244858  0.00827602  0.00827602  0.00827602  0.00412658  0.00412658  0.00412658  0.00000000  0.00000000  
83_0_0     0.00827602  0.01244858  0.01244858  0.01244858  0.01244858  0.01664453  0.01244858  0.01244858  0.01244858  0.01244858  0.01244858  0.01244858  0.01244858  0.01244858  0.01664453  0.01664453  0.01664453  0.02086412  0.01664453  0.01664453  0.01664453  0.01244858  0.01244858  0.01244858  0.01664453  0.01244858  0.01244858  0.01244858  0.01244858  0.02086412  0.02086412  0.01664453  0.01664453  0.01664453  0.01664453  0.01664453  0.01664453  0.00827602  0.00827602  0.00827602  0.00827602  0.00827602  0.01244858  0.01244858  0.00827602  0.00827602  0.00827602  0.00412658  0.00412658  0.00412658  0.00000000  0.00000000  

