20
17_0_0     0.00000000  0.02466089  0.17788898  0.22604823  0.21779415  0.20963382  0.22604823  0.17788898  0.17016721  0.35282844  0.37291448  0.41485412  0.36280127  0.34299216  0.34299216  0.33328874  0.32371464  0.47097515  0.47097515  0.47097515  
11_0_0     0.02466089  0.00000000  0.16252755  0.20963382  0.20156514  0.19358607  0.21779415  0.17016721  0.16252755  0.36280127  0.36280127  0.40413745  0.35282844  0.33328874  0.33328874  0.32371464  0.31426645  0.43677930  0.43677930  0.43677930  
5_0_0      0.17788898  0.16252755  0.00000000  0.05019849  0.04372848  0.03731622  0.23439826  0.21779415  0.20963382  0.40413745  0.40413745  0.40413745  0.37291448  0.34299216  0.41485412  0.40413745  0.39357830  0.45939473  0.45939473  0.45939473  
4_0_0      0.22604823  0.20963382  0.05019849  0.00000000  0.00608631  0.01222463  0.23439826  0.23439826  0.24284648  0.40413745  0.47097515  0.47097515  0.43677930  0.38317210  0.41485412  0.40413745  0.39357830  0.48274530  0.48274530  0.48274530  
12_0_0     0.21779415  0.20156514  0.04372848  0.00608631  0.00000000  0.00608631  0.24284648  0.24284648  0.25139523  0.39357830  0.45939473  0.45939473  0.42573307  0.37291448  0.42573307  0.41485412  0.40413745  0.47097515  0.47097515  0.47097515  
10_0_0     0.20963382  0.19358607  0.03731622  0.01222463  0.00608631  0.00000000  0.23439826  0.23439826  0.24284648  0.38317210  0.44799803  0.44799803  0.41485412  0.36280127  0.43677930  0.42573307  0.41485412  0.45939473  0.45939473  0.45939473  
7_0_0      0.22604823  0.21779415  0.23439826  0.23439826  0.24284648  0.23439826  0.00000000  0.14008424  0.16252755  0.41485412  0.40413745  0.40413745  0.36280127  0.36280127  0.38317210  0.37291448  0.36280127  0.48274530  0.48274530  0.48274530  
6_0_0      0.17788898  0.17016721  0.21779415  0.23439826  0.24284648  0.23439826  0.14008424  0.00000000  0.05672730  0.39357830  0.30494091  0.32371464  0.32371464  0.36280127  0.32371464  0.33328874  0.32371464  0.50688039  0.48274530  0.48274530  
19_0_0     0.17016721  0.16252755  0.20963382  0.24284648  0.25139523  0.24284648  0.16252755  0.05672730  0.00000000  0.38317210  0.33328874  0.35282844  0.35282844  0.35282844  0.33328874  0.34299216  0.33328874  0.44799803  0.42573307  0.42573307  
20_0_0     0.35282844  0.36280127  0.40413745  0.40413745  0.39357830  0.38317210  0.41485412  0.39357830  0.38317210  0.00000000  0.38317210  0.34299216  0.38317210  0.36280127  0.42573307  0.41485412  0.42573307  0.41485412  0.39357830  0.39357830  
18_0_0     0.37291448  0.36280127  0.40413745  0.47097515  0.45939473  0.44799803  0.40413745  0.30494091  0.33328874  0.38317210  0.00000000  0.03731622  0.09029213  0.17016721  0.26880409  0.29573487  0.28664531  0.43677930  0.41485412  0.41485412  
8_0_0      0.41485412  0.40413745  0.40413745  0.47097515  0.45939473  0.44799803  0.40413745  0.32371464  0.35282844  0.34299216  0.03731622  0.00000000  0.06331598  0.17016721  0.28664531  0.31426645  0.30494091  0.43677930  0.41485412  0.41485412  
14_0_0     0.36280127  0.35282844  0.37291448  0.43677930  0.42573307  0.41485412  0.36280127  0.32371464  0.35282844  0.38317210  0.09029213  0.06331598  0.00000000  0.12550233  0.23439826  0.24284648  0.23439826  0.43677930  0.43677930  0.43677930  
15_0_0     0.34299216  0.33328874  0.34299216  0.38317210  0.37291448  0.36280127  0.36280127  0.36280127  0.35282844  0.36280127  0.17016721  0.17016721  0.12550233  0.00000000  0.23439826  0.22604823  0.21779415  0.37291448  0.37291448  0.37291448  
1_0_0      0.34299216  0.33328874  0.41485412  0.41485412  0.42573307  0.43677930  0.38317210  0.32371464  0.33328874  0.42573307  0.26880409  0.28664531  0.23439826  0.23439826  0.00000000  0.01841585  0.01222463  0.42573307  0.42573307  0.42573307  
2_0_0      0.33328874  0.32371464  0.40413745  0.40413745  0.41485412  0.42573307  0.37291448  0.33328874  0.34299216  0.41485412  0.29573487  0.31426645  0.24284648  0.22604823  0.01841585  0.00000000  0.00608631  0.43677930  0.43677930  0.43677930  
3_0_0      0.32371464  0.31426645  0.39357830  0.39357830  0.40413745  0.41485412  0.36280127  0.32371464  0.33328874  0.42573307  0.28664531  0.30494091  0.23439826  0.21779415  0.01222463  0.00608631  0.00000000  0.42573307  0.42573307  0.42573307  
16_0_0     0.47097515  0.43677930  0.45939473  0.48274530  0.47097515  0.45939473  0.48274530  0.50688039  0.44799803  0.41485412  0.43677930  0.43677930  0.43677930  0.37291448  0.42573307  0.43677930  0.42573307  0.00000000  0.01222463  0.01222463  
13_0_0     0.47097515  0.43677930  0.45939473  0.48274530  0.47097515  0.45939473  0.48274530  0.48274530  0.42573307  0.39357830  0.41485412  0.41485412  0.43677930  0.37291448  0.42573307  0.43677930  0.42573307  0.01222463  0.00000000  0.00000000  
9_0_0      0.47097515  0.43677930  0.45939473  0.48274530  0.47097515  0.45939473  0.48274530  0.48274530  0.42573307  0.39357830  0.41485412  0.41485412  0.43677930  0.37291448  0.42573307  0.43677930  0.42573307  0.01222463  0.00000000  0.00000000  

