20
17_0_0     0.00000000  0.00986879  0.07198515  0.06660701  0.06660701  0.09947209  0.11075629  0.10509290  0.10509290  0.28256456  0.28256456  0.28256456  0.30434072  0.28256456  0.30434072  0.32677039  0.30434072  0.25448274  0.26839178  0.28975302  
11_0_0     0.00986879  0.00000000  0.08285893  0.07740227  0.07740227  0.11075629  0.12221345  0.11646292  0.11646292  0.28256456  0.28256456  0.28256456  0.30434072  0.28256456  0.30434072  0.34210638  0.31921880  0.26839178  0.28256456  0.30434072  
2_0_0      0.07198515  0.08285893  0.00000000  0.00491811  0.00491811  0.05596544  0.06660701  0.06126729  0.08285893  0.31921880  0.31921880  0.31921880  0.31174274  0.28975302  0.29701128  0.35776363  0.28975302  0.25448274  0.26839178  0.29701128  
3_0_0      0.06660701  0.07740227  0.00491811  0.00000000  0.00000000  0.05070094  0.06126729  0.05596544  0.07740227  0.31174274  0.31174274  0.31174274  0.30434072  0.28256456  0.28975302  0.34989401  0.28256456  0.24762409  0.26140490  0.28975302  
1_0_0      0.06660701  0.07740227  0.00491811  0.00000000  0.00000000  0.05070094  0.06126729  0.05596544  0.07740227  0.31174274  0.31174274  0.31174274  0.30434072  0.28256456  0.28975302  0.34989401  0.28256456  0.24762409  0.26140490  0.28975302  
10_0_0     0.09947209  0.11075629  0.05596544  0.05070094  0.05070094  0.00000000  0.00986879  0.00491811  0.03512632  0.31921880  0.31921880  0.31921880  0.31174274  0.28975302  0.29701128  0.36571699  0.30434072  0.25448274  0.28256456  0.31921880  
4_0_0      0.11075629  0.12221345  0.06660701  0.06126729  0.06126729  0.00986879  0.00000000  0.00491811  0.04547326  0.30434072  0.30434072  0.30434072  0.31174274  0.28975302  0.29701128  0.37375589  0.31174274  0.26140490  0.28975302  0.31921880  
12_0_0     0.10509290  0.11646292  0.06126729  0.05596544  0.05596544  0.00491811  0.00491811  0.00000000  0.04028189  0.31174274  0.31174274  0.31174274  0.30434072  0.28256456  0.28975302  0.36571699  0.30434072  0.25448274  0.28256456  0.32677039  
5_0_0      0.10509290  0.11646292  0.08285893  0.07740227  0.07740227  0.03512632  0.04547326  0.04028189  0.00000000  0.28975302  0.28975302  0.28975302  0.29701128  0.27544458  0.29701128  0.36571699  0.28975302  0.22741786  0.26839178  0.28256456  
13_0_0     0.28256456  0.28256456  0.31921880  0.31174274  0.31174274  0.31921880  0.30434072  0.31174274  0.28975302  0.00000000  0.00000000  0.00000000  0.18229161  0.18229161  0.16988345  0.45929146  0.37375589  0.39009782  0.39840475  0.36571699  
9_0_0      0.28256456  0.28256456  0.31921880  0.31174274  0.31174274  0.31921880  0.30434072  0.31174274  0.28975302  0.00000000  0.00000000  0.00000000  0.18229161  0.18229161  0.16988345  0.45929146  0.37375589  0.39009782  0.39840475  0.36571699  
7_0_0      0.28256456  0.28256456  0.31921880  0.31174274  0.31174274  0.31921880  0.30434072  0.31174274  0.28975302  0.00000000  0.00000000  0.00000000  0.18229161  0.18229161  0.16988345  0.45929146  0.37375589  0.39009782  0.39840475  0.36571699  
18_0_0     0.30434072  0.30434072  0.31174274  0.30434072  0.30434072  0.31174274  0.31174274  0.30434072  0.29701128  0.18229161  0.18229161  0.18229161  0.00000000  0.01986962  0.11075629  0.42389425  0.34989401  0.37375589  0.37375589  0.42389425  
8_0_0      0.28256456  0.28256456  0.28975302  0.28256456  0.28256456  0.28975302  0.28975302  0.28256456  0.27544458  0.18229161  0.18229161  0.18229161  0.01986962  0.00000000  0.09947209  0.39840475  0.34210638  0.34989401  0.34989401  0.39840475  
19_0_0     0.30434072  0.30434072  0.29701128  0.28975302  0.28975302  0.29701128  0.29701128  0.28975302  0.29701128  0.16988345  0.16988345  0.16988345  0.11075629  0.09947209  0.00000000  0.39009782  0.33439905  0.34210638  0.34210638  0.40680503  
16_0_0     0.32677039  0.34210638  0.35776363  0.34989401  0.34989401  0.36571699  0.37375589  0.36571699  0.36571699  0.45929146  0.45929146  0.45929146  0.42389425  0.39840475  0.39009782  0.00000000  0.20774352  0.19490924  0.22741786  0.45929146  
6_0_0      0.30434072  0.31921880  0.28975302  0.28256456  0.28256456  0.30434072  0.31174274  0.30434072  0.28975302  0.37375589  0.37375589  0.37375589  0.34989401  0.34210638  0.33439905  0.20774352  0.00000000  0.06660701  0.09389325  0.34210638  
14_0_0     0.25448274  0.26839178  0.25448274  0.24762409  0.24762409  0.25448274  0.26140490  0.25448274  0.22741786  0.39009782  0.39009782  0.39009782  0.37375589  0.34989401  0.34210638  0.19490924  0.06660701  0.00000000  0.07740227  0.28256456  
15_0_0     0.26839178  0.28256456  0.26839178  0.26140490  0.26140490  0.28256456  0.28975302  0.28256456  0.26839178  0.39840475  0.39840475  0.39840475  0.37375589  0.34989401  0.34210638  0.22741786  0.09389325  0.07740227  0.00000000  0.34989401  
20_0_0     0.28975302  0.30434072  0.29701128  0.28975302  0.28975302  0.31921880  0.31921880  0.32677039  0.28256456  0.36571699  0.36571699  0.36571699  0.42389425  0.39840475  0.40680503  0.45929146  0.34210638  0.28256456  0.34989401  0.00000000  

