42
12_5_0     0.00000000  0.04358792  0.02345090  0.02345090  0.02345090  0.01948954  0.01554964  0.03546610  0.04768309  0.02743396  0.14415432  0.14415432  0.14415432  0.14885862  0.14885862  0.13948024  0.14885862  0.14885862  0.16315687  0.16798609  0.18763014  0.15835949  0.15359354  0.15835949  0.15359354  0.16798609  0.18763014  0.18763014  0.17774181  0.21295554  0.21295554  0.21812817  0.21295554  0.21295554  0.18266917  0.20271933  0.20271933  0.20271933  0.20271933  0.20781943  0.22333785  0.18266917  
4_5_0      0.04358792  0.00000000  0.06010877  0.06010877  0.06010877  0.05594325  0.05180144  0.07275040  0.08130188  0.05594325  0.14885862  0.14885862  0.14885862  0.15359354  0.15359354  0.14415432  0.15359354  0.15359354  0.16798609  0.17284760  0.19765474  0.17774181  0.15835949  0.16315687  0.15835949  0.16798609  0.18763014  0.18763014  0.17774181  0.21812817  0.21295554  0.21812817  0.21295554  0.21295554  0.17284760  0.20271933  0.20271933  0.20271933  0.20271933  0.20781943  0.20781943  0.21812817  
1_5_0      0.02345090  0.06010877  0.00000000  0.00000000  0.01554964  0.01163095  0.00773327  0.02743396  0.03951567  0.02743396  0.14415432  0.14415432  0.14415432  0.14885862  0.14885862  0.14885862  0.14885862  0.14885862  0.15359354  0.15835949  0.18763014  0.14885862  0.14415432  0.14885862  0.14415432  0.17284760  0.19262517  0.19262517  0.19262517  0.23919456  0.20781943  0.21295554  0.20781943  0.20781943  0.18763014  0.19262517  0.19262517  0.19262517  0.19262517  0.18763014  0.23387049  0.18266917  
1_10_0     0.02345090  0.06010877  0.00000000  0.00000000  0.01554964  0.01163095  0.00773327  0.02743396  0.03951567  0.02743396  0.14415432  0.14415432  0.14415432  0.14885862  0.14885862  0.14885862  0.14885862  0.14885862  0.15359354  0.15835949  0.18763014  0.14885862  0.14415432  0.14885862  0.14415432  0.17284760  0.19262517  0.19262517  0.19262517  0.23919456  0.20781943  0.21295554  0.20781943  0.20781943  0.18763014  0.19262517  0.19262517  0.19262517  0.19262517  0.18763014  0.23387049  0.18266917  
5_5_0      0.02345090  0.06010877  0.01554964  0.01554964  0.00000000  0.01163095  0.00773327  0.02743396  0.03951567  0.01948954  0.13948024  0.13948024  0.13948024  0.14415432  0.14415432  0.14415432  0.14415432  0.14415432  0.15835949  0.16315687  0.19262517  0.15359354  0.14885862  0.15359354  0.14885862  0.18266917  0.20271933  0.20271933  0.19262517  0.23919456  0.20781943  0.22333785  0.21812817  0.21812817  0.19765474  0.18266917  0.18266917  0.18266917  0.18266917  0.18763014  0.22858511  0.19262517  
10_5_0     0.01948954  0.05594325  0.01163095  0.01163095  0.01163095  0.00000000  0.00385636  0.02345090  0.03546610  0.02345090  0.13948024  0.13948024  0.13948024  0.14415432  0.14415432  0.14415432  0.14415432  0.14415432  0.15835949  0.16315687  0.18266917  0.15359354  0.14885862  0.15359354  0.14885862  0.17774181  0.19765474  0.19765474  0.17774181  0.23387049  0.21295554  0.21812817  0.21295554  0.21295554  0.19262517  0.18763014  0.18763014  0.18763014  0.18763014  0.19262517  0.22858511  0.17774181  
7_5_0      0.01554964  0.05180144  0.00773327  0.00773327  0.00773327  0.00385636  0.00000000  0.01948954  0.03143894  0.01948954  0.13483601  0.13483601  0.13483601  0.13948024  0.13948024  0.13948024  0.13948024  0.13948024  0.15359354  0.15835949  0.18763014  0.14885862  0.14415432  0.14885862  0.14415432  0.17284760  0.19262517  0.19262517  0.18266917  0.22858511  0.20781943  0.21295554  0.20781943  0.20781943  0.18763014  0.18266917  0.18266917  0.18266917  0.18266917  0.18763014  0.22333785  0.18266917  
8_5_0      0.03546610  0.07275040  0.02743396  0.02743396  0.02743396  0.02345090  0.01948954  0.00000000  0.04358792  0.03951567  0.13948024  0.13948024  0.13948024  0.14415432  0.14415432  0.14415432  0.14415432  0.14415432  0.15835949  0.16315687  0.18763014  0.16315687  0.13948024  0.14415432  0.13948024  0.17774181  0.18266917  0.18266917  0.17284760  0.21812817  0.19765474  0.20271933  0.19765474  0.19765474  0.18266917  0.20781943  0.20781943  0.20781943  0.20781943  0.21295554  0.24996104  0.17774181  
4_8_0      0.04768309  0.08130188  0.03951567  0.03951567  0.03951567  0.03546610  0.03143894  0.04358792  0.00000000  0.04358792  0.13483601  0.13483601  0.13483601  0.13948024  0.14885862  0.14885862  0.14885862  0.14885862  0.16315687  0.15835949  0.21295554  0.16798609  0.16315687  0.15835949  0.16315687  0.19262517  0.20781943  0.20781943  0.20781943  0.22333785  0.21295554  0.20781943  0.20271933  0.20271933  0.20781943  0.19765474  0.19765474  0.19765474  0.19765474  0.20271933  0.24996104  0.20271933  
12_8_0     0.02743396  0.05594325  0.02743396  0.02743396  0.01948954  0.02345090  0.01948954  0.03951567  0.04358792  0.00000000  0.14415432  0.14415432  0.14415432  0.14885862  0.14885862  0.14885862  0.14885862  0.14885862  0.16315687  0.16798609  0.18763014  0.16315687  0.15359354  0.14885862  0.15359354  0.16798609  0.18763014  0.18763014  0.17774181  0.23387049  0.19262517  0.20781943  0.20271933  0.20271933  0.18266917  0.18763014  0.18763014  0.18763014  0.18763014  0.19262517  0.21295554  0.19765474  
1_0_0      0.14415432  0.14885862  0.14415432  0.14415432  0.13948024  0.13948024  0.13483601  0.13948024  0.13483601  0.14415432  0.00000000  0.00385636  0.00385636  0.00773327  0.01163095  0.01163095  0.01163095  0.01163095  0.03143894  0.02743396  0.16315687  0.08561562  0.08561562  0.08995509  0.08561562  0.18763014  0.20271933  0.20271933  0.20781943  0.21812817  0.22333785  0.22333785  0.21812817  0.21812817  0.19765474  0.22333785  0.22333785  0.22333785  0.22333785  0.22858511  0.23387049  0.22333785  
5_0_0      0.14415432  0.14885862  0.14415432  0.14415432  0.13948024  0.13948024  0.13483601  0.13948024  0.13483601  0.14415432  0.00385636  0.00000000  0.00000000  0.00385636  0.01554964  0.01554964  0.01554964  0.01554964  0.03546610  0.03143894  0.15835949  0.08130188  0.08995509  0.09432061  0.08995509  0.19262517  0.20781943  0.20781943  0.21295554  0.22333785  0.22858511  0.22858511  0.22333785  0.22333785  0.20271933  0.21812817  0.21812817  0.21812817  0.21812817  0.22333785  0.22858511  0.22858511  
10_0_0     0.14415432  0.14885862  0.14415432  0.14415432  0.13948024  0.13948024  0.13483601  0.13948024  0.13483601  0.14415432  0.00385636  0.00000000  0.00000000  0.00385636  0.01554964  0.01554964  0.01554964  0.01554964  0.03546610  0.03143894  0.15835949  0.08130188  0.08995509  0.09432061  0.08995509  0.19262517  0.20781943  0.20781943  0.21295554  0.22333785  0.22858511  0.22858511  0.22333785  0.22333785  0.20271933  0.21812817  0.21812817  0.21812817  0.21812817  0.22333785  0.22858511  0.22858511  
7_0_0      0.14885862  0.15359354  0.14885862  0.14885862  0.14415432  0.14415432  0.13948024  0.14415432  0.13948024  0.14885862  0.00773327  0.00385636  0.00385636  0.00000000  0.01948954  0.01948954  0.01948954  0.01948954  0.03951567  0.03546610  0.15359354  0.07701358  0.08561562  0.08995509  0.08561562  0.18763014  0.20271933  0.20271933  0.20781943  0.22858511  0.22333785  0.22333785  0.21812817  0.21812817  0.19765474  0.22333785  0.22333785  0.22333785  0.22333785  0.22858511  0.22333785  0.22333785  
7_9_0      0.14885862  0.15359354  0.14885862  0.14885862  0.14415432  0.14415432  0.13948024  0.14415432  0.14885862  0.14885862  0.01163095  0.01554964  0.01554964  0.01948954  0.00000000  0.00773327  0.00000000  0.00000000  0.02743396  0.03143894  0.15835949  0.08130188  0.08130188  0.08561562  0.08130188  0.18266917  0.18763014  0.18763014  0.20271933  0.22333785  0.21812817  0.21812817  0.21295554  0.21295554  0.19262517  0.20781943  0.20781943  0.20781943  0.20781943  0.21295554  0.21812817  0.21812817  
5_9_0      0.13948024  0.14415432  0.14885862  0.14885862  0.14415432  0.14415432  0.13948024  0.14415432  0.14885862  0.14885862  0.01163095  0.01554964  0.01554964  0.01948954  0.00773327  0.00000000  0.00773327  0.00773327  0.02743396  0.03143894  0.14885862  0.07275040  0.08995509  0.09432061  0.08995509  0.17284760  0.18763014  0.18763014  0.19262517  0.21295554  0.22858511  0.22858511  0.22333785  0.22333785  0.18266917  0.21812817  0.21812817  0.21812817  0.21812817  0.22333785  0.21812817  0.20781943  
10_9_0     0.14885862  0.15359354  0.14885862  0.14885862  0.14415432  0.14415432  0.13948024  0.14415432  0.14885862  0.14885862  0.01163095  0.01554964  0.01554964  0.01948954  0.00000000  0.00773327  0.00000000  0.00000000  0.02743396  0.03143894  0.15835949  0.08130188  0.08130188  0.08561562  0.08130188  0.18266917  0.18763014  0.18763014  0.20271933  0.22333785  0.21812817  0.21812817  0.21295554  0.21295554  0.19262517  0.20781943  0.20781943  0.20781943  0.20781943  0.21295554  0.21812817  0.21812817  
1_9_0      0.14885862  0.15359354  0.14885862  0.14885862  0.14415432  0.14415432  0.13948024  0.14415432  0.14885862  0.14885862  0.01163095  0.01554964  0.01554964  0.01948954  0.00000000  0.00773327  0.00000000  0.00000000  0.02743396  0.03143894  0.15835949  0.08130188  0.08130188  0.08561562  0.08130188  0.18266917  0.18763014  0.18763014  0.20271933  0.22333785  0.21812817  0.21812817  0.21295554  0.21295554  0.19262517  0.20781943  0.20781943  0.20781943  0.20781943  0.21295554  0.21812817  0.21812817  
12_11_0    0.16315687  0.16798609  0.15359354  0.15359354  0.15835949  0.15835949  0.15359354  0.15835949  0.16315687  0.16315687  0.03143894  0.03546610  0.03546610  0.03951567  0.02743396  0.02743396  0.02743396  0.02743396  0.00000000  0.01163095  0.16798609  0.07701358  0.08561562  0.08995509  0.08561562  0.17774181  0.18763014  0.18763014  0.20271933  0.21295554  0.20781943  0.20781943  0.20271933  0.20271933  0.17774181  0.21295554  0.21295554  0.21295554  0.21295554  0.21812817  0.23387049  0.20781943  
12_0_0     0.16798609  0.17284760  0.15835949  0.15835949  0.16315687  0.16315687  0.15835949  0.16315687  0.15835949  0.16798609  0.02743396  0.03143894  0.03143894  0.03546610  0.03143894  0.03143894  0.03143894  0.03143894  0.01163095  0.00000000  0.17284760  0.08130188  0.08130188  0.08561562  0.08130188  0.18266917  0.19262517  0.19262517  0.20781943  0.20781943  0.20271933  0.20271933  0.19765474  0.19765474  0.18266917  0.21812817  0.21812817  0.21812817  0.21812817  0.22333785  0.22858511  0.21295554  
4_0_0      0.18763014  0.19765474  0.18763014  0.18763014  0.19262517  0.18266917  0.18763014  0.18763014  0.21295554  0.18763014  0.16315687  0.15835949  0.15835949  0.15359354  0.15835949  0.14885862  0.15835949  0.15835949  0.16798609  0.17284760  0.00000000  0.15835949  0.16798609  0.17284760  0.16798609  0.19765474  0.22333785  0.22333785  0.21295554  0.26641558  0.24455788  0.25540464  0.24996104  0.24996104  0.20781943  0.24455788  0.24455788  0.24455788  0.24455788  0.24996104  0.24996104  0.24996104  
8_0_0      0.15835949  0.17774181  0.14885862  0.14885862  0.15359354  0.15359354  0.14885862  0.16315687  0.16798609  0.16315687  0.08561562  0.08130188  0.08130188  0.07701358  0.08130188  0.07275040  0.08130188  0.08130188  0.07701358  0.08130188  0.15835949  0.00000000  0.10757658  0.11204947  0.10757658  0.15835949  0.17774181  0.17774181  0.20781943  0.23387049  0.20781943  0.20781943  0.20271933  0.20271933  0.17284760  0.20271933  0.20271933  0.20271933  0.20271933  0.20781943  0.20271933  0.19262517  
9_13_0     0.15359354  0.15835949  0.14415432  0.14415432  0.14885862  0.14885862  0.14415432  0.13948024  0.16315687  0.15359354  0.08561562  0.08995509  0.08995509  0.08561562  0.08130188  0.08995509  0.08130188  0.08130188  0.08561562  0.08130188  0.16798609  0.10757658  0.00000000  0.00385636  0.00000000  0.17284760  0.18266917  0.18266917  0.18266917  0.21812817  0.16315687  0.17284760  0.16798609  0.16798609  0.18763014  0.19262517  0.19262517  0.19262517  0.19262517  0.18763014  0.19262517  0.18266917  
9_0_0      0.15835949  0.16315687  0.14885862  0.14885862  0.15359354  0.15359354  0.14885862  0.14415432  0.15835949  0.14885862  0.08995509  0.09432061  0.09432061  0.08995509  0.08561562  0.09432061  0.08561562  0.08561562  0.08995509  0.08561562  0.17284760  0.11204947  0.00385636  0.00000000  0.00385636  0.16798609  0.17774181  0.17774181  0.17774181  0.22333785  0.15835949  0.16798609  0.16315687  0.16315687  0.18266917  0.18763014  0.18763014  0.18763014  0.18763014  0.18266917  0.18763014  0.17774181  
9_14_0     0.15359354  0.15835949  0.14415432  0.14415432  0.14885862  0.14885862  0.14415432  0.13948024  0.16315687  0.15359354  0.08561562  0.08995509  0.08995509  0.08561562  0.08130188  0.08995509  0.08130188  0.08130188  0.08561562  0.08130188  0.16798609  0.10757658  0.00000000  0.00385636  0.00000000  0.17284760  0.18266917  0.18266917  0.18266917  0.21812817  0.16315687  0.17284760  0.16798609  0.16798609  0.18763014  0.19262517  0.19262517  0.19262517  0.19262517  0.18763014  0.19262517  0.18266917  
9_15_0     0.16798609  0.16798609  0.17284760  0.17284760  0.18266917  0.17774181  0.17284760  0.17774181  0.19262517  0.16798609  0.18763014  0.19262517  0.19262517  0.18763014  0.18266917  0.17284760  0.18266917  0.18266917  0.17774181  0.18266917  0.19765474  0.15835949  0.17284760  0.16798609  0.17284760  0.00000000  0.04358792  0.04358792  0.05594325  0.11655003  0.08130188  0.07701358  0.07275040  0.07275040  0.03143894  0.20781943  0.20781943  0.20781943  0.20781943  0.21295554  0.20271933  0.16315687  
8_12_0     0.18763014  0.18763014  0.19262517  0.19262517  0.20271933  0.19765474  0.19262517  0.18266917  0.20781943  0.18763014  0.20271933  0.20781943  0.20781943  0.20271933  0.18763014  0.18763014  0.18763014  0.18763014  0.18763014  0.19262517  0.22333785  0.17774181  0.18266917  0.17774181  0.18266917  0.04358792  0.00000000  0.00000000  0.05180144  0.09432061  0.03546610  0.03143894  0.02743396  0.02743396  0.02743396  0.22333785  0.22333785  0.22333785  0.22333785  0.22858511  0.22333785  0.19765474  
8_7_0      0.18763014  0.18763014  0.19262517  0.19262517  0.20271933  0.19765474  0.19262517  0.18266917  0.20781943  0.18763014  0.20271933  0.20781943  0.20781943  0.20271933  0.18763014  0.18763014  0.18763014  0.18763014  0.18763014  0.19262517  0.22333785  0.17774181  0.18266917  0.17774181  0.18266917  0.04358792  0.00000000  0.00000000  0.05180144  0.09432061  0.03546610  0.03143894  0.02743396  0.02743396  0.02743396  0.22333785  0.22333785  0.22333785  0.22333785  0.22858511  0.22333785  0.19765474  
4_7_0      0.17774181  0.17774181  0.19262517  0.19262517  0.19262517  0.17774181  0.18266917  0.17284760  0.20781943  0.17774181  0.20781943  0.21295554  0.21295554  0.20781943  0.20271933  0.19262517  0.20271933  0.20271933  0.20271933  0.20781943  0.21295554  0.20781943  0.18266917  0.17774181  0.18266917  0.05594325  0.05180144  0.05180144  0.00000000  0.09871248  0.07275040  0.07701358  0.07275040  0.07275040  0.05180144  0.23919456  0.23919456  0.23919456  0.23919456  0.24455788  0.23919456  0.15835949  
12_7_0     0.21295554  0.21812817  0.23919456  0.23919456  0.23919456  0.23387049  0.22858511  0.21812817  0.22333785  0.23387049  0.21812817  0.22333785  0.22333785  0.22858511  0.22333785  0.21295554  0.22333785  0.22333785  0.21295554  0.20781943  0.26641558  0.23387049  0.21812817  0.22333785  0.21812817  0.11655003  0.09432061  0.09432061  0.09871248  0.00000000  0.09871248  0.09432061  0.08995509  0.08995509  0.09871248  0.28895047  0.28895047  0.28895047  0.28895047  0.29469499  0.30048524  0.22333785  
5_7_0      0.21295554  0.21295554  0.20781943  0.20781943  0.20781943  0.21295554  0.20781943  0.19765474  0.21295554  0.19262517  0.22333785  0.22858511  0.22858511  0.22333785  0.21812817  0.22858511  0.21812817  0.21812817  0.20781943  0.20271933  0.24455788  0.20781943  0.16315687  0.15835949  0.16315687  0.08130188  0.03546610  0.03546610  0.07275040  0.09871248  0.00000000  0.01163095  0.00773327  0.00773327  0.06429828  0.22858511  0.22858511  0.22858511  0.22858511  0.23387049  0.24455788  0.21295554  
10_7_0     0.21812817  0.21812817  0.21295554  0.21295554  0.22333785  0.21812817  0.21295554  0.20271933  0.20781943  0.20781943  0.22333785  0.22858511  0.22858511  0.22333785  0.21812817  0.22858511  0.21812817  0.21812817  0.20781943  0.20271933  0.25540464  0.20781943  0.17284760  0.16798609  0.17284760  0.07701358  0.03143894  0.03143894  0.07701358  0.09432061  0.01163095  0.00000000  0.00385636  0.00385636  0.06010877  0.24455788  0.24455788  0.24455788  0.24455788  0.24996104  0.25540464  0.21812817  
7_7_0      0.21295554  0.21295554  0.20781943  0.20781943  0.21812817  0.21295554  0.20781943  0.19765474  0.20271933  0.20271933  0.21812817  0.22333785  0.22333785  0.21812817  0.21295554  0.22333785  0.21295554  0.21295554  0.20271933  0.19765474  0.24996104  0.20271933  0.16798609  0.16315687  0.16798609  0.07275040  0.02743396  0.02743396  0.07275040  0.08995509  0.00773327  0.00385636  0.00000000  0.00000000  0.05594325  0.23919456  0.23919456  0.23919456  0.23919456  0.24455788  0.24996104  0.21295554  
1_7_0      0.21295554  0.21295554  0.20781943  0.20781943  0.21812817  0.21295554  0.20781943  0.19765474  0.20271933  0.20271933  0.21812817  0.22333785  0.22333785  0.21812817  0.21295554  0.22333785  0.21295554  0.21295554  0.20271933  0.19765474  0.24996104  0.20271933  0.16798609  0.16315687  0.16798609  0.07275040  0.02743396  0.02743396  0.07275040  0.08995509  0.00773327  0.00385636  0.00000000  0.00000000  0.05594325  0.23919456  0.23919456  0.23919456  0.23919456  0.24455788  0.24996104  0.21295554  
9_16_0     0.18266917  0.17284760  0.18763014  0.18763014  0.19765474  0.19262517  0.18763014  0.18266917  0.20781943  0.18266917  0.19765474  0.20271933  0.20271933  0.19765474  0.19262517  0.18266917  0.19262517  0.19262517  0.17774181  0.18266917  0.20781943  0.17284760  0.18763014  0.18266917  0.18763014  0.03143894  0.02743396  0.02743396  0.05180144  0.09871248  0.06429828  0.06010877  0.05594325  0.05594325  0.00000000  0.22333785  0.22333785  0.22333785  0.22333785  0.22858511  0.22333785  0.17284760  
5_3_0      0.20271933  0.20271933  0.19262517  0.19262517  0.18266917  0.18763014  0.18266917  0.20781943  0.19765474  0.18763014  0.22333785  0.21812817  0.21812817  0.22333785  0.20781943  0.21812817  0.20781943  0.20781943  0.21295554  0.21812817  0.24455788  0.20271933  0.19262517  0.18763014  0.19262517  0.20781943  0.22333785  0.22333785  0.23919456  0.28895047  0.22858511  0.24455788  0.23919456  0.23919456  0.22333785  0.00000000  0.00000000  0.00000000  0.00000000  0.00385636  0.06851207  0.24455788  
10_3_0     0.20271933  0.20271933  0.19262517  0.19262517  0.18266917  0.18763014  0.18266917  0.20781943  0.19765474  0.18763014  0.22333785  0.21812817  0.21812817  0.22333785  0.20781943  0.21812817  0.20781943  0.20781943  0.21295554  0.21812817  0.24455788  0.20271933  0.19262517  0.18763014  0.19262517  0.20781943  0.22333785  0.22333785  0.23919456  0.28895047  0.22858511  0.24455788  0.23919456  0.23919456  0.22333785  0.00000000  0.00000000  0.00000000  0.00000000  0.00385636  0.06851207  0.24455788  
7_3_0      0.20271933  0.20271933  0.19262517  0.19262517  0.18266917  0.18763014  0.18266917  0.20781943  0.19765474  0.18763014  0.22333785  0.21812817  0.21812817  0.22333785  0.20781943  0.21812817  0.20781943  0.20781943  0.21295554  0.21812817  0.24455788  0.20271933  0.19262517  0.18763014  0.19262517  0.20781943  0.22333785  0.22333785  0.23919456  0.28895047  0.22858511  0.24455788  0.23919456  0.23919456  0.22333785  0.00000000  0.00000000  0.00000000  0.00000000  0.00385636  0.06851207  0.24455788  
1_3_0      0.20271933  0.20271933  0.19262517  0.19262517  0.18266917  0.18763014  0.18266917  0.20781943  0.19765474  0.18763014  0.22333785  0.21812817  0.21812817  0.22333785  0.20781943  0.21812817  0.20781943  0.20781943  0.21295554  0.21812817  0.24455788  0.20271933  0.19262517  0.18763014  0.19262517  0.20781943  0.22333785  0.22333785  0.23919456  0.28895047  0.22858511  0.24455788  0.23919456  0.23919456  0.22333785  0.00000000  0.00000000  0.00000000  0.00000000  0.00385636  0.06851207  0.24455788  
4_3_0      0.20781943  0.20781943  0.18763014  0.18763014  0.18763014  0.19262517  0.18763014  0.21295554  0.20271933  0.19262517  0.22858511  0.22333785  0.22333785  0.22858511  0.21295554  0.22333785  0.21295554  0.21295554  0.21812817  0.22333785  0.24996104  0.20781943  0.18763014  0.18266917  0.18763014  0.21295554  0.22858511  0.22858511  0.24455788  0.29469499  0.23387049  0.24996104  0.24455788  0.24455788  0.22858511  0.00385636  0.00385636  0.00385636  0.00385636  0.00000000  0.07275040  0.23919456  
12_3_0     0.22333785  0.20781943  0.23387049  0.23387049  0.22858511  0.22858511  0.22333785  0.24996104  0.24996104  0.21295554  0.23387049  0.22858511  0.22858511  0.22333785  0.21812817  0.21812817  0.21812817  0.21812817  0.23387049  0.22858511  0.24996104  0.20271933  0.19262517  0.18763014  0.19262517  0.20271933  0.22333785  0.22333785  0.23919456  0.30048524  0.24455788  0.25540464  0.24996104  0.24996104  0.22333785  0.06851207  0.06851207  0.06851207  0.06851207  0.07275040  0.00000000  0.26641558  
20_0_0     0.18266917  0.21812817  0.18266917  0.18266917  0.19262517  0.17774181  0.18266917  0.17774181  0.20271933  0.19765474  0.22333785  0.22858511  0.22858511  0.22333785  0.21812817  0.20781943  0.21812817  0.21812817  0.20781943  0.21295554  0.24996104  0.19262517  0.18266917  0.17774181  0.18266917  0.16315687  0.19765474  0.19765474  0.15835949  0.22333785  0.21295554  0.21812817  0.21295554  0.21295554  0.17284760  0.24455788  0.24455788  0.24455788  0.24455788  0.23919456  0.26641558  0.00000000  

