20
15_0_0     0.00000000  0.08260323  0.08214283  0.16417705  0.15612668  0.14572201  0.15270374  0.14572201  0.21546464  0.18915162  0.18068486  0.18068486  0.18068486  0.18068486  0.19776692  0.23556042  0.24509747  0.24509747  0.21702460  0.20801261  
14_0_0     0.08260323  0.00000000  0.06895991  0.14131555  0.13358102  0.18674136  0.19404059  0.18674136  0.20801261  0.19916302  0.17353265  0.17353265  0.17353265  0.17353265  0.19047008  0.20956734  0.21866431  0.21866431  0.20956734  0.21866431  
6_0_0      0.08214283  0.06895991  0.00000000  0.11041339  0.11774285  0.16928728  0.17645556  0.16928728  0.23382407  0.20653606  0.21546464  0.19776692  0.19776692  0.19776692  0.21546464  0.22620506  0.23556042  0.23556042  0.22620506  0.23556042  
19_0_0     0.16417705  0.14131555  0.11041339  0.00000000  0.00591787  0.15345214  0.16049407  0.15345214  0.25289660  0.26271803  0.25289660  0.21546464  0.21546464  0.21546464  0.23382407  0.23556042  0.22620506  0.22620506  0.21702460  0.22620506  
16_0_0     0.15612668  0.13358102  0.11774285  0.00591787  0.00000000  0.16130589  0.16840997  0.16130589  0.24326775  0.25289660  0.24326775  0.20653606  0.20653606  0.20653606  0.22455857  0.22620506  0.21702460  0.21702460  0.20801261  0.21702460  
1_0_0      0.14572201  0.18674136  0.16928728  0.15345214  0.16130589  0.00000000  0.00590865  0.00000000  0.25716761  0.23828837  0.22911412  0.24763727  0.24763727  0.24763727  0.26688657  0.19520548  0.18674136  0.18674136  0.20381805  0.21258435  
2_0_0      0.15270374  0.19404059  0.17645556  0.16049407  0.16840997  0.00590865  0.00000000  0.00590865  0.26511690  0.24605778  0.23679861  0.25549489  0.25549489  0.25549489  0.27493122  0.20257694  0.19404059  0.19404059  0.21126431  0.22010812  
3_0_0      0.14572201  0.18674136  0.16928728  0.15345214  0.16130589  0.00000000  0.00590865  0.00000000  0.25716761  0.23828837  0.22911412  0.24763727  0.24763727  0.24763727  0.26688657  0.19520548  0.18674136  0.18674136  0.20381805  0.21258435  
11_0_0     0.21546464  0.20801261  0.23382407  0.25289660  0.24326775  0.25716761  0.26511690  0.25716761  0.00000000  0.03032933  0.02411176  0.06265579  0.06265579  0.06265579  0.04946878  0.23556042  0.22620506  0.22620506  0.18192835  0.19047008  
17_0_0     0.18915162  0.19916302  0.20653606  0.26271803  0.25289660  0.23828837  0.24605778  0.23828837  0.03032933  0.00000000  0.01797193  0.05601802  0.05601802  0.05601802  0.04300573  0.20801261  0.19916302  0.19916302  0.19047008  0.19916302  
20_0_0     0.18068486  0.17353265  0.21546464  0.25289660  0.24326775  0.22911412  0.23679861  0.22911412  0.02411176  0.01797193  0.00000000  0.04946878  0.04946878  0.04946878  0.03662663  0.21702460  0.20801261  0.20801261  0.18192835  0.19047008  
4_0_0      0.18068486  0.17353265  0.19776692  0.21546464  0.20653606  0.24763727  0.25549489  0.24763727  0.06265579  0.05601802  0.04946878  0.00000000  0.00000000  0.00000000  0.01190792  0.18192835  0.17353265  0.17353265  0.14917386  0.14131555  
12_0_0     0.18068486  0.17353265  0.19776692  0.21546464  0.20653606  0.24763727  0.25549489  0.24763727  0.06265579  0.05601802  0.04946878  0.00000000  0.00000000  0.00000000  0.01190792  0.18192835  0.17353265  0.17353265  0.14917386  0.14131555  
10_0_0     0.18068486  0.17353265  0.19776692  0.21546464  0.20653606  0.24763727  0.25549489  0.24763727  0.06265579  0.05601802  0.04946878  0.00000000  0.00000000  0.00000000  0.01190792  0.18192835  0.17353265  0.17353265  0.14917386  0.14131555  
5_0_0      0.19776692  0.19047008  0.21546464  0.23382407  0.22455857  0.26688657  0.27493122  0.26688657  0.04946878  0.04300573  0.03662663  0.01190792  0.01190792  0.01190792  0.00000000  0.19916302  0.19047008  0.19047008  0.16527808  0.15715996  
7_0_0      0.23556042  0.20956734  0.22620506  0.23556042  0.22620506  0.19520548  0.20257694  0.19520548  0.23556042  0.20801261  0.21702460  0.18192835  0.18192835  0.18192835  0.19916302  0.00000000  0.01797193  0.01797193  0.13449089  0.14228794  
13_0_0     0.24509747  0.21866431  0.23556042  0.22620506  0.21702460  0.18674136  0.19404059  0.18674136  0.22620506  0.19916302  0.20801261  0.17353265  0.17353265  0.17353265  0.19047008  0.01797193  0.00000000  0.00000000  0.14228794  0.15021079  
9_0_0      0.24509747  0.21866431  0.23556042  0.22620506  0.21702460  0.18674136  0.19404059  0.18674136  0.22620506  0.19916302  0.20801261  0.17353265  0.17353265  0.17353265  0.19047008  0.01797193  0.00000000  0.00000000  0.14228794  0.15021079  
8_0_0      0.21702460  0.20956734  0.22620506  0.21702460  0.20801261  0.20381805  0.21126431  0.20381805  0.18192835  0.19047008  0.18192835  0.14917386  0.14917386  0.14917386  0.16527808  0.13449089  0.14228794  0.14228794  0.00000000  0.01797193  
18_0_0     0.20801261  0.21866431  0.23556042  0.22620506  0.21702460  0.21258435  0.22010812  0.21258435  0.19047008  0.19916302  0.19047008  0.14131555  0.14131555  0.14131555  0.15715996  0.14228794  0.15021079  0.15021079  0.01797193  0.00000000  

