20
8_0_0      0.00000000  0.11697568  0.12227986  0.09613515  0.10128992  0.18331275  0.16052588  0.23113161  0.64305726  0.66507130  0.67633166  0.61122982  0.68776793  0.65398153  0.56107856  0.66507130  0.54194212  0.51414395  0.55144781  0.53255828  
10_0_0     0.11697568  0.00000000  0.04170637  0.03223078  0.02287627  0.16052588  0.14388947  0.23113161  0.62168596  0.61122982  0.62168596  0.62168596  0.66507130  0.65398153  0.60092093  0.64305726  0.58072871  0.55144781  0.57083770  0.57083770  
5_0_0      0.12227986  0.04170637  0.00000000  0.02753859  0.01824347  0.16052588  0.14388947  0.24359086  0.61122982  0.60092093  0.61122982  0.57083770  0.65398153  0.60092093  0.57083770  0.62168596  0.58072871  0.53255828  0.57083770  0.55144781  
7_0_0      0.09613515  0.03223078  0.02753859  0.00000000  0.00906490  0.15493829  0.12762275  0.22498062  0.62168596  0.61122982  0.62168596  0.58072871  0.64305726  0.61122982  0.55144781  0.63229362  0.57083770  0.52329322  0.56107856  0.54194212  
1_0_0      0.10128992  0.02287627  0.01824347  0.00906490  0.00000000  0.14388947  0.12762275  0.23733473  0.62168596  0.61122982  0.62168596  0.58072871  0.64305726  0.61122982  0.57083770  0.63229362  0.59075520  0.54194212  0.58072871  0.56107856  
12_0_0     0.18331275  0.16052588  0.16052588  0.15493829  0.14388947  0.00000000  0.18331275  0.29566332  0.63229362  0.63229362  0.64305726  0.60092093  0.64305726  0.63229362  0.66507130  0.66507130  0.66507130  0.62168596  0.63229362  0.65398153  
4_0_0      0.16052588  0.14388947  0.14388947  0.12762275  0.12762275  0.18331275  0.00000000  0.29566332  0.68776793  0.67633166  0.68776793  0.67633166  0.72318950  0.71119086  0.60092093  0.64305726  0.60092093  0.55144781  0.57083770  0.57083770  
9_0_0      0.23113161  0.23113161  0.24359086  0.22498062  0.23733473  0.29566332  0.29566332  0.00000000  0.60092093  0.57083770  0.58072871  0.59075520  0.63229362  0.60092093  0.56107856  0.61122982  0.53255828  0.53255828  0.53255828  0.53255828  
11_0_0     0.64305726  0.62168596  0.61122982  0.62168596  0.62168596  0.63229362  0.68776793  0.60092093  0.00000000  0.06103366  0.07089209  0.08593323  0.11697568  0.09613515  0.46152712  0.55144781  0.50510763  0.49618149  0.49618149  0.49618149  
14_0_0     0.66507130  0.61122982  0.60092093  0.61122982  0.61122982  0.63229362  0.67633166  0.57083770  0.06103366  0.00000000  0.00906490  0.07089209  0.09101642  0.07089209  0.42843940  0.50510763  0.49618149  0.48736289  0.48736289  0.48736289  
2_0_0      0.67633166  0.62168596  0.61122982  0.62168596  0.62168596  0.64305726  0.68776793  0.58072871  0.07089209  0.00906490  0.00000000  0.08088510  0.10128992  0.08088510  0.42039598  0.49618149  0.48736289  0.47864926  0.47864926  0.47864926  
13_0_0     0.61122982  0.62168596  0.57083770  0.58072871  0.58072871  0.60092093  0.67633166  0.59075520  0.08593323  0.07089209  0.08088510  0.00000000  0.06594628  0.02753859  0.41243999  0.53255828  0.47003813  0.46152712  0.47864926  0.46152712  
6_0_0      0.68776793  0.66507130  0.65398153  0.64305726  0.64305726  0.64305726  0.72318950  0.63229362  0.11697568  0.09101642  0.10128992  0.06594628  0.00000000  0.03695325  0.45311393  0.57083770  0.53255828  0.52329322  0.54194212  0.52329322  
3_0_0      0.65398153  0.65398153  0.60092093  0.61122982  0.61122982  0.63229362  0.71119086  0.60092093  0.09613515  0.07089209  0.08088510  0.02753859  0.03695325  0.00000000  0.42843940  0.54194212  0.50510763  0.49618149  0.51414395  0.49618149  
16_0_0     0.56107856  0.60092093  0.57083770  0.55144781  0.57083770  0.66507130  0.60092093  0.56107856  0.46152712  0.42843940  0.42039598  0.41243999  0.45311393  0.42843940  0.00000000  0.20088081  0.19497782  0.18912205  0.17754919  0.17754919  
20_0_0     0.66507130  0.64305726  0.62168596  0.63229362  0.63229362  0.66507130  0.64305726  0.61122982  0.55144781  0.50510763  0.49618149  0.53255828  0.57083770  0.54194212  0.20088081  0.00000000  0.23113161  0.22498062  0.22498062  0.20088081  
15_0_0     0.54194212  0.58072871  0.58072871  0.57083770  0.59075520  0.66507130  0.60092093  0.53255828  0.50510763  0.49618149  0.48736289  0.47003813  0.53255828  0.50510763  0.19497782  0.23113161  0.00000000  0.02287627  0.03223078  0.02287627  
17_0_0     0.51414395  0.55144781  0.53255828  0.52329322  0.54194212  0.62168596  0.55144781  0.53255828  0.49618149  0.48736289  0.47864926  0.46152712  0.52329322  0.49618149  0.18912205  0.22498062  0.02287627  0.00000000  0.02753859  0.01824347  
19_0_0     0.55144781  0.57083770  0.57083770  0.56107856  0.58072871  0.63229362  0.57083770  0.53255828  0.49618149  0.48736289  0.47864926  0.47864926  0.54194212  0.51414395  0.17754919  0.22498062  0.03223078  0.02753859  0.00000000  0.02753859  
18_0_0     0.53255828  0.57083770  0.55144781  0.54194212  0.56107856  0.65398153  0.57083770  0.53255828  0.49618149  0.48736289  0.47864926  0.46152712  0.52329322  0.49618149  0.17754919  0.20088081  0.02287627  0.01824347  0.02753859  0.00000000  

