20
15_0_0     0.00000000  0.02246338  0.02246338  0.01791550  0.05035740  0.05511099  0.12510309  0.11987672  0.12510309  0.13566857  0.13036687  0.13036687  0.13566857  0.11468721  0.09428768  0.08927498  0.09428768  0.09933478  0.09428768  0.09428768  
19_0_0     0.02246338  0.00000000  0.01791550  0.01339556  0.04563433  0.05035740  0.11987672  0.11468721  0.11987672  0.13036687  0.12510309  0.12510309  0.13036687  0.09933478  0.09428768  0.08927498  0.09428768  0.08927498  0.08429619  0.08429619  
17_0_0     0.02246338  0.01791550  0.00000000  0.01339556  0.04563433  0.04094139  0.11987672  0.11468721  0.11987672  0.13036687  0.12510309  0.12510309  0.13036687  0.09933478  0.09933478  0.09428768  0.09933478  0.09428768  0.08927498  0.08927498  
18_0_0     0.01791550  0.01339556  0.01339556  0.00000000  0.03164437  0.03627819  0.10953405  0.10441674  0.11987672  0.11987672  0.11468721  0.11468721  0.11987672  0.09933478  0.08429619  0.07935088  0.08429619  0.07935088  0.07443858  0.07443858  
16_0_0     0.05035740  0.04563433  0.04563433  0.03164437  0.00000000  0.03164437  0.11468721  0.10953405  0.12510309  0.12510309  0.11987672  0.11987672  0.11987672  0.10953405  0.08927498  0.08429619  0.08927498  0.08429619  0.07935088  0.07935088  
20_0_0     0.05511099  0.05035740  0.04094139  0.03627819  0.03164437  0.00000000  0.11987672  0.10441674  0.11987672  0.11987672  0.12510309  0.12510309  0.12510309  0.09428768  0.07935088  0.07443858  0.07935088  0.06955887  0.06955887  0.06955887  
12_0_0     0.12510309  0.11987672  0.11987672  0.10953405  0.11468721  0.11987672  0.00000000  0.03164437  0.01791550  0.00890321  0.01339556  0.00443814  0.00890321  0.05511099  0.10441674  0.08927498  0.09428768  0.09428768  0.08927498  0.08927498  
4_0_0      0.11987672  0.11468721  0.11468721  0.10441674  0.10953405  0.10441674  0.03164437  0.00000000  0.04094139  0.03164437  0.03627819  0.03627819  0.04094139  0.05989549  0.08429619  0.07935088  0.08429619  0.07935088  0.07935088  0.07935088  
5_0_0      0.12510309  0.11987672  0.11987672  0.11987672  0.12510309  0.11987672  0.01791550  0.04094139  0.00000000  0.00890321  0.01339556  0.01339556  0.02703956  0.05511099  0.11987672  0.10441674  0.10953405  0.10441674  0.10441674  0.10441674  
10_0_0     0.13566857  0.13036687  0.13036687  0.11987672  0.12510309  0.11987672  0.00890321  0.03164437  0.00890321  0.00000000  0.00443814  0.00443814  0.01791550  0.05511099  0.10953405  0.09428768  0.09933478  0.09428768  0.09428768  0.09428768  
7_0_0      0.13036687  0.12510309  0.12510309  0.11468721  0.11987672  0.12510309  0.01339556  0.03627819  0.01339556  0.00443814  0.00000000  0.00890321  0.02246338  0.05989549  0.11468721  0.09933478  0.10441674  0.09933478  0.09933478  0.09933478  
1_0_0      0.13036687  0.12510309  0.12510309  0.11468721  0.11987672  0.12510309  0.00443814  0.03627819  0.01339556  0.00443814  0.00890321  0.00000000  0.01339556  0.05989549  0.10953405  0.09428768  0.09933478  0.09933478  0.09428768  0.09428768  
8_0_0      0.13566857  0.13036687  0.13036687  0.11987672  0.11987672  0.12510309  0.00890321  0.04094139  0.02703956  0.01791550  0.02246338  0.01339556  0.00000000  0.05511099  0.09933478  0.09428768  0.09933478  0.08927498  0.09428768  0.09428768  
9_0_0      0.11468721  0.09933478  0.09933478  0.09933478  0.10953405  0.09428768  0.05511099  0.05989549  0.05511099  0.05511099  0.05989549  0.05989549  0.05511099  0.00000000  0.10441674  0.09933478  0.10441674  0.10953405  0.10953405  0.10953405  
13_0_0     0.09428768  0.09428768  0.09933478  0.08429619  0.08927498  0.07935088  0.10441674  0.08429619  0.11987672  0.10953405  0.11468721  0.10953405  0.09933478  0.10441674  0.00000000  0.01791550  0.01339556  0.03627819  0.03164437  0.03164437  
6_0_0      0.08927498  0.08927498  0.09428768  0.07935088  0.08429619  0.07443858  0.08927498  0.07935088  0.10441674  0.09428768  0.09933478  0.09428768  0.09428768  0.09933478  0.01791550  0.00000000  0.00443814  0.02703956  0.01339556  0.01339556  
3_0_0      0.09428768  0.09428768  0.09933478  0.08429619  0.08927498  0.07935088  0.09428768  0.08429619  0.10953405  0.09933478  0.10441674  0.09933478  0.09933478  0.10441674  0.01339556  0.00443814  0.00000000  0.03164437  0.01791550  0.01791550  
11_0_0     0.09933478  0.08927498  0.09428768  0.07935088  0.08429619  0.06955887  0.09428768  0.07935088  0.10441674  0.09428768  0.09933478  0.09933478  0.08927498  0.10953405  0.03627819  0.02703956  0.03164437  0.00000000  0.01339556  0.01339556  
2_0_0      0.09428768  0.08429619  0.08927498  0.07443858  0.07935088  0.06955887  0.08927498  0.07935088  0.10441674  0.09428768  0.09933478  0.09428768  0.09428768  0.10953405  0.03164437  0.01339556  0.01791550  0.01339556  0.00000000  0.00000000  
14_0_0     0.09428768  0.08429619  0.08927498  0.07443858  0.07935088  0.06955887  0.08927498  0.07935088  0.10441674  0.09428768  0.09933478  0.09428768  0.09428768  0.10953405  0.03164437  0.01339556  0.01791550  0.01339556  0.00000000  0.00000000  

