51
36_18_0    0.00000000  0.13814732  0.49044701  0.46783604  0.56276105  0.62435508  0.57984095  0.57984095  0.45313809  0.37715037  0.38374388  0.37715037  0.49044701  0.52974358  0.53786046  0.52974358  0.54606763  0.53786046  0.46783604  0.55436712  0.82327693  0.75448488  0.92627884  0.98372795  0.69156366  0.72235369  0.76551396  0.61523479  0.82327693  0.58853150  0.71194692  0.69156366  0.74361826  0.71194692  0.76551396  0.70168489  0.72235369  0.67172844  0.75448488  0.72235369  0.74361826  0.74361826  0.84771087  0.84771087  0.73290936  0.79962634  0.60622588  0.60622588  0.62435508  0.63358952  0.57125157  
36_16_0    0.13814732  0.00000000  0.51377292  0.52171504  0.57984095  0.59732564  0.57125157  0.56276105  0.47529630  0.32642198  0.32642198  0.37715037  0.44589748  0.48283276  0.51377292  0.51377292  0.53786046  0.52974358  0.43872724  0.55436712  0.77671041  0.70168489  0.91258930  0.84771087  0.69156366  0.62435508  0.64294101  0.65241256  0.74361826  0.53786046  0.65241256  0.68157939  0.76551396  0.74361826  0.72235369  0.71194692  0.77671041  0.73290936  0.68157939  0.67172844  0.74361826  0.74361826  0.78807940  0.78807940  0.73290936  0.70168489  0.71194692  0.73290936  0.71194692  0.73290936  0.67172844  
17_16_0    0.49044701  0.51377292  0.00000000  0.06584489  0.14770445  0.65241256  0.65241256  0.62435508  0.68157939  0.57125157  0.57125157  0.63358952  0.65241256  0.73290936  0.68157939  0.67172844  0.71194692  0.70168489  0.76551396  0.77671041  0.89914916  0.87298181  0.94022720  0.95444435  0.81135687  0.72235369  0.82327693  0.87298181  0.94022720  0.74361826  0.81135687  0.86023814  0.98372795  0.81135687  0.78807940  0.88594948  0.83539275  0.83539275  0.83539275  0.83539275  0.92627884  0.92627884  1.06246520  1.06246520  0.89914916  0.87298181  0.77671041  0.76551396  0.78807940  0.76551396  0.71194692  
41_16_0    0.46783604  0.52171504  0.06584489  0.00000000  0.17714187  0.65241256  0.59732564  0.57125157  0.66200729  0.58853150  0.58853150  0.63358952  0.72235369  0.73290936  0.72235369  0.71194692  0.75448488  0.74361826  0.74361826  0.71194692  0.95444435  0.89914916  1.01422207  1.02995519  0.75448488  0.71194692  0.83539275  0.78807940  0.89914916  0.71194692  0.77671041  0.82327693  0.96894087  0.82327693  0.79962634  0.88594948  0.81135687  0.86023814  0.86023814  0.83539275  0.88594948  0.88594948  1.01422207  1.01422207  0.89914916  0.88594948  0.74361826  0.73290936  0.77671041  0.76551396  0.71194692  
5_16_0     0.56276105  0.57984095  0.14770445  0.17714187  0.00000000  0.64294101  0.61523479  0.60622588  0.65241256  0.58853150  0.60622588  0.64294101  0.66200729  0.75448488  0.69156366  0.67172844  0.70168489  0.70168489  0.75448488  0.76551396  0.96894087  0.87298181  0.98372795  0.96894087  0.81135687  0.73290936  0.84771087  0.84771087  0.88594948  0.79962634  0.78807940  0.84771087  0.91258930  0.88594948  0.84771087  0.88594948  0.87298181  0.88594948  0.82327693  0.82327693  0.89914916  0.89914916  1.02995519  1.02995519  0.86023814  0.84771087  0.78807940  0.77671041  0.78807940  0.77671041  0.77671041  
5_21_0     0.62435508  0.59732564  0.65241256  0.65241256  0.64294101  0.00000000  0.11478252  0.11939666  0.70168489  0.63358952  0.59732564  0.65241256  0.68157939  0.72235369  0.75448488  0.78807940  0.81135687  0.79962634  0.76551396  0.75448488  1.04603114  0.91258930  0.95444435  0.81135687  0.76551396  0.78807940  0.83539275  0.88594948  0.84771087  0.73290936  0.82327693  0.68157939  0.89914916  0.86023814  1.06246520  0.91258930  0.92627884  0.96894087  0.81135687  0.78807940  0.78807940  0.78807940  0.95444435  0.95444435  0.96894087  0.81135687  0.82327693  0.82327693  0.87298181  0.88594948  0.79962634  
41_21_0    0.57984095  0.57125157  0.65241256  0.59732564  0.61523479  0.11478252  0.00000000  0.01995242  0.59732564  0.57984095  0.54606763  0.57125157  0.66200729  0.70168489  0.72235369  0.75448488  0.77671041  0.76551396  0.74361826  0.73290936  0.95444435  0.91258930  0.95444435  0.84771087  0.75448488  0.79962634  0.84771087  0.84771087  0.84771087  0.76551396  0.78807940  0.70168489  0.81135687  0.91258930  0.96894087  0.88594948  0.91258930  0.99881747  0.82327693  0.75448488  0.83539275  0.83539275  0.98372795  0.98372795  0.94022720  0.84771087  0.86023814  0.83539275  0.91258930  0.92627884  0.82327693  
17_21_0    0.57984095  0.56276105  0.62435508  0.57125157  0.60622588  0.11939666  0.01995242  0.00000000  0.59732564  0.56276105  0.52171504  0.57125157  0.66200729  0.69156366  0.72235369  0.75448488  0.77671041  0.76551396  0.71194692  0.72235369  0.92627884  0.89914916  0.94022720  0.83539275  0.76551396  0.81135687  0.86023814  0.86023814  0.83539275  0.75448488  0.74361826  0.69156366  0.83539275  0.87298181  0.92627884  0.86023814  0.87298181  0.99881747  0.82327693  0.75448488  0.83539275  0.83539275  0.94022720  0.94022720  0.94022720  0.83539275  0.86023814  0.83539275  0.89914916  0.92627884  0.81135687  
5_19_0     0.45313809  0.47529630  0.68157939  0.66200729  0.65241256  0.70168489  0.59732564  0.59732564  0.00000000  0.23979351  0.25632452  0.26755463  0.51377292  0.54606763  0.49044701  0.52171504  0.52171504  0.51377292  0.57125157  0.58853150  0.84771087  0.76551396  0.99881747  0.73290936  0.66200729  0.73290936  0.73290936  0.70168489  0.77671041  0.57984095  0.64294101  0.69156366  0.76551396  0.69156366  0.73290936  0.77671041  0.77671041  0.68157939  0.71194692  0.65241256  0.84771087  0.84771087  0.94022720  0.94022720  0.88594948  0.84771087  0.68157939  0.69156366  0.71194692  0.72235369  0.67172844  
17_20_0    0.37715037  0.32642198  0.57125157  0.58853150  0.58853150  0.63358952  0.57984095  0.56276105  0.23979351  0.00000000  0.04463018  0.13341479  0.47529630  0.48283276  0.47529630  0.44589748  0.47529630  0.48283276  0.42459250  0.56276105  0.79962634  0.74361826  0.91258930  0.69156366  0.70168489  0.59732564  0.59732564  0.60622588  0.77671041  0.55436712  0.57125157  0.61523479  0.71194692  0.64294101  0.74361826  0.73290936  0.73290936  0.70168489  0.59732564  0.57984095  0.75448488  0.75448488  0.75448488  0.75448488  0.78807940  0.83539275  0.72235369  0.73290936  0.73290936  0.72235369  0.69156366  
41_20_0    0.38374388  0.32642198  0.57125157  0.58853150  0.60622588  0.59732564  0.54606763  0.52171504  0.25632452  0.04463018  0.00000000  0.13814732  0.46783604  0.46783604  0.46045046  0.43162602  0.47529630  0.48283276  0.44589748  0.53786046  0.79962634  0.73290936  0.86023814  0.70168489  0.70168489  0.61523479  0.61523479  0.65241256  0.78807940  0.57984095  0.57125157  0.61523479  0.69156366  0.60622588  0.71194692  0.68157939  0.73290936  0.69156366  0.62435508  0.60622588  0.74361826  0.74361826  0.76551396  0.76551396  0.81135687  0.81135687  0.68157939  0.71194692  0.67172844  0.68157939  0.63358952  
5_20_0     0.37715037  0.37715037  0.63358952  0.63358952  0.64294101  0.65241256  0.57125157  0.57125157  0.26755463  0.13341479  0.13814732  0.00000000  0.47529630  0.55436712  0.49814066  0.48283276  0.51377292  0.52171504  0.48283276  0.59732564  0.77671041  0.70168489  0.87298181  0.72235369  0.64294101  0.57984095  0.57984095  0.55436712  0.66200729  0.58853150  0.55436712  0.68157939  0.74361826  0.70168489  0.77671041  0.74361826  0.73290936  0.70168489  0.57125157  0.53786046  0.70168489  0.70168489  0.74361826  0.74361826  0.82327693  0.82327693  0.68157939  0.71194692  0.69156366  0.68157939  0.67172844  
53_14_0    0.49044701  0.44589748  0.65241256  0.72235369  0.66200729  0.68157939  0.66200729  0.66200729  0.51377292  0.47529630  0.46783604  0.47529630  0.00000000  0.15738700  0.11939666  0.11939666  0.11019705  0.12871242  0.51377292  0.61523479  0.94022720  0.89914916  0.91258930  0.92627884  0.77671041  0.82327693  0.84771087  0.81135687  0.86023814  0.84771087  0.88594948  0.76551396  0.83539275  0.76551396  0.76551396  0.74361826  0.89914916  0.79962634  0.67172844  0.65241256  0.75448488  0.75448488  0.89914916  0.89914916  0.84771087  0.84771087  0.76551396  0.76551396  0.77671041  0.72235369  0.79962634  
27_14_0    0.52974358  0.48283276  0.73290936  0.73290936  0.75448488  0.72235369  0.70168489  0.69156366  0.54606763  0.48283276  0.46783604  0.55436712  0.15738700  0.00000000  0.12871242  0.13341479  0.11478252  0.13341479  0.57125157  0.60622588  0.87298181  0.92627884  1.01422207  0.89914916  0.87298181  0.88594948  0.89914916  0.87298181  0.87298181  0.88594948  0.83539275  0.72235369  0.89914916  0.81135687  0.77671041  0.77671041  0.86023814  0.78807940  0.76551396  0.72235369  0.74361826  0.74361826  0.79962634  0.79962634  0.87298181  0.87298181  0.77671041  0.75448488  0.76551396  0.75448488  0.74361826  
7_14_0     0.53786046  0.51377292  0.68157939  0.72235369  0.69156366  0.75448488  0.72235369  0.72235369  0.49044701  0.47529630  0.46045046  0.49814066  0.11939666  0.12871242  0.00000000  0.02808697  0.04463018  0.06155286  0.48283276  0.57984095  0.94022720  0.89914916  0.96894087  0.92627884  0.82327693  0.77671041  0.82327693  0.75448488  0.87298181  0.92627884  0.76551396  0.73290936  0.82327693  0.74361826  0.70168489  0.70168489  0.94022720  0.83539275  0.76551396  0.72235369  0.76551396  0.76551396  0.91258930  0.91258930  0.84771087  0.84771087  0.74361826  0.72235369  0.72235369  0.70168489  0.74361826  
38_14_0    0.52974358  0.51377292  0.67172844  0.71194692  0.67172844  0.78807940  0.75448488  0.75448488  0.52171504  0.44589748  0.43162602  0.48283276  0.11939666  0.13341479  0.02808697  0.00000000  0.04045947  0.04882460  0.46783604  0.58853150  1.01422207  0.94022720  0.96894087  0.94022720  0.83539275  0.75448488  0.79962634  0.71194692  0.87298181  0.91258930  0.78807940  0.76551396  0.87298181  0.75448488  0.72235369  0.72235369  0.91258930  0.83539275  0.75448488  0.73290936  0.77671041  0.77671041  0.84771087  0.84771087  0.82327693  0.86023814  0.71194692  0.69156366  0.71194692  0.68157939  0.72235369  
38_15_0    0.54606763  0.53786046  0.71194692  0.75448488  0.70168489  0.81135687  0.77671041  0.77671041  0.52171504  0.47529630  0.47529630  0.51377292  0.11019705  0.11478252  0.04463018  0.04045947  0.00000000  0.03218812  0.50591539  0.60622588  0.95444435  0.98372795  0.99881747  0.96894087  0.88594948  0.81135687  0.86023814  0.79962634  0.92627884  0.94022720  0.83539275  0.75448488  0.91258930  0.76551396  0.76551396  0.77671041  0.94022720  0.86023814  0.77671041  0.75448488  0.76551396  0.76551396  0.87298181  0.87298181  0.82327693  0.86023814  0.76551396  0.74361826  0.74361826  0.71194692  0.73290936  
7_15_0     0.53786046  0.52974358  0.70168489  0.74361826  0.70168489  0.79962634  0.76551396  0.76551396  0.51377292  0.48283276  0.48283276  0.52171504  0.12871242  0.13341479  0.06155286  0.04882460  0.03218812  0.00000000  0.52974358  0.59732564  0.96894087  0.98372795  0.99881747  0.99881747  0.84771087  0.83539275  0.88594948  0.81135687  0.94022720  0.95444435  0.87298181  0.77671041  0.95444435  0.77671041  0.77671041  0.78807940  0.98372795  0.87298181  0.81135687  0.78807940  0.79962634  0.79962634  0.87298181  0.87298181  0.81135687  0.87298181  0.77671041  0.75448488  0.75448488  0.72235369  0.78807940  
23_0_0     0.46783604  0.43872724  0.76551396  0.74361826  0.75448488  0.76551396  0.74361826  0.71194692  0.57125157  0.42459250  0.44589748  0.48283276  0.51377292  0.57125157  0.48283276  0.46783604  0.50591539  0.52974358  0.00000000  0.45313809  0.88594948  0.86023814  0.96894087  0.87298181  0.77671041  0.77671041  0.74361826  0.70168489  0.76551396  0.67172844  0.61523479  0.70168489  0.82327693  0.79962634  0.81135687  0.68157939  0.79962634  0.77671041  0.83539275  0.78807940  0.77671041  0.77671041  0.77671041  0.77671041  0.81135687  0.75448488  0.70168489  0.71194692  0.65241256  0.65241256  0.65241256  
35_0_0     0.55436712  0.55436712  0.77671041  0.71194692  0.76551396  0.75448488  0.73290936  0.72235369  0.58853150  0.56276105  0.53786046  0.59732564  0.61523479  0.60622588  0.57984095  0.58853150  0.60622588  0.59732564  0.45313809  0.00000000  0.82327693  0.91258930  0.96894087  1.11408504  0.82327693  0.83539275  0.91258930  0.77671041  0.87298181  0.70168489  0.70168489  0.87298181  0.92627884  0.88594948  0.79962634  0.82327693  0.86023814  0.84771087  0.77671041  0.75448488  0.82327693  0.82327693  0.88594948  0.88594948  0.94022720  0.92627884  0.76551396  0.78807940  0.81135687  0.81135687  0.77671041  
3_0_0      0.82327693  0.77671041  0.89914916  0.95444435  0.96894087  1.04603114  0.95444435  0.92627884  0.84771087  0.79962634  0.79962634  0.77671041  0.94022720  0.87298181  0.94022720  1.01422207  0.95444435  0.96894087  0.88594948  0.82327693  0.00000000  0.37061527  0.57984095  0.50591539  0.71194692  0.53786046  0.52974358  0.61523479  0.55436712  0.41762539  0.41072347  0.65241256  0.66200729  0.72235369  0.75448488  0.74361826  0.69156366  0.63358952  0.62435508  0.62435508  0.66200729  0.66200729  0.81135687  0.81135687  0.82327693  0.69156366  0.72235369  0.73290936  0.69156366  0.71194692  0.67172844  
3_5_0      0.75448488  0.70168489  0.87298181  0.89914916  0.87298181  0.91258930  0.91258930  0.89914916  0.76551396  0.74361826  0.73290936  0.70168489  0.89914916  0.92627884  0.89914916  0.94022720  0.98372795  0.98372795  0.86023814  0.91258930  0.37061527  0.00000000  0.60622588  0.47529630  0.63358952  0.55436712  0.52974358  0.63358952  0.58853150  0.46783604  0.45313809  0.73290936  0.74361826  0.69156366  0.74361826  0.77671041  0.68157939  0.61523479  0.57125157  0.53786046  0.64294101  0.64294101  0.76551396  0.76551396  0.77671041  0.57125157  0.70168489  0.72235369  0.67172844  0.70168489  0.60622588  
24_6_0     0.92627884  0.91258930  0.94022720  1.01422207  0.98372795  0.95444435  0.95444435  0.94022720  0.99881747  0.91258930  0.86023814  0.87298181  0.91258930  1.01422207  0.96894087  0.96894087  0.99881747  0.99881747  0.96894087  0.96894087  0.57984095  0.60622588  0.00000000  0.74361826  0.74361826  0.72235369  0.67172844  0.77671041  0.72235369  0.67172844  0.69156366  0.88594948  1.01422207  0.96894087  1.11408504  0.94022720  0.98372795  0.91258930  0.81135687  0.79962634  0.84771087  0.84771087  0.83539275  0.83539275  1.04603114  0.92627884  0.86023814  0.87298181  0.84771087  0.83539275  0.91258930  
24_0_0     0.98372795  0.84771087  0.95444435  1.02995519  0.96894087  0.81135687  0.84771087  0.83539275  0.73290936  0.69156366  0.70168489  0.72235369  0.92627884  0.89914916  0.92627884  0.94022720  0.96894087  0.99881747  0.87298181  1.11408504  0.50591539  0.47529630  0.74361826  0.00000000  0.71194692  0.49814066  0.52171504  0.61523479  0.61523479  0.51377292  0.51377292  0.64294101  0.68157939  0.65241256  0.69156366  0.75448488  0.70168489  0.62435508  0.64294101  0.60622588  0.65241256  0.65241256  0.75448488  0.75448488  0.86023814  0.73290936  0.78807940  0.78807940  0.71194692  0.75448488  0.70168489  
30_8_0     0.69156366  0.69156366  0.81135687  0.75448488  0.81135687  0.76551396  0.75448488  0.76551396  0.66200729  0.70168489  0.70168489  0.64294101  0.77671041  0.87298181  0.82327693  0.83539275  0.88594948  0.84771087  0.77671041  0.82327693  0.71194692  0.63358952  0.74361826  0.71194692  0.00000000  0.50591539  0.49044701  0.48283276  0.54606763  0.41072347  0.48283276  0.64294101  0.74361826  0.72235369  0.73290936  0.64294101  0.74361826  0.67172844  0.67172844  0.63358952  0.67172844  0.67172844  0.79962634  0.79962634  0.71194692  0.69156366  0.64294101  0.67172844  0.66200729  0.65241256  0.67172844  
13_0_0     0.72235369  0.62435508  0.72235369  0.71194692  0.73290936  0.78807940  0.79962634  0.81135687  0.73290936  0.59732564  0.61523479  0.57984095  0.82327693  0.88594948  0.77671041  0.75448488  0.81135687  0.83539275  0.77671041  0.83539275  0.53786046  0.55436712  0.72235369  0.49814066  0.50591539  0.00000000  0.06584489  0.23979351  0.33878084  0.34503878  0.32642198  0.54606763  0.67172844  0.53786046  0.59732564  0.60622588  0.66200729  0.66200729  0.54606763  0.52171504  0.60622588  0.60622588  0.68157939  0.68157939  0.72235369  0.62435508  0.66200729  0.66200729  0.64294101  0.61523479  0.66200729  
1_0_0      0.76551396  0.64294101  0.82327693  0.83539275  0.84771087  0.83539275  0.84771087  0.86023814  0.73290936  0.59732564  0.61523479  0.57984095  0.84771087  0.89914916  0.82327693  0.79962634  0.86023814  0.88594948  0.74361826  0.91258930  0.52974358  0.52974358  0.67172844  0.52171504  0.49044701  0.06584489  0.00000000  0.29640133  0.34503878  0.35135026  0.34503878  0.55436712  0.70168489  0.54606763  0.65241256  0.61523479  0.69156366  0.65241256  0.57125157  0.52974358  0.66200729  0.66200729  0.71194692  0.71194692  0.74361826  0.67172844  0.70168489  0.72235369  0.69156366  0.66200729  0.70168489  
55_0_0     0.61523479  0.65241256  0.87298181  0.78807940  0.84771087  0.88594948  0.84771087  0.86023814  0.70168489  0.60622588  0.65241256  0.55436712  0.81135687  0.87298181  0.75448488  0.71194692  0.79962634  0.81135687  0.70168489  0.77671041  0.61523479  0.63358952  0.77671041  0.61523479  0.48283276  0.23979351  0.29640133  0.00000000  0.41762539  0.35771620  0.35771620  0.52974358  0.73290936  0.59732564  0.60622588  0.68157939  0.71194692  0.64294101  0.56276105  0.55436712  0.65241256  0.65241256  0.70168489  0.70168489  0.74361826  0.69156366  0.57125157  0.54606763  0.57984095  0.57125157  0.59732564  
46_0_0     0.82327693  0.74361826  0.94022720  0.89914916  0.88594948  0.84771087  0.84771087  0.83539275  0.77671041  0.77671041  0.78807940  0.66200729  0.86023814  0.87298181  0.87298181  0.87298181  0.92627884  0.94022720  0.76551396  0.87298181  0.55436712  0.58853150  0.72235369  0.61523479  0.54606763  0.33878084  0.34503878  0.41762539  0.00000000  0.42459250  0.37715037  0.65241256  0.76551396  0.65241256  0.70168489  0.61523479  0.70168489  0.62435508  0.59732564  0.57984095  0.64294101  0.64294101  0.70168489  0.70168489  0.76551396  0.66200729  0.69156366  0.71194692  0.67172844  0.68157939  0.68157939  
50_0_0     0.58853150  0.53786046  0.74361826  0.71194692  0.79962634  0.73290936  0.76551396  0.75448488  0.57984095  0.55436712  0.57984095  0.58853150  0.84771087  0.88594948  0.92627884  0.91258930  0.94022720  0.95444435  0.67172844  0.70168489  0.41762539  0.46783604  0.67172844  0.51377292  0.41072347  0.34503878  0.35135026  0.35771620  0.42459250  0.00000000  0.22897509  0.45313809  0.62435508  0.46045046  0.57984095  0.57984095  0.54606763  0.49044701  0.47529630  0.46783604  0.50591539  0.50591539  0.57125157  0.57125157  0.60622588  0.57125157  0.46783604  0.49044701  0.48283276  0.48283276  0.44589748  
2_0_0      0.71194692  0.65241256  0.81135687  0.77671041  0.78807940  0.82327693  0.78807940  0.74361826  0.64294101  0.57125157  0.57125157  0.55436712  0.88594948  0.83539275  0.76551396  0.78807940  0.83539275  0.87298181  0.61523479  0.70168489  0.41072347  0.45313809  0.69156366  0.51377292  0.48283276  0.32642198  0.34503878  0.35771620  0.37715037  0.22897509  0.00000000  0.49814066  0.65241256  0.52171504  0.53786046  0.57984095  0.54606763  0.59732564  0.52974358  0.49044701  0.57125157  0.57125157  0.60622588  0.60622588  0.66200729  0.55436712  0.52974358  0.54606763  0.52974358  0.52974358  0.46783604  
2_3_0      0.69156366  0.68157939  0.86023814  0.82327693  0.84771087  0.68157939  0.70168489  0.69156366  0.69156366  0.61523479  0.61523479  0.68157939  0.76551396  0.72235369  0.73290936  0.76551396  0.75448488  0.77671041  0.70168489  0.87298181  0.65241256  0.73290936  0.88594948  0.64294101  0.64294101  0.54606763  0.55436712  0.52974358  0.65241256  0.45313809  0.49814066  0.00000000  0.45313809  0.34503878  0.41762539  0.37061527  0.43162602  0.37061527  0.30826340  0.27323444  0.36413754  0.36413754  0.36413754  0.36413754  0.45313809  0.38374388  0.32031932  0.31426674  0.32031932  0.33878084  0.29640133  
30_3_0     0.74361826  0.76551396  0.98372795  0.96894087  0.91258930  0.89914916  0.81135687  0.83539275  0.76551396  0.71194692  0.69156366  0.74361826  0.83539275  0.89914916  0.82327693  0.87298181  0.91258930  0.95444435  0.82327693  0.92627884  0.66200729  0.74361826  1.01422207  0.68157939  0.74361826  0.67172844  0.70168489  0.73290936  0.76551396  0.62435508  0.65241256  0.45313809  0.00000000  0.36413754  0.46783604  0.39711036  0.64294101  0.57984095  0.48283276  0.46783604  0.58853150  0.58853150  0.67172844  0.67172844  0.68157939  0.55436712  0.50591539  0.49044701  0.50591539  0.50591539  0.55436712  
30_10_0    0.71194692  0.74361826  0.81135687  0.82327693  0.88594948  0.86023814  0.91258930  0.87298181  0.69156366  0.64294101  0.60622588  0.70168489  0.76551396  0.81135687  0.74361826  0.75448488  0.76551396  0.77671041  0.79962634  0.88594948  0.72235369  0.69156366  0.96894087  0.65241256  0.72235369  0.53786046  0.54606763  0.59732564  0.65241256  0.46045046  0.52171504  0.34503878  0.36413754  0.00000000  0.30826340  0.29054105  0.52974358  0.46045046  0.37715037  0.38374388  0.44589748  0.44589748  0.51377292  0.51377292  0.49814066  0.46783604  0.36413754  0.35771620  0.33257553  0.33257553  0.35771620  
30_9_0     0.76551396  0.72235369  0.78807940  0.79962634  0.84771087  1.06246520  0.96894087  0.92627884  0.73290936  0.74361826  0.71194692  0.77671041  0.76551396  0.77671041  0.70168489  0.72235369  0.76551396  0.77671041  0.81135687  0.79962634  0.75448488  0.74361826  1.11408504  0.69156366  0.73290936  0.59732564  0.65241256  0.60622588  0.70168489  0.57984095  0.53786046  0.41762539  0.46783604  0.30826340  0.00000000  0.27323444  0.57125157  0.52974358  0.42459250  0.42459250  0.49814066  0.49814066  0.56276105  0.56276105  0.58853150  0.54606763  0.43872724  0.44589748  0.44589748  0.45313809  0.38374388  
30_11_0    0.70168489  0.71194692  0.88594948  0.88594948  0.88594948  0.91258930  0.88594948  0.86023814  0.77671041  0.73290936  0.68157939  0.74361826  0.74361826  0.77671041  0.70168489  0.72235369  0.77671041  0.78807940  0.68157939  0.82327693  0.74361826  0.77671041  0.94022720  0.75448488  0.64294101  0.60622588  0.61523479  0.68157939  0.61523479  0.57984095  0.57984095  0.37061527  0.39711036  0.29054105  0.27323444  0.00000000  0.58853150  0.50591539  0.39039685  0.38374388  0.49814066  0.49814066  0.52171504  0.52171504  0.50591539  0.48283276  0.45313809  0.46783604  0.45313809  0.45313809  0.43872724  
33_3_0     0.72235369  0.77671041  0.83539275  0.81135687  0.87298181  0.92627884  0.91258930  0.87298181  0.77671041  0.73290936  0.73290936  0.73290936  0.89914916  0.86023814  0.94022720  0.91258930  0.94022720  0.98372795  0.79962634  0.86023814  0.69156366  0.68157939  0.98372795  0.70168489  0.74361826  0.66200729  0.69156366  0.71194692  0.70168489  0.54606763  0.54606763  0.43162602  0.64294101  0.52974358  0.57125157  0.58853150  0.00000000  0.17215334  0.30826340  0.28472695  0.39711036  0.39711036  0.42459250  0.42459250  0.46045046  0.43872724  0.43872724  0.43162602  0.46045046  0.44589748  0.39711036  
55_3_0     0.67172844  0.73290936  0.83539275  0.86023814  0.88594948  0.96894087  0.99881747  0.99881747  0.68157939  0.70168489  0.69156366  0.70168489  0.79962634  0.78807940  0.83539275  0.83539275  0.86023814  0.87298181  0.77671041  0.84771087  0.63358952  0.61523479  0.91258930  0.62435508  0.67172844  0.66200729  0.65241256  0.64294101  0.62435508  0.49044701  0.59732564  0.37061527  0.57984095  0.46045046  0.52974358  0.50591539  0.17215334  0.00000000  0.23979351  0.21831302  0.35135026  0.35135026  0.39039685  0.39039685  0.41072347  0.35135026  0.42459250  0.43162602  0.41762539  0.41762539  0.35771620  
1_3_0      0.75448488  0.68157939  0.83539275  0.86023814  0.82327693  0.81135687  0.82327693  0.82327693  0.71194692  0.59732564  0.62435508  0.57125157  0.67172844  0.76551396  0.76551396  0.75448488  0.77671041  0.81135687  0.83539275  0.77671041  0.62435508  0.57125157  0.81135687  0.64294101  0.67172844  0.54606763  0.57125157  0.56276105  0.59732564  0.47529630  0.52974358  0.30826340  0.48283276  0.37715037  0.42459250  0.39039685  0.30826340  0.23979351  0.00000000  0.04045947  0.29054105  0.29054105  0.26755463  0.26755463  0.38374388  0.32031932  0.36413754  0.38374388  0.36413754  0.35135026  0.36413754  
13_3_0     0.72235369  0.67172844  0.83539275  0.83539275  0.82327693  0.78807940  0.75448488  0.75448488  0.65241256  0.57984095  0.60622588  0.53786046  0.65241256  0.72235369  0.72235369  0.73290936  0.75448488  0.78807940  0.78807940  0.75448488  0.62435508  0.53786046  0.79962634  0.60622588  0.63358952  0.52171504  0.52974358  0.55436712  0.57984095  0.46783604  0.49044701  0.27323444  0.46783604  0.38374388  0.42459250  0.38374388  0.28472695  0.21831302  0.04045947  0.00000000  0.24526279  0.24526279  0.25632452  0.25632452  0.37715037  0.31426674  0.35135026  0.37061527  0.35135026  0.33878084  0.33878084  
58_12_0    0.74361826  0.74361826  0.92627884  0.88594948  0.89914916  0.78807940  0.83539275  0.83539275  0.84771087  0.75448488  0.74361826  0.70168489  0.75448488  0.74361826  0.76551396  0.77671041  0.76551396  0.79962634  0.77671041  0.82327693  0.66200729  0.64294101  0.84771087  0.65241256  0.67172844  0.60622588  0.66200729  0.65241256  0.64294101  0.50591539  0.57125157  0.36413754  0.58853150  0.44589748  0.49814066  0.49814066  0.39711036  0.35135026  0.29054105  0.24526279  0.00000000  0.00000000  0.18722127  0.18722127  0.39711036  0.30826340  0.35135026  0.35771620  0.33878084  0.35135026  0.35135026  
6_12_0     0.74361826  0.74361826  0.92627884  0.88594948  0.89914916  0.78807940  0.83539275  0.83539275  0.84771087  0.75448488  0.74361826  0.70168489  0.75448488  0.74361826  0.76551396  0.77671041  0.76551396  0.79962634  0.77671041  0.82327693  0.66200729  0.64294101  0.84771087  0.65241256  0.67172844  0.60622588  0.66200729  0.65241256  0.64294101  0.50591539  0.57125157  0.36413754  0.58853150  0.44589748  0.49814066  0.49814066  0.39711036  0.35135026  0.29054105  0.24526279  0.00000000  0.00000000  0.18722127  0.18722127  0.39711036  0.30826340  0.35135026  0.35771620  0.33878084  0.35135026  0.35135026  
6_3_0      0.84771087  0.78807940  1.06246520  1.01422207  1.02995519  0.95444435  0.98372795  0.94022720  0.94022720  0.75448488  0.76551396  0.74361826  0.89914916  0.79962634  0.91258930  0.84771087  0.87298181  0.87298181  0.77671041  0.88594948  0.81135687  0.76551396  0.83539275  0.75448488  0.79962634  0.68157939  0.71194692  0.70168489  0.70168489  0.57125157  0.60622588  0.36413754  0.67172844  0.51377292  0.56276105  0.52171504  0.42459250  0.39039685  0.26755463  0.25632452  0.18722127  0.18722127  0.00000000  0.00000000  0.41072347  0.37061527  0.43162602  0.42459250  0.40388551  0.42459250  0.43162602  
58_3_0     0.84771087  0.78807940  1.06246520  1.01422207  1.02995519  0.95444435  0.98372795  0.94022720  0.94022720  0.75448488  0.76551396  0.74361826  0.89914916  0.79962634  0.91258930  0.84771087  0.87298181  0.87298181  0.77671041  0.88594948  0.81135687  0.76551396  0.83539275  0.75448488  0.79962634  0.68157939  0.71194692  0.70168489  0.70168489  0.57125157  0.60622588  0.36413754  0.67172844  0.51377292  0.56276105  0.52171504  0.42459250  0.39039685  0.26755463  0.25632452  0.18722127  0.18722127  0.00000000  0.00000000  0.41072347  0.37061527  0.43162602  0.42459250  0.40388551  0.42459250  0.43162602  
32_3_0     0.73290936  0.73290936  0.89914916  0.89914916  0.86023814  0.96894087  0.94022720  0.94022720  0.88594948  0.78807940  0.81135687  0.82327693  0.84771087  0.87298181  0.84771087  0.82327693  0.82327693  0.81135687  0.81135687  0.94022720  0.82327693  0.77671041  1.04603114  0.86023814  0.71194692  0.72235369  0.74361826  0.74361826  0.76551396  0.60622588  0.66200729  0.45313809  0.68157939  0.49814066  0.58853150  0.50591539  0.46045046  0.41072347  0.38374388  0.37715037  0.39711036  0.39711036  0.41072347  0.41072347  0.00000000  0.20780284  0.47529630  0.46783604  0.47529630  0.47529630  0.43872724  
46_3_0     0.79962634  0.70168489  0.87298181  0.88594948  0.84771087  0.81135687  0.84771087  0.83539275  0.84771087  0.83539275  0.81135687  0.82327693  0.84771087  0.87298181  0.84771087  0.86023814  0.86023814  0.87298181  0.75448488  0.92627884  0.69156366  0.57125157  0.92627884  0.73290936  0.69156366  0.62435508  0.67172844  0.69156366  0.66200729  0.57125157  0.55436712  0.38374388  0.55436712  0.46783604  0.54606763  0.48283276  0.43872724  0.35135026  0.32031932  0.31426674  0.30826340  0.30826340  0.37061527  0.37061527  0.20780284  0.00000000  0.40388551  0.39039685  0.37715037  0.39039685  0.38374388  
37_3_0     0.60622588  0.71194692  0.77671041  0.74361826  0.78807940  0.82327693  0.86023814  0.86023814  0.68157939  0.72235369  0.68157939  0.68157939  0.76551396  0.77671041  0.74361826  0.71194692  0.76551396  0.77671041  0.70168489  0.76551396  0.72235369  0.70168489  0.86023814  0.78807940  0.64294101  0.66200729  0.70168489  0.57125157  0.69156366  0.46783604  0.52974358  0.32031932  0.50591539  0.36413754  0.43872724  0.45313809  0.43872724  0.42459250  0.36413754  0.35135026  0.35135026  0.35135026  0.43162602  0.43162602  0.47529630  0.40388551  0.00000000  0.01190659  0.05304300  0.05304300  0.10563991  
11_3_0     0.60622588  0.73290936  0.76551396  0.73290936  0.77671041  0.82327693  0.83539275  0.83539275  0.69156366  0.73290936  0.71194692  0.71194692  0.76551396  0.75448488  0.72235369  0.69156366  0.74361826  0.75448488  0.71194692  0.78807940  0.73290936  0.72235369  0.87298181  0.78807940  0.67172844  0.66200729  0.72235369  0.54606763  0.71194692  0.49044701  0.54606763  0.31426674  0.49044701  0.35771620  0.44589748  0.46783604  0.43162602  0.43162602  0.38374388  0.37061527  0.35771620  0.35771620  0.42459250  0.42459250  0.46783604  0.39039685  0.01190659  0.00000000  0.06155286  0.06155286  0.11939666  
51_3_0     0.62435508  0.71194692  0.78807940  0.77671041  0.78807940  0.87298181  0.91258930  0.89914916  0.71194692  0.73290936  0.67172844  0.69156366  0.77671041  0.76551396  0.72235369  0.71194692  0.74361826  0.75448488  0.65241256  0.81135687  0.69156366  0.67172844  0.84771087  0.71194692  0.66200729  0.64294101  0.69156366  0.57984095  0.67172844  0.48283276  0.52974358  0.32031932  0.50591539  0.33257553  0.44589748  0.45313809  0.46045046  0.41762539  0.36413754  0.35135026  0.33878084  0.33878084  0.40388551  0.40388551  0.47529630  0.37715037  0.05304300  0.06155286  0.00000000  0.03218812  0.11019705  
49_3_0     0.63358952  0.73290936  0.76551396  0.76551396  0.77671041  0.88594948  0.92627884  0.92627884  0.72235369  0.72235369  0.68157939  0.68157939  0.72235369  0.75448488  0.70168489  0.68157939  0.71194692  0.72235369  0.65241256  0.81135687  0.71194692  0.70168489  0.83539275  0.75448488  0.65241256  0.61523479  0.66200729  0.57125157  0.68157939  0.48283276  0.52974358  0.33878084  0.50591539  0.33257553  0.45313809  0.45313809  0.44589748  0.41762539  0.35135026  0.33878084  0.35135026  0.35135026  0.42459250  0.42459250  0.47529630  0.39039685  0.05304300  0.06155286  0.03218812  0.00000000  0.11939666  
50_3_0     0.57125157  0.67172844  0.71194692  0.71194692  0.77671041  0.79962634  0.82327693  0.81135687  0.67172844  0.69156366  0.63358952  0.67172844  0.79962634  0.74361826  0.74361826  0.72235369  0.73290936  0.78807940  0.65241256  0.77671041  0.67172844  0.60622588  0.91258930  0.70168489  0.67172844  0.66200729  0.70168489  0.59732564  0.68157939  0.44589748  0.46783604  0.29640133  0.55436712  0.35771620  0.38374388  0.43872724  0.39711036  0.35771620  0.36413754  0.33878084  0.35135026  0.35135026  0.43162602  0.43162602  0.43872724  0.38374388  0.10563991  0.11939666  0.11019705  0.11939666  0.00000000  

