22
81_11_0    0.00000000  0.02609676  0.03949934  0.03949934  0.08123143  0.07411024  0.18889011  0.21415351  0.21415351  0.21415351  0.18889011  0.14081708  0.15649626  0.24924141  0.24924141  0.24924141  0.24924141  0.27669667  0.27669667  0.28608004  0.24924141  0.28608004  
81_9_0     0.02609676  0.00000000  0.05314966  0.05314966  0.09568319  0.08842196  0.18889011  0.21415351  0.21415351  0.21415351  0.18889011  0.14081708  0.15649626  0.24924141  0.24924141  0.24924141  0.24924141  0.29558417  0.29558417  0.30521223  0.26743103  0.28608004  
74_9_0     0.03949934  0.05314966  0.00000000  0.00000000  0.09568319  0.10301653  0.18889011  0.21415351  0.23148908  0.23148908  0.18889011  0.12546390  0.14081708  0.28608004  0.28608004  0.28608004  0.28608004  0.29558417  0.29558417  0.28608004  0.26743103  0.28608004  
35_9_0     0.03949934  0.05314966  0.00000000  0.00000000  0.09568319  0.10301653  0.18889011  0.21415351  0.23148908  0.23148908  0.18889011  0.12546390  0.14081708  0.28608004  0.28608004  0.28608004  0.28608004  0.29558417  0.29558417  0.28608004  0.26743103  0.28608004  
63_0_0     0.08123143  0.09568319  0.09568319  0.09568319  0.00000000  0.07411024  0.21415351  0.24031190  0.24031190  0.24031190  0.21415351  0.11042343  0.12546390  0.24924141  0.24924141  0.26743103  0.26743103  0.26743103  0.26743103  0.25828022  0.24031190  0.23148908  
63_7_0     0.07411024  0.08842196  0.10301653  0.10301653  0.07411024  0.00000000  0.23148908  0.24031190  0.24031190  0.24031190  0.21415351  0.13310059  0.13310059  0.22277043  0.22277043  0.20563598  0.20563598  0.24924141  0.24924141  0.25828022  0.24031190  0.25828022  
91_6_0     0.18889011  0.18889011  0.18889011  0.18889011  0.21415351  0.23148908  0.00000000  0.01948560  0.06007062  0.06007062  0.02609676  0.16446248  0.18065745  0.26743103  0.27669667  0.26743103  0.26743103  0.23148908  0.23148908  0.24924141  0.26743103  0.28608004  
44_6_0     0.21415351  0.21415351  0.21415351  0.21415351  0.24031190  0.24031190  0.01948560  0.00000000  0.06705707  0.06705707  0.03276764  0.18889011  0.18889011  0.24031190  0.24924141  0.25828022  0.25828022  0.22277043  0.22277043  0.24031190  0.25828022  0.29558417  
74_6_0     0.21415351  0.21415351  0.23148908  0.23148908  0.24031190  0.24031190  0.06007062  0.06705707  0.00000000  0.00000000  0.03276764  0.20563598  0.20563598  0.22277043  0.23148908  0.24031190  0.24031190  0.24031190  0.24031190  0.25828022  0.27669667  0.27669667  
35_6_0     0.21415351  0.21415351  0.23148908  0.23148908  0.24031190  0.24031190  0.06007062  0.06705707  0.00000000  0.00000000  0.03276764  0.20563598  0.20563598  0.22277043  0.23148908  0.24031190  0.24031190  0.24031190  0.24031190  0.25828022  0.27669667  0.27669667  
81_6_0     0.18889011  0.18889011  0.18889011  0.18889011  0.21415351  0.21415351  0.02609676  0.03276764  0.03276764  0.03276764  0.00000000  0.16446248  0.16446248  0.23148908  0.24031190  0.24924141  0.24924141  0.23148908  0.23148908  0.24924141  0.26743103  0.26743103  
64_0_0     0.14081708  0.14081708  0.12546390  0.12546390  0.11042343  0.13310059  0.16446248  0.18889011  0.20563598  0.20563598  0.16446248  0.00000000  0.01293311  0.19721558  0.19721558  0.23148908  0.23148908  0.22277043  0.22277043  0.23148908  0.23148908  0.18065745  
94_0_0     0.15649626  0.15649626  0.14081708  0.14081708  0.12546390  0.13310059  0.18065745  0.18889011  0.20563598  0.20563598  0.16446248  0.01293311  0.00000000  0.19721558  0.19721558  0.23148908  0.23148908  0.22277043  0.22277043  0.23148908  0.23148908  0.19721558  
2_5_0      0.24924141  0.24924141  0.28608004  0.28608004  0.24924141  0.22277043  0.26743103  0.24031190  0.22277043  0.22277043  0.23148908  0.19721558  0.19721558  0.00000000  0.01293311  0.03949934  0.03949934  0.14081708  0.14081708  0.13310059  0.13310059  0.11042343  
24_5_0     0.24924141  0.24924141  0.28608004  0.28608004  0.24924141  0.22277043  0.27669667  0.24924141  0.23148908  0.23148908  0.24031190  0.19721558  0.19721558  0.01293311  0.00000000  0.05314966  0.05314966  0.12546390  0.12546390  0.13310059  0.13310059  0.11042343  
17_5_0     0.24924141  0.24924141  0.28608004  0.28608004  0.26743103  0.20563598  0.26743103  0.25828022  0.24031190  0.24031190  0.24924141  0.23148908  0.23148908  0.03949934  0.05314966  0.00000000  0.00000000  0.14081708  0.14081708  0.13310059  0.13310059  0.14081708  
11_5_0     0.24924141  0.24924141  0.28608004  0.28608004  0.26743103  0.20563598  0.26743103  0.25828022  0.24031190  0.24031190  0.24924141  0.23148908  0.23148908  0.03949934  0.05314966  0.00000000  0.00000000  0.14081708  0.14081708  0.13310059  0.13310059  0.14081708  
11_4_0     0.27669667  0.29558417  0.29558417  0.29558417  0.26743103  0.24924141  0.23148908  0.22277043  0.24031190  0.24031190  0.23148908  0.22277043  0.22277043  0.14081708  0.12546390  0.14081708  0.14081708  0.00000000  0.00000000  0.03276764  0.03276764  0.16446248  
17_4_0     0.27669667  0.29558417  0.29558417  0.29558417  0.26743103  0.24924141  0.23148908  0.22277043  0.24031190  0.24031190  0.23148908  0.22277043  0.22277043  0.14081708  0.12546390  0.14081708  0.14081708  0.00000000  0.00000000  0.03276764  0.03276764  0.16446248  
2_4_0      0.28608004  0.30521223  0.28608004  0.28608004  0.25828022  0.25828022  0.24924141  0.24031190  0.25828022  0.25828022  0.24924141  0.23148908  0.23148908  0.13310059  0.13310059  0.13310059  0.13310059  0.03276764  0.03276764  0.00000000  0.02609676  0.14081708  
24_4_0     0.24924141  0.26743103  0.26743103  0.26743103  0.24031190  0.24031190  0.26743103  0.25828022  0.27669667  0.27669667  0.26743103  0.23148908  0.23148908  0.13310059  0.13310059  0.13310059  0.13310059  0.03276764  0.03276764  0.02609676  0.00000000  0.15649626  
4_1_0      0.28608004  0.28608004  0.28608004  0.28608004  0.23148908  0.25828022  0.28608004  0.29558417  0.27669667  0.27669667  0.26743103  0.18065745  0.19721558  0.11042343  0.11042343  0.14081708  0.14081708  0.16446248  0.16446248  0.14081708  0.15649626  0.00000000  

