53
50_6_0     0.00000000  0.00443822  0.85580496  0.84168467  0.84168467  0.89987898  0.88489060  0.87020321  0.88489060  0.76224950  0.72554901  0.72554901  0.74981026  0.69060240  0.74981026  0.73757905  0.73757905  0.85580496  0.87020321  0.85580496  0.81423648  0.87020321  0.82783183  0.89987898  0.72554901  0.81423648  0.81423648  0.81423648  0.87020321  0.87020321  0.84168467  0.82783183  0.77490395  0.84168467  0.85580496  0.87020321  0.89987898  0.85580496  0.84168467  0.84168467  0.82783183  0.82783183  0.78778120  0.78778120  0.80088924  0.71371364  0.71371364  0.71371364  0.76224950  0.73757905  0.84168467  0.81423648  0.85580496  
50_5_0     0.00443822  0.00000000  0.85580496  0.84168467  0.84168467  0.89987898  0.88489060  0.87020321  0.88489060  0.76224950  0.72554901  0.72554901  0.74981026  0.69060240  0.74981026  0.73757905  0.73757905  0.85580496  0.87020321  0.85580496  0.81423648  0.87020321  0.82783183  0.89987898  0.72554901  0.81423648  0.81423648  0.81423648  0.87020321  0.87020321  0.84168467  0.82783183  0.77490395  0.84168467  0.85580496  0.87020321  0.89987898  0.85580496  0.84168467  0.84168467  0.82783183  0.82783183  0.78778120  0.78778120  0.80088924  0.71371364  0.71371364  0.71371364  0.76224950  0.73757905  0.84168467  0.80088924  0.85580496  
25_7_0     0.85580496  0.85580496  0.00000000  0.05991008  0.08930783  0.11474208  0.08930783  0.09432442  0.07937671  0.26347373  0.22636952  0.23242431  0.23852964  0.32291732  0.30928386  0.26347373  0.25089536  0.48389468  0.46694345  0.46694345  0.38762278  0.42620838  0.41052904  0.41052904  0.38762278  0.38762278  0.38762278  0.37274102  0.48389468  0.48389468  0.52807552  0.47536996  0.53724120  0.45037620  0.41832669  0.46694345  0.50124810  0.42620838  0.43417592  0.43417592  0.42620838  0.41832669  0.47536996  0.47536996  0.45861292  0.47536996  0.50124810  0.53724120  0.46694345  0.45861292  0.37274102  0.41832669  0.36541216  
28_7_0     0.84168467  0.84168467  0.05991008  0.00000000  0.02704248  0.05991008  0.03628349  0.04094814  0.01791678  0.22636952  0.20850019  0.21440826  0.22036444  0.30928386  0.26347373  0.21440826  0.20263947  0.47536996  0.45861292  0.47536996  0.38014405  0.41052904  0.41832669  0.42620838  0.38762278  0.39517877  0.41832669  0.37274102  0.42620838  0.42620838  0.45037620  0.44223121  0.47536996  0.39517877  0.44223121  0.43417592  0.46694345  0.44223121  0.43417592  0.43417592  0.42620838  0.41832669  0.50124810  0.50124810  0.51008169  0.46694345  0.45037620  0.48389468  0.47536996  0.46694345  0.35097115  0.39517877  0.34385617  
89_7_0     0.84168467  0.84168467  0.08930783  0.02704248  0.00000000  0.07937671  0.06472838  0.06957864  0.04564274  0.22636952  0.22036444  0.22636952  0.23242431  0.32291732  0.27627221  0.21440826  0.20263947  0.45037620  0.43417592  0.45037620  0.40281364  0.41832669  0.42620838  0.41832669  0.39517877  0.40281364  0.42620838  0.39517877  0.42620838  0.42620838  0.45037620  0.44223121  0.45861292  0.38014405  0.43417592  0.42620838  0.44223121  0.46694345  0.45861292  0.45861292  0.45037620  0.44223121  0.52807552  0.52807552  0.53724120  0.44223121  0.44223121  0.47536996  0.46694345  0.47536996  0.35815602  0.40281364  0.35097115  
22_7_0     0.89987898  0.89987898  0.11474208  0.05991008  0.07937671  0.00000000  0.02246540  0.02704248  0.04094814  0.23852964  0.22036444  0.22636952  0.23242431  0.35815602  0.28275642  0.23852964  0.21440826  0.50124810  0.48389468  0.50124810  0.38014405  0.42620838  0.40281364  0.42620838  0.39517877  0.37274102  0.39517877  0.35097115  0.44223121  0.44223121  0.46694345  0.45037620  0.51008169  0.42620838  0.41832669  0.45037620  0.45861292  0.42620838  0.42620838  0.42620838  0.43417592  0.42620838  0.48389468  0.48389468  0.51008169  0.46694345  0.45861292  0.51008169  0.47536996  0.46694345  0.35815602  0.38762278  0.35097115  
64_7_0     0.88489060  0.88489060  0.08930783  0.03628349  0.06472838  0.02246540  0.00000000  0.00443822  0.01791678  0.23242431  0.21440826  0.22036444  0.22636952  0.32291732  0.27627221  0.22036444  0.20850019  0.49251992  0.47536996  0.49251992  0.37274102  0.41832669  0.41052904  0.43417592  0.38762278  0.36541216  0.38762278  0.34385617  0.44223121  0.44223121  0.46694345  0.45037620  0.49251992  0.41052904  0.41052904  0.45037620  0.45861292  0.42620838  0.41832669  0.41832669  0.42620838  0.41832669  0.50124810  0.50124810  0.52807552  0.45037620  0.45037620  0.50124810  0.45861292  0.45037620  0.34385617  0.38762278  0.33680974  
71_7_0     0.87020321  0.87020321  0.09432442  0.04094814  0.06957864  0.02704248  0.00443822  0.00000000  0.02246540  0.23852964  0.22036444  0.22636952  0.22036444  0.32983055  0.28275642  0.22636952  0.21440826  0.48389468  0.46694345  0.48389468  0.37274102  0.41832669  0.41052904  0.43417592  0.38014405  0.37274102  0.39517877  0.35097115  0.43417592  0.43417592  0.46694345  0.45037620  0.48389468  0.40281364  0.41832669  0.45861292  0.46694345  0.43417592  0.42620838  0.42620838  0.43417592  0.42620838  0.49251992  0.49251992  0.53724120  0.44223121  0.45861292  0.51008169  0.46694345  0.44223121  0.35097115  0.39517877  0.34385617  
77_7_0     0.88489060  0.88489060  0.07937671  0.01791678  0.04564274  0.04094814  0.01791678  0.02246540  0.00000000  0.23242431  0.21440826  0.22036444  0.22636952  0.31606883  0.26984497  0.22036444  0.20850019  0.50124810  0.48389468  0.50124810  0.37274102  0.40281364  0.41052904  0.41832669  0.39517877  0.37274102  0.41052904  0.36541216  0.43417592  0.43417592  0.45861292  0.43417592  0.50124810  0.41832669  0.41832669  0.42620838  0.44223121  0.43417592  0.42620838  0.42620838  0.41832669  0.41052904  0.51008169  0.51008169  0.53724120  0.45861292  0.44223121  0.49251992  0.46694345  0.45861292  0.34385617  0.38762278  0.33680974  
87_0_0     0.76224950  0.76224950  0.26347373  0.22636952  0.22636952  0.23852964  0.23242431  0.23852964  0.23242431  0.00000000  0.08432542  0.07937671  0.08930783  0.16842833  0.10446201  0.05512331  0.04564274  0.40281364  0.40281364  0.41052904  0.35815602  0.40281364  0.40281364  0.40281364  0.35815602  0.38014405  0.38014405  0.36541216  0.43417592  0.43417592  0.42620838  0.39517877  0.51902327  0.46694345  0.33680974  0.39517877  0.41832669  0.41052904  0.40281364  0.40281364  0.39517877  0.38762278  0.42620838  0.42620838  0.41832669  0.32983055  0.37274102  0.38014405  0.35815602  0.36541216  0.30256126  0.31606883  0.30928386  
71_0_0     0.72554901  0.72554901  0.22636952  0.20850019  0.22036444  0.22036444  0.21440826  0.22036444  0.21440826  0.08432542  0.00000000  0.00443822  0.02246540  0.17402021  0.10958398  0.07446127  0.05512331  0.41052904  0.42620838  0.41832669  0.35097115  0.41052904  0.38014405  0.39517877  0.33680974  0.34385617  0.34385617  0.34385617  0.41832669  0.41832669  0.42620838  0.39517877  0.51008169  0.45861292  0.35815602  0.40281364  0.42620838  0.37274102  0.38014405  0.38014405  0.35815602  0.35097115  0.41052904  0.41052904  0.38762278  0.35815602  0.39517877  0.41052904  0.37274102  0.38014405  0.30928386  0.32291732  0.30256126  
64_0_0     0.72554901  0.72554901  0.23242431  0.21440826  0.22636952  0.22636952  0.22036444  0.22636952  0.22036444  0.07937671  0.00443822  0.00000000  0.02704248  0.16842833  0.11474208  0.06957864  0.05036767  0.40281364  0.43417592  0.41052904  0.35815602  0.40281364  0.37274102  0.40281364  0.34385617  0.35097115  0.35097115  0.35097115  0.42620838  0.42620838  0.43417592  0.40281364  0.51902327  0.46694345  0.36541216  0.41052904  0.41832669  0.38014405  0.37274102  0.37274102  0.36541216  0.35815602  0.41832669  0.41832669  0.39517877  0.35097115  0.38762278  0.40281364  0.38014405  0.38762278  0.31606883  0.32983055  0.30928386  
22_0_0     0.74981026  0.74981026  0.23852964  0.22036444  0.23242431  0.23242431  0.22636952  0.22036444  0.22636952  0.08930783  0.02246540  0.02704248  0.00000000  0.17965518  0.11474208  0.07937671  0.05991008  0.38762278  0.40281364  0.39517877  0.36541216  0.41052904  0.39517877  0.41052904  0.34385617  0.36541216  0.36541216  0.36541216  0.39517877  0.39517877  0.41052904  0.38014405  0.50124810  0.43417592  0.36541216  0.41052904  0.43417592  0.38014405  0.40281364  0.40281364  0.38014405  0.37274102  0.40281364  0.40281364  0.41052904  0.33680974  0.38762278  0.40281364  0.36541216  0.35815602  0.31606883  0.32983055  0.30928386  
77_0_0     0.69060240  0.69060240  0.32291732  0.30928386  0.32291732  0.35815602  0.32291732  0.32983055  0.31606883  0.16842833  0.17402021  0.16842833  0.17965518  0.00000000  0.12516871  0.14647874  0.14109274  0.53724120  0.54652320  0.53724120  0.45861292  0.47536996  0.45861292  0.49251992  0.45037620  0.47536996  0.42620838  0.44223121  0.50124810  0.50124810  0.47536996  0.44223121  0.57509761  0.51008169  0.43417592  0.47536996  0.51902327  0.50124810  0.51008169  0.51008169  0.50124810  0.49251992  0.49251992  0.49251992  0.45861292  0.41052904  0.45037620  0.43417592  0.45861292  0.45037620  0.38014405  0.41052904  0.37274102  
77_8_0     0.74981026  0.74981026  0.30928386  0.26347373  0.27627221  0.28275642  0.27627221  0.28275642  0.26984497  0.10446201  0.10958398  0.11474208  0.11474208  0.12516871  0.00000000  0.09937565  0.08930783  0.47536996  0.45861292  0.50124810  0.41052904  0.45037620  0.44223121  0.40281364  0.41052904  0.41052904  0.41832669  0.40281364  0.47536996  0.47536996  0.45037620  0.45037620  0.56544824  0.51008169  0.40281364  0.43417592  0.51008169  0.44223121  0.43417592  0.43417592  0.41052904  0.41832669  0.45037620  0.45037620  0.42620838  0.39517877  0.40281364  0.38014405  0.40281364  0.39517877  0.35097115  0.36541216  0.34385617  
89_0_0     0.73757905  0.73757905  0.26347373  0.21440826  0.21440826  0.23852964  0.22036444  0.22636952  0.22036444  0.05512331  0.07446127  0.06957864  0.07937671  0.14647874  0.09937565  0.00000000  0.01791678  0.37274102  0.38762278  0.39517877  0.35097115  0.39517877  0.38014405  0.41052904  0.35097115  0.37274102  0.37274102  0.35815602  0.43417592  0.43417592  0.42620838  0.39517877  0.50124810  0.44223121  0.35097115  0.42620838  0.43417592  0.39517877  0.40281364  0.40281364  0.41052904  0.40281364  0.41832669  0.41832669  0.41052904  0.33680974  0.34385617  0.37274102  0.35097115  0.35815602  0.28275642  0.30928386  0.27627221  
25_0_0     0.73757905  0.73757905  0.25089536  0.20263947  0.20263947  0.21440826  0.20850019  0.21440826  0.20850019  0.04564274  0.05512331  0.05036767  0.05991008  0.14109274  0.08930783  0.01791678  0.00000000  0.37274102  0.38762278  0.39517877  0.33680974  0.38014405  0.36541216  0.39517877  0.33680974  0.35815602  0.35815602  0.34385617  0.41832669  0.41832669  0.41052904  0.38014405  0.51008169  0.44223121  0.35815602  0.41832669  0.42620838  0.38762278  0.39517877  0.39517877  0.40281364  0.39517877  0.41052904  0.41052904  0.40281364  0.34385617  0.34385617  0.37274102  0.35097115  0.35815602  0.28275642  0.29589988  0.27627221  
95_12_0    0.85580496  0.85580496  0.48389468  0.47536996  0.45037620  0.50124810  0.49251992  0.48389468  0.50124810  0.40281364  0.41052904  0.40281364  0.38762278  0.53724120  0.47536996  0.37274102  0.37274102  0.00000000  0.02704248  0.01339627  0.43417592  0.44223121  0.41832669  0.40281364  0.39517877  0.38762278  0.43417592  0.42620838  0.37274102  0.37274102  0.40281364  0.41052904  0.43417592  0.41832669  0.40281364  0.42620838  0.41832669  0.46694345  0.50124810  0.50124810  0.51902327  0.51008169  0.48389468  0.48389468  0.49251992  0.44223121  0.49251992  0.52807552  0.47536996  0.47536996  0.38762278  0.38014405  0.39517877  
48_12_0    0.87020321  0.87020321  0.46694345  0.45861292  0.43417592  0.48389468  0.47536996  0.46694345  0.48389468  0.40281364  0.42620838  0.43417592  0.40281364  0.54652320  0.45861292  0.38762278  0.38762278  0.02704248  0.00000000  0.03164839  0.43417592  0.44223121  0.41832669  0.38762278  0.38014405  0.37274102  0.43417592  0.42620838  0.38762278  0.38762278  0.41832669  0.42620838  0.43417592  0.40281364  0.41832669  0.44223121  0.45037620  0.46694345  0.50124810  0.50124810  0.50124810  0.49251992  0.50124810  0.50124810  0.51008169  0.45861292  0.49251992  0.50124810  0.45861292  0.45861292  0.35815602  0.35097115  0.36541216  
79_12_0    0.85580496  0.85580496  0.46694345  0.47536996  0.45037620  0.50124810  0.49251992  0.48389468  0.50124810  0.41052904  0.41832669  0.41052904  0.39517877  0.53724120  0.50124810  0.39517877  0.39517877  0.01339627  0.03164839  0.00000000  0.45861292  0.46694345  0.44223121  0.42620838  0.41832669  0.41052904  0.44223121  0.45037620  0.38762278  0.38762278  0.41832669  0.41052904  0.43417592  0.41832669  0.41052904  0.43417592  0.42620838  0.47536996  0.52807552  0.52807552  0.54652320  0.53724120  0.49251992  0.49251992  0.50124810  0.45037620  0.50124810  0.52807552  0.48389468  0.48389468  0.41052904  0.40281364  0.41832669  
81_9_0     0.81423648  0.81423648  0.38762278  0.38014405  0.40281364  0.38014405  0.37274102  0.37274102  0.37274102  0.35815602  0.35097115  0.35815602  0.36541216  0.45861292  0.41052904  0.35097115  0.33680974  0.43417592  0.43417592  0.45861292  0.00000000  0.06957864  0.07446127  0.09937565  0.07937671  0.08432542  0.06472838  0.06957864  0.35097115  0.35097115  0.33680974  0.34385617  0.41052904  0.36541216  0.39517877  0.38762278  0.39517877  0.30256126  0.32983055  0.32983055  0.33680974  0.32983055  0.34385617  0.34385617  0.37274102  0.30928386  0.38762278  0.45037620  0.36541216  0.36541216  0.18533389  0.19105704  0.19105704  
68_9_0     0.87020321  0.87020321  0.42620838  0.41052904  0.41832669  0.42620838  0.41832669  0.41832669  0.40281364  0.40281364  0.41052904  0.40281364  0.41052904  0.47536996  0.45037620  0.39517877  0.38014405  0.44223121  0.44223121  0.46694345  0.06957864  0.00000000  0.09937565  0.10446201  0.10446201  0.08930783  0.07937671  0.08930783  0.36541216  0.36541216  0.36541216  0.38762278  0.41052904  0.36541216  0.41052904  0.35815602  0.34385617  0.35815602  0.35815602  0.35815602  0.38014405  0.37274102  0.40281364  0.40281364  0.46694345  0.32291732  0.38762278  0.45037620  0.44223121  0.45861292  0.20263947  0.20850019  0.20850019  
23_9_0     0.82783183  0.82783183  0.41052904  0.41832669  0.42620838  0.40281364  0.41052904  0.41052904  0.41052904  0.40281364  0.38014405  0.37274102  0.39517877  0.45861292  0.44223121  0.38014405  0.36541216  0.41832669  0.41832669  0.44223121  0.07446127  0.09937565  0.00000000  0.09937565  0.07937671  0.09432442  0.08432542  0.09432442  0.34385617  0.34385617  0.34385617  0.35097115  0.37274102  0.31606883  0.41052904  0.38762278  0.38014405  0.31606883  0.30256126  0.30256126  0.32291732  0.31606883  0.34385617  0.34385617  0.38762278  0.36541216  0.38014405  0.41052904  0.38762278  0.38762278  0.19105704  0.18533389  0.18533389  
86_9_0     0.89987898  0.89987898  0.41052904  0.42620838  0.41832669  0.42620838  0.43417592  0.43417592  0.41832669  0.40281364  0.39517877  0.40281364  0.41052904  0.49251992  0.40281364  0.41052904  0.39517877  0.40281364  0.38762278  0.42620838  0.09937565  0.10446201  0.09937565  0.00000000  0.11474208  0.08930783  0.09937565  0.10958398  0.32291732  0.32291732  0.35097115  0.35815602  0.39517877  0.37274102  0.37274102  0.33680974  0.36541216  0.32983055  0.32983055  0.32983055  0.32291732  0.32983055  0.35815602  0.35815602  0.38762278  0.30928386  0.39517877  0.41052904  0.40281364  0.40281364  0.20850019  0.21440826  0.21440826  
60_9_0     0.72554901  0.72554901  0.38762278  0.38762278  0.39517877  0.39517877  0.38762278  0.38014405  0.39517877  0.35815602  0.33680974  0.34385617  0.34385617  0.45037620  0.41052904  0.35097115  0.33680974  0.39517877  0.38014405  0.41832669  0.07937671  0.10446201  0.07937671  0.11474208  0.00000000  0.04094814  0.05036767  0.05036767  0.34385617  0.34385617  0.36541216  0.35815602  0.37274102  0.32983055  0.38762278  0.38762278  0.36541216  0.33680974  0.35097115  0.35097115  0.33680974  0.32983055  0.32983055  0.32983055  0.38014405  0.33680974  0.38762278  0.41832669  0.38762278  0.38014405  0.18533389  0.19105704  0.19105704  
32_9_0     0.81423648  0.81423648  0.38762278  0.39517877  0.40281364  0.37274102  0.36541216  0.37274102  0.37274102  0.38014405  0.34385617  0.35097115  0.36541216  0.47536996  0.41052904  0.37274102  0.35815602  0.38762278  0.37274102  0.41052904  0.08432542  0.08930783  0.09432442  0.08930783  0.04094814  0.00000000  0.04564274  0.04564274  0.35097115  0.35097115  0.38014405  0.37274102  0.38014405  0.35097115  0.38762278  0.35815602  0.34385617  0.32983055  0.34385617  0.34385617  0.34385617  0.33680974  0.38014405  0.38014405  0.41832669  0.31606883  0.38762278  0.41832669  0.37274102  0.39517877  0.17965518  0.18533389  0.18533389  
33_9_0     0.81423648  0.81423648  0.38762278  0.41832669  0.42620838  0.39517877  0.38762278  0.39517877  0.41052904  0.38014405  0.34385617  0.35097115  0.36541216  0.42620838  0.41832669  0.37274102  0.35815602  0.43417592  0.43417592  0.44223121  0.06472838  0.07937671  0.08432542  0.09937565  0.05036767  0.04564274  0.00000000  0.02704248  0.33680974  0.33680974  0.36541216  0.34385617  0.39517877  0.35097115  0.38014405  0.36541216  0.34385617  0.31606883  0.35815602  0.35815602  0.37274102  0.36541216  0.35097115  0.35097115  0.38762278  0.30256126  0.37274102  0.43417592  0.37274102  0.39517877  0.17965518  0.18533389  0.18533389  
35_9_0     0.81423648  0.81423648  0.37274102  0.37274102  0.39517877  0.35097115  0.34385617  0.35097115  0.36541216  0.36541216  0.34385617  0.35097115  0.36541216  0.44223121  0.40281364  0.35815602  0.34385617  0.42620838  0.42620838  0.45037620  0.06957864  0.08930783  0.09432442  0.10958398  0.05036767  0.04564274  0.02704248  0.00000000  0.33680974  0.33680974  0.35097115  0.35815602  0.38014405  0.33680974  0.37274102  0.37274102  0.35097115  0.32291732  0.35097115  0.35097115  0.36541216  0.35815602  0.35815602  0.35815602  0.39517877  0.30928386  0.39517877  0.44223121  0.39517877  0.41832669  0.17402021  0.17965518  0.17965518  
75_9_0     0.87020321  0.87020321  0.48389468  0.42620838  0.42620838  0.44223121  0.44223121  0.43417592  0.43417592  0.43417592  0.41832669  0.42620838  0.39517877  0.50124810  0.47536996  0.43417592  0.41832669  0.37274102  0.38762278  0.38762278  0.35097115  0.36541216  0.34385617  0.32291732  0.34385617  0.35097115  0.33680974  0.33680974  0.00000000  0.00000000  0.04564274  0.05991008  0.18533389  0.12516871  0.47536996  0.41052904  0.43417592  0.45037620  0.45037620  0.45037620  0.45037620  0.44223121  0.45037620  0.45037620  0.48389468  0.39517877  0.51902327  0.56544824  0.54652320  0.53724120  0.34385617  0.35097115  0.35097115  
37_9_0     0.87020321  0.87020321  0.48389468  0.42620838  0.42620838  0.44223121  0.44223121  0.43417592  0.43417592  0.43417592  0.41832669  0.42620838  0.39517877  0.50124810  0.47536996  0.43417592  0.41832669  0.37274102  0.38762278  0.38762278  0.35097115  0.36541216  0.34385617  0.32291732  0.34385617  0.35097115  0.33680974  0.33680974  0.00000000  0.00000000  0.04564274  0.05991008  0.18533389  0.12516871  0.47536996  0.41052904  0.43417592  0.45037620  0.45037620  0.45037620  0.45037620  0.44223121  0.45037620  0.45037620  0.48389468  0.39517877  0.51902327  0.56544824  0.54652320  0.53724120  0.34385617  0.35097115  0.35097115  
98_9_0     0.84168467  0.84168467  0.52807552  0.45037620  0.45037620  0.46694345  0.46694345  0.46694345  0.45861292  0.42620838  0.42620838  0.43417592  0.41052904  0.47536996  0.45037620  0.42620838  0.41052904  0.40281364  0.41832669  0.41832669  0.33680974  0.36541216  0.34385617  0.35097115  0.36541216  0.38014405  0.36541216  0.35097115  0.04564274  0.04564274  0.00000000  0.05036767  0.19682533  0.12516871  0.50124810  0.45037620  0.49251992  0.43417592  0.46694345  0.46694345  0.46694345  0.45861292  0.47536996  0.47536996  0.48389468  0.40281364  0.53724120  0.56544824  0.54652320  0.54652320  0.32983055  0.33680974  0.33680974  
24_9_0     0.82783183  0.82783183  0.47536996  0.44223121  0.44223121  0.45037620  0.45037620  0.45037620  0.43417592  0.39517877  0.39517877  0.40281364  0.38014405  0.44223121  0.45037620  0.39517877  0.38014405  0.41052904  0.42620838  0.41052904  0.34385617  0.38762278  0.35097115  0.35815602  0.35815602  0.37274102  0.34385617  0.35815602  0.05991008  0.05991008  0.05036767  0.00000000  0.22636952  0.16287887  0.45861292  0.39517877  0.43417592  0.44223121  0.45861292  0.45861292  0.45861292  0.45037620  0.45037620  0.45037620  0.47536996  0.39517877  0.45861292  0.51902327  0.45037620  0.45037620  0.35097115  0.35815602  0.35815602  
70_9_0     0.77490395  0.77490395  0.53724120  0.47536996  0.45861292  0.51008169  0.49251992  0.48389468  0.50124810  0.51902327  0.51008169  0.51902327  0.50124810  0.57509761  0.56544824  0.50124810  0.51008169  0.43417592  0.43417592  0.43417592  0.41052904  0.41052904  0.37274102  0.39517877  0.37274102  0.38014405  0.39517877  0.38014405  0.18533389  0.18533389  0.19682533  0.22636952  0.00000000  0.08930783  0.59478686  0.53724120  0.52807552  0.51902327  0.45037620  0.45037620  0.45037620  0.44223121  0.50124810  0.50124810  0.53724120  0.47536996  0.54652320  0.52807552  0.56544824  0.57509761  0.38014405  0.41832669  0.38762278  
52_9_0     0.84168467  0.84168467  0.45037620  0.39517877  0.38014405  0.42620838  0.41052904  0.40281364  0.41832669  0.46694345  0.45861292  0.46694345  0.43417592  0.51008169  0.51008169  0.44223121  0.44223121  0.41832669  0.40281364  0.41832669  0.36541216  0.36541216  0.31606883  0.37274102  0.32983055  0.35097115  0.35097115  0.33680974  0.12516871  0.12516871  0.12516871  0.16287887  0.08930783  0.00000000  0.56544824  0.50124810  0.51902327  0.46694345  0.44223121  0.44223121  0.44223121  0.43417592  0.47536996  0.47536996  0.51008169  0.45037620  0.51008169  0.51008169  0.51008169  0.51902327  0.32983055  0.36541216  0.32291732  
63_9_0     0.85580496  0.85580496  0.41832669  0.44223121  0.43417592  0.41832669  0.41052904  0.41832669  0.41832669  0.33680974  0.35815602  0.36541216  0.36541216  0.43417592  0.40281364  0.35097115  0.35815602  0.40281364  0.41832669  0.41052904  0.39517877  0.41052904  0.41052904  0.37274102  0.38762278  0.38762278  0.38014405  0.37274102  0.47536996  0.47536996  0.50124810  0.45861292  0.59478686  0.56544824  0.00000000  0.13574612  0.17402021  0.25089536  0.26347373  0.26347373  0.25089536  0.25715750  0.27627221  0.27627221  0.30256126  0.25715750  0.35815602  0.39517877  0.30256126  0.29589988  0.31606883  0.33680974  0.30928386  
82_9_0     0.87020321  0.87020321  0.46694345  0.43417592  0.42620838  0.45037620  0.45037620  0.45861292  0.42620838  0.39517877  0.40281364  0.41052904  0.41052904  0.47536996  0.43417592  0.42620838  0.41832669  0.42620838  0.44223121  0.43417592  0.38762278  0.35815602  0.38762278  0.33680974  0.38762278  0.35815602  0.36541216  0.37274102  0.41052904  0.41052904  0.45037620  0.39517877  0.53724120  0.50124810  0.13574612  0.00000000  0.07446127  0.34385617  0.33680974  0.33680974  0.30928386  0.31606883  0.35815602  0.35815602  0.38762278  0.25715750  0.29589988  0.32983055  0.33680974  0.32983055  0.33680974  0.36541216  0.34385617  
62_9_0     0.89987898  0.89987898  0.50124810  0.46694345  0.44223121  0.45861292  0.45861292  0.46694345  0.44223121  0.41832669  0.42620838  0.41832669  0.43417592  0.51902327  0.51008169  0.43417592  0.42620838  0.41832669  0.45037620  0.42620838  0.39517877  0.34385617  0.38014405  0.36541216  0.36541216  0.34385617  0.34385617  0.35097115  0.43417592  0.43417592  0.49251992  0.43417592  0.52807552  0.51902327  0.17402021  0.07446127  0.00000000  0.39517877  0.38762278  0.38762278  0.37274102  0.36541216  0.41052904  0.41052904  0.45861292  0.27627221  0.32983055  0.36541216  0.37274102  0.38014405  0.33680974  0.36541216  0.34385617  
96_14_0    0.85580496  0.85580496  0.42620838  0.44223121  0.46694345  0.42620838  0.42620838  0.43417592  0.43417592  0.41052904  0.37274102  0.38014405  0.38014405  0.50124810  0.44223121  0.39517877  0.38762278  0.46694345  0.46694345  0.47536996  0.30256126  0.35815602  0.31606883  0.32983055  0.33680974  0.32983055  0.31606883  0.32291732  0.45037620  0.45037620  0.43417592  0.44223121  0.51902327  0.46694345  0.25089536  0.34385617  0.39517877  0.00000000  0.06472838  0.06472838  0.07446127  0.07937671  0.06957864  0.06957864  0.10446201  0.25089536  0.26347373  0.32291732  0.25089536  0.25715750  0.26984497  0.27627221  0.26347373  
93_15_0    0.84168467  0.84168467  0.43417592  0.43417592  0.45861292  0.42620838  0.41832669  0.42620838  0.42620838  0.40281364  0.38014405  0.37274102  0.40281364  0.51008169  0.43417592  0.40281364  0.39517877  0.50124810  0.50124810  0.52807552  0.32983055  0.35815602  0.30256126  0.32983055  0.35097115  0.34385617  0.35815602  0.35097115  0.45037620  0.45037620  0.46694345  0.45861292  0.45037620  0.44223121  0.26347373  0.33680974  0.38762278  0.06472838  0.00000000  0.00000000  0.01791678  0.02246540  0.09937565  0.09937565  0.14647874  0.26347373  0.28275642  0.32983055  0.27627221  0.28275642  0.29589988  0.30256126  0.28929863  
55_15_0    0.84168467  0.84168467  0.43417592  0.43417592  0.45861292  0.42620838  0.41832669  0.42620838  0.42620838  0.40281364  0.38014405  0.37274102  0.40281364  0.51008169  0.43417592  0.40281364  0.39517877  0.50124810  0.50124810  0.52807552  0.32983055  0.35815602  0.30256126  0.32983055  0.35097115  0.34385617  0.35815602  0.35097115  0.45037620  0.45037620  0.46694345  0.45861292  0.45037620  0.44223121  0.26347373  0.33680974  0.38762278  0.06472838  0.00000000  0.00000000  0.01791678  0.02246540  0.09937565  0.09937565  0.14647874  0.26347373  0.28275642  0.32983055  0.27627221  0.28275642  0.29589988  0.30256126  0.28929863  
55_14_0    0.82783183  0.82783183  0.42620838  0.42620838  0.45037620  0.43417592  0.42620838  0.43417592  0.41832669  0.39517877  0.35815602  0.36541216  0.38014405  0.50124810  0.41052904  0.41052904  0.40281364  0.51902327  0.50124810  0.54652320  0.33680974  0.38014405  0.32291732  0.32291732  0.33680974  0.34385617  0.37274102  0.36541216  0.45037620  0.45037620  0.46694345  0.45861292  0.45037620  0.44223121  0.25089536  0.30928386  0.37274102  0.07446127  0.01791678  0.01791678  0.00000000  0.00443822  0.09937565  0.09937565  0.13574612  0.27627221  0.28275642  0.31606883  0.26347373  0.26984497  0.30928386  0.31606883  0.30256126  
93_14_0    0.82783183  0.82783183  0.41832669  0.41832669  0.44223121  0.42620838  0.41832669  0.42620838  0.41052904  0.38762278  0.35097115  0.35815602  0.37274102  0.49251992  0.41832669  0.40281364  0.39517877  0.51008169  0.49251992  0.53724120  0.32983055  0.37274102  0.31606883  0.32983055  0.32983055  0.33680974  0.36541216  0.35815602  0.44223121  0.44223121  0.45861292  0.45037620  0.44223121  0.43417592  0.25715750  0.31606883  0.36541216  0.07937671  0.02246540  0.02246540  0.00443822  0.00000000  0.10446201  0.10446201  0.14109274  0.26984497  0.28929863  0.32291732  0.26984497  0.27627221  0.30256126  0.30928386  0.29589988  
93_9_0     0.78778120  0.78778120  0.47536996  0.50124810  0.52807552  0.48389468  0.50124810  0.49251992  0.51008169  0.42620838  0.41052904  0.41832669  0.40281364  0.49251992  0.45037620  0.41832669  0.41052904  0.48389468  0.50124810  0.49251992  0.34385617  0.40281364  0.34385617  0.35815602  0.32983055  0.38014405  0.35097115  0.35815602  0.45037620  0.45037620  0.47536996  0.45037620  0.50124810  0.47536996  0.27627221  0.35815602  0.41052904  0.06957864  0.09937565  0.09937565  0.09937565  0.10446201  0.00000000  0.00000000  0.05991008  0.28275642  0.28275642  0.31606883  0.28929863  0.26984497  0.32983055  0.35097115  0.32291732  
55_9_0     0.78778120  0.78778120  0.47536996  0.50124810  0.52807552  0.48389468  0.50124810  0.49251992  0.51008169  0.42620838  0.41052904  0.41832669  0.40281364  0.49251992  0.45037620  0.41832669  0.41052904  0.48389468  0.50124810  0.49251992  0.34385617  0.40281364  0.34385617  0.35815602  0.32983055  0.38014405  0.35097115  0.35815602  0.45037620  0.45037620  0.47536996  0.45037620  0.50124810  0.47536996  0.27627221  0.35815602  0.41052904  0.06957864  0.09937565  0.09937565  0.09937565  0.10446201  0.00000000  0.00000000  0.05991008  0.28275642  0.28275642  0.31606883  0.28929863  0.26984497  0.32983055  0.35097115  0.32291732  
96_9_0     0.80088924  0.80088924  0.45861292  0.51008169  0.53724120  0.51008169  0.52807552  0.53724120  0.53724120  0.41832669  0.38762278  0.39517877  0.41052904  0.45861292  0.42620838  0.41052904  0.40281364  0.49251992  0.51008169  0.50124810  0.37274102  0.46694345  0.38762278  0.38762278  0.38014405  0.41832669  0.38762278  0.39517877  0.48389468  0.48389468  0.48389468  0.47536996  0.53724120  0.51008169  0.30256126  0.38762278  0.45861292  0.10446201  0.14647874  0.14647874  0.13574612  0.14109274  0.05991008  0.05991008  0.00000000  0.32291732  0.30928386  0.34385617  0.28929863  0.28275642  0.35097115  0.37274102  0.34385617  
63_13_0    0.71371364  0.71371364  0.47536996  0.46694345  0.44223121  0.46694345  0.45037620  0.44223121  0.45861292  0.32983055  0.35815602  0.35097115  0.33680974  0.41052904  0.39517877  0.33680974  0.34385617  0.44223121  0.45861292  0.45037620  0.30928386  0.32291732  0.36541216  0.30928386  0.33680974  0.31606883  0.30256126  0.30928386  0.39517877  0.39517877  0.40281364  0.39517877  0.47536996  0.45037620  0.25715750  0.25715750  0.27627221  0.25089536  0.26347373  0.26347373  0.27627221  0.26984497  0.28275642  0.28275642  0.32291732  0.00000000  0.19105704  0.23242431  0.22036444  0.21440826  0.25715750  0.27627221  0.26347373  
82_13_0    0.71371364  0.71371364  0.50124810  0.45037620  0.44223121  0.45861292  0.45037620  0.45861292  0.44223121  0.37274102  0.39517877  0.38762278  0.38762278  0.45037620  0.40281364  0.34385617  0.34385617  0.49251992  0.49251992  0.50124810  0.38762278  0.38762278  0.38014405  0.39517877  0.38762278  0.38762278  0.37274102  0.39517877  0.51902327  0.51902327  0.53724120  0.45861292  0.54652320  0.51008169  0.35815602  0.29589988  0.32983055  0.26347373  0.28275642  0.28275642  0.28275642  0.28929863  0.28275642  0.28275642  0.30928386  0.19105704  0.00000000  0.06472838  0.10446201  0.10958398  0.32983055  0.35815602  0.32291732  
62_13_0    0.71371364  0.71371364  0.53724120  0.48389468  0.47536996  0.51008169  0.50124810  0.51008169  0.49251992  0.38014405  0.41052904  0.40281364  0.40281364  0.43417592  0.38014405  0.37274102  0.37274102  0.52807552  0.50124810  0.52807552  0.45037620  0.45037620  0.41052904  0.41052904  0.41832669  0.41832669  0.43417592  0.44223121  0.56544824  0.56544824  0.56544824  0.51902327  0.52807552  0.51008169  0.39517877  0.32983055  0.36541216  0.32291732  0.32983055  0.32983055  0.31606883  0.32291732  0.31606883  0.31606883  0.34385617  0.23242431  0.06472838  0.00000000  0.12516871  0.13043829  0.37274102  0.40281364  0.36541216  
62_16_0    0.76224950  0.76224950  0.46694345  0.47536996  0.46694345  0.47536996  0.45861292  0.46694345  0.46694345  0.35815602  0.37274102  0.38014405  0.36541216  0.45861292  0.40281364  0.35097115  0.35097115  0.47536996  0.45861292  0.48389468  0.36541216  0.44223121  0.38762278  0.40281364  0.38762278  0.37274102  0.37274102  0.39517877  0.54652320  0.54652320  0.54652320  0.45037620  0.56544824  0.51008169  0.30256126  0.33680974  0.37274102  0.25089536  0.27627221  0.27627221  0.26347373  0.26984497  0.28929863  0.28929863  0.28929863  0.22036444  0.10446201  0.12516871  0.00000000  0.01339627  0.34385617  0.34385617  0.33680974  
82_16_0    0.73757905  0.73757905  0.45861292  0.46694345  0.47536996  0.46694345  0.45037620  0.44223121  0.45861292  0.36541216  0.38014405  0.38762278  0.35815602  0.45037620  0.39517877  0.35815602  0.35815602  0.47536996  0.45861292  0.48389468  0.36541216  0.45861292  0.38762278  0.40281364  0.38014405  0.39517877  0.39517877  0.41832669  0.53724120  0.53724120  0.54652320  0.45037620  0.57509761  0.51902327  0.29589988  0.32983055  0.38014405  0.25715750  0.28275642  0.28275642  0.26984497  0.27627221  0.26984497  0.26984497  0.28275642  0.21440826  0.10958398  0.13043829  0.01339627  0.00000000  0.35097115  0.36541216  0.34385617  
95_9_0     0.84168467  0.84168467  0.37274102  0.35097115  0.35815602  0.35815602  0.34385617  0.35097115  0.34385617  0.30256126  0.30928386  0.31606883  0.31606883  0.38014405  0.35097115  0.28275642  0.28275642  0.38762278  0.35815602  0.41052904  0.18533389  0.20263947  0.19105704  0.20850019  0.18533389  0.17965518  0.17965518  0.17402021  0.34385617  0.34385617  0.32983055  0.35097115  0.38014405  0.32983055  0.31606883  0.33680974  0.33680974  0.26984497  0.29589988  0.29589988  0.30928386  0.30256126  0.32983055  0.32983055  0.35097115  0.25715750  0.32983055  0.37274102  0.34385617  0.35097115  0.00000000  0.03164839  0.00443822  
48_9_0     0.81423648  0.80088924  0.41832669  0.39517877  0.40281364  0.38762278  0.38762278  0.39517877  0.38762278  0.31606883  0.32291732  0.32983055  0.32983055  0.41052904  0.36541216  0.30928386  0.29589988  0.38014405  0.35097115  0.40281364  0.19105704  0.20850019  0.18533389  0.21440826  0.19105704  0.18533389  0.18533389  0.17965518  0.35097115  0.35097115  0.33680974  0.35815602  0.41832669  0.36541216  0.33680974  0.36541216  0.36541216  0.27627221  0.30256126  0.30256126  0.31606883  0.30928386  0.35097115  0.35097115  0.37274102  0.27627221  0.35815602  0.40281364  0.34385617  0.36541216  0.03164839  0.00000000  0.03628349  
79_9_0     0.85580496  0.85580496  0.36541216  0.34385617  0.35097115  0.35097115  0.33680974  0.34385617  0.33680974  0.30928386  0.30256126  0.30928386  0.30928386  0.37274102  0.34385617  0.27627221  0.27627221  0.39517877  0.36541216  0.41832669  0.19105704  0.20850019  0.18533389  0.21440826  0.19105704  0.18533389  0.18533389  0.17965518  0.35097115  0.35097115  0.33680974  0.35815602  0.38762278  0.32291732  0.30928386  0.34385617  0.34385617  0.26347373  0.28929863  0.28929863  0.30256126  0.29589988  0.32291732  0.32291732  0.34385617  0.26347373  0.32291732  0.36541216  0.33680974  0.34385617  0.00443822  0.03628349  0.00000000  

