16
15_0_0     0.00000000  0.00000000  0.00439914  0.00882483  0.01775717  0.01775717  0.06412805  0.06893062  0.06893062  0.06893062  0.06893062  0.07376485  0.06893062  0.05935674  0.06412805  0.06412805  
18_0_0     0.00000000  0.00000000  0.00439914  0.00882483  0.01775717  0.01775717  0.06412805  0.06893062  0.06893062  0.06893062  0.06893062  0.07376485  0.06893062  0.05935674  0.06412805  0.06412805  
17_0_0     0.00439914  0.00439914  0.00000000  0.00439914  0.02226449  0.02226449  0.06893062  0.07376485  0.07376485  0.07376485  0.07376485  0.07863117  0.07376485  0.06412805  0.06893062  0.06893062  
19_0_0     0.00882483  0.00882483  0.00439914  0.00000000  0.02679968  0.02679968  0.06412805  0.06893062  0.06893062  0.06893062  0.06893062  0.07376485  0.06893062  0.05935674  0.06412805  0.06412805  
20_0_0     0.01775717  0.01775717  0.02226449  0.02679968  0.00000000  0.01775717  0.06412805  0.06893062  0.06893062  0.06893062  0.06893062  0.07376485  0.06893062  0.05935674  0.06412805  0.06412805  
16_0_0     0.01775717  0.01775717  0.02226449  0.02679968  0.01775717  0.00000000  0.06412805  0.07863117  0.07863117  0.07863117  0.07863117  0.08353000  0.07863117  0.06893062  0.07376485  0.07376485  
9_0_0      0.06412805  0.06412805  0.06893062  0.06412805  0.06412805  0.06412805  0.00000000  0.01327740  0.01327740  0.01327740  0.01327740  0.01775717  0.01327740  0.00439914  0.00882483  0.00882483  
1_0_0      0.06893062  0.06893062  0.07376485  0.06893062  0.06893062  0.07863117  0.01327740  0.00000000  0.00000000  0.00000000  0.00000000  0.00439914  0.00000000  0.00882483  0.00439914  0.00439914  
5_0_0      0.06893062  0.06893062  0.07376485  0.06893062  0.06893062  0.07863117  0.01327740  0.00000000  0.00000000  0.00000000  0.00000000  0.00439914  0.00000000  0.00882483  0.00439914  0.00439914  
10_0_0     0.06893062  0.06893062  0.07376485  0.06893062  0.06893062  0.07863117  0.01327740  0.00000000  0.00000000  0.00000000  0.00000000  0.00439914  0.00000000  0.00882483  0.00439914  0.00439914  
7_0_0      0.06893062  0.06893062  0.07376485  0.06893062  0.06893062  0.07863117  0.01327740  0.00000000  0.00000000  0.00000000  0.00000000  0.00439914  0.00000000  0.00882483  0.00439914  0.00439914  
4_0_0      0.07376485  0.07376485  0.07863117  0.07376485  0.07376485  0.08353000  0.01775717  0.00439914  0.00439914  0.00439914  0.00439914  0.00000000  0.00439914  0.01327740  0.00882483  0.00882483  
12_0_0     0.06893062  0.06893062  0.07376485  0.06893062  0.06893062  0.07863117  0.01327740  0.00000000  0.00000000  0.00000000  0.00000000  0.00439914  0.00000000  0.00882483  0.00439914  0.00439914  
8_2_0      0.05935674  0.05935674  0.06412805  0.05935674  0.05935674  0.06893062  0.00439914  0.00882483  0.00882483  0.00882483  0.00882483  0.01327740  0.00882483  0.00000000  0.00439914  0.00439914  
8_0_0      0.06412805  0.06412805  0.06893062  0.06412805  0.06412805  0.07376485  0.00882483  0.00439914  0.00439914  0.00439914  0.00439914  0.00882483  0.00439914  0.00439914  0.00000000  0.00000000  
8_1_0      0.06412805  0.06412805  0.06893062  0.06412805  0.06412805  0.07376485  0.00882483  0.00439914  0.00439914  0.00439914  0.00439914  0.00882483  0.00439914  0.00439914  0.00000000  0.00000000  

