20
3_0_0      0.00000000  0.16851086  0.18217046  0.54301685  0.55821450  0.52812803  0.51353574  0.54301685  0.50634714  0.47827792  0.53553463  0.59764770  0.60579555  0.59764770  0.58958945  0.56593319  0.52812803  0.51353574  0.48519506  0.50634714  
2_0_0      0.16851086  0.00000000  0.01083237  0.46463650  0.43809272  0.45124442  0.47142546  0.49922838  0.46463650  0.43809272  0.46463650  0.61403503  0.59764770  0.63932440  0.61403503  0.54301685  0.41879747  0.39999732  0.41247701  0.42517293  
1_0_0      0.18217046  0.01083237  0.00000000  0.45790987  0.43160435  0.45790987  0.46463650  0.49217813  0.45790987  0.45790987  0.45790987  0.61403503  0.59764770  0.63932440  0.61403503  0.54301685  0.41247701  0.40621060  0.41879747  0.41879747  
15_0_0     0.54301685  0.46463650  0.45790987  0.00000000  0.06361524  0.05971631  0.12473479  0.11628489  0.09967194  0.10793133  0.06361524  0.52079556  0.53553463  0.51353574  0.49922838  0.52812803  0.39383630  0.42517293  0.44463906  0.39999732  
20_0_0     0.55821450  0.43809272  0.43160435  0.06361524  0.00000000  0.04814248  0.16401367  0.14629595  0.11209621  0.12899656  0.08342731  0.54301685  0.54301685  0.55057628  0.52079556  0.54301685  0.36969752  0.38772664  0.43160435  0.36378507  
8_0_0      0.52812803  0.45124442  0.45790987  0.05971631  0.04814248  0.00000000  0.15954392  0.15068538  0.11628489  0.12473479  0.07942181  0.54301685  0.52812803  0.53553463  0.52079556  0.54301685  0.37565807  0.39383630  0.42517293  0.39383630  
18_0_0     0.51353574  0.47142546  0.46463650  0.12473479  0.16401367  0.15954392  0.00000000  0.05971631  0.07543808  0.09967194  0.12899656  0.52812803  0.54301685  0.52079556  0.50634714  0.52079556  0.39999732  0.40621060  0.42517293  0.41879747  
7_0_0      0.54301685  0.49922838  0.49217813  0.11628489  0.14629595  0.15068538  0.05971631  0.00000000  0.06753503  0.08342731  0.11209621  0.52812803  0.57373406  0.53553463  0.52079556  0.55821450  0.38772664  0.40621060  0.42517293  0.40621060  
16_0_0     0.50634714  0.46463650  0.45790987  0.09967194  0.11209621  0.11628489  0.07543808  0.06753503  0.00000000  0.04814248  0.09557689  0.52079556  0.55057628  0.51353574  0.49922838  0.53553463  0.36378507  0.38166751  0.41247701  0.39999732  
9_0_0      0.47827792  0.43809272  0.45790987  0.10793133  0.12899656  0.12473479  0.09967194  0.08342731  0.04814248  0.00000000  0.10379000  0.47827792  0.50634714  0.47142546  0.45790987  0.50634714  0.36969752  0.37565807  0.41879747  0.41879747  
19_0_0     0.53553463  0.46463650  0.45790987  0.06361524  0.08342731  0.07942181  0.12899656  0.11209621  0.09557689  0.10379000  0.00000000  0.54301685  0.55821450  0.53553463  0.52079556  0.55821450  0.39999732  0.41879747  0.46463650  0.39383630  
17_0_0     0.59764770  0.61403503  0.61403503  0.52079556  0.54301685  0.54301685  0.52812803  0.52812803  0.52079556  0.47827792  0.54301685  0.00000000  0.02182728  0.03674862  0.02182728  0.10379000  0.58161887  0.58161887  0.60579555  0.63079726  
14_0_0     0.60579555  0.59764770  0.59764770  0.53553463  0.54301685  0.52812803  0.54301685  0.57373406  0.55057628  0.50634714  0.55821450  0.02182728  0.00000000  0.05198014  0.03674862  0.11209621  0.60579555  0.58958945  0.59764770  0.63932440  
11_0_0     0.59764770  0.63932440  0.63932440  0.51353574  0.55057628  0.53553463  0.52079556  0.53553463  0.51353574  0.47142546  0.53553463  0.03674862  0.05198014  0.00000000  0.02182728  0.11209621  0.60579555  0.60579555  0.63079726  0.63932440  
6_0_0      0.58958945  0.61403503  0.61403503  0.49922838  0.52079556  0.52079556  0.50634714  0.52079556  0.49922838  0.45790987  0.52079556  0.02182728  0.03674862  0.02182728  0.00000000  0.10379000  0.58958945  0.58958945  0.61403503  0.60579555  
5_0_0      0.56593319  0.54301685  0.54301685  0.52812803  0.54301685  0.54301685  0.52079556  0.55821450  0.53553463  0.50634714  0.55821450  0.10379000  0.11209621  0.11209621  0.10379000  0.00000000  0.60579555  0.59764770  0.62236821  0.62236821  
10_0_0     0.52812803  0.41879747  0.41247701  0.39383630  0.36969752  0.37565807  0.39999732  0.38772664  0.36378507  0.36969752  0.39999732  0.58161887  0.60579555  0.60579555  0.58958945  0.60579555  0.00000000  0.04052692  0.09557689  0.12473479  
12_0_0     0.51353574  0.39999732  0.40621060  0.42517293  0.38772664  0.39383630  0.40621060  0.40621060  0.38166751  0.37565807  0.41879747  0.58161887  0.58958945  0.60579555  0.58958945  0.59764770  0.04052692  0.00000000  0.08342731  0.12049766  
13_0_0     0.48519506  0.41247701  0.41879747  0.44463906  0.43160435  0.42517293  0.42517293  0.42517293  0.41247701  0.41879747  0.46463650  0.60579555  0.59764770  0.63079726  0.61403503  0.62236821  0.09557689  0.08342731  0.00000000  0.12049766  
4_0_0      0.50634714  0.42517293  0.41879747  0.39999732  0.36378507  0.39383630  0.41879747  0.40621060  0.39999732  0.41879747  0.39383630  0.63079726  0.63932440  0.63932440  0.60579555  0.62236821  0.12473479  0.12049766  0.12049766  0.00000000  

