20
15_0_0     0.00000000  0.00000000  0.00511960  0.00000000  0.03392460  0.02332066  0.13073324  0.14299662  0.13378019  0.14299662  0.13378019  0.13378019  0.24557863  0.25270850  0.24913503  0.24557863  0.24557863  0.24557863  0.24913503  0.22458976  
18_0_0     0.00000000  0.00000000  0.00511960  0.00000000  0.03392460  0.02332066  0.13073324  0.14299662  0.13378019  0.14299662  0.13378019  0.13378019  0.24557863  0.25270850  0.24913503  0.24557863  0.24557863  0.24557863  0.24913503  0.22458976  
19_0_0     0.00511960  0.00511960  0.00000000  0.00511960  0.03928376  0.02860375  0.13683967  0.14920490  0.13991178  0.14920490  0.13991178  0.13991178  0.24557863  0.25629921  0.25270850  0.24557863  0.24557863  0.24557863  0.24913503  0.22458976  
17_0_0     0.00000000  0.00000000  0.00511960  0.00000000  0.03392460  0.02332066  0.13073324  0.14299662  0.13378019  0.14299662  0.13378019  0.13378019  0.24557863  0.25270850  0.24913503  0.24557863  0.24557863  0.24557863  0.24913503  0.22458976  
16_0_0     0.03392460  0.03392460  0.03928376  0.03392460  0.00000000  0.02069311  0.13683967  0.14920490  0.13991178  0.14920490  0.13991178  0.13991178  0.25990732  0.26353301  0.26353301  0.25990732  0.25990732  0.25990732  0.26353301  0.23851639  
20_0_0     0.02332066  0.02332066  0.02860375  0.02332066  0.02069311  0.00000000  0.12166648  0.13378019  0.12467648  0.13378019  0.12467648  0.12467648  0.24203913  0.24557863  0.24557863  0.24203913  0.24203913  0.24203913  0.24557863  0.22114844  
11_0_0     0.13073324  0.13073324  0.13683967  0.13073324  0.13683967  0.12166648  0.00000000  0.01027466  0.00255540  0.01546566  0.00255540  0.00769267  0.18430796  0.18758277  0.18104749  0.18430796  0.18430796  0.19087205  0.18758277  0.17135090  
14_0_0     0.14299662  0.14299662  0.14920490  0.14299662  0.14920490  0.13378019  0.01027466  0.00000000  0.00769267  0.02595752  0.01286563  0.01807479  0.18758277  0.19087205  0.18430796  0.18758277  0.18758277  0.19417593  0.19087205  0.18104749  
2_0_0      0.13378019  0.13378019  0.13991178  0.13378019  0.13991178  0.12467648  0.00255540  0.00769267  0.00000000  0.01807479  0.00511960  0.01027466  0.18104749  0.18430796  0.17780124  0.18104749  0.18104749  0.18758277  0.18430796  0.17456908  
6_0_0      0.14299662  0.14299662  0.14920490  0.14299662  0.14920490  0.13378019  0.01546566  0.02595752  0.01807479  0.00000000  0.01286563  0.01807479  0.18430796  0.18758277  0.18104749  0.18430796  0.18430796  0.19087205  0.18758277  0.17135090  
3_0_0      0.13378019  0.13378019  0.13991178  0.13378019  0.13991178  0.12467648  0.00255540  0.01286563  0.00511960  0.01286563  0.00000000  0.00511960  0.18104749  0.18430796  0.17780124  0.18104749  0.18104749  0.18758277  0.18430796  0.16814656  
13_0_0     0.13378019  0.13378019  0.13991178  0.13378019  0.13991178  0.12467648  0.00769267  0.01807479  0.01027466  0.01807479  0.00511960  0.00000000  0.18758277  0.19087205  0.18430796  0.18758277  0.18758277  0.19417593  0.19087205  0.17456908  
8_0_0      0.24557863  0.24557863  0.24557863  0.24557863  0.25990732  0.24203913  0.18430796  0.18758277  0.18104749  0.18430796  0.18104749  0.18758277  0.00000000  0.02069311  0.01027466  0.00511960  0.00511960  0.01027466  0.00769267  0.03125942  
12_0_0     0.25270850  0.25270850  0.25629921  0.25270850  0.26353301  0.24557863  0.18758277  0.19087205  0.18430796  0.18758277  0.18430796  0.19087205  0.02069311  0.00000000  0.02069311  0.02069311  0.02069311  0.02595752  0.02332066  0.04739553  
4_0_0      0.24913503  0.24913503  0.25270850  0.24913503  0.26353301  0.24557863  0.18104749  0.18430796  0.17780124  0.18104749  0.17780124  0.18430796  0.01027466  0.02069311  0.00000000  0.01027466  0.01027466  0.01546566  0.01286563  0.03659936  
1_0_0      0.24557863  0.24557863  0.24557863  0.24557863  0.25990732  0.24203913  0.18430796  0.18758277  0.18104749  0.18430796  0.18104749  0.18758277  0.00511960  0.02069311  0.01027466  0.00000000  0.00000000  0.00511960  0.00255540  0.03125942  
7_0_0      0.24557863  0.24557863  0.24557863  0.24557863  0.25990732  0.24203913  0.18430796  0.18758277  0.18104749  0.18430796  0.18104749  0.18758277  0.00511960  0.02069311  0.01027466  0.00000000  0.00000000  0.00511960  0.00255540  0.03125942  
10_0_0     0.24557863  0.24557863  0.24557863  0.24557863  0.25990732  0.24203913  0.19087205  0.19417593  0.18758277  0.19087205  0.18758277  0.19417593  0.01027466  0.02595752  0.01546566  0.00511960  0.00511960  0.00000000  0.00769267  0.03659936  
5_0_0      0.24913503  0.24913503  0.24913503  0.24913503  0.26353301  0.24557863  0.18758277  0.19087205  0.18430796  0.18758277  0.18430796  0.19087205  0.00769267  0.02332066  0.01286563  0.00255540  0.00255540  0.00769267  0.00000000  0.03392460  
9_0_0      0.22458976  0.22458976  0.22458976  0.22458976  0.23851639  0.22114844  0.17135090  0.18104749  0.17456908  0.17135090  0.16814656  0.17456908  0.03125942  0.04739553  0.03659936  0.03125942  0.03125942  0.03659936  0.03392460  0.00000000  

