36
83_1_0     0.00000000  0.01421963  0.00944947  0.04350174  0.03854059  0.03854059  0.03361233  0.03361233  0.08442976  0.08442976  0.16782892  0.19784570  0.17373610  0.17373610  0.19174461  0.17373610  0.19174461  0.19174461  0.19784570  0.18569318  0.19174461  0.16782892  0.16196829  0.17373610  0.16196829  0.16782892  0.16196829  0.21020018  0.21020018  0.20399728  0.21645526  0.32443376  0.32443376  0.32443376  0.22912556  0.24854530  
80_1_0     0.01421963  0.00000000  0.00470972  0.04849621  0.04350174  0.04350174  0.03854059  0.03854059  0.07918883  0.07918883  0.15038385  0.17969060  0.15615351  0.15615351  0.17373610  0.15615351  0.17373610  0.17373610  0.17969060  0.20399728  0.21020018  0.17373610  0.17969060  0.19174461  0.17969060  0.18569318  0.17969060  0.21645526  0.21645526  0.22276342  0.23554261  0.34654947  0.34654947  0.34654947  0.24854530  0.25513294  
73_1_0     0.00944947  0.00470972  0.00000000  0.04350174  0.03854059  0.03854059  0.03361233  0.03361233  0.07398460  0.07398460  0.15615351  0.18569318  0.16196829  0.16196829  0.17969060  0.16196829  0.17969060  0.17969060  0.18569318  0.19784570  0.20399728  0.16782892  0.17373610  0.18569318  0.17373610  0.17969060  0.17373610  0.22276342  0.22276342  0.21645526  0.22912556  0.33910423  0.33910423  0.33910423  0.24201553  0.26177946  
63_1_0     0.04350174  0.04849621  0.04350174  0.00000000  0.01421963  0.01421963  0.00944947  0.00944947  0.12218865  0.12218865  0.21020018  0.22912556  0.20399728  0.20399728  0.22276342  0.20399728  0.22276342  0.22276342  0.22912556  0.22912556  0.23554261  0.19784570  0.20399728  0.21645526  0.20399728  0.21020018  0.20399728  0.24201553  0.24201553  0.24854530  0.26177946  0.33173281  0.33173281  0.33173281  0.24854530  0.26848594  
58_1_0     0.03854059  0.04350174  0.03854059  0.01421963  0.00000000  0.00944947  0.00470972  0.00470972  0.11667569  0.11667569  0.20399728  0.21020018  0.18569318  0.18569318  0.20399728  0.18569318  0.20399728  0.20399728  0.21020018  0.21020018  0.21645526  0.20399728  0.21020018  0.22276342  0.21020018  0.21645526  0.21020018  0.22276342  0.22276342  0.22912556  0.24201553  0.31004717  0.31004717  0.31004717  0.24201553  0.26177946  
86_1_0     0.03854059  0.04350174  0.03854059  0.01421963  0.00944947  0.00000000  0.00470972  0.00470972  0.11667569  0.11667569  0.20399728  0.22276342  0.19784570  0.19784570  0.21645526  0.19784570  0.21645526  0.21645526  0.22276342  0.22276342  0.22912556  0.20399728  0.21020018  0.22276342  0.21020018  0.21645526  0.21020018  0.23554261  0.23554261  0.24201553  0.25513294  0.32443376  0.32443376  0.32443376  0.24201553  0.24854530  
82_5_0     0.03361233  0.03854059  0.03361233  0.00944947  0.00470972  0.00470972  0.00000000  0.00000000  0.11120330  0.11120330  0.19784570  0.21645526  0.19174461  0.19174461  0.21020018  0.19174461  0.21020018  0.21020018  0.21645526  0.21645526  0.22276342  0.19784570  0.20399728  0.21645526  0.20399728  0.21020018  0.20399728  0.22912556  0.22912556  0.23554261  0.24854530  0.31720567  0.31720567  0.31720567  0.23554261  0.25513294  
82_1_0     0.03361233  0.03854059  0.03361233  0.00944947  0.00470972  0.00470972  0.00000000  0.00000000  0.11120330  0.11120330  0.19784570  0.21645526  0.19174461  0.19174461  0.21020018  0.19174461  0.21020018  0.21020018  0.21645526  0.21645526  0.22276342  0.19784570  0.20399728  0.21645526  0.20399728  0.21020018  0.20399728  0.22912556  0.22912556  0.23554261  0.24854530  0.31720567  0.31720567  0.31720567  0.23554261  0.25513294  
85_3_0     0.08442976  0.07918883  0.07398460  0.12218865  0.11667569  0.11667569  0.11120330  0.11120330  0.00000000  0.00000000  0.18569318  0.21645526  0.19174461  0.19174461  0.22276342  0.19174461  0.19784570  0.19784570  0.20399728  0.24854530  0.25513294  0.20399728  0.19784570  0.22276342  0.21020018  0.21645526  0.21020018  0.27525347  0.27525347  0.26848594  0.25513294  0.39285808  0.39285808  0.39285808  0.30295694  0.31004717  
85_1_0     0.08442976  0.07918883  0.07398460  0.12218865  0.11667569  0.11667569  0.11120330  0.11120330  0.00000000  0.00000000  0.18569318  0.21645526  0.19174461  0.19174461  0.22276342  0.19174461  0.19784570  0.19784570  0.20399728  0.24854530  0.25513294  0.20399728  0.19784570  0.22276342  0.21020018  0.21645526  0.21020018  0.27525347  0.27525347  0.26848594  0.25513294  0.39285808  0.39285808  0.39285808  0.30295694  0.31004717  
85_2_0     0.16782892  0.15038385  0.15615351  0.21020018  0.20399728  0.20399728  0.19784570  0.19784570  0.18569318  0.18569318  0.00000000  0.09502376  0.05352446  0.05352446  0.08970789  0.07398460  0.07918883  0.07918883  0.07398460  0.17373610  0.17969060  0.20399728  0.19784570  0.22276342  0.21020018  0.21645526  0.21020018  0.22276342  0.22276342  0.26177946  0.24854530  0.31720567  0.31720567  0.31720567  0.22912556  0.22276342  
83_2_0     0.19784570  0.17969060  0.18569318  0.22912556  0.21020018  0.22276342  0.21645526  0.21645526  0.21645526  0.21645526  0.09502376  0.00000000  0.03854059  0.03854059  0.06368415  0.04849621  0.05352446  0.05352446  0.05858695  0.21020018  0.21645526  0.24201553  0.23554261  0.26177946  0.24854530  0.25513294  0.24854530  0.27525347  0.27525347  0.25513294  0.25513294  0.31720567  0.31720567  0.31720567  0.24854530  0.28208316  
73_2_0     0.17373610  0.15615351  0.16196829  0.20399728  0.18569318  0.19784570  0.19174461  0.19174461  0.19174461  0.19174461  0.05352446  0.03854059  0.00000000  0.00000000  0.03361233  0.01902059  0.02385275  0.02385275  0.02871653  0.18569318  0.19174461  0.20399728  0.19784570  0.22276342  0.21020018  0.21645526  0.21020018  0.24854530  0.24854530  0.26848594  0.25513294  0.29593370  0.29593370  0.29593370  0.22276342  0.24201553  
80_2_0     0.17373610  0.15615351  0.16196829  0.20399728  0.18569318  0.19784570  0.19174461  0.19174461  0.19174461  0.19174461  0.05352446  0.03854059  0.00000000  0.00000000  0.03361233  0.01902059  0.02385275  0.02385275  0.02871653  0.18569318  0.19174461  0.20399728  0.19784570  0.22276342  0.21020018  0.21645526  0.21020018  0.24854530  0.24854530  0.26848594  0.25513294  0.29593370  0.29593370  0.29593370  0.22276342  0.24201553  
82_4_0     0.19174461  0.17373610  0.17969060  0.22276342  0.20399728  0.21645526  0.21020018  0.21020018  0.22276342  0.22276342  0.08970789  0.06368415  0.03361233  0.03361233  0.00000000  0.04350174  0.04849621  0.04849621  0.05352446  0.21645526  0.22276342  0.23554261  0.24201553  0.24201553  0.24201553  0.24854530  0.24201553  0.25513294  0.25513294  0.27525347  0.26177946  0.33173281  0.33173281  0.33173281  0.25513294  0.27525347  
82_2_0     0.17373610  0.15615351  0.16196829  0.20399728  0.18569318  0.19784570  0.19174461  0.19174461  0.19174461  0.19174461  0.07398460  0.04849621  0.01902059  0.01902059  0.04350174  0.00000000  0.02385275  0.02385275  0.02871653  0.21020018  0.21645526  0.22912556  0.22276342  0.24854530  0.23554261  0.24201553  0.23554261  0.26177946  0.26177946  0.28208316  0.28208316  0.28208316  0.28208316  0.28208316  0.23554261  0.24201553  
63_2_0     0.19174461  0.17373610  0.17969060  0.22276342  0.20399728  0.21645526  0.21020018  0.21020018  0.19784570  0.19784570  0.07918883  0.05352446  0.02385275  0.02385275  0.04849621  0.02385275  0.00000000  0.00000000  0.00470972  0.20399728  0.21020018  0.22276342  0.21645526  0.22912556  0.22912556  0.23554261  0.22912556  0.25513294  0.25513294  0.28897618  0.26177946  0.28897618  0.28897618  0.28897618  0.22912556  0.24854530  
58_2_0     0.19174461  0.17373610  0.17969060  0.22276342  0.20399728  0.21645526  0.21020018  0.21020018  0.19784570  0.19784570  0.07918883  0.05352446  0.02385275  0.02385275  0.04849621  0.02385275  0.00000000  0.00000000  0.00470972  0.20399728  0.21020018  0.22276342  0.21645526  0.22912556  0.22912556  0.23554261  0.22912556  0.25513294  0.25513294  0.28897618  0.26177946  0.28897618  0.28897618  0.28897618  0.22912556  0.24854530  
86_2_0     0.19784570  0.17969060  0.18569318  0.22912556  0.21020018  0.22276342  0.21645526  0.21645526  0.20399728  0.20399728  0.07398460  0.05858695  0.02871653  0.02871653  0.05352446  0.02871653  0.00470972  0.00470972  0.00000000  0.19784570  0.20399728  0.21645526  0.21020018  0.22276342  0.22276342  0.22912556  0.22276342  0.24854530  0.24854530  0.28897618  0.26177946  0.28208316  0.28208316  0.28208316  0.22276342  0.24201553  
93_0_0     0.18569318  0.20399728  0.19784570  0.22912556  0.21020018  0.22276342  0.21645526  0.21645526  0.24854530  0.24854530  0.17373610  0.21020018  0.18569318  0.18569318  0.21645526  0.21020018  0.20399728  0.20399728  0.19784570  0.00000000  0.00470972  0.21020018  0.19174461  0.21645526  0.20399728  0.21020018  0.20399728  0.11120330  0.11120330  0.12218865  0.12218865  0.24854530  0.24854530  0.24854530  0.14465862  0.19784570  
93_6_0     0.19174461  0.21020018  0.20399728  0.23554261  0.21645526  0.22912556  0.22276342  0.22276342  0.25513294  0.25513294  0.17969060  0.21645526  0.19174461  0.19174461  0.22276342  0.21645526  0.21020018  0.21020018  0.20399728  0.00470972  0.00000000  0.20399728  0.18569318  0.21020018  0.19784570  0.20399728  0.19784570  0.10577091  0.10577091  0.11667569  0.11667569  0.24201553  0.24201553  0.24201553  0.15038385  0.20399728  
72_7_0     0.16782892  0.17373610  0.16782892  0.19784570  0.20399728  0.20399728  0.19784570  0.19784570  0.20399728  0.20399728  0.20399728  0.24201553  0.20399728  0.20399728  0.23554261  0.22912556  0.22276342  0.22276342  0.21645526  0.21020018  0.20399728  0.00000000  0.01421963  0.01421963  0.00470972  0.00944947  0.00470972  0.21020018  0.22276342  0.22276342  0.19784570  0.32443376  0.32443376  0.32443376  0.27525347  0.29593370  
75_7_0     0.16196829  0.17969060  0.17373610  0.20399728  0.21020018  0.21020018  0.20399728  0.20399728  0.19784570  0.19784570  0.19784570  0.23554261  0.19784570  0.19784570  0.24201553  0.22276342  0.21645526  0.21645526  0.21020018  0.19174461  0.18569318  0.01421963  0.00000000  0.01902059  0.00944947  0.01421963  0.00944947  0.20399728  0.21645526  0.20399728  0.17969060  0.30295694  0.30295694  0.30295694  0.25513294  0.27525347  
94_7_0     0.17373610  0.19174461  0.18569318  0.21645526  0.22276342  0.22276342  0.21645526  0.21645526  0.22276342  0.22276342  0.22276342  0.26177946  0.22276342  0.22276342  0.24201553  0.24854530  0.22912556  0.22912556  0.22276342  0.21645526  0.21020018  0.01421963  0.01902059  0.00000000  0.00944947  0.01421963  0.00944947  0.20399728  0.21645526  0.21645526  0.19174461  0.31720567  0.31720567  0.31720567  0.26848594  0.28897618  
55_7_0     0.16196829  0.17969060  0.17373610  0.20399728  0.21020018  0.21020018  0.20399728  0.20399728  0.21020018  0.21020018  0.21020018  0.24854530  0.21020018  0.21020018  0.24201553  0.23554261  0.22912556  0.22912556  0.22276342  0.20399728  0.19784570  0.00470972  0.00944947  0.00944947  0.00000000  0.00470972  0.00000000  0.20399728  0.21645526  0.21645526  0.19174461  0.31720567  0.31720567  0.31720567  0.26848594  0.28897618  
71_7_0     0.16782892  0.18569318  0.17969060  0.21020018  0.21645526  0.21645526  0.21020018  0.21020018  0.21645526  0.21645526  0.21645526  0.25513294  0.21645526  0.21645526  0.24854530  0.24201553  0.23554261  0.23554261  0.22912556  0.21020018  0.20399728  0.00944947  0.01421963  0.01421963  0.00470972  0.00000000  0.00470972  0.21020018  0.22276342  0.22276342  0.19784570  0.32443376  0.32443376  0.32443376  0.27525347  0.29593370  
64_7_0     0.16196829  0.17969060  0.17373610  0.20399728  0.21020018  0.21020018  0.20399728  0.20399728  0.21020018  0.21020018  0.21020018  0.24854530  0.21020018  0.21020018  0.24201553  0.23554261  0.22912556  0.22912556  0.22276342  0.20399728  0.19784570  0.00470972  0.00944947  0.00944947  0.00000000  0.00470972  0.00000000  0.20399728  0.21645526  0.21645526  0.19174461  0.31720567  0.31720567  0.31720567  0.26848594  0.28897618  
84_0_0     0.21020018  0.21645526  0.22276342  0.24201553  0.22276342  0.23554261  0.22912556  0.22912556  0.27525347  0.27525347  0.22276342  0.27525347  0.24854530  0.24854530  0.25513294  0.26177946  0.25513294  0.25513294  0.24854530  0.11120330  0.10577091  0.21020018  0.20399728  0.20399728  0.20399728  0.21020018  0.20399728  0.00000000  0.00944947  0.08970789  0.08970789  0.27525347  0.27525347  0.27525347  0.19784570  0.17969060  
78_0_0     0.21020018  0.21645526  0.22276342  0.24201553  0.22276342  0.23554261  0.22912556  0.22912556  0.27525347  0.27525347  0.22276342  0.27525347  0.24854530  0.24854530  0.25513294  0.26177946  0.25513294  0.25513294  0.24854530  0.11120330  0.10577091  0.22276342  0.21645526  0.21645526  0.21645526  0.22276342  0.21645526  0.00944947  0.00000000  0.10037791  0.10037791  0.27525347  0.27525347  0.27525347  0.21020018  0.19174461  
60_0_0     0.20399728  0.22276342  0.21645526  0.24854530  0.22912556  0.24201553  0.23554261  0.23554261  0.26848594  0.26848594  0.26177946  0.25513294  0.26848594  0.26848594  0.27525347  0.28208316  0.28897618  0.28897618  0.28897618  0.12218865  0.11667569  0.22276342  0.20399728  0.21645526  0.21645526  0.22276342  0.21645526  0.08970789  0.10037791  0.00000000  0.01902059  0.29593370  0.29593370  0.29593370  0.19174461  0.21020018  
98_0_0     0.21645526  0.23554261  0.22912556  0.26177946  0.24201553  0.25513294  0.24854530  0.24854530  0.25513294  0.25513294  0.24854530  0.25513294  0.25513294  0.25513294  0.26177946  0.28208316  0.26177946  0.26177946  0.26177946  0.12218865  0.11667569  0.19784570  0.17969060  0.19174461  0.19174461  0.19784570  0.19174461  0.08970789  0.10037791  0.01902059  0.00000000  0.30295694  0.30295694  0.30295694  0.19174461  0.21020018  
96_0_0     0.32443376  0.34654947  0.33910423  0.33173281  0.31004717  0.32443376  0.31720567  0.31720567  0.39285808  0.39285808  0.31720567  0.31720567  0.29593370  0.29593370  0.33173281  0.28208316  0.28897618  0.28897618  0.28208316  0.24854530  0.24201553  0.32443376  0.30295694  0.31720567  0.31720567  0.32443376  0.31720567  0.27525347  0.27525347  0.29593370  0.30295694  0.00000000  0.00000000  0.00000000  0.28897618  0.31720567  
52_0_0     0.32443376  0.34654947  0.33910423  0.33173281  0.31004717  0.32443376  0.31720567  0.31720567  0.39285808  0.39285808  0.31720567  0.31720567  0.29593370  0.29593370  0.33173281  0.28208316  0.28897618  0.28897618  0.28208316  0.24854530  0.24201553  0.32443376  0.30295694  0.31720567  0.31720567  0.32443376  0.31720567  0.27525347  0.27525347  0.29593370  0.30295694  0.00000000  0.00000000  0.00000000  0.28897618  0.31720567  
92_0_0     0.32443376  0.34654947  0.33910423  0.33173281  0.31004717  0.32443376  0.31720567  0.31720567  0.39285808  0.39285808  0.31720567  0.31720567  0.29593370  0.29593370  0.33173281  0.28208316  0.28897618  0.28897618  0.28208316  0.24854530  0.24201553  0.32443376  0.30295694  0.31720567  0.31720567  0.32443376  0.31720567  0.27525347  0.27525347  0.29593370  0.30295694  0.00000000  0.00000000  0.00000000  0.28897618  0.31720567  
51_0_0     0.22912556  0.24854530  0.24201553  0.24854530  0.24201553  0.24201553  0.23554261  0.23554261  0.30295694  0.30295694  0.22912556  0.24854530  0.22276342  0.22276342  0.25513294  0.23554261  0.22912556  0.22912556  0.22276342  0.14465862  0.15038385  0.27525347  0.25513294  0.26848594  0.26848594  0.27525347  0.26848594  0.19784570  0.21020018  0.19174461  0.19174461  0.28897618  0.28897618  0.28897618  0.00000000  0.05352446  
99_0_0     0.24854530  0.25513294  0.26177946  0.26848594  0.26177946  0.24854530  0.25513294  0.25513294  0.31004717  0.31004717  0.22276342  0.28208316  0.24201553  0.24201553  0.27525347  0.24201553  0.24854530  0.24854530  0.24201553  0.19784570  0.20399728  0.29593370  0.27525347  0.28897618  0.28897618  0.29593370  0.28897618  0.17969060  0.19174461  0.21020018  0.21020018  0.31720567  0.31720567  0.31720567  0.05352446  0.00000000  

