20
20_0_0     0.00000000  0.38362446  0.35011367  0.35011367  0.32858798  0.28732949  0.29743035  0.28732949  0.28732949  0.29743035  0.29743035  0.45557655  0.36111609  0.37228466  0.37228466  0.37228466  0.37228466  0.37228466  0.37228466  0.36111609  
15_0_0     0.38362446  0.00000000  0.20213957  0.14206160  0.17579217  0.27736470  0.27736470  0.27736470  0.29743035  0.31805559  0.31805559  0.36111609  0.26753239  0.27736470  0.32858798  0.32858798  0.32858798  0.40683936  0.40683936  0.39514083  
14_0_0     0.35011367  0.20213957  0.00000000  0.14206160  0.20213957  0.32858798  0.30767108  0.29743035  0.28732949  0.29743035  0.31805559  0.33927252  0.25782908  0.26753239  0.35011367  0.35011367  0.35011367  0.44308788  0.44308788  0.43080659  
6_0_0      0.35011367  0.14206160  0.14206160  0.00000000  0.12575617  0.26753239  0.24825141  0.23879619  0.24825141  0.25782908  0.27736470  0.31805559  0.22946031  0.23879619  0.31805559  0.31805559  0.31805559  0.39514083  0.39514083  0.38362446  
16_0_0     0.32858798  0.17579217  0.20213957  0.12575617  0.00000000  0.20213957  0.20213957  0.21113482  0.22024081  0.24825141  0.24825141  0.31805559  0.24825141  0.25782908  0.35011367  0.35011367  0.35011367  0.41872590  0.41872590  0.40683936  
10_0_0     0.28732949  0.27736470  0.32858798  0.26753239  0.20213957  0.00000000  0.02069501  0.02772405  0.02772405  0.07889169  0.04922111  0.28732949  0.22946031  0.22024081  0.29743035  0.29743035  0.29743035  0.31805559  0.31805559  0.30767108  
4_0_0      0.29743035  0.27736470  0.30767108  0.24825141  0.20213957  0.02069501  0.00000000  0.00683420  0.02069501  0.07136172  0.04198578  0.27736470  0.23879619  0.22946031  0.28732949  0.28732949  0.28732949  0.30767108  0.30767108  0.29743035  
12_0_0     0.28732949  0.27736470  0.29743035  0.23879619  0.21113482  0.02772405  0.00683420  0.00000000  0.02772405  0.06390763  0.03482054  0.26753239  0.22946031  0.22024081  0.27736470  0.27736470  0.27736470  0.30767108  0.30767108  0.29743035  
5_0_0      0.28732949  0.29743035  0.28732949  0.24825141  0.22024081  0.02772405  0.02069501  0.02772405  0.00000000  0.06390763  0.04922111  0.28732949  0.22946031  0.22024081  0.27736470  0.27736470  0.27736470  0.27736470  0.27736470  0.26753239  
11_0_0     0.29743035  0.31805559  0.29743035  0.25782908  0.24825141  0.07889169  0.07136172  0.06390763  0.06390763  0.00000000  0.02772405  0.29743035  0.25782908  0.24825141  0.28732949  0.28732949  0.28732949  0.30767108  0.30767108  0.31805559  
17_0_0     0.29743035  0.31805559  0.31805559  0.27736470  0.24825141  0.04922111  0.04198578  0.03482054  0.04922111  0.02772405  0.00000000  0.27736470  0.25782908  0.24825141  0.28732949  0.28732949  0.28732949  0.29743035  0.29743035  0.30767108  
19_0_0     0.45557655  0.36111609  0.33927252  0.31805559  0.31805559  0.28732949  0.27736470  0.26753239  0.28732949  0.29743035  0.27736470  0.00000000  0.14206160  0.15035113  0.15873462  0.15873462  0.15873462  0.49435993  0.49435993  0.48120488  
8_0_0      0.36111609  0.26753239  0.25782908  0.22946031  0.24825141  0.22946031  0.23879619  0.22946031  0.22946031  0.25782908  0.25782908  0.14206160  0.00000000  0.00683420  0.14206160  0.14206160  0.14206160  0.45557655  0.45557655  0.44308788  
18_0_0     0.37228466  0.27736470  0.26753239  0.23879619  0.25782908  0.22024081  0.22946031  0.22024081  0.22024081  0.24825141  0.24825141  0.15035113  0.00683420  0.00000000  0.13386395  0.13386395  0.13386395  0.44308788  0.44308788  0.43080659  
7_0_0      0.37228466  0.32858798  0.35011367  0.31805559  0.35011367  0.29743035  0.28732949  0.27736470  0.27736470  0.28732949  0.28732949  0.15873462  0.14206160  0.13386395  0.00000000  0.00000000  0.00000000  0.36111609  0.36111609  0.35011367  
13_0_0     0.37228466  0.32858798  0.35011367  0.31805559  0.35011367  0.29743035  0.28732949  0.27736470  0.27736470  0.28732949  0.28732949  0.15873462  0.14206160  0.13386395  0.00000000  0.00000000  0.00000000  0.36111609  0.36111609  0.35011367  
9_0_0      0.37228466  0.32858798  0.35011367  0.31805559  0.35011367  0.29743035  0.28732949  0.27736470  0.27736470  0.28732949  0.28732949  0.15873462  0.14206160  0.13386395  0.00000000  0.00000000  0.00000000  0.36111609  0.36111609  0.35011367  
1_0_0      0.37228466  0.40683936  0.44308788  0.39514083  0.41872590  0.31805559  0.30767108  0.30767108  0.27736470  0.30767108  0.29743035  0.49435993  0.45557655  0.44308788  0.36111609  0.36111609  0.36111609  0.00000000  0.00000000  0.00683420  
3_0_0      0.37228466  0.40683936  0.44308788  0.39514083  0.41872590  0.31805559  0.30767108  0.30767108  0.27736470  0.30767108  0.29743035  0.49435993  0.45557655  0.44308788  0.36111609  0.36111609  0.36111609  0.00000000  0.00000000  0.00683420  
2_0_0      0.36111609  0.39514083  0.43080659  0.38362446  0.40683936  0.30767108  0.29743035  0.29743035  0.26753239  0.31805559  0.30767108  0.48120488  0.44308788  0.43080659  0.35011367  0.35011367  0.35011367  0.00683420  0.00683420  0.00000000  

