8
8_1_0      0.00000000  0.00000000  0.13816453  0.08919146  0.09873061  0.10839414  0.10839414  0.08919146  
2_1_0      0.00000000  0.00000000  0.13816453  0.08919146  0.09873061  0.10839414  0.10839414  0.08919146  
6_1_0      0.13816453  0.13816453  0.00000000  0.09873061  0.08919146  0.10839414  0.10839414  0.12810761  
1_1_0      0.08919146  0.08919146  0.09873061  0.00000000  0.00845137  0.03439955  0.03439955  0.05221721  
9_1_0      0.09873061  0.09873061  0.08919146  0.00845137  0.00000000  0.02564883  0.02564883  0.04325484  
4_1_0      0.10839414  0.10839414  0.10839414  0.03439955  0.02564883  0.00000000  0.00000000  0.03439955  
3_1_0      0.10839414  0.10839414  0.10839414  0.03439955  0.02564883  0.00000000  0.00000000  0.03439955  
5_1_0      0.08919146  0.08919146  0.12810761  0.05221721  0.04325484  0.03439955  0.03439955  0.00000000  

