47
29_8_0     0.00000000  0.07315452  0.06864628  0.03783124  0.06864628  0.02925644  0.11023934  0.15429679  0.16958226  0.16958226  0.20112913  0.22292913  0.20112913  0.19577753  0.22848045  0.22848045  0.20112913  0.22848045  0.28039987  0.22292913  0.21741894  0.22848045  0.21741894  0.27444880  0.23970895  0.26854498  0.26854498  0.25687607  0.26854498  0.27444880  0.26854498  0.25110956  0.24538742  0.23970895  0.23407351  0.26268764  0.26268764  0.25687607  0.25687607  0.26268764  0.24538742  0.25687607  0.24538742  0.27444880  0.29854419  0.29244677  0.29854419  
66_6_0     0.07315452  0.00000000  0.11500771  0.09146583  0.09611497  0.07315452  0.14927065  0.19577753  0.21741894  0.21741894  0.20112913  0.26268764  0.23970895  0.23407351  0.25687607  0.25687607  0.21741894  0.25110956  0.31089106  0.24538742  0.25110956  0.26268764  0.25110956  0.28039987  0.26268764  0.29854419  0.28039987  0.28039987  0.29854419  0.29244677  0.29854419  0.26854498  0.27444880  0.28039987  0.27444880  0.29244677  0.29244677  0.28639893  0.28639893  0.29244677  0.26268764  0.26268764  0.24538742  0.27444880  0.29854419  0.29244677  0.29854419  
66_7_0     0.06864628  0.11500771  0.00000000  0.08225383  0.09611497  0.04650604  0.11980684  0.17474803  0.19577753  0.19577753  0.22848045  0.23407351  0.22292913  0.21741894  0.22848045  0.22848045  0.21194927  0.28039987  0.28639893  0.26268764  0.25687607  0.27444880  0.27444880  0.31089106  0.27444880  0.28639893  0.30469200  0.28639893  0.26268764  0.28039987  0.28639893  0.25687607  0.26268764  0.25687607  0.23970895  0.28039987  0.26854498  0.26268764  0.26268764  0.26854498  0.25687607  0.27444880  0.24538742  0.27444880  0.32344635  0.31714222  0.32344635  
66_0_0     0.03783124  0.09146583  0.08225383  0.00000000  0.03783124  0.04215599  0.12463713  0.16958226  0.20112913  0.20112913  0.21194927  0.23407351  0.21194927  0.20651953  0.23970895  0.23970895  0.21194927  0.21194927  0.26268764  0.22848045  0.22292913  0.26268764  0.25110956  0.28639893  0.25110956  0.26268764  0.26854498  0.26854498  0.27444880  0.26854498  0.26268764  0.25687607  0.25110956  0.24538742  0.25110956  0.26854498  0.26854498  0.26268764  0.26268764  0.26854498  0.24538742  0.25687607  0.23970895  0.26854498  0.28039987  0.27444880  0.28039987  
55_0_0     0.06864628  0.09611497  0.09611497  0.03783124  0.00000000  0.06416519  0.12949900  0.17474803  0.21741894  0.21741894  0.24538742  0.25687607  0.23970895  0.23407351  0.23407351  0.24538742  0.20112913  0.24538742  0.28639893  0.26268764  0.23407351  0.29244677  0.26854498  0.29244677  0.26854498  0.29244677  0.28639893  0.28639893  0.30469200  0.29854419  0.29244677  0.28639893  0.28039987  0.27444880  0.27444880  0.29854419  0.29854419  0.29244677  0.29244677  0.29854419  0.25110956  0.26268764  0.23970895  0.26854498  0.29244677  0.28639893  0.29244677  
29_0_0     0.02925644  0.07315452  0.04650604  0.04215599  0.06416519  0.00000000  0.10550136  0.15935712  0.17994992  0.17994992  0.21194927  0.21741894  0.19577753  0.19046415  0.22292913  0.22292913  0.19046415  0.23407351  0.27444880  0.22848045  0.22848045  0.24538742  0.23407351  0.29244677  0.25687607  0.28039987  0.28639893  0.26854498  0.28039987  0.28639893  0.28039987  0.26268764  0.25687607  0.25110956  0.24538742  0.27444880  0.27444880  0.26854498  0.26854498  0.27444880  0.23970895  0.25687607  0.23407351  0.26268764  0.29244677  0.28639893  0.29244677  
51_0_0     0.11023934  0.14927065  0.11980684  0.12463713  0.12949900  0.10550136  0.00000000  0.06416519  0.21194927  0.21194927  0.23407351  0.25687607  0.24538742  0.23970895  0.25110956  0.23970895  0.22848045  0.25110956  0.29244677  0.23407351  0.22848045  0.26854498  0.25687607  0.29244677  0.26854498  0.29244677  0.29854419  0.28639893  0.29244677  0.29854419  0.29244677  0.27444880  0.28039987  0.27444880  0.24538742  0.26268764  0.27444880  0.26854498  0.26854498  0.27444880  0.31089106  0.32344635  0.31089106  0.31714222  0.35579433  0.34921121  0.35579433  
88_0_0     0.15429679  0.19577753  0.17474803  0.16958226  0.17474803  0.15935712  0.06416519  0.00000000  0.23970895  0.23970895  0.25110956  0.24538742  0.23407351  0.22848045  0.23970895  0.23970895  0.24538742  0.26268764  0.30469200  0.26854498  0.22848045  0.29854419  0.27444880  0.30469200  0.29854419  0.28639893  0.31714222  0.30469200  0.32344635  0.32980438  0.32344635  0.31089106  0.29854419  0.29244677  0.27444880  0.28039987  0.29244677  0.28639893  0.28639893  0.28039987  0.32344635  0.33621723  0.33621723  0.33621723  0.38272542  0.37590068  0.38272542  
48_9_0     0.16958226  0.21741894  0.19577753  0.20112913  0.21741894  0.17994992  0.21194927  0.23970895  0.00000000  0.00000000  0.10550136  0.21194927  0.19577753  0.19046415  0.26268764  0.25687607  0.18518846  0.20651953  0.25110956  0.22292913  0.19046415  0.21741894  0.19577753  0.23970895  0.21741894  0.23970895  0.24538742  0.22292913  0.22292913  0.23970895  0.23407351  0.23970895  0.23407351  0.22848045  0.20112913  0.23970895  0.20651953  0.21194927  0.21194927  0.21741894  0.26268764  0.27444880  0.27444880  0.28639893  0.32344635  0.31714222  0.32344635  
91_9_0     0.16958226  0.21741894  0.19577753  0.20112913  0.21741894  0.17994992  0.21194927  0.23970895  0.00000000  0.00000000  0.10550136  0.21194927  0.19577753  0.19046415  0.26268764  0.25687607  0.18518846  0.20651953  0.25110956  0.22292913  0.19046415  0.21741894  0.19577753  0.23970895  0.21741894  0.23970895  0.24538742  0.22292913  0.22292913  0.23970895  0.23407351  0.23970895  0.23407351  0.22848045  0.20112913  0.23970895  0.20651953  0.21194927  0.21194927  0.21741894  0.26268764  0.27444880  0.27444880  0.28639893  0.32344635  0.31714222  0.32344635  
82_9_0     0.20112913  0.20112913  0.22848045  0.21194927  0.24538742  0.21194927  0.23407351  0.25110956  0.10550136  0.10550136  0.00000000  0.22292913  0.21194927  0.20651953  0.28639893  0.28039987  0.18518846  0.22292913  0.26268764  0.23407351  0.21741894  0.22848045  0.21741894  0.24538742  0.21741894  0.22848045  0.25110956  0.23407351  0.26268764  0.25687607  0.27444880  0.25687607  0.25110956  0.25110956  0.23970895  0.24538742  0.24538742  0.23970895  0.23970895  0.24538742  0.29854419  0.31089106  0.29244677  0.29854419  0.31089106  0.30469200  0.31089106  
64_0_0     0.22292913  0.26268764  0.23407351  0.23407351  0.25687607  0.21741894  0.25687607  0.24538742  0.21194927  0.21194927  0.22292913  0.00000000  0.04215599  0.02925644  0.10079336  0.09611497  0.18518846  0.23407351  0.26854498  0.28639893  0.19577753  0.25110956  0.22848045  0.26268764  0.23970895  0.25110956  0.26854498  0.23970895  0.26854498  0.27444880  0.26854498  0.27444880  0.25687607  0.25110956  0.25687607  0.25110956  0.25110956  0.24538742  0.24538742  0.23970895  0.26854498  0.29854419  0.28639893  0.25687607  0.28639893  0.28039987  0.28639893  
32_0_0     0.20112913  0.23970895  0.22292913  0.21194927  0.23970895  0.19577753  0.24538742  0.23407351  0.19577753  0.19577753  0.21194927  0.04215599  0.00000000  0.01239784  0.09146583  0.08684557  0.17994992  0.21194927  0.25687607  0.26268764  0.17474803  0.25110956  0.22848045  0.26268764  0.23970895  0.25110956  0.26854498  0.23970895  0.25687607  0.26268764  0.25687607  0.26268764  0.24538742  0.23970895  0.23407351  0.23970895  0.23970895  0.23407351  0.23407351  0.22848045  0.27444880  0.28039987  0.26854498  0.26268764  0.30469200  0.29854419  0.30469200  
30_0_0     0.19577753  0.23407351  0.21741894  0.20651953  0.23407351  0.19046415  0.23970895  0.22848045  0.19046415  0.19046415  0.20651953  0.02925644  0.01239784  0.00000000  0.07769026  0.07315452  0.16958226  0.20651953  0.25110956  0.25687607  0.16958226  0.23407351  0.21194927  0.24538742  0.22292913  0.23407351  0.25110956  0.22292913  0.25110956  0.25687607  0.25110956  0.25687607  0.23970895  0.23407351  0.22848045  0.23407351  0.23407351  0.22848045  0.22848045  0.22292913  0.25687607  0.27444880  0.26268764  0.24538742  0.28639893  0.28039987  0.28639893  
58_0_0     0.22848045  0.25687607  0.22848045  0.23970895  0.23407351  0.22292913  0.25110956  0.23970895  0.26268764  0.26268764  0.28639893  0.10079336  0.09146583  0.07769026  0.00000000  0.01239784  0.19577753  0.26854498  0.30469200  0.29854419  0.23970895  0.27444880  0.25110956  0.26854498  0.26268764  0.27444880  0.28039987  0.26268764  0.28039987  0.28639893  0.28039987  0.28639893  0.28039987  0.27444880  0.25687607  0.26268764  0.26268764  0.25687607  0.25687607  0.25110956  0.28039987  0.29854419  0.28639893  0.25687607  0.29854419  0.29244677  0.29854419  
94_0_0     0.22848045  0.25687607  0.22848045  0.23970895  0.24538742  0.22292913  0.23970895  0.23970895  0.25687607  0.25687607  0.28039987  0.09611497  0.08684557  0.07315452  0.01239784  0.00000000  0.20112913  0.26268764  0.29854419  0.28639893  0.23407351  0.26854498  0.25687607  0.27444880  0.26854498  0.28039987  0.28639893  0.26854498  0.27444880  0.28039987  0.27444880  0.29244677  0.28639893  0.28039987  0.25110956  0.25687607  0.25687607  0.25110956  0.25110956  0.24538742  0.28639893  0.30469200  0.30469200  0.27444880  0.31714222  0.31089106  0.31714222  
54_10_0    0.20112913  0.21741894  0.21194927  0.21194927  0.20112913  0.19046415  0.22848045  0.24538742  0.18518846  0.18518846  0.18518846  0.18518846  0.17994992  0.16958226  0.19577753  0.20112913  0.00000000  0.20112913  0.22292913  0.22848045  0.18518846  0.20651953  0.17474803  0.20112913  0.17994992  0.20112913  0.20651953  0.19577753  0.24538742  0.23970895  0.23407351  0.26268764  0.23407351  0.23970895  0.23970895  0.26268764  0.23970895  0.23407351  0.23407351  0.23970895  0.22292913  0.23407351  0.24538742  0.23970895  0.25110956  0.24538742  0.25110956  
54_0_0     0.22848045  0.25110956  0.28039987  0.21194927  0.24538742  0.23407351  0.25110956  0.26268764  0.20651953  0.20651953  0.22292913  0.23407351  0.21194927  0.20651953  0.26854498  0.26268764  0.20112913  0.00000000  0.05528321  0.06416519  0.10550136  0.23970895  0.23970895  0.25110956  0.25110956  0.26268764  0.24538742  0.25687607  0.25110956  0.23407351  0.22848045  0.25687607  0.23970895  0.24538742  0.22848045  0.24538742  0.23407351  0.22848045  0.22848045  0.22292913  0.29854419  0.30469200  0.31089106  0.31714222  0.31714222  0.31089106  0.31714222  
54_12_0    0.28039987  0.31089106  0.28639893  0.26268764  0.28639893  0.27444880  0.29244677  0.30469200  0.25110956  0.25110956  0.26268764  0.26854498  0.25687607  0.25110956  0.30469200  0.29854419  0.22292913  0.05528321  0.00000000  0.09611497  0.13931913  0.25687607  0.26854498  0.28039987  0.28039987  0.26854498  0.27444880  0.27444880  0.29244677  0.25110956  0.25687607  0.29854419  0.26854498  0.26268764  0.25687607  0.28639893  0.27444880  0.26854498  0.26854498  0.26268764  0.36913799  0.37590068  0.36913799  0.37590068  0.37590068  0.36913799  0.37590068  
85_0_0     0.22292913  0.24538742  0.26268764  0.22848045  0.26268764  0.22848045  0.23407351  0.26854498  0.22292913  0.22292913  0.23407351  0.28639893  0.26268764  0.25687607  0.29854419  0.28639893  0.22848045  0.06416519  0.09611497  0.00000000  0.13931913  0.25687607  0.26854498  0.30469200  0.29244677  0.29244677  0.29854419  0.29854419  0.25687607  0.27444880  0.25687607  0.27444880  0.26854498  0.26268764  0.24538742  0.27444880  0.27444880  0.26854498  0.26854498  0.27444880  0.29854419  0.30469200  0.32344635  0.32344635  0.32980438  0.32344635  0.32980438  
98_0_0     0.21741894  0.25110956  0.25687607  0.22292913  0.23407351  0.22848045  0.22848045  0.22848045  0.19046415  0.19046415  0.21741894  0.19577753  0.17474803  0.16958226  0.23970895  0.23407351  0.18518846  0.10550136  0.13931913  0.13931913  0.00000000  0.23407351  0.22292913  0.25687607  0.25687607  0.25687607  0.26268764  0.25110956  0.28039987  0.27444880  0.26854498  0.27444880  0.28039987  0.27444880  0.24538742  0.27444880  0.26268764  0.25687607  0.25687607  0.25110956  0.29244677  0.29854419  0.29244677  0.29854419  0.33621723  0.32980438  0.33621723  
27_1_0     0.22848045  0.26268764  0.27444880  0.26268764  0.29244677  0.24538742  0.26854498  0.29854419  0.21741894  0.21741894  0.22848045  0.25110956  0.25110956  0.23407351  0.27444880  0.26854498  0.20651953  0.23970895  0.25687607  0.25687607  0.23407351  0.00000000  0.02925644  0.06416519  0.05528321  0.05528321  0.05971094  0.05088168  0.19046415  0.18518846  0.20112913  0.19577753  0.17994992  0.17474803  0.17994992  0.17474803  0.16445212  0.15935712  0.15935712  0.16445212  0.25110956  0.25110956  0.28639893  0.28039987  0.29244677  0.28639893  0.29244677  
47_1_0     0.21741894  0.25110956  0.27444880  0.25110956  0.26854498  0.23407351  0.25687607  0.27444880  0.19577753  0.19577753  0.21741894  0.22848045  0.22848045  0.21194927  0.25110956  0.25687607  0.17474803  0.23970895  0.26854498  0.26854498  0.22292913  0.02925644  0.00000000  0.04215599  0.03353148  0.04215599  0.04650604  0.02925644  0.19577753  0.19046415  0.20651953  0.20112913  0.17474803  0.16958226  0.18518846  0.17994992  0.16958226  0.16445212  0.16445212  0.16958226  0.25110956  0.25110956  0.27444880  0.25687607  0.28039987  0.27444880  0.28039987  
42_5_0     0.27444880  0.28039987  0.31089106  0.28639893  0.29244677  0.29244677  0.29244677  0.30469200  0.23970895  0.23970895  0.24538742  0.26268764  0.26268764  0.24538742  0.26854498  0.27444880  0.20112913  0.25110956  0.28039987  0.30469200  0.25687607  0.06416519  0.04215599  0.00000000  0.02500583  0.03353148  0.02925644  0.02077938  0.20651953  0.20112913  0.21741894  0.21194927  0.18518846  0.19046415  0.19577753  0.19046415  0.17994992  0.17474803  0.17474803  0.17994992  0.26854498  0.26854498  0.29244677  0.28639893  0.29854419  0.29244677  0.29854419  
42_1_0     0.23970895  0.26268764  0.27444880  0.25110956  0.26854498  0.25687607  0.26854498  0.29854419  0.21741894  0.21741894  0.21741894  0.23970895  0.23970895  0.22292913  0.26268764  0.26854498  0.17994992  0.25110956  0.28039987  0.29244677  0.25687607  0.05528321  0.03353148  0.02500583  0.00000000  0.02500583  0.02925644  0.01239784  0.19577753  0.19046415  0.20651953  0.20112913  0.17474803  0.16958226  0.19577753  0.17994992  0.16958226  0.16445212  0.16445212  0.16958226  0.27444880  0.27444880  0.28639893  0.28039987  0.29244677  0.28639893  0.29244677  
69_1_0     0.26854498  0.29854419  0.28639893  0.26268764  0.29244677  0.28039987  0.29244677  0.28639893  0.23970895  0.23970895  0.22848045  0.25110956  0.25110956  0.23407351  0.27444880  0.28039987  0.20112913  0.26268764  0.26854498  0.29244677  0.25687607  0.05528321  0.04215599  0.03353148  0.02500583  0.00000000  0.03783124  0.02077938  0.19577753  0.19046415  0.20651953  0.20112913  0.17474803  0.16958226  0.19577753  0.17994992  0.16958226  0.16445212  0.16445212  0.16958226  0.27444880  0.27444880  0.28639893  0.27444880  0.29244677  0.28639893  0.29244677  
69_4_0     0.26854498  0.28039987  0.30469200  0.26854498  0.28639893  0.28639893  0.29854419  0.31714222  0.24538742  0.24538742  0.25110956  0.26854498  0.26854498  0.25110956  0.28039987  0.28639893  0.20651953  0.24538742  0.27444880  0.29854419  0.26268764  0.05971094  0.04650604  0.02925644  0.02925644  0.03783124  0.00000000  0.02500583  0.20112913  0.19577753  0.21194927  0.20651953  0.17994992  0.18518846  0.20112913  0.18518846  0.17474803  0.16958226  0.16958226  0.17474803  0.26854498  0.26854498  0.29244677  0.28639893  0.29854419  0.29244677  0.29854419  
42_4_0     0.25687607  0.28039987  0.28639893  0.26854498  0.28639893  0.26854498  0.28639893  0.30469200  0.22292913  0.22292913  0.23407351  0.23970895  0.23970895  0.22292913  0.26268764  0.26854498  0.19577753  0.25687607  0.27444880  0.29854419  0.25110956  0.05088168  0.02925644  0.02077938  0.01239784  0.02077938  0.02500583  0.00000000  0.20112913  0.19577753  0.21194927  0.20651953  0.17994992  0.17474803  0.20112913  0.18518846  0.17474803  0.16958226  0.16958226  0.17474803  0.26268764  0.26268764  0.28639893  0.28039987  0.29854419  0.29244677  0.29854419  
61_1_0     0.26854498  0.29854419  0.26268764  0.27444880  0.30469200  0.28039987  0.29244677  0.32344635  0.22292913  0.22292913  0.26268764  0.26854498  0.25687607  0.25110956  0.28039987  0.27444880  0.24538742  0.25110956  0.29244677  0.25687607  0.28039987  0.19046415  0.19577753  0.20651953  0.19577753  0.19577753  0.20112913  0.20112913  0.00000000  0.03783124  0.03353148  0.03783124  0.03353148  0.03783124  0.03353148  0.03783124  0.02077938  0.02500583  0.02500583  0.02925644  0.26854498  0.25687607  0.26854498  0.26854498  0.28039987  0.27444880  0.28039987  
87_1_0     0.27444880  0.29244677  0.28039987  0.26854498  0.29854419  0.28639893  0.29854419  0.32980438  0.23970895  0.23970895  0.25687607  0.27444880  0.26268764  0.25687607  0.28639893  0.28039987  0.23970895  0.23407351  0.25110956  0.27444880  0.27444880  0.18518846  0.19046415  0.20112913  0.19046415  0.19046415  0.19577753  0.19577753  0.03783124  0.00000000  0.02077938  0.04215599  0.02925644  0.03353148  0.03783124  0.05088168  0.03353148  0.02925644  0.02925644  0.03353148  0.29854419  0.28639893  0.28639893  0.28639893  0.29854419  0.29244677  0.29854419  
28_1_0     0.26854498  0.29854419  0.28639893  0.26268764  0.29244677  0.28039987  0.29244677  0.32344635  0.23407351  0.23407351  0.27444880  0.26854498  0.25687607  0.25110956  0.28039987  0.27444880  0.23407351  0.22848045  0.25687607  0.25687607  0.26854498  0.20112913  0.20651953  0.21741894  0.20651953  0.20651953  0.21194927  0.21194927  0.03353148  0.02077938  0.00000000  0.04650604  0.03353148  0.03783124  0.04215599  0.04650604  0.03783124  0.03353148  0.03353148  0.03783124  0.29244677  0.28039987  0.29244677  0.29244677  0.29244677  0.28639893  0.29244677  
50_1_0     0.25110956  0.26854498  0.25687607  0.25687607  0.28639893  0.26268764  0.27444880  0.31089106  0.23970895  0.23970895  0.25687607  0.27444880  0.26268764  0.25687607  0.28639893  0.29244677  0.26268764  0.25687607  0.29854419  0.27444880  0.27444880  0.19577753  0.20112913  0.21194927  0.20112913  0.20112913  0.20651953  0.20651953  0.03783124  0.04215599  0.04650604  0.00000000  0.02925644  0.03353148  0.03783124  0.05088168  0.03353148  0.02925644  0.02925644  0.03353148  0.29854419  0.28639893  0.26268764  0.26268764  0.28639893  0.28039987  0.28639893  
34_1_0     0.24538742  0.27444880  0.26268764  0.25110956  0.28039987  0.25687607  0.28039987  0.29854419  0.23407351  0.23407351  0.25110956  0.25687607  0.24538742  0.23970895  0.28039987  0.28639893  0.23407351  0.23970895  0.26854498  0.26854498  0.28039987  0.17994992  0.17474803  0.18518846  0.17474803  0.17474803  0.17994992  0.17994992  0.03353148  0.02925644  0.03353148  0.02925644  0.00000000  0.00410969  0.03353148  0.04650604  0.02925644  0.02500583  0.02500583  0.02925644  0.28039987  0.26854498  0.26854498  0.26854498  0.28039987  0.27444880  0.28039987  
45_1_0     0.23970895  0.28039987  0.25687607  0.24538742  0.27444880  0.25110956  0.27444880  0.29244677  0.22848045  0.22848045  0.25110956  0.25110956  0.23970895  0.23407351  0.27444880  0.28039987  0.23970895  0.24538742  0.26268764  0.26268764  0.27444880  0.17474803  0.16958226  0.19046415  0.16958226  0.16958226  0.18518846  0.17474803  0.03783124  0.03353148  0.03783124  0.03353148  0.00410969  0.00000000  0.03783124  0.05088168  0.03353148  0.02925644  0.02925644  0.03353148  0.28639893  0.27444880  0.27444880  0.27444880  0.28639893  0.28039987  0.28639893  
76_1_0     0.23407351  0.27444880  0.23970895  0.25110956  0.27444880  0.24538742  0.24538742  0.27444880  0.20112913  0.20112913  0.23970895  0.25687607  0.23407351  0.22848045  0.25687607  0.25110956  0.23970895  0.22848045  0.25687607  0.24538742  0.24538742  0.17994992  0.18518846  0.19577753  0.19577753  0.19577753  0.20112913  0.20112913  0.03353148  0.03783124  0.04215599  0.03783124  0.03353148  0.03783124  0.00000000  0.04650604  0.02925644  0.02500583  0.02500583  0.02925644  0.27444880  0.26268764  0.26268764  0.26268764  0.28639893  0.28039987  0.28639893  
26_1_0     0.26268764  0.29244677  0.28039987  0.26854498  0.29854419  0.27444880  0.26268764  0.28039987  0.23970895  0.23970895  0.24538742  0.25110956  0.23970895  0.23407351  0.26268764  0.25687607  0.26268764  0.24538742  0.28639893  0.27444880  0.27444880  0.17474803  0.17994992  0.19046415  0.17994992  0.17994992  0.18518846  0.18518846  0.03783124  0.05088168  0.04650604  0.05088168  0.04650604  0.05088168  0.04650604  0.00000000  0.03353148  0.02925644  0.02925644  0.02500583  0.28039987  0.26854498  0.28039987  0.28039987  0.28039987  0.27444880  0.28039987  
53_2_0     0.26268764  0.29244677  0.26854498  0.26854498  0.29854419  0.27444880  0.27444880  0.29244677  0.20651953  0.20651953  0.24538742  0.25110956  0.23970895  0.23407351  0.26268764  0.25687607  0.23970895  0.23407351  0.27444880  0.27444880  0.26268764  0.16445212  0.16958226  0.17994992  0.16958226  0.16958226  0.17474803  0.17474803  0.02077938  0.03353148  0.03783124  0.03353148  0.02925644  0.03353148  0.02925644  0.03353148  0.00000000  0.00410969  0.00410969  0.00824222  0.28039987  0.26854498  0.26854498  0.26854498  0.29244677  0.28639893  0.29244677  
96_2_0     0.25687607  0.28639893  0.26268764  0.26268764  0.29244677  0.26854498  0.26854498  0.28639893  0.21194927  0.21194927  0.23970895  0.24538742  0.23407351  0.22848045  0.25687607  0.25110956  0.23407351  0.22848045  0.26854498  0.26854498  0.25687607  0.15935712  0.16445212  0.17474803  0.16445212  0.16445212  0.16958226  0.16958226  0.02500583  0.02925644  0.03353148  0.02925644  0.02500583  0.02925644  0.02500583  0.02925644  0.00410969  0.00000000  0.00000000  0.00410969  0.27444880  0.26268764  0.26268764  0.26268764  0.28639893  0.28039987  0.28639893  
96_1_0     0.25687607  0.28639893  0.26268764  0.26268764  0.29244677  0.26854498  0.26854498  0.28639893  0.21194927  0.21194927  0.23970895  0.24538742  0.23407351  0.22848045  0.25687607  0.25110956  0.23407351  0.22848045  0.26854498  0.26854498  0.25687607  0.15935712  0.16445212  0.17474803  0.16445212  0.16445212  0.16958226  0.16958226  0.02500583  0.02925644  0.03353148  0.02925644  0.02500583  0.02925644  0.02500583  0.02925644  0.00410969  0.00000000  0.00000000  0.00410969  0.27444880  0.26268764  0.26268764  0.26268764  0.28639893  0.28039987  0.28639893  
53_1_0     0.26268764  0.29244677  0.26854498  0.26854498  0.29854419  0.27444880  0.27444880  0.28039987  0.21741894  0.21741894  0.24538742  0.23970895  0.22848045  0.22292913  0.25110956  0.24538742  0.23970895  0.22292913  0.26268764  0.27444880  0.25110956  0.16445212  0.16958226  0.17994992  0.16958226  0.16958226  0.17474803  0.17474803  0.02925644  0.03353148  0.03783124  0.03353148  0.02925644  0.03353148  0.02925644  0.02500583  0.00824222  0.00410969  0.00410969  0.00000000  0.28039987  0.26854498  0.26854498  0.26854498  0.29244677  0.28639893  0.29244677  
5_0_0      0.24538742  0.26268764  0.25687607  0.24538742  0.25110956  0.23970895  0.31089106  0.32344635  0.26268764  0.26268764  0.29854419  0.26854498  0.27444880  0.25687607  0.28039987  0.28639893  0.22292913  0.29854419  0.36913799  0.29854419  0.29244677  0.25110956  0.25110956  0.26854498  0.27444880  0.27444880  0.26854498  0.26268764  0.26854498  0.29854419  0.29244677  0.29854419  0.28039987  0.28639893  0.27444880  0.28039987  0.28039987  0.27444880  0.27444880  0.28039987  0.00000000  0.02077938  0.09611497  0.11023934  0.11980684  0.12463713  0.12949900  
9_0_0      0.25687607  0.26268764  0.27444880  0.25687607  0.26268764  0.25687607  0.32344635  0.33621723  0.27444880  0.27444880  0.31089106  0.29854419  0.28039987  0.27444880  0.29854419  0.30469200  0.23407351  0.30469200  0.37590068  0.30469200  0.29854419  0.25110956  0.25110956  0.26854498  0.27444880  0.27444880  0.26854498  0.26268764  0.25687607  0.28639893  0.28039987  0.28639893  0.26854498  0.27444880  0.26268764  0.26854498  0.26854498  0.26268764  0.26268764  0.26854498  0.02077938  0.00000000  0.10079336  0.12463713  0.12949900  0.13439286  0.13931913  
16_0_0     0.24538742  0.24538742  0.24538742  0.23970895  0.23970895  0.23407351  0.31089106  0.33621723  0.27444880  0.27444880  0.29244677  0.28639893  0.26854498  0.26268764  0.28639893  0.30469200  0.24538742  0.31089106  0.36913799  0.32344635  0.29244677  0.28639893  0.27444880  0.29244677  0.28639893  0.28639893  0.29244677  0.28639893  0.26854498  0.28639893  0.29244677  0.26268764  0.26854498  0.27444880  0.26268764  0.28039987  0.26854498  0.26268764  0.26268764  0.26854498  0.09611497  0.10079336  0.00000000  0.05528321  0.09146583  0.09611497  0.10079336  
15_0_0     0.27444880  0.27444880  0.27444880  0.26854498  0.26854498  0.26268764  0.31714222  0.33621723  0.28639893  0.28639893  0.29854419  0.25687607  0.26268764  0.24538742  0.25687607  0.27444880  0.23970895  0.31714222  0.37590068  0.32344635  0.29854419  0.28039987  0.25687607  0.28639893  0.28039987  0.27444880  0.28639893  0.28039987  0.26854498  0.28639893  0.29244677  0.26268764  0.26854498  0.27444880  0.26268764  0.28039987  0.26854498  0.26268764  0.26268764  0.26854498  0.11023934  0.12463713  0.05528321  0.00000000  0.07315452  0.07769026  0.08225383  
2_0_0      0.29854419  0.29854419  0.32344635  0.28039987  0.29244677  0.29244677  0.35579433  0.38272542  0.32344635  0.32344635  0.31089106  0.28639893  0.30469200  0.28639893  0.29854419  0.31714222  0.25110956  0.31714222  0.37590068  0.32980438  0.33621723  0.29244677  0.28039987  0.29854419  0.29244677  0.29244677  0.29854419  0.29854419  0.28039987  0.29854419  0.29244677  0.28639893  0.28039987  0.28639893  0.28639893  0.28039987  0.29244677  0.28639893  0.28639893  0.29244677  0.11980684  0.12949900  0.09146583  0.07315452  0.00000000  0.00410969  0.00824222  
17_0_0     0.29244677  0.29244677  0.31714222  0.27444880  0.28639893  0.28639893  0.34921121  0.37590068  0.31714222  0.31714222  0.30469200  0.28039987  0.29854419  0.28039987  0.29244677  0.31089106  0.24538742  0.31089106  0.36913799  0.32344635  0.32980438  0.28639893  0.27444880  0.29244677  0.28639893  0.28639893  0.29244677  0.29244677  0.27444880  0.29244677  0.28639893  0.28039987  0.27444880  0.28039987  0.28039987  0.27444880  0.28639893  0.28039987  0.28039987  0.28639893  0.12463713  0.13439286  0.09611497  0.07769026  0.00410969  0.00000000  0.00410969  
11_0_0     0.29854419  0.29854419  0.32344635  0.28039987  0.29244677  0.29244677  0.35579433  0.38272542  0.32344635  0.32344635  0.31089106  0.28639893  0.30469200  0.28639893  0.29854419  0.31714222  0.25110956  0.31714222  0.37590068  0.32980438  0.33621723  0.29244677  0.28039987  0.29854419  0.29244677  0.29244677  0.29854419  0.29854419  0.28039987  0.29854419  0.29244677  0.28639893  0.28039987  0.28639893  0.28639893  0.28039987  0.29244677  0.28639893  0.28639893  0.29244677  0.12949900  0.13931913  0.10079336  0.08225383  0.00824222  0.00410969  0.00000000  

