35
15_6_0     0.00000000  0.02914197  0.03511172  0.03511172  0.11081082  0.12422208  0.19521748  0.18780108  0.18045881  0.28215960  0.28215960  0.25740945  0.24934132  0.26556718  0.25740945  0.24136086  0.26556718  0.26556718  0.24934132  0.24934132  0.26556718  0.24934132  0.24934132  0.24934132  0.29059851  0.28215960  0.28215960  0.29059851  0.29913551  0.31651306  0.29059851  0.29059851  0.23346617  0.29059851  0.29913551  
17_6_0     0.02914197  0.00000000  0.01734607  0.01734607  0.08470128  0.11748584  0.23346617  0.20270954  0.21792688  0.25740945  0.25740945  0.24934132  0.24136086  0.25740945  0.24934132  0.23346617  0.24136086  0.27381654  0.24934132  0.24934132  0.25740945  0.26556718  0.25740945  0.23346617  0.28215960  0.27381654  0.27381654  0.29913551  0.29059851  0.30777289  0.28215960  0.29913551  0.23346617  0.28215960  0.29059851  
19_6_0     0.03511172  0.01734607  0.00000000  0.02322034  0.08470128  0.11081082  0.23346617  0.20270954  0.21792688  0.24934132  0.25740945  0.25740945  0.24934132  0.26556718  0.25740945  0.22565543  0.24934132  0.26556718  0.24934132  0.24934132  0.24934132  0.27381654  0.25740945  0.24136086  0.27381654  0.28215960  0.28215960  0.29059851  0.28215960  0.29913551  0.27381654  0.29059851  0.22565543  0.29059851  0.28215960  
18_6_0     0.03511172  0.01734607  0.02322034  0.00000000  0.07831638  0.13102067  0.22565543  0.19521748  0.21027880  0.24136086  0.27381654  0.26556718  0.25740945  0.25740945  0.26556718  0.24934132  0.22565543  0.26556718  0.24136086  0.24136086  0.24934132  0.25740945  0.24934132  0.24136086  0.29059851  0.28215960  0.28215960  0.29059851  0.28215960  0.29913551  0.27381654  0.29059851  0.22565543  0.27381654  0.29913551  
20_6_0     0.11081082  0.08470128  0.08470128  0.07831638  0.00000000  0.09764004  0.22565543  0.23346617  0.21027880  0.26556718  0.29913551  0.26556718  0.27381654  0.26556718  0.26556718  0.23346617  0.26556718  0.24136086  0.24934132  0.26556718  0.24934132  0.25740945  0.23346617  0.27381654  0.26556718  0.25740945  0.25740945  0.26556718  0.25740945  0.28215960  0.24934132  0.27381654  0.24136086  0.26556718  0.25740945  
16_6_0     0.12422208  0.11748584  0.11081082  0.13102067  0.09764004  0.00000000  0.21792688  0.18780108  0.22565543  0.24934132  0.24934132  0.22565543  0.23346617  0.24934132  0.22565543  0.17318920  0.25740945  0.21792688  0.24934132  0.24934132  0.27381654  0.25740945  0.23346617  0.28215960  0.29913551  0.30777289  0.30777289  0.29913551  0.30777289  0.30777289  0.29913551  0.29059851  0.29059851  0.29059851  0.30777289  
15_0_0     0.19521748  0.23346617  0.23346617  0.22565543  0.22565543  0.21792688  0.00000000  0.06571071  0.04113039  0.28215960  0.32535848  0.24136086  0.24136086  0.25740945  0.23346617  0.24934132  0.34337545  0.22565543  0.24136086  0.24136086  0.29913551  0.21027880  0.23346617  0.24934132  0.27381654  0.27381654  0.27381654  0.27381654  0.28215960  0.27381654  0.28215960  0.27381654  0.25740945  0.29913551  0.29913551  
19_0_0     0.18780108  0.20270954  0.20270954  0.19521748  0.23346617  0.18780108  0.06571071  0.00000000  0.04719878  0.28215960  0.30777289  0.23346617  0.24136086  0.25740945  0.24136086  0.24136086  0.30777289  0.24136086  0.24934132  0.24934132  0.29913551  0.25740945  0.24934132  0.24136086  0.27381654  0.28215960  0.29059851  0.26556718  0.29913551  0.29059851  0.29913551  0.28215960  0.25740945  0.29913551  0.29059851  
17_0_0     0.18045881  0.21792688  0.21792688  0.21027880  0.21027880  0.22565543  0.04113039  0.04719878  0.00000000  0.30777289  0.32535848  0.24934132  0.26556718  0.28215960  0.25740945  0.26556718  0.31651306  0.24934132  0.24934132  0.26556718  0.29059851  0.23346617  0.24136086  0.24934132  0.25740945  0.25740945  0.24136086  0.24136086  0.28215960  0.29913551  0.28215960  0.27381654  0.23346617  0.29913551  0.25740945  
4_0_0      0.28215960  0.25740945  0.24934132  0.24136086  0.26556718  0.24934132  0.28215960  0.28215960  0.30777289  0.00000000  0.13788278  0.10419591  0.09114217  0.09764004  0.09764004  0.10419591  0.12422208  0.19521748  0.20270954  0.19521748  0.22565543  0.25740945  0.23346617  0.27381654  0.33431173  0.32535848  0.32535848  0.32535848  0.32535848  0.31651306  0.31651306  0.32535848  0.29059851  0.33431173  0.31651306  
12_0_0     0.28215960  0.25740945  0.25740945  0.27381654  0.29913551  0.24934132  0.32535848  0.30777289  0.32535848  0.13788278  0.00000000  0.09764004  0.11081082  0.10419591  0.09764004  0.13102067  0.13788278  0.28215960  0.28215960  0.27381654  0.29059851  0.30777289  0.29059851  0.29059851  0.32535848  0.33431173  0.33431173  0.33431173  0.34337545  0.33431173  0.35255242  0.34337545  0.32535848  0.33431173  0.32535848  
1_0_0      0.25740945  0.24934132  0.25740945  0.26556718  0.26556718  0.22565543  0.24136086  0.23346617  0.24934132  0.10419591  0.09764004  0.00000000  0.01151842  0.04113039  0.01151842  0.07831638  0.15886235  0.23346617  0.24136086  0.24934132  0.24934132  0.29059851  0.24934132  0.24934132  0.31651306  0.32535848  0.33431173  0.32535848  0.32535848  0.33431173  0.35255242  0.35255242  0.29913551  0.33431173  0.29913551  
7_0_0      0.24934132  0.24136086  0.24934132  0.25740945  0.27381654  0.23346617  0.24136086  0.24136086  0.26556718  0.09114217  0.11081082  0.01151842  0.00000000  0.04113039  0.01151842  0.07831638  0.15886235  0.22565543  0.23346617  0.24136086  0.25740945  0.29913551  0.25740945  0.25740945  0.32535848  0.31651306  0.34337545  0.33431173  0.31651306  0.32535848  0.34337545  0.34337545  0.29059851  0.32535848  0.30777289  
5_0_0      0.26556718  0.25740945  0.26556718  0.25740945  0.26556718  0.24934132  0.25740945  0.25740945  0.28215960  0.09764004  0.10419591  0.04113039  0.04113039  0.00000000  0.04113039  0.09764004  0.13788278  0.22565543  0.23346617  0.22565543  0.24934132  0.29059851  0.24136086  0.26556718  0.31651306  0.30777289  0.33431173  0.32535848  0.32535848  0.31651306  0.33431173  0.33431173  0.29913551  0.30777289  0.29913551  
10_0_0     0.25740945  0.24934132  0.25740945  0.26556718  0.26556718  0.22565543  0.23346617  0.24136086  0.25740945  0.09764004  0.09764004  0.01151842  0.01151842  0.04113039  0.00000000  0.07198650  0.16599084  0.21792688  0.22565543  0.23346617  0.24934132  0.29059851  0.24934132  0.26556718  0.33431173  0.32535848  0.34337545  0.34337545  0.30777289  0.31651306  0.34337545  0.33431173  0.29059851  0.32535848  0.31651306  
8_0_0      0.24136086  0.23346617  0.22565543  0.24934132  0.23346617  0.17318920  0.24934132  0.24136086  0.26556718  0.10419591  0.13102067  0.07831638  0.07831638  0.09764004  0.07198650  0.00000000  0.14480960  0.21027880  0.22565543  0.22565543  0.24934132  0.26556718  0.22565543  0.24136086  0.30777289  0.30777289  0.31651306  0.32535848  0.29059851  0.31651306  0.30777289  0.31651306  0.28215960  0.30777289  0.29059851  
9_0_0      0.26556718  0.24136086  0.24934132  0.22565543  0.26556718  0.25740945  0.34337545  0.30777289  0.31651306  0.12422208  0.13788278  0.15886235  0.15886235  0.13788278  0.16599084  0.14480960  0.00000000  0.24136086  0.23346617  0.23346617  0.24136086  0.27381654  0.24934132  0.28215960  0.31651306  0.31651306  0.31651306  0.29913551  0.34337545  0.33431173  0.31651306  0.32535848  0.29913551  0.29913551  0.30777289  
1_3_0      0.26556718  0.27381654  0.26556718  0.26556718  0.24136086  0.21792688  0.22565543  0.24136086  0.24934132  0.19521748  0.28215960  0.23346617  0.22565543  0.22565543  0.21792688  0.21027880  0.24136086  0.00000000  0.02322034  0.04113039  0.06571071  0.07198650  0.05948808  0.15886235  0.19521748  0.18045881  0.18780108  0.16599084  0.21027880  0.18045881  0.19521748  0.17318920  0.20270954  0.21027880  0.19521748  
7_3_0      0.24934132  0.24934132  0.24934132  0.24136086  0.24934132  0.24934132  0.24136086  0.24934132  0.24934132  0.20270954  0.28215960  0.24136086  0.23346617  0.23346617  0.22565543  0.22565543  0.23346617  0.02322034  0.00000000  0.01734607  0.04719878  0.05948808  0.05331773  0.14480960  0.18780108  0.17318920  0.18045881  0.16599084  0.20270954  0.18045881  0.18780108  0.17318920  0.17318920  0.19521748  0.18045881  
5_3_0      0.24934132  0.24934132  0.24934132  0.24136086  0.26556718  0.24934132  0.24136086  0.24934132  0.26556718  0.19521748  0.27381654  0.24934132  0.24136086  0.22565543  0.23346617  0.22565543  0.23346617  0.04113039  0.01734607  0.00000000  0.05948808  0.05948808  0.04719878  0.13102067  0.17318920  0.17318920  0.18045881  0.16599084  0.18780108  0.16599084  0.17318920  0.15886235  0.17318920  0.18780108  0.18045881  
12_3_0     0.26556718  0.25740945  0.24934132  0.24934132  0.24934132  0.27381654  0.29913551  0.29913551  0.29059851  0.22565543  0.29059851  0.24934132  0.25740945  0.24934132  0.24934132  0.24934132  0.24136086  0.06571071  0.04719878  0.05948808  0.00000000  0.08470128  0.07831638  0.15180237  0.18045881  0.18780108  0.18045881  0.18045881  0.21027880  0.19521748  0.19521748  0.20270954  0.19521748  0.23346617  0.17318920  
4_3_0      0.24934132  0.26556718  0.27381654  0.25740945  0.25740945  0.25740945  0.21027880  0.25740945  0.23346617  0.25740945  0.30777289  0.29059851  0.29913551  0.29059851  0.29059851  0.26556718  0.27381654  0.07198650  0.05948808  0.05948808  0.08470128  0.00000000  0.05948808  0.12422208  0.15886235  0.16599084  0.15886235  0.15180237  0.18780108  0.16599084  0.17318920  0.15886235  0.18780108  0.21027880  0.17318920  
8_3_0      0.24934132  0.25740945  0.25740945  0.24934132  0.23346617  0.23346617  0.23346617  0.24934132  0.24136086  0.23346617  0.29059851  0.24934132  0.25740945  0.24136086  0.24934132  0.22565543  0.24934132  0.05948808  0.05331773  0.04719878  0.07831638  0.05948808  0.00000000  0.14480960  0.17318920  0.18780108  0.18045881  0.16599084  0.19521748  0.19521748  0.18780108  0.17318920  0.21027880  0.22565543  0.18780108  
9_1_0      0.24934132  0.23346617  0.24136086  0.24136086  0.27381654  0.28215960  0.24934132  0.24136086  0.24934132  0.27381654  0.29059851  0.24934132  0.25740945  0.26556718  0.26556718  0.24136086  0.28215960  0.15886235  0.14480960  0.13102067  0.15180237  0.12422208  0.14480960  0.00000000  0.10419591  0.11081082  0.11081082  0.12422208  0.13788278  0.12422208  0.13102067  0.13788278  0.15886235  0.17318920  0.10419591  
7_1_0      0.29059851  0.28215960  0.27381654  0.29059851  0.26556718  0.29913551  0.27381654  0.27381654  0.25740945  0.33431173  0.32535848  0.31651306  0.32535848  0.31651306  0.33431173  0.30777289  0.31651306  0.19521748  0.18780108  0.17318920  0.18045881  0.15886235  0.17318920  0.10419591  0.00000000  0.01734607  0.02322034  0.02322034  0.05331773  0.05331773  0.03511172  0.04719878  0.09764004  0.10419591  0.02914197  
5_1_0      0.28215960  0.27381654  0.28215960  0.28215960  0.25740945  0.30777289  0.27381654  0.28215960  0.25740945  0.32535848  0.33431173  0.32535848  0.31651306  0.30777289  0.32535848  0.30777289  0.31651306  0.18045881  0.17318920  0.17318920  0.18780108  0.16599084  0.18780108  0.11081082  0.01734607  0.00000000  0.01734607  0.02914197  0.05948808  0.05948808  0.04113039  0.05331773  0.09114217  0.10419591  0.03511172  
10_1_0     0.28215960  0.27381654  0.28215960  0.28215960  0.25740945  0.30777289  0.27381654  0.29059851  0.24136086  0.32535848  0.33431173  0.33431173  0.34337545  0.33431173  0.34337545  0.31651306  0.31651306  0.18780108  0.18045881  0.18045881  0.18045881  0.15886235  0.18045881  0.11081082  0.02322034  0.01734607  0.00000000  0.03511172  0.07198650  0.07198650  0.05331773  0.06571071  0.09114217  0.11081082  0.02914197  
1_1_0      0.29059851  0.29913551  0.29059851  0.29059851  0.26556718  0.29913551  0.27381654  0.26556718  0.24136086  0.32535848  0.33431173  0.32535848  0.33431173  0.32535848  0.34337545  0.32535848  0.29913551  0.16599084  0.16599084  0.16599084  0.18045881  0.15180237  0.16599084  0.12422208  0.02322034  0.02914197  0.03511172  0.00000000  0.06571071  0.05331773  0.04719878  0.03511172  0.07831638  0.10419591  0.04113039  
7_4_0      0.29913551  0.29059851  0.28215960  0.28215960  0.25740945  0.30777289  0.28215960  0.29913551  0.28215960  0.32535848  0.34337545  0.32535848  0.31651306  0.32535848  0.30777289  0.29059851  0.34337545  0.21027880  0.20270954  0.18780108  0.21027880  0.18780108  0.19521748  0.13788278  0.05331773  0.05948808  0.07198650  0.06571071  0.00000000  0.03511172  0.02322034  0.02914197  0.08470128  0.10419591  0.07198650  
5_4_0      0.31651306  0.30777289  0.29913551  0.29913551  0.28215960  0.30777289  0.27381654  0.29059851  0.29913551  0.31651306  0.33431173  0.33431173  0.32535848  0.31651306  0.31651306  0.31651306  0.33431173  0.18045881  0.18045881  0.16599084  0.19521748  0.16599084  0.19521748  0.12422208  0.05331773  0.05948808  0.07198650  0.05331773  0.03511172  0.00000000  0.03511172  0.02914197  0.09114217  0.10419591  0.07198650  
10_4_0     0.29059851  0.28215960  0.27381654  0.27381654  0.24934132  0.29913551  0.28215960  0.29913551  0.28215960  0.31651306  0.35255242  0.35255242  0.34337545  0.33431173  0.34337545  0.30777289  0.31651306  0.19521748  0.18780108  0.17318920  0.19521748  0.17318920  0.18780108  0.13102067  0.03511172  0.04113039  0.05331773  0.04719878  0.02322034  0.03511172  0.00000000  0.01734607  0.09114217  0.09764004  0.06571071  
1_4_0      0.29059851  0.29913551  0.29059851  0.29059851  0.27381654  0.29059851  0.27381654  0.28215960  0.27381654  0.32535848  0.34337545  0.35255242  0.34337545  0.33431173  0.33431173  0.31651306  0.32535848  0.17318920  0.17318920  0.15886235  0.20270954  0.15886235  0.17318920  0.13788278  0.04719878  0.05331773  0.06571071  0.03511172  0.02914197  0.02914197  0.01734607  0.00000000  0.08470128  0.09764004  0.07831638  
12_1_0     0.23346617  0.23346617  0.22565543  0.22565543  0.24136086  0.29059851  0.25740945  0.25740945  0.23346617  0.29059851  0.32535848  0.29913551  0.29059851  0.29913551  0.29059851  0.28215960  0.29913551  0.20270954  0.17318920  0.17318920  0.19521748  0.18780108  0.21027880  0.15886235  0.09764004  0.09114217  0.09114217  0.07831638  0.08470128  0.09114217  0.09114217  0.08470128  0.00000000  0.11748584  0.09114217  
4_1_0      0.29059851  0.28215960  0.29059851  0.27381654  0.26556718  0.29059851  0.29913551  0.29913551  0.29913551  0.33431173  0.33431173  0.33431173  0.32535848  0.30777289  0.32535848  0.30777289  0.29913551  0.21027880  0.19521748  0.18780108  0.23346617  0.21027880  0.22565543  0.17318920  0.10419591  0.10419591  0.11081082  0.10419591  0.10419591  0.10419591  0.09764004  0.09764004  0.11748584  0.00000000  0.11748584  
8_1_0      0.29913551  0.29059851  0.28215960  0.29913551  0.25740945  0.30777289  0.29913551  0.29059851  0.25740945  0.31651306  0.32535848  0.29913551  0.30777289  0.29913551  0.31651306  0.29059851  0.30777289  0.19521748  0.18045881  0.18045881  0.17318920  0.17318920  0.18780108  0.10419591  0.02914197  0.03511172  0.02914197  0.04113039  0.07198650  0.07198650  0.06571071  0.07831638  0.09114217  0.11748584  0.00000000  

