20
3_0_0      0.00000000  0.17623072  0.17623072  0.28619739  0.26670600  0.26670600  0.27314667  0.26032048  0.20518612  0.24148568  0.25398920  0.23531168  0.21709067  0.21709067  0.22918840  0.23531168  0.34081230  0.32677894  0.35511489  0.32677894  
2_0_0      0.17623072  0.00000000  0.00902299  0.19930437  0.19346867  0.19346867  0.19930437  0.17057218  0.16495627  0.18193253  0.20518612  0.19930437  0.20518612  0.19346867  0.19346867  0.19930437  0.23531168  0.24771122  0.24771122  0.24771122  
1_0_0      0.17623072  0.00902299  0.00000000  0.19930437  0.19346867  0.19346867  0.19930437  0.17057218  0.16495627  0.18193253  0.20518612  0.19930437  0.20518612  0.18193253  0.18193253  0.18767829  0.22311500  0.23531168  0.24771122  0.26032048  
11_0_0     0.28619739  0.19930437  0.19930437  0.00000000  0.01357577  0.02276559  0.02740334  0.06558199  0.19346867  0.16495627  0.15938235  0.15384978  0.15938235  0.14835798  0.15938235  0.15384978  0.17057218  0.15938235  0.15938235  0.17057218  
6_0_0      0.26670600  0.19346867  0.19346867  0.01357577  0.00000000  0.00902299  0.01357577  0.06070136  0.18767829  0.16495627  0.15384978  0.14835798  0.15384978  0.14290633  0.15384978  0.14835798  0.18767829  0.17623072  0.17623072  0.17623072  
14_0_0     0.26670600  0.19346867  0.19346867  0.02276559  0.00902299  0.00000000  0.00449785  0.07049478  0.19930437  0.17623072  0.16495627  0.15938235  0.16495627  0.15384978  0.16495627  0.15938235  0.19346867  0.18193253  0.18767829  0.18767829  
17_0_0     0.27314667  0.19930437  0.19930437  0.02740334  0.01357577  0.00449785  0.00000000  0.07544016  0.20518612  0.18193253  0.17057218  0.16495627  0.17057218  0.15938235  0.17057218  0.16495627  0.18767829  0.17623072  0.18193253  0.18193253  
5_0_0      0.26032048  0.17057218  0.17057218  0.06558199  0.06070136  0.07049478  0.07544016  0.00000000  0.18193253  0.16495627  0.14290633  0.16495627  0.17057218  0.15938235  0.14290633  0.14835798  0.18193253  0.18193253  0.18193253  0.17057218  
19_0_0     0.20518612  0.16495627  0.16495627  0.19346867  0.18767829  0.19930437  0.20518612  0.18193253  0.00000000  0.05585248  0.08041856  0.05103493  0.06558199  0.05585248  0.07049478  0.07544016  0.26670600  0.25398920  0.24148568  0.27964348  
18_0_0     0.24148568  0.18193253  0.18193253  0.16495627  0.16495627  0.17623072  0.18193253  0.16495627  0.05585248  0.00000000  0.03207011  0.03207011  0.05103493  0.06558199  0.07049478  0.07544016  0.26032048  0.24771122  0.22311500  0.26032048  
7_0_0      0.25398920  0.20518612  0.20518612  0.15938235  0.15384978  0.16495627  0.17057218  0.14290633  0.08041856  0.03207011  0.00000000  0.04624830  0.06558199  0.08041856  0.07544016  0.08041856  0.26032048  0.24771122  0.22311500  0.24771122  
16_0_0     0.23531168  0.19930437  0.19930437  0.15384978  0.14835798  0.15938235  0.16495627  0.16495627  0.05103493  0.03207011  0.04624830  0.00000000  0.02740334  0.03207011  0.04624830  0.05103493  0.24771122  0.23531168  0.21111463  0.26032048  
9_0_0      0.21709067  0.20518612  0.20518612  0.15938235  0.15384978  0.16495627  0.17057218  0.17057218  0.06558199  0.05103493  0.06558199  0.02740334  0.00000000  0.05585248  0.06070136  0.07544016  0.25398920  0.24148568  0.22918840  0.25398920  
15_0_0     0.21709067  0.19346867  0.18193253  0.14835798  0.14290633  0.15384978  0.15938235  0.15938235  0.05585248  0.06558199  0.08041856  0.03207011  0.05585248  0.00000000  0.02276559  0.02740334  0.20518612  0.19346867  0.19346867  0.25398920  
8_0_0      0.22918840  0.19346867  0.18193253  0.15938235  0.15384978  0.16495627  0.17057218  0.14290633  0.07049478  0.07049478  0.07544016  0.04624830  0.06070136  0.02276559  0.00000000  0.01357577  0.19930437  0.19930437  0.18767829  0.23531168  
20_0_0     0.23531168  0.19930437  0.18767829  0.15384978  0.14835798  0.15938235  0.16495627  0.14835798  0.07544016  0.07544016  0.08041856  0.05103493  0.07544016  0.02740334  0.01357577  0.00000000  0.19346867  0.19346867  0.18193253  0.24148568  
12_0_0     0.34081230  0.23531168  0.22311500  0.17057218  0.18767829  0.19346867  0.18767829  0.18193253  0.26670600  0.26032048  0.26032048  0.24771122  0.25398920  0.20518612  0.19930437  0.19346867  0.00000000  0.00902299  0.03207011  0.08543043  
10_0_0     0.32677894  0.24771122  0.23531168  0.15938235  0.17623072  0.18193253  0.17623072  0.18193253  0.25398920  0.24771122  0.24771122  0.23531168  0.24148568  0.19346867  0.19930437  0.19346867  0.00902299  0.00000000  0.03207011  0.08543043  
13_0_0     0.35511489  0.24771122  0.24771122  0.15938235  0.17623072  0.18767829  0.18193253  0.18193253  0.24148568  0.22311500  0.22311500  0.21111463  0.22918840  0.19346867  0.18767829  0.18193253  0.03207011  0.03207011  0.00000000  0.08041856  
4_0_0      0.32677894  0.24771122  0.26032048  0.17057218  0.17623072  0.18767829  0.18193253  0.17057218  0.27964348  0.26032048  0.24771122  0.26032048  0.25398920  0.25398920  0.23531168  0.24148568  0.08543043  0.08543043  0.08041856  0.00000000  

