34
49_0_0     0.00000000  0.07803611  0.06894909  0.12521878  0.16525080  0.27593611  0.21302862  0.21302862  0.20214239  0.20756555  0.17560549  0.17560549  0.18083752  0.17560549  0.18083752  0.18083752  0.16012712  0.20756555  0.17041009  0.18083752  0.18083752  0.18083752  0.18610668  0.17560549  0.15503857  0.17560549  0.22407689  0.17560549  0.20756555  0.21302862  0.20214239  0.20214239  0.19675857  0.19141352  
44_0_0     0.07803611  0.00000000  0.01664617  0.18083752  0.22966331  0.28796952  0.24096390  0.24096390  0.23529210  0.24096390  0.22407689  0.21302862  0.21853220  0.20214239  0.20756555  0.20756555  0.18610668  0.20756555  0.20756555  0.22966331  0.22966331  0.21853220  0.21302862  0.20214239  0.19141352  0.21302862  0.23529210  0.18610668  0.18610668  0.20214239  0.20214239  0.20214239  0.20756555  0.21302862  
51_0_0     0.06894909  0.01664617  0.00000000  0.17041009  0.21853220  0.28192843  0.24096390  0.24096390  0.23529210  0.24096390  0.22407689  0.21302862  0.21853220  0.20214239  0.20756555  0.20756555  0.18610668  0.20756555  0.20756555  0.21853220  0.21853220  0.21853220  0.21302862  0.20214239  0.19141352  0.21302862  0.23529210  0.19675857  0.19675857  0.21302862  0.21302862  0.21302862  0.21853220  0.21302862  
8_0_0      0.12521878  0.18083752  0.17041009  0.00000000  0.19141352  0.31263790  0.27593611  0.27593611  0.25824405  0.25243919  0.25824405  0.25824405  0.26409468  0.25243919  0.25243919  0.25243919  0.22966331  0.27593611  0.22966331  0.21853220  0.21853220  0.24096390  0.24667937  0.23529210  0.21302862  0.22407689  0.26999178  0.25824405  0.26999178  0.26409468  0.28796952  0.28796952  0.29406018  0.28796952  
10_0_0     0.16525080  0.22966331  0.21853220  0.19141352  0.00000000  0.32528649  0.22407689  0.22407689  0.24096390  0.24667937  0.21853220  0.21853220  0.22407689  0.25824405  0.25243919  0.24096390  0.21853220  0.25243919  0.20756555  0.21853220  0.21853220  0.22966331  0.23529210  0.22407689  0.20214239  0.22407689  0.25243919  0.22966331  0.28192843  0.26409468  0.25243919  0.25243919  0.24667937  0.24096390  
2_0_0      0.27593611  0.28796952  0.28192843  0.31263790  0.32528649  0.00000000  0.25824405  0.25824405  0.27593611  0.28192843  0.29406018  0.28192843  0.27593611  0.28796952  0.28192843  0.28192843  0.26999178  0.30020123  0.26999178  0.26999178  0.26999178  0.28192843  0.27593611  0.26409468  0.26409468  0.28796952  0.32528649  0.26409468  0.26409468  0.28192843  0.26999178  0.26999178  0.27593611  0.26999178  
12_2_0     0.21302862  0.24096390  0.24096390  0.27593611  0.22407689  0.25824405  0.00000000  0.00000000  0.04233704  0.05110214  0.07347869  0.06444696  0.05997198  0.17560549  0.17041009  0.16012712  0.13010629  0.17041009  0.13010629  0.13997894  0.13997894  0.13997894  0.13502620  0.12521878  0.12521878  0.14496494  0.20214239  0.17041009  0.18083752  0.18610668  0.18610668  0.18610668  0.19141352  0.19675857  
48_2_0     0.21302862  0.24096390  0.24096390  0.27593611  0.22407689  0.25824405  0.00000000  0.00000000  0.04233704  0.05110214  0.07347869  0.06444696  0.05997198  0.17560549  0.17041009  0.16012712  0.13010629  0.17041009  0.13010629  0.13997894  0.13997894  0.13997894  0.13502620  0.12521878  0.12521878  0.14496494  0.20214239  0.17041009  0.18083752  0.18610668  0.18610668  0.18610668  0.19141352  0.19675857  
42_2_0     0.20214239  0.23529210  0.23529210  0.25824405  0.24096390  0.27593611  0.04233704  0.04233704  0.00000000  0.01664617  0.10125260  0.09187868  0.08723575  0.18610668  0.19141352  0.18083752  0.14998467  0.18610668  0.14998467  0.16012712  0.16012712  0.16012712  0.15503857  0.14496494  0.14496494  0.16525080  0.22407689  0.16525080  0.18083752  0.19675857  0.18083752  0.18083752  0.18610668  0.18610668  
85_2_0     0.20756555  0.24096390  0.24096390  0.25243919  0.24667937  0.28192843  0.05110214  0.05110214  0.01664617  0.00000000  0.11074642  0.10125260  0.09655085  0.19675857  0.20214239  0.19141352  0.16012712  0.18610668  0.14998467  0.16012712  0.16012712  0.16012712  0.15503857  0.14496494  0.14496494  0.16525080  0.22407689  0.17560549  0.19141352  0.20756555  0.19141352  0.19141352  0.19675857  0.20214239  
76_2_0     0.17560549  0.22407689  0.22407689  0.25824405  0.21853220  0.29406018  0.07347869  0.07347869  0.10125260  0.11074642  0.00000000  0.00827642  0.03799300  0.14496494  0.14496494  0.13010629  0.12036324  0.16525080  0.11074642  0.13010629  0.13010629  0.13010629  0.12521878  0.11553925  0.10598433  0.12521878  0.18083752  0.16012712  0.18083752  0.18610668  0.17560549  0.17560549  0.17041009  0.17560549  
70_2_0     0.17560549  0.21302862  0.21302862  0.25824405  0.21853220  0.28192843  0.06444696  0.06444696  0.09187868  0.10125260  0.00827642  0.00000000  0.02938046  0.13502620  0.13502620  0.12036324  0.11074642  0.15503857  0.10125260  0.12036324  0.12036324  0.12036324  0.12521878  0.11553925  0.09655085  0.11553925  0.17041009  0.14998467  0.17041009  0.17560549  0.16525080  0.16525080  0.16012712  0.16525080  
87_2_0     0.18083752  0.21853220  0.21853220  0.26409468  0.22407689  0.27593611  0.05997198  0.05997198  0.08723575  0.09655085  0.03799300  0.02938046  0.00000000  0.14496494  0.14998467  0.13010629  0.11074642  0.17041009  0.10125260  0.12036324  0.12036324  0.12036324  0.12521878  0.11553925  0.09655085  0.11553925  0.17041009  0.14998467  0.17041009  0.17560549  0.16525080  0.16525080  0.16012712  0.16525080  
9_0_0      0.17560549  0.20214239  0.20214239  0.25243919  0.25824405  0.28796952  0.17560549  0.17560549  0.18610668  0.19675857  0.14496494  0.13502620  0.14496494  0.00000000  0.03799300  0.02938046  0.06894909  0.10598433  0.06894909  0.08723575  0.08723575  0.08723575  0.08262167  0.07347869  0.05552381  0.07347869  0.12521878  0.14496494  0.14496494  0.14998467  0.14998467  0.14998467  0.14496494  0.14998467  
83_0_0     0.18083752  0.20756555  0.20756555  0.25243919  0.25243919  0.28192843  0.17041009  0.17041009  0.19141352  0.20214239  0.14496494  0.13502620  0.14998467  0.03799300  0.00000000  0.02938046  0.07347869  0.11074642  0.07347869  0.09187868  0.09187868  0.09187868  0.08723575  0.07803611  0.05997198  0.07803611  0.13997894  0.17041009  0.17041009  0.17560549  0.17560549  0.17560549  0.17041009  0.17560549  
68_0_0     0.18083752  0.20756555  0.20756555  0.25243919  0.24096390  0.28192843  0.16012712  0.16012712  0.18083752  0.19141352  0.13010629  0.12036324  0.13010629  0.02938046  0.02938046  0.00000000  0.05552381  0.10125260  0.05552381  0.07347869  0.07347869  0.07347869  0.06894909  0.05997198  0.04233704  0.05997198  0.12036324  0.14998467  0.14998467  0.15503857  0.15503857  0.15503857  0.14998467  0.15503857  
56_0_0     0.16012712  0.18610668  0.18610668  0.22966331  0.21853220  0.26999178  0.13010629  0.13010629  0.14998467  0.16012712  0.12036324  0.11074642  0.11074642  0.06894909  0.07347869  0.05552381  0.00000000  0.05997198  0.03367424  0.05110214  0.05110214  0.05110214  0.03799300  0.02938046  0.02086671  0.03799300  0.10598433  0.10598433  0.12521878  0.13010629  0.12036324  0.12036324  0.10598433  0.11074642  
57_0_0     0.20756555  0.20756555  0.20756555  0.27593611  0.25243919  0.30020123  0.17041009  0.17041009  0.18610668  0.18610668  0.16525080  0.15503857  0.17041009  0.10598433  0.11074642  0.10125260  0.05997198  0.00000000  0.07803611  0.09655085  0.09655085  0.09655085  0.08262167  0.07347869  0.07347869  0.09187868  0.14496494  0.15503857  0.16525080  0.17041009  0.16012712  0.16012712  0.15503857  0.16012712  
75_0_0     0.17041009  0.20756555  0.20756555  0.22966331  0.20756555  0.26999178  0.13010629  0.13010629  0.14998467  0.14998467  0.11074642  0.10125260  0.10125260  0.06894909  0.07347869  0.05552381  0.03367424  0.07803611  0.00000000  0.02511138  0.02511138  0.02511138  0.02938046  0.02086671  0.01244950  0.02938046  0.09655085  0.12521878  0.13502620  0.13997894  0.13997894  0.13997894  0.13502620  0.13997894  
61_0_0     0.18083752  0.22966331  0.21853220  0.21853220  0.21853220  0.26999178  0.13997894  0.13997894  0.16012712  0.16012712  0.13010629  0.12036324  0.12036324  0.08723575  0.09187868  0.07347869  0.05110214  0.09655085  0.02511138  0.00000000  0.00000000  0.02511138  0.04670665  0.03799300  0.02938046  0.04670665  0.11553925  0.12521878  0.13502620  0.13997894  0.14998467  0.14998467  0.14496494  0.13997894  
47_0_0     0.18083752  0.22966331  0.21853220  0.21853220  0.21853220  0.26999178  0.13997894  0.13997894  0.16012712  0.16012712  0.13010629  0.12036324  0.12036324  0.08723575  0.09187868  0.07347869  0.05110214  0.09655085  0.02511138  0.00000000  0.00000000  0.02511138  0.04670665  0.03799300  0.02938046  0.04670665  0.11553925  0.12521878  0.13502620  0.13997894  0.14998467  0.14998467  0.14496494  0.13997894  
14_0_0     0.18083752  0.21853220  0.21853220  0.24096390  0.22966331  0.28192843  0.13997894  0.13997894  0.16012712  0.16012712  0.13010629  0.12036324  0.12036324  0.08723575  0.09187868  0.07347869  0.05110214  0.09655085  0.02511138  0.02511138  0.02511138  0.00000000  0.04670665  0.03799300  0.02938046  0.03799300  0.11553925  0.12521878  0.13502620  0.13997894  0.13997894  0.13997894  0.13502620  0.14998467  
21_0_0     0.18610668  0.21302862  0.21302862  0.24667937  0.23529210  0.27593611  0.13502620  0.13502620  0.15503857  0.15503857  0.12521878  0.12521878  0.12521878  0.08262167  0.08723575  0.06894909  0.03799300  0.08262167  0.02938046  0.04670665  0.04670665  0.04670665  0.00000000  0.00827642  0.02511138  0.04233704  0.09187868  0.13997894  0.13010629  0.14496494  0.14496494  0.14496494  0.14998467  0.15503857  
36_0_0     0.17560549  0.20214239  0.20214239  0.23529210  0.22407689  0.26409468  0.12521878  0.12521878  0.14496494  0.14496494  0.11553925  0.11553925  0.11553925  0.07347869  0.07803611  0.05997198  0.02938046  0.07347869  0.02086671  0.03799300  0.03799300  0.03799300  0.00827642  0.00000000  0.01664617  0.03367424  0.09187868  0.13010629  0.13010629  0.14496494  0.13502620  0.13502620  0.13997894  0.14496494  
28_0_0     0.15503857  0.19141352  0.19141352  0.21302862  0.20214239  0.26409468  0.12521878  0.12521878  0.14496494  0.14496494  0.10598433  0.09655085  0.09655085  0.05552381  0.05997198  0.04233704  0.02086671  0.07347869  0.01244950  0.02938046  0.02938046  0.02938046  0.02511138  0.01664617  0.00000000  0.01664617  0.08262167  0.11074642  0.12036324  0.12521878  0.12521878  0.12521878  0.12036324  0.12521878  
13_0_0     0.17560549  0.21302862  0.21302862  0.22407689  0.22407689  0.28796952  0.14496494  0.14496494  0.16525080  0.16525080  0.12521878  0.11553925  0.11553925  0.07347869  0.07803611  0.05997198  0.03799300  0.09187868  0.02938046  0.04670665  0.04670665  0.03799300  0.04233704  0.03367424  0.01664617  0.00000000  0.10125260  0.13010629  0.13997894  0.14496494  0.13502620  0.13502620  0.13010629  0.14496494  
35_0_0     0.22407689  0.23529210  0.23529210  0.26999178  0.25243919  0.32528649  0.20214239  0.20214239  0.22407689  0.22407689  0.18083752  0.17041009  0.17041009  0.12521878  0.13997894  0.12036324  0.10598433  0.14496494  0.09655085  0.11553925  0.11553925  0.11553925  0.09187868  0.09187868  0.08262167  0.10125260  0.00000000  0.18083752  0.18083752  0.19675857  0.19141352  0.19141352  0.19675857  0.20214239  
87_0_0     0.17560549  0.18610668  0.19675857  0.25824405  0.22966331  0.26409468  0.17041009  0.17041009  0.16525080  0.17560549  0.16012712  0.14998467  0.14998467  0.14496494  0.17041009  0.14998467  0.10598433  0.15503857  0.12521878  0.12521878  0.12521878  0.12521878  0.13997894  0.13010629  0.11074642  0.13010629  0.18083752  0.00000000  0.05997198  0.06444696  0.06444696  0.06444696  0.05997198  0.06444696  
76_0_0     0.20756555  0.18610668  0.19675857  0.26999178  0.28192843  0.26409468  0.18083752  0.18083752  0.18083752  0.19141352  0.18083752  0.17041009  0.17041009  0.14496494  0.17041009  0.14998467  0.12521878  0.16525080  0.13502620  0.13502620  0.13502620  0.13502620  0.13010629  0.13010629  0.12036324  0.13997894  0.18083752  0.05997198  0.00000000  0.01244950  0.08262167  0.08262167  0.09655085  0.10125260  
70_0_0     0.21302862  0.20214239  0.21302862  0.26409468  0.26409468  0.28192843  0.18610668  0.18610668  0.19675857  0.20756555  0.18610668  0.17560549  0.17560549  0.14998467  0.17560549  0.15503857  0.13010629  0.17041009  0.13997894  0.13997894  0.13997894  0.13997894  0.14496494  0.14496494  0.12521878  0.14496494  0.19675857  0.06444696  0.01244950  0.00000000  0.09655085  0.09655085  0.10125260  0.10598433  
48_0_0     0.20214239  0.20214239  0.21302862  0.28796952  0.25243919  0.26999178  0.18610668  0.18610668  0.18083752  0.19141352  0.17560549  0.16525080  0.16525080  0.14998467  0.17560549  0.15503857  0.12036324  0.16012712  0.13997894  0.14998467  0.14998467  0.13997894  0.14496494  0.13502620  0.12521878  0.13502620  0.19141352  0.06444696  0.08262167  0.09655085  0.00000000  0.00000000  0.01244950  0.02511138  
12_0_0     0.20214239  0.20214239  0.21302862  0.28796952  0.25243919  0.26999178  0.18610668  0.18610668  0.18083752  0.19141352  0.17560549  0.16525080  0.16525080  0.14998467  0.17560549  0.15503857  0.12036324  0.16012712  0.13997894  0.14998467  0.14998467  0.13997894  0.14496494  0.13502620  0.12521878  0.13502620  0.19141352  0.06444696  0.08262167  0.09655085  0.00000000  0.00000000  0.01244950  0.02511138  
85_0_0     0.19675857  0.20756555  0.21853220  0.29406018  0.24667937  0.27593611  0.19141352  0.19141352  0.18610668  0.19675857  0.17041009  0.16012712  0.16012712  0.14496494  0.17041009  0.14998467  0.10598433  0.15503857  0.13502620  0.14496494  0.14496494  0.13502620  0.14998467  0.13997894  0.12036324  0.13010629  0.19675857  0.05997198  0.09655085  0.10125260  0.01244950  0.01244950  0.00000000  0.01244950  
42_0_0     0.19141352  0.21302862  0.21302862  0.28796952  0.24096390  0.26999178  0.19675857  0.19675857  0.18610668  0.20214239  0.17560549  0.16525080  0.16525080  0.14998467  0.17560549  0.15503857  0.11074642  0.16012712  0.13997894  0.13997894  0.13997894  0.14998467  0.15503857  0.14496494  0.12521878  0.14496494  0.20214239  0.06444696  0.10125260  0.10598433  0.02511138  0.02511138  0.01244950  0.00000000  

