37
46_0_0     0.00000000  0.00327524  0.01318926  0.18055510  0.19318971  0.26919253  0.31284644  0.34345582  0.33311073  0.34345582  0.35925105  0.35394825  0.34345582  0.34868335  0.36997254  0.35394825  0.36459229  0.35925105  0.36459229  0.34345582  0.34345582  0.36459229  0.36997254  0.36459229  0.35925105  0.40310632  0.38635316  0.42024936  0.42605351  0.42024936  0.40877646  0.36997254  0.37539238  0.35925105  0.38635316  0.37539238  0.36459229  
11_0_0     0.00327524  0.00000000  0.01652381  0.18474261  0.19744987  0.27391717  0.30786628  0.33826511  0.32799216  0.33826511  0.35394825  0.34868335  0.33826511  0.34345582  0.37539238  0.35925105  0.36997254  0.36459229  0.36997254  0.34868335  0.34868335  0.36997254  0.37539238  0.36997254  0.36459229  0.39747950  0.38085239  0.41449057  0.42024936  0.41449057  0.40310632  0.36459229  0.36997254  0.35394825  0.38085239  0.36997254  0.35925105  
39_0_0     0.01318926  0.01652381  0.00000000  0.18895405  0.20173480  0.28827565  0.31284644  0.35394825  0.34345582  0.35394825  0.36997254  0.36459229  0.35394825  0.35925105  0.36997254  0.35394825  0.36459229  0.35925105  0.36459229  0.34345582  0.34345582  0.36459229  0.36997254  0.36459229  0.35925105  0.41449057  0.39747950  0.43190376  0.43780085  0.43190376  0.42024936  0.38085239  0.38635316  0.36997254  0.39747950  0.38635316  0.37539238  
16_0_0     0.18055510  0.18474261  0.18895405  0.00000000  0.10144636  0.31284644  0.35394825  0.39747950  0.37539238  0.38085239  0.39189533  0.39747950  0.38635316  0.38635316  0.30786628  0.32290891  0.30291957  0.30786628  0.31284644  0.28345833  0.28345833  0.33826511  0.30786628  0.36459229  0.36997254  0.32290891  0.32799216  0.32290891  0.32799216  0.32290891  0.32290891  0.31284644  0.30786628  0.29312468  0.30291957  0.29312468  0.31284644  
26_0_0     0.19318971  0.19744987  0.20173480  0.10144636  0.00000000  0.33311073  0.35925105  0.38635316  0.37539238  0.36997254  0.38085239  0.38635316  0.37539238  0.37539238  0.31786049  0.33311073  0.32290891  0.33826511  0.33311073  0.30786628  0.30786628  0.33826511  0.32290891  0.36997254  0.37539238  0.31786049  0.32290891  0.33826511  0.33311073  0.32799216  0.33826511  0.34345582  0.33826511  0.32290891  0.34868335  0.33826511  0.35925105  
69_1_0     0.26919253  0.27391717  0.28827565  0.31284644  0.33311073  0.00000000  0.25059129  0.24146389  0.24146389  0.25519776  0.25519776  0.25059129  0.25059129  0.25519776  0.31284644  0.30786628  0.30786628  0.31786049  0.31786049  0.33311073  0.33311073  0.33826511  0.32290891  0.31786049  0.32290891  0.35925105  0.35394825  0.36459229  0.34345582  0.34868335  0.34868335  0.32799216  0.32290891  0.31786049  0.31786049  0.31284644  0.33826511  
88_1_0     0.31284644  0.30786628  0.31284644  0.35394825  0.35925105  0.25059129  0.00000000  0.22354150  0.24146389  0.25059129  0.23694225  0.24146389  0.23244820  0.24601346  0.29312468  0.28827565  0.28827565  0.29800585  0.29800585  0.29312468  0.29312468  0.30291957  0.29312468  0.32290891  0.31786049  0.32799216  0.30786628  0.32290891  0.31786049  0.31284644  0.32290891  0.28827565  0.29312468  0.28827565  0.31284644  0.30786628  0.32290891  
87_1_0     0.34345582  0.33826511  0.35394825  0.39747950  0.38635316  0.24146389  0.22354150  0.00000000  0.01318926  0.02661897  0.01652381  0.02661897  0.02661897  0.03001501  0.29312468  0.30786628  0.29800585  0.30786628  0.30291957  0.32799216  0.32799216  0.28827565  0.28827565  0.33311073  0.31786049  0.31284644  0.30291957  0.30786628  0.29800585  0.30291957  0.31284644  0.27867230  0.28345833  0.27867230  0.27391717  0.27867230  0.29312468  
87_3_0     0.33311073  0.32799216  0.34345582  0.37539238  0.37539238  0.24146389  0.24146389  0.01318926  0.00000000  0.02661897  0.01652381  0.02661897  0.02661897  0.03001501  0.28345833  0.29800585  0.28827565  0.29800585  0.29312468  0.31786049  0.31786049  0.28827565  0.28827565  0.33311073  0.31786049  0.29312468  0.28345833  0.28827565  0.27867230  0.28345833  0.29312468  0.28827565  0.28345833  0.27867230  0.26449800  0.26919253  0.28345833  
53_1_0     0.34345582  0.33826511  0.35394825  0.38085239  0.36997254  0.25519776  0.25059129  0.02661897  0.02661897  0.00000000  0.02323852  0.04029806  0.04029806  0.04375790  0.30291957  0.31786049  0.30786628  0.31786049  0.31284644  0.31786049  0.31786049  0.29800585  0.29800585  0.32290891  0.30786628  0.30786628  0.28827565  0.30291957  0.30291957  0.30786628  0.31786049  0.28827565  0.27867230  0.27391717  0.27391717  0.27867230  0.29312468  
90_1_0     0.35925105  0.35394825  0.36997254  0.39189533  0.38085239  0.25519776  0.23694225  0.01652381  0.01652381  0.02323852  0.00000000  0.03001501  0.03001501  0.03342677  0.28827565  0.30291957  0.29312468  0.30291957  0.29800585  0.31284644  0.31284644  0.29312468  0.29312468  0.32799216  0.31284644  0.28827565  0.27867230  0.28345833  0.27391717  0.27867230  0.28827565  0.28345833  0.27867230  0.27391717  0.26919253  0.27391717  0.28827565  
84_1_0     0.35394825  0.34868335  0.36459229  0.39747950  0.38635316  0.25059129  0.24146389  0.02661897  0.02661897  0.04029806  0.03001501  0.00000000  0.00656511  0.00986974  0.29312468  0.30786628  0.29800585  0.31786049  0.30291957  0.31786049  0.31786049  0.29312468  0.28827565  0.31284644  0.30786628  0.32290891  0.31284644  0.31786049  0.30786628  0.31284644  0.32290891  0.28827565  0.28345833  0.27867230  0.27391717  0.27867230  0.29312468  
51_1_0     0.34345582  0.33826511  0.35394825  0.38635316  0.37539238  0.25059129  0.23244820  0.02661897  0.02661897  0.04029806  0.03001501  0.00656511  0.00000000  0.00986974  0.29312468  0.29800585  0.28827565  0.31786049  0.29312468  0.30786628  0.30786628  0.29312468  0.28827565  0.31284644  0.30786628  0.32290891  0.31284644  0.31786049  0.30786628  0.31284644  0.32290891  0.28827565  0.28345833  0.27867230  0.27391717  0.27867230  0.29312468  
95_1_0     0.34868335  0.34345582  0.35925105  0.38635316  0.37539238  0.25519776  0.24601346  0.03001501  0.03001501  0.04375790  0.03342677  0.00986974  0.00986974  0.00000000  0.29800585  0.31284644  0.30291957  0.32290891  0.30786628  0.31284644  0.31284644  0.29800585  0.29312468  0.32799216  0.31284644  0.31786049  0.30786628  0.31284644  0.30291957  0.30786628  0.31786049  0.28345833  0.27867230  0.27391717  0.26919253  0.27391717  0.28827565  
56_0_0     0.36997254  0.37539238  0.36997254  0.30786628  0.31786049  0.31284644  0.29312468  0.29312468  0.28345833  0.30291957  0.28827565  0.29312468  0.29312468  0.29800585  0.00000000  0.01652381  0.00986974  0.03342677  0.01652381  0.09770541  0.09770541  0.07928044  0.07565011  0.10520640  0.09770541  0.13599826  0.13993934  0.13993934  0.14390162  0.13993934  0.14788532  0.12044146  0.12429997  0.12044146  0.11660305  0.12044146  0.11660305  
60_0_0     0.35394825  0.35925105  0.35394825  0.32290891  0.33311073  0.30786628  0.28827565  0.30786628  0.29800585  0.31786049  0.30291957  0.30786628  0.29800585  0.31284644  0.01652381  0.00000000  0.01318926  0.03685441  0.01987352  0.09398337  0.09398337  0.08292875  0.07928044  0.10144636  0.10144636  0.14788532  0.15189069  0.15189069  0.16403912  0.15996734  0.15996734  0.12429997  0.12817880  0.12429997  0.12044146  0.12429997  0.12044146  
78_0_0     0.36459229  0.36997254  0.36459229  0.30291957  0.32290891  0.30786628  0.28827565  0.29800585  0.28827565  0.30786628  0.29312468  0.29800585  0.28827565  0.30291957  0.00986974  0.01318926  0.00000000  0.03001501  0.00656511  0.08659522  0.08659522  0.08292875  0.07203758  0.09398337  0.09398337  0.13207815  0.13599826  0.13599826  0.14788532  0.14390162  0.14390162  0.11660305  0.12044146  0.11660305  0.11278454  0.11660305  0.12044146  
83_0_0     0.35925105  0.36459229  0.35925105  0.30786628  0.33826511  0.31786049  0.29800585  0.30786628  0.29800585  0.31786049  0.30291957  0.31786049  0.31786049  0.32290891  0.03342677  0.03685441  0.03001501  0.00000000  0.03685441  0.09770541  0.09770541  0.09398337  0.09028003  0.11278454  0.10520640  0.13993934  0.14390162  0.14390162  0.16403912  0.15996734  0.15189069  0.11660305  0.12044146  0.11660305  0.11278454  0.12429997  0.12044146  
55_0_0     0.36459229  0.36997254  0.36459229  0.31284644  0.33311073  0.31786049  0.29800585  0.30291957  0.29312468  0.31284644  0.29800585  0.30291957  0.29312468  0.30786628  0.01652381  0.01987352  0.00656511  0.03685441  0.00000000  0.09398337  0.09398337  0.09028003  0.07928044  0.10144636  0.10144636  0.13993934  0.14390162  0.14390162  0.15591795  0.15189069  0.15189069  0.12429997  0.12817880  0.12429997  0.12044146  0.12429997  0.12817880  
67_0_0     0.34345582  0.34868335  0.34345582  0.28345833  0.30786628  0.33311073  0.29312468  0.32799216  0.31786049  0.31786049  0.31284644  0.31786049  0.30786628  0.31284644  0.09770541  0.09398337  0.08659522  0.09770541  0.09398337  0.00000000  0.00000000  0.10144636  0.07928044  0.10520640  0.11278454  0.18474261  0.17225083  0.18895405  0.20173480  0.19744987  0.19744987  0.16813353  0.17225083  0.16813353  0.15591795  0.15996734  0.17225083  
64_0_0     0.34345582  0.34868335  0.34345582  0.28345833  0.30786628  0.33311073  0.29312468  0.32799216  0.31786049  0.31786049  0.31284644  0.31786049  0.30786628  0.31284644  0.09770541  0.09398337  0.08659522  0.09770541  0.09398337  0.00000000  0.00000000  0.10144636  0.07928044  0.10520640  0.11278454  0.18474261  0.17225083  0.18895405  0.20173480  0.19744987  0.19744987  0.16813353  0.17225083  0.16813353  0.15591795  0.15996734  0.17225083  
50_0_0     0.36459229  0.36997254  0.36459229  0.33826511  0.33826511  0.33826511  0.30291957  0.28827565  0.28827565  0.29800585  0.29312468  0.29312468  0.29312468  0.29800585  0.07928044  0.08292875  0.08292875  0.09398337  0.09028003  0.10144636  0.10144636  0.00000000  0.02323852  0.12429997  0.11660305  0.18895405  0.17639126  0.19318971  0.18895405  0.19318971  0.19318971  0.17225083  0.18474261  0.17225083  0.16403912  0.16813353  0.17639126  
59_0_0     0.36997254  0.37539238  0.36997254  0.30786628  0.32290891  0.32290891  0.29312468  0.28827565  0.28827565  0.29800585  0.29312468  0.28827565  0.28827565  0.29312468  0.07565011  0.07928044  0.07203758  0.09028003  0.07928044  0.07928044  0.07928044  0.02323852  0.00000000  0.10520640  0.10520640  0.18474261  0.17225083  0.18895405  0.18474261  0.18895405  0.18895405  0.15996734  0.17225083  0.15996734  0.14788532  0.15189069  0.17225083  
76_0_0     0.36459229  0.36997254  0.36459229  0.36459229  0.36997254  0.31786049  0.32290891  0.33311073  0.33311073  0.32290891  0.32799216  0.31284644  0.31284644  0.32799216  0.10520640  0.10144636  0.09398337  0.11278454  0.10144636  0.10520640  0.10520640  0.12429997  0.10520640  0.00000000  0.01987352  0.20173480  0.19744987  0.20604481  0.23694225  0.23244820  0.22354150  0.17639126  0.18055510  0.17639126  0.17225083  0.17639126  0.18055510  
98_0_0     0.35925105  0.36459229  0.35925105  0.36997254  0.37539238  0.32290891  0.31786049  0.31786049  0.31786049  0.30786628  0.31284644  0.30786628  0.30786628  0.31284644  0.09770541  0.10144636  0.09398337  0.10520640  0.10144636  0.11278454  0.11278454  0.11660305  0.10520640  0.01987352  0.00000000  0.21038018  0.20604481  0.21474121  0.23694225  0.23244820  0.22354150  0.17639126  0.18055510  0.17639126  0.17225083  0.17639126  0.18055510  
90_2_0     0.40310632  0.39747950  0.41449057  0.32290891  0.31786049  0.35925105  0.32799216  0.31284644  0.29312468  0.30786628  0.28827565  0.32290891  0.32290891  0.31786049  0.13599826  0.14788532  0.13207815  0.13993934  0.13993934  0.18474261  0.18474261  0.18895405  0.18474261  0.20173480  0.21038018  0.00000000  0.02661897  0.02323852  0.05776205  0.05423597  0.05423597  0.09398337  0.08659522  0.09028003  0.09398337  0.09770541  0.10898573  
53_2_0     0.38635316  0.38085239  0.39747950  0.32799216  0.32290891  0.35394825  0.30786628  0.30291957  0.28345833  0.28827565  0.27867230  0.31284644  0.31284644  0.30786628  0.13993934  0.15189069  0.13599826  0.14390162  0.14390162  0.17225083  0.17225083  0.17639126  0.17225083  0.19744987  0.20604481  0.02661897  0.00000000  0.03001501  0.06486523  0.06130508  0.06130508  0.10144636  0.10144636  0.09770541  0.10898573  0.12044146  0.12429997  
87_2_0     0.42024936  0.41449057  0.43190376  0.32290891  0.33826511  0.36459229  0.32290891  0.30786628  0.28827565  0.30291957  0.28345833  0.31786049  0.31786049  0.31284644  0.13993934  0.15189069  0.13599826  0.14390162  0.14390162  0.18895405  0.18895405  0.19318971  0.18895405  0.20604481  0.21474121  0.02323852  0.03001501  0.00000000  0.05423597  0.05072669  0.05072669  0.09770541  0.09770541  0.09398337  0.09770541  0.10898573  0.11278454  
84_2_0     0.42605351  0.42024936  0.43780085  0.32799216  0.33311073  0.34345582  0.31786049  0.29800585  0.27867230  0.30291957  0.27391717  0.30786628  0.30786628  0.30291957  0.14390162  0.16403912  0.14788532  0.16403912  0.15591795  0.20173480  0.20173480  0.18895405  0.18474261  0.23694225  0.23694225  0.05776205  0.06486523  0.05423597  0.00000000  0.00327524  0.00986974  0.11660305  0.10520640  0.10898573  0.11278454  0.11660305  0.13599826  
95_2_0     0.42024936  0.41449057  0.43190376  0.32290891  0.32799216  0.34868335  0.31284644  0.30291957  0.28345833  0.30786628  0.27867230  0.31284644  0.31284644  0.30786628  0.13993934  0.15996734  0.14390162  0.15996734  0.15189069  0.19744987  0.19744987  0.19318971  0.18895405  0.23244820  0.23244820  0.05423597  0.06130508  0.05072669  0.00327524  0.00000000  0.00656511  0.11278454  0.10144636  0.10520640  0.11660305  0.11278454  0.13207815  
51_2_0     0.40877646  0.40310632  0.42024936  0.32290891  0.33826511  0.34868335  0.32290891  0.31284644  0.29312468  0.31786049  0.28827565  0.32290891  0.32290891  0.31786049  0.14788532  0.15996734  0.14390162  0.15189069  0.15189069  0.19744987  0.19744987  0.19318971  0.18895405  0.22354150  0.22354150  0.05423597  0.06130508  0.05072669  0.00986974  0.00656511  0.00000000  0.11278454  0.10144636  0.10520640  0.11660305  0.11278454  0.13207815  
95_0_0     0.36997254  0.36459229  0.38085239  0.31284644  0.34345582  0.32799216  0.28827565  0.27867230  0.28827565  0.28827565  0.28345833  0.28827565  0.28827565  0.28345833  0.12044146  0.12429997  0.11660305  0.11660305  0.12429997  0.16813353  0.16813353  0.17225083  0.15996734  0.17639126  0.17639126  0.09398337  0.10144636  0.09770541  0.11660305  0.11278454  0.11278454  0.00000000  0.01652381  0.01318926  0.03685441  0.04723406  0.04375790  
51_0_0     0.37539238  0.36997254  0.38635316  0.30786628  0.33826511  0.32290891  0.29312468  0.28345833  0.28345833  0.27867230  0.27867230  0.28345833  0.28345833  0.27867230  0.12429997  0.12817880  0.12044146  0.12044146  0.12817880  0.17225083  0.17225083  0.18474261  0.17225083  0.18055510  0.18055510  0.08659522  0.10144636  0.09770541  0.10520640  0.10144636  0.10144636  0.01652381  0.00000000  0.00986974  0.04029806  0.04375790  0.04723406  
84_0_0     0.35925105  0.35394825  0.36997254  0.29312468  0.32290891  0.31786049  0.28827565  0.27867230  0.27867230  0.27391717  0.27391717  0.27867230  0.27867230  0.27391717  0.12044146  0.12429997  0.11660305  0.11660305  0.12429997  0.16813353  0.16813353  0.17225083  0.15996734  0.17639126  0.17639126  0.09028003  0.09770541  0.09398337  0.10898573  0.10520640  0.10520640  0.01318926  0.00986974  0.00000000  0.03685441  0.04029806  0.04375790  
90_0_0     0.38635316  0.38085239  0.39747950  0.30291957  0.34868335  0.31786049  0.31284644  0.27391717  0.26449800  0.27391717  0.26919253  0.27391717  0.27391717  0.26919253  0.11660305  0.12044146  0.11278454  0.11278454  0.12044146  0.15591795  0.15591795  0.16403912  0.14788532  0.17225083  0.17225083  0.09398337  0.10898573  0.09770541  0.11278454  0.11660305  0.11660305  0.03685441  0.04029806  0.03685441  0.00000000  0.01652381  0.01987352  
53_0_0     0.37539238  0.36997254  0.38635316  0.29312468  0.33826511  0.31284644  0.30786628  0.27867230  0.26919253  0.27867230  0.27391717  0.27867230  0.27867230  0.27391717  0.12044146  0.12429997  0.11660305  0.12429997  0.12429997  0.15996734  0.15996734  0.16813353  0.15189069  0.17639126  0.17639126  0.09770541  0.12044146  0.10898573  0.11660305  0.11278454  0.11278454  0.04723406  0.04375790  0.04029806  0.01652381  0.00000000  0.03001501  
87_0_0     0.36459229  0.35925105  0.37539238  0.31284644  0.35925105  0.33826511  0.32290891  0.29312468  0.28345833  0.29312468  0.28827565  0.29312468  0.29312468  0.28827565  0.11660305  0.12044146  0.12044146  0.12044146  0.12817880  0.17225083  0.17225083  0.17639126  0.17225083  0.18055510  0.18055510  0.10898573  0.12429997  0.11278454  0.13599826  0.13207815  0.13207815  0.04375790  0.04723406  0.04375790  0.01987352  0.03001501  0.00000000  

