20
5_0_0      0.00000000  0.07918295  0.09214295  0.16772828  0.16772828  0.14634688  0.13242407  0.16053317  0.13242407  0.13242407  0.22791925  0.41365849  0.42376311  0.39384890  0.40368827  0.37454933  0.37454933  0.37454933  0.36508272  0.36508272  
4_0_0      0.07918295  0.00000000  0.02348545  0.14634688  0.14634688  0.16053317  0.15340647  0.18232904  0.15340647  0.15340647  0.23579464  0.39384890  0.40368827  0.41365849  0.39384890  0.40368827  0.40368827  0.40368827  0.42376311  0.44439036  
3_0_0      0.09214295  0.02348545  0.00000000  0.14634688  0.14634688  0.17499311  0.16053317  0.18232904  0.15340647  0.15340647  0.26815058  0.39384890  0.42376311  0.42376311  0.42376311  0.40368827  0.40368827  0.40368827  0.42376311  0.44439036  
2_0_0      0.16772828  0.14634688  0.14634688  0.00000000  0.00000000  0.16772828  0.15340647  0.18232904  0.15340647  0.15340647  0.27646258  0.41365849  0.43400579  0.39384890  0.43400579  0.42376311  0.42376311  0.42376311  0.42376311  0.43400579  
8_0_0      0.16772828  0.14634688  0.14634688  0.00000000  0.00000000  0.16772828  0.15340647  0.18232904  0.15340647  0.15340647  0.27646258  0.41365849  0.43400579  0.39384890  0.43400579  0.42376311  0.42376311  0.42376311  0.42376311  0.43400579  
6_0_0      0.14634688  0.16053317  0.17499311  0.16772828  0.16772828  0.00000000  0.09870795  0.14634688  0.20477763  0.20477763  0.24375365  0.44439036  0.47643613  0.42376311  0.44439036  0.42376311  0.42376311  0.42376311  0.40368827  0.42376311  
1_0_0      0.13242407  0.15340647  0.16053317  0.15340647  0.15340647  0.09870795  0.00000000  0.11201299  0.18973746  0.18973746  0.26815058  0.42376311  0.45492081  0.43400579  0.44439036  0.40368827  0.40368827  0.40368827  0.41365849  0.39384890  
9_0_0      0.16053317  0.18232904  0.18232904  0.18232904  0.18232904  0.14634688  0.11201299  0.00000000  0.20477763  0.20477763  0.22012573  0.44439036  0.49858724  0.44439036  0.49858724  0.43400579  0.43400579  0.43400579  0.46560129  0.46560129  
7_0_0      0.13242407  0.15340647  0.15340647  0.15340647  0.15340647  0.20477763  0.18973746  0.20477763  0.00000000  0.00000000  0.22012573  0.42376311  0.43400579  0.41365849  0.40368827  0.37454933  0.37454933  0.37454933  0.33737969  0.35573416  
11_0_0     0.13242407  0.15340647  0.15340647  0.15340647  0.15340647  0.20477763  0.18973746  0.20477763  0.00000000  0.00000000  0.22012573  0.42376311  0.43400579  0.41365849  0.40368827  0.37454933  0.37454933  0.37454933  0.33737969  0.35573416  
10_0_0     0.22791925  0.23579464  0.26815058  0.27646258  0.27646258  0.24375365  0.26815058  0.22012573  0.22012573  0.22012573  0.00000000  0.49858724  0.49858724  0.44439036  0.49858724  0.50991317  0.50991317  0.50991317  0.44439036  0.44439036  
17_0_0     0.41365849  0.39384890  0.39384890  0.41365849  0.41365849  0.44439036  0.42376311  0.44439036  0.42376311  0.42376311  0.49858724  0.00000000  0.06015360  0.25179806  0.22012573  0.18973746  0.18973746  0.18973746  0.21241240  0.20477763  
16_0_0     0.42376311  0.40368827  0.42376311  0.43400579  0.43400579  0.47643613  0.45492081  0.49858724  0.43400579  0.43400579  0.49858724  0.06015360  0.00000000  0.23579464  0.18973746  0.20477763  0.20477763  0.20477763  0.18232904  0.18973746  
15_0_0     0.39384890  0.41365849  0.42376311  0.39384890  0.39384890  0.42376311  0.43400579  0.44439036  0.41365849  0.41365849  0.44439036  0.25179806  0.23579464  0.00000000  0.23579464  0.23579464  0.23579464  0.23579464  0.19721982  0.17499311  
13_0_0     0.40368827  0.39384890  0.42376311  0.43400579  0.43400579  0.44439036  0.44439036  0.49858724  0.40368827  0.40368827  0.49858724  0.22012573  0.18973746  0.23579464  0.00000000  0.08563495  0.08563495  0.08563495  0.11875512  0.12555844  
20_0_0     0.37454933  0.40368827  0.40368827  0.42376311  0.42376311  0.42376311  0.40368827  0.43400579  0.37454933  0.37454933  0.50991317  0.18973746  0.20477763  0.23579464  0.08563495  0.00000000  0.00000000  0.00000000  0.11201299  0.10533096  
19_0_0     0.37454933  0.40368827  0.40368827  0.42376311  0.42376311  0.42376311  0.40368827  0.43400579  0.37454933  0.37454933  0.50991317  0.18973746  0.20477763  0.23579464  0.08563495  0.00000000  0.00000000  0.00000000  0.11201299  0.10533096  
12_0_0     0.37454933  0.40368827  0.40368827  0.42376311  0.42376311  0.42376311  0.40368827  0.43400579  0.37454933  0.37454933  0.50991317  0.18973746  0.20477763  0.23579464  0.08563495  0.00000000  0.00000000  0.00000000  0.11201299  0.10533096  
14_0_0     0.36508272  0.42376311  0.42376311  0.42376311  0.42376311  0.40368827  0.41365849  0.46560129  0.33737969  0.33737969  0.44439036  0.21241240  0.18232904  0.19721982  0.11875512  0.11201299  0.11201299  0.11201299  0.00000000  0.01754475  
18_0_0     0.36508272  0.44439036  0.44439036  0.43400579  0.43400579  0.42376311  0.39384890  0.46560129  0.35573416  0.35573416  0.44439036  0.20477763  0.18973746  0.17499311  0.12555844  0.10533096  0.10533096  0.10533096  0.01754475  0.00000000  

