20
2_0_0      0.00000000  0.01470792  0.01470792  0.39423151  0.51019480  0.50060198  0.56011235  0.56011235  0.54985656  0.51991326  0.45441448  0.50060198  0.46342483  0.43671553  0.43671553  0.44551223  0.43671553  0.42802190  0.44551223  0.38601900  
3_0_0      0.01470792  0.00000000  0.00977282  0.40253594  0.51019480  0.50060198  0.56011235  0.56011235  0.54985656  0.51991326  0.46342483  0.51019480  0.47254595  0.44551223  0.44551223  0.45441448  0.44551223  0.43671553  0.45441448  0.39423151  
1_0_0      0.01470792  0.00977282  0.00000000  0.40253594  0.49113161  0.48178059  0.53974060  0.53974060  0.52976070  0.50060198  0.44551223  0.49113161  0.45441448  0.42802190  0.42802190  0.43671553  0.44551223  0.41942894  0.43671553  0.37789640  
20_0_0     0.39423151  0.40253594  0.40253594  0.00000000  0.43671553  0.48178059  0.48178059  0.47254595  0.47254595  0.48178059  0.39423151  0.41942894  0.42802190  0.39423151  0.39423151  0.39423151  0.41942894  0.39423151  0.41093437  0.45441448  
17_0_0     0.51019480  0.51019480  0.49113161  0.43671553  0.00000000  0.03478329  0.16211974  0.16818427  0.15610438  0.16211974  0.36191317  0.33856591  0.36191317  0.44551223  0.44551223  0.44551223  0.36191317  0.33094394  0.27967594  0.36191317  
11_0_0     0.50060198  0.50060198  0.48178059  0.48178059  0.03478329  0.00000000  0.13251904  0.13834547  0.12673802  0.13251904  0.36986175  0.33094394  0.35404884  0.41942894  0.41942894  0.41942894  0.32339947  0.30853683  0.25874390  0.34626699  
5_0_0      0.56011235  0.56011235  0.53974060  0.48178059  0.16211974  0.13251904  0.00000000  0.02467771  0.01470792  0.01967607  0.41093437  0.38601900  0.40253594  0.47254595  0.47254595  0.47254595  0.39423151  0.40253594  0.36191317  0.37789640  
4_0_0      0.56011235  0.56011235  0.53974060  0.47254595  0.16818427  0.13834547  0.02467771  0.00000000  0.00977282  0.02467771  0.43671553  0.41093437  0.41093437  0.46342483  0.46342483  0.46342483  0.40253594  0.39423151  0.35404884  0.36986175  
12_0_0     0.54985656  0.54985656  0.52976070  0.47254595  0.15610438  0.12673802  0.01470792  0.00977282  0.00000000  0.01470792  0.41942894  0.39423151  0.39423151  0.48178059  0.48178059  0.48178059  0.40253594  0.39423151  0.35404884  0.36986175  
10_0_0     0.51991326  0.51991326  0.50060198  0.48178059  0.16211974  0.13251904  0.01967607  0.02467771  0.01470792  0.00000000  0.42802190  0.40253594  0.38601900  0.47254595  0.47254595  0.47254595  0.41093437  0.38601900  0.36191317  0.36191317  
8_0_0      0.45441448  0.46342483  0.44551223  0.39423151  0.36191317  0.36986175  0.41093437  0.43671553  0.41942894  0.42802190  0.00000000  0.02467771  0.08204309  0.13834547  0.13834547  0.13251904  0.33094394  0.39423151  0.37789640  0.41093437  
18_0_0     0.50060198  0.51019480  0.49113161  0.41942894  0.33856591  0.33094394  0.38601900  0.41093437  0.39423151  0.40253594  0.02467771  0.00000000  0.09848981  0.15610438  0.15610438  0.15013739  0.33094394  0.37789640  0.36191317  0.42802190  
19_0_0     0.46342483  0.47254595  0.45441448  0.42802190  0.36191317  0.35404884  0.40253594  0.41093437  0.39423151  0.38601900  0.08204309  0.09848981  0.00000000  0.15013739  0.15013739  0.15610438  0.32339947  0.32339947  0.33856591  0.40253594  
9_0_0      0.43671553  0.44551223  0.42802190  0.39423151  0.44551223  0.41942894  0.47254595  0.46342483  0.48178059  0.47254595  0.13834547  0.15610438  0.15013739  0.00000000  0.00000000  0.01967607  0.35404884  0.35404884  0.37789640  0.40253594  
13_0_0     0.43671553  0.44551223  0.42802190  0.39423151  0.44551223  0.41942894  0.47254595  0.46342483  0.48178059  0.47254595  0.13834547  0.15610438  0.15013739  0.00000000  0.00000000  0.01967607  0.35404884  0.35404884  0.37789640  0.40253594  
7_0_0      0.44551223  0.45441448  0.43671553  0.39423151  0.44551223  0.41942894  0.47254595  0.46342483  0.48178059  0.47254595  0.13251904  0.15013739  0.15610438  0.01967607  0.01967607  0.00000000  0.37789640  0.36191317  0.36986175  0.42802190  
14_0_0     0.43671553  0.44551223  0.44551223  0.41942894  0.36191317  0.32339947  0.39423151  0.40253594  0.40253594  0.41093437  0.33094394  0.33094394  0.32339947  0.35404884  0.35404884  0.37789640  0.00000000  0.09848981  0.09296696  0.18668107  
6_0_0      0.42802190  0.43671553  0.41942894  0.39423151  0.33094394  0.30853683  0.40253594  0.39423151  0.39423151  0.38601900  0.39423151  0.37789640  0.32339947  0.35404884  0.35404884  0.36191317  0.09848981  0.00000000  0.08748492  0.19927350  
15_0_0     0.44551223  0.45441448  0.43671553  0.41093437  0.27967594  0.25874390  0.36191317  0.35404884  0.35404884  0.36191317  0.37789640  0.36191317  0.33856591  0.37789640  0.37789640  0.36986175  0.09296696  0.08748492  0.00000000  0.18668107  
16_0_0     0.38601900  0.39423151  0.37789640  0.45441448  0.36191317  0.34626699  0.37789640  0.36986175  0.36986175  0.36191317  0.41093437  0.42802190  0.40253594  0.40253594  0.40253594  0.42802190  0.18668107  0.19927350  0.18668107  0.00000000  

