20
10_0_0     0.00000000  0.00680453  0.00680453  0.02781378  0.02781378  0.07226454  0.06453519  0.15602719  0.11288615  0.09622477  0.12143776  0.28357695  0.27209193  0.27209193  0.29534213  0.29534213  0.28357695  0.23919189  0.22870569  0.24991114  
12_0_0     0.00680453  0.00000000  0.00000000  0.02070853  0.02070853  0.06453519  0.05692776  0.14691306  0.10448352  0.10448352  0.11288615  0.29534213  0.28357695  0.26087405  0.28357695  0.28357695  0.27209193  0.24991114  0.23919189  0.26087405  
4_0_0      0.00680453  0.00000000  0.00000000  0.02070853  0.02070853  0.06453519  0.05692776  0.14691306  0.10448352  0.10448352  0.11288615  0.29534213  0.28357695  0.26087405  0.28357695  0.28357695  0.27209193  0.24991114  0.23919189  0.26087405  
5_0_0      0.02781378  0.02070853  0.02070853  0.00000000  0.01370643  0.08810506  0.08011977  0.17478900  0.13014373  0.11288615  0.13900974  0.28357695  0.27209193  0.24991114  0.27209193  0.27209193  0.26087405  0.24991114  0.23919189  0.26087405  
20_0_0     0.02781378  0.02070853  0.02070853  0.01370643  0.00000000  0.07226454  0.06453519  0.15602719  0.13014373  0.11288615  0.12143776  0.28357695  0.27209193  0.24991114  0.29534213  0.29534213  0.28357695  0.22870569  0.21844263  0.23919189  
11_0_0     0.07226454  0.06453519  0.06453519  0.08810506  0.07226454  0.00000000  0.00680453  0.12143776  0.09696250  0.11377459  0.10529530  0.30999027  0.27422763  0.25177892  0.26287268  0.26287268  0.25177892  0.25177892  0.24093459  0.24093459  
17_0_0     0.06453519  0.05692776  0.05692776  0.08011977  0.06453519  0.00680453  0.00000000  0.13014373  0.08877122  0.10529530  0.09696250  0.29777238  0.28585635  0.26287268  0.26287268  0.26287268  0.25177892  0.24093459  0.23032873  0.25177892  
16_0_0     0.15602719  0.14691306  0.14691306  0.17478900  0.15602719  0.12143776  0.13014373  0.00000000  0.13014373  0.16662965  0.10448352  0.33246424  0.31977009  0.29534213  0.28357695  0.28357695  0.27209193  0.26087405  0.27209193  0.24991114  
15_0_0     0.11288615  0.10448352  0.10448352  0.13014373  0.13014373  0.09696250  0.08877122  0.13014373  0.00000000  0.05733015  0.03502527  0.27422763  0.24093459  0.21995106  0.26287268  0.26287268  0.23032873  0.26287268  0.27422763  0.27422763  
6_0_0      0.09622477  0.10448352  0.10448352  0.11288615  0.11288615  0.11377459  0.10529530  0.16662965  0.05733015  0.00000000  0.06500037  0.26287268  0.23032873  0.23032873  0.29777238  0.29777238  0.28585635  0.23032873  0.21995106  0.24093459  
14_0_0     0.12143776  0.11288615  0.11288615  0.13900974  0.12143776  0.10529530  0.09696250  0.10448352  0.03502527  0.06500037  0.00000000  0.30999027  0.29777238  0.27422763  0.27422763  0.27422763  0.26287268  0.26287268  0.27422763  0.27422763  
19_0_0     0.28357695  0.29534213  0.29534213  0.28357695  0.28357695  0.30999027  0.29777238  0.33246424  0.27422763  0.26287268  0.30999027  0.00000000  0.06500037  0.06500037  0.12056055  0.12056055  0.08752417  0.32704768  0.31469108  0.33972918  
8_0_0      0.27209193  0.28357695  0.28357695  0.27209193  0.27209193  0.27422763  0.28585635  0.31977009  0.24093459  0.23032873  0.29777238  0.06500037  0.00000000  0.04234622  0.17478900  0.17478900  0.13796795  0.31469108  0.30264316  0.30264316  
18_0_0     0.27209193  0.26087405  0.26087405  0.24991114  0.24991114  0.25177892  0.26287268  0.29534213  0.21995106  0.23032873  0.27422763  0.06500037  0.04234622  0.00000000  0.15602719  0.15602719  0.12056055  0.29088885  0.27941420  0.27941420  
13_0_0     0.29534213  0.28357695  0.28357695  0.27209193  0.29534213  0.26287268  0.26287268  0.28357695  0.26287268  0.29777238  0.27422763  0.12056055  0.17478900  0.15602719  0.00000000  0.00000000  0.02781378  0.30264316  0.31469108  0.30264316  
9_0_0      0.29534213  0.28357695  0.28357695  0.27209193  0.29534213  0.26287268  0.26287268  0.28357695  0.26287268  0.29777238  0.27422763  0.12056055  0.17478900  0.15602719  0.00000000  0.00000000  0.02781378  0.30264316  0.31469108  0.30264316  
7_0_0      0.28357695  0.27209193  0.27209193  0.26087405  0.28357695  0.25177892  0.25177892  0.27209193  0.23032873  0.28585635  0.26287268  0.08752417  0.13796795  0.12056055  0.02781378  0.02781378  0.00000000  0.31469108  0.32704768  0.31469108  
3_0_0      0.23919189  0.24991114  0.24991114  0.24991114  0.22870569  0.25177892  0.24093459  0.26087405  0.26287268  0.23032873  0.26287268  0.32704768  0.31469108  0.29088885  0.30264316  0.30264316  0.31469108  0.00000000  0.00680453  0.00680453  
2_0_0      0.22870569  0.23919189  0.23919189  0.23919189  0.21844263  0.24093459  0.23032873  0.27209193  0.27422763  0.21995106  0.27422763  0.31469108  0.30264316  0.27941420  0.31469108  0.31469108  0.32704768  0.00680453  0.00000000  0.01370643  
1_0_0      0.24991114  0.26087405  0.26087405  0.26087405  0.23919189  0.24093459  0.25177892  0.24991114  0.27422763  0.24093459  0.27422763  0.33972918  0.30264316  0.27941420  0.30264316  0.30264316  0.31469108  0.00680453  0.01370643  0.00000000  

