52
45_14_0    0.00000000  0.07401678  0.15052167  0.11675734  0.13909422  0.09507738  0.16800200  0.11127729  0.11675734  0.11675734  0.15052167  0.14478580  0.10583767  0.15052167  0.09507738  0.12784119  0.11675734  0.11127729  0.10583767  0.10043789  0.09507738  0.11675734  0.13344623  0.13344623  0.10583767  0.15630252  0.12784119  0.16800200  0.21674993  0.16800200  0.21047723  0.21674993  0.13344623  0.16212905  0.16212905  0.16212905  0.16212905  0.21674993  0.24238847  0.17989014  0.14478580  0.15052167  0.16212905  0.14478580  0.15630252  0.24238847  0.27574372  0.24238847  0.26895085  0.18590688  0.18590688  0.19197313  
85_14_0    0.07401678  0.00000000  0.13344623  0.11127729  0.14478580  0.10043789  0.14478580  0.09507738  0.10043789  0.10043789  0.14478580  0.11675734  0.10043789  0.12227844  0.08975556  0.12227844  0.12227844  0.11675734  0.10583767  0.09507738  0.08975556  0.10043789  0.12784119  0.13909422  0.10043789  0.15630252  0.12227844  0.12784119  0.17989014  0.14478580  0.17392211  0.19197313  0.11675734  0.12784119  0.12784119  0.15052167  0.13909422  0.19808970  0.21047723  0.16212905  0.13909422  0.13344623  0.14478580  0.13909422  0.15052167  0.20425745  0.23589476  0.20425745  0.24893988  0.17392211  0.15630252  0.16212905  
47_20_0    0.15052167  0.13344623  0.00000000  0.04850988  0.07922580  0.08975556  0.09507738  0.07401678  0.06884431  0.06884431  0.10043789  0.08447188  0.06884431  0.11675734  0.06884431  0.07401678  0.10043789  0.08447188  0.07922580  0.06370788  0.07922580  0.08975556  0.09507738  0.09507738  0.06884431  0.14478580  0.10043789  0.10583767  0.17392211  0.14478580  0.15052167  0.17392211  0.08447188  0.11127729  0.11127729  0.12227844  0.11127729  0.18590688  0.19808970  0.15052167  0.15052167  0.14478580  0.16800200  0.12227844  0.11675734  0.21674993  0.25555004  0.19197313  0.25555004  0.16800200  0.14478580  0.15052167  
44_20_0    0.11675734  0.11127729  0.04850988  0.00000000  0.04850988  0.06884431  0.09507738  0.05354115  0.04850988  0.04850988  0.08975556  0.07401678  0.04850988  0.08447188  0.04850988  0.06370788  0.06884431  0.05354115  0.05860699  0.04351271  0.05860699  0.06884431  0.07401678  0.07401678  0.04850988  0.12784119  0.08975556  0.10583767  0.15052167  0.12227844  0.13909422  0.16212905  0.06370788  0.08975556  0.08975556  0.10043789  0.08975556  0.18590688  0.19808970  0.13909422  0.13909422  0.13344623  0.16800200  0.12227844  0.13344623  0.19808970  0.24893988  0.18590688  0.25555004  0.15630252  0.15630252  0.16212905  
45_20_0    0.13909422  0.14478580  0.07922580  0.04850988  0.00000000  0.10043789  0.12784119  0.08447188  0.07922580  0.07922580  0.11127729  0.09507738  0.06884431  0.10583767  0.06884431  0.08447188  0.10043789  0.08447188  0.07922580  0.06370788  0.07922580  0.08975556  0.09507738  0.08447188  0.05860699  0.13909422  0.11127729  0.12784119  0.17392211  0.16800200  0.16212905  0.19808970  0.08447188  0.11127729  0.11127729  0.12227844  0.11127729  0.19808970  0.22307646  0.16212905  0.15630252  0.15630252  0.19197313  0.14478580  0.15630252  0.20425745  0.26221999  0.19197313  0.29650614  0.20425745  0.17989014  0.18590688  
44_27_0    0.09507738  0.10043789  0.08975556  0.06884431  0.10043789  0.00000000  0.06370788  0.05354115  0.04850988  0.04850988  0.07922580  0.07401678  0.04850988  0.10043789  0.04850988  0.06884431  0.06884431  0.06370788  0.04850988  0.04351271  0.05860699  0.06884431  0.09507738  0.09507738  0.04850988  0.11675734  0.08975556  0.09507738  0.18590688  0.13909422  0.16800200  0.18590688  0.08447188  0.11127729  0.11127729  0.11127729  0.11127729  0.16212905  0.18590688  0.13909422  0.13909422  0.13344623  0.16800200  0.13909422  0.15052167  0.19808970  0.24238847  0.19808970  0.28952016  0.17989014  0.16800200  0.17392211  
47_27_0    0.16800200  0.14478580  0.09507738  0.09507738  0.12784119  0.06370788  0.00000000  0.07922580  0.07401678  0.07401678  0.10583767  0.08975556  0.07401678  0.12784119  0.07401678  0.07401678  0.10583767  0.08975556  0.07401678  0.06884431  0.08447188  0.09507738  0.11127729  0.11127729  0.07401678  0.15630252  0.11675734  0.12227844  0.19197313  0.15052167  0.17392211  0.16212905  0.11127729  0.11675734  0.11675734  0.12784119  0.11675734  0.18590688  0.19808970  0.15630252  0.15630252  0.15052167  0.18590688  0.15630252  0.16800200  0.22945776  0.26895085  0.21674993  0.26895085  0.16212905  0.16212905  0.16800200  
85_27_0    0.11127729  0.09507738  0.07401678  0.05354115  0.08447188  0.05354115  0.07922580  0.00000000  0.03361885  0.03361885  0.07401678  0.05860699  0.03361885  0.08447188  0.03361885  0.05354115  0.06370788  0.04850988  0.03361885  0.02872128  0.04351271  0.06370788  0.07922580  0.07922580  0.03361885  0.12227844  0.07401678  0.08975556  0.16800200  0.13909422  0.12784119  0.15630252  0.06884431  0.09507738  0.09507738  0.10583767  0.09507738  0.15630252  0.17989014  0.11127729  0.10043789  0.10583767  0.12784119  0.10043789  0.12227844  0.17989014  0.22945776  0.16800200  0.22945776  0.13909422  0.13909422  0.14478580  
85_24_0    0.11675734  0.10043789  0.06884431  0.04850988  0.07922580  0.04850988  0.07401678  0.03361885  0.00000000  0.00000000  0.06884431  0.05354115  0.02872128  0.07922580  0.02872128  0.04850988  0.05860699  0.04351271  0.03854918  0.02385602  0.03854918  0.05860699  0.07401678  0.07401678  0.02872128  0.10583767  0.06884431  0.07401678  0.15052167  0.13344623  0.14478580  0.15052167  0.06370788  0.08975556  0.08975556  0.10043789  0.08975556  0.15052167  0.17392211  0.11675734  0.11675734  0.11127729  0.14478580  0.11675734  0.12784119  0.18590688  0.23589476  0.17392211  0.26221999  0.15630252  0.13344623  0.13909422  
85_28_0    0.11675734  0.10043789  0.06884431  0.04850988  0.07922580  0.04850988  0.07401678  0.03361885  0.00000000  0.00000000  0.06884431  0.05354115  0.02872128  0.07922580  0.02872128  0.04850988  0.05860699  0.04351271  0.03854918  0.02385602  0.03854918  0.05860699  0.07401678  0.07401678  0.02872128  0.10583767  0.06884431  0.07401678  0.15052167  0.13344623  0.14478580  0.15052167  0.06370788  0.08975556  0.08975556  0.10043789  0.08975556  0.15052167  0.17392211  0.11675734  0.11675734  0.11127729  0.14478580  0.11675734  0.12784119  0.18590688  0.23589476  0.17392211  0.26221999  0.15630252  0.13344623  0.13909422  
44_31_0    0.15052167  0.14478580  0.10043789  0.08975556  0.11127729  0.07922580  0.10583767  0.07401678  0.06884431  0.06884431  0.00000000  0.04351271  0.06884431  0.12227844  0.06884431  0.08975556  0.09507738  0.07922580  0.07922580  0.06370788  0.07922580  0.10043789  0.10583767  0.09507738  0.06884431  0.13909422  0.12227844  0.11675734  0.19808970  0.16800200  0.16800200  0.16212905  0.10583767  0.13344623  0.13344623  0.13344623  0.13344623  0.17392211  0.18590688  0.13909422  0.15052167  0.14478580  0.17989014  0.15052167  0.15052167  0.21047723  0.24893988  0.19808970  0.26895085  0.16800200  0.17989014  0.17392211  
47_31_0    0.14478580  0.11675734  0.08447188  0.07401678  0.09507738  0.07401678  0.08975556  0.05860699  0.05354115  0.05354115  0.04351271  0.00000000  0.04351271  0.09507738  0.04351271  0.05354115  0.07401678  0.05860699  0.05354115  0.03854918  0.05354115  0.06370788  0.07922580  0.07922580  0.04351271  0.13344623  0.10583767  0.10043789  0.17989014  0.16212905  0.15052167  0.14478580  0.08975556  0.10583767  0.10583767  0.11675734  0.10583767  0.17989014  0.17989014  0.13344623  0.14478580  0.12784119  0.16212905  0.14478580  0.14478580  0.19808970  0.23589476  0.18590688  0.25555004  0.15052167  0.16212905  0.16800200  
85_18_0    0.10583767  0.10043789  0.06884431  0.04850988  0.06884431  0.04850988  0.07401678  0.03361885  0.02872128  0.02872128  0.06884431  0.04351271  0.00000000  0.05860699  0.00944998  0.02872128  0.03854918  0.02385602  0.01902266  0.00470985  0.01902266  0.03854918  0.05354115  0.05354115  0.00944998  0.11675734  0.07922580  0.08447188  0.16212905  0.13344623  0.14478580  0.15052167  0.06370788  0.08975556  0.08975556  0.08975556  0.07922580  0.16212905  0.18590688  0.11675734  0.11675734  0.11127729  0.14478580  0.11675734  0.12784119  0.17392211  0.22307646  0.16212905  0.24893988  0.15630252  0.14478580  0.15052167  
44_26_0    0.15052167  0.12227844  0.11675734  0.08447188  0.10583767  0.10043789  0.12784119  0.08447188  0.07922580  0.07922580  0.12227844  0.09507738  0.05860699  0.00000000  0.05860699  0.06884431  0.08975556  0.07401678  0.06884431  0.05354115  0.06884431  0.08975556  0.10583767  0.10583767  0.05860699  0.15052167  0.13344623  0.12784119  0.16800200  0.15052167  0.15052167  0.17989014  0.08975556  0.10583767  0.10583767  0.11675734  0.10583767  0.19808970  0.22307646  0.16212905  0.15052167  0.14478580  0.17989014  0.13909422  0.15052167  0.19197313  0.21674993  0.17989014  0.26221999  0.17989014  0.15630252  0.16212905  
47_26_0    0.09507738  0.08975556  0.06884431  0.04850988  0.06884431  0.04850988  0.07401678  0.03361885  0.02872128  0.02872128  0.06884431  0.04351271  0.00944998  0.05860699  0.00000000  0.02872128  0.03854918  0.02385602  0.01902266  0.00470985  0.00944998  0.03854918  0.05354115  0.05354115  0.00944998  0.11675734  0.07922580  0.08447188  0.15052167  0.13344623  0.14478580  0.15052167  0.06370788  0.08975556  0.08975556  0.08975556  0.07922580  0.16212905  0.17392211  0.10583767  0.10583767  0.10043789  0.13344623  0.10583767  0.11675734  0.18590688  0.23589476  0.17392211  0.24893988  0.14478580  0.13344623  0.13909422  
85_26_0    0.12784119  0.12227844  0.07401678  0.06370788  0.08447188  0.06884431  0.07401678  0.05354115  0.04850988  0.04850988  0.08975556  0.05354115  0.02872128  0.06884431  0.02872128  0.00000000  0.05860699  0.04351271  0.03854918  0.02385602  0.03854918  0.05860699  0.07401678  0.07401678  0.02872128  0.12784119  0.10043789  0.10583767  0.18590688  0.14478580  0.15630252  0.17392211  0.08447188  0.10043789  0.10043789  0.10043789  0.08975556  0.18590688  0.19808970  0.13909422  0.13909422  0.13344623  0.16800200  0.12784119  0.12784119  0.18590688  0.23589476  0.17392211  0.24893988  0.15630252  0.15630252  0.15052167  
85_30_0    0.11675734  0.12227844  0.10043789  0.06884431  0.10043789  0.06884431  0.10583767  0.06370788  0.05860699  0.05860699  0.09507738  0.07401678  0.03854918  0.08975556  0.03854918  0.05860699  0.00000000  0.01422078  0.04850988  0.03361885  0.04850988  0.05860699  0.08447188  0.08447188  0.03854918  0.13909422  0.09507738  0.09507738  0.19808970  0.16212905  0.17989014  0.16212905  0.08447188  0.11127729  0.11127729  0.11127729  0.10043789  0.18590688  0.21047723  0.13344623  0.13344623  0.13909422  0.17392211  0.14478580  0.15630252  0.19808970  0.24893988  0.18590688  0.28952016  0.17989014  0.17989014  0.18590688  
85_29_0    0.11127729  0.11675734  0.08447188  0.05354115  0.08447188  0.06370788  0.08975556  0.04850988  0.04351271  0.04351271  0.07922580  0.05860699  0.02385602  0.07401678  0.02385602  0.04351271  0.01422078  0.00000000  0.03361885  0.01902266  0.03361885  0.05354115  0.06884431  0.06884431  0.02385602  0.13344623  0.09507738  0.10043789  0.17989014  0.15052167  0.16212905  0.15630252  0.06884431  0.09507738  0.09507738  0.09507738  0.08447188  0.17989014  0.20425745  0.13344623  0.12227844  0.12784119  0.16212905  0.13344623  0.14478580  0.17989014  0.22945776  0.16800200  0.26895085  0.16212905  0.16212905  0.16800200  
44_25_0    0.10583767  0.10583767  0.07922580  0.05860699  0.07922580  0.04850988  0.07401678  0.03361885  0.03854918  0.03854918  0.07922580  0.05354115  0.01902266  0.06884431  0.01902266  0.03854918  0.04850988  0.03361885  0.00000000  0.01422078  0.02872128  0.04850988  0.06370788  0.06370788  0.01902266  0.12784119  0.08975556  0.09507738  0.16212905  0.13344623  0.14478580  0.15052167  0.07401678  0.08975556  0.08975556  0.08975556  0.07922580  0.16800200  0.19197313  0.11675734  0.11675734  0.11127729  0.14478580  0.11675734  0.13909422  0.18590688  0.23589476  0.18590688  0.26221999  0.15630252  0.15630252  0.16212905  
44_34_0    0.10043789  0.09507738  0.06370788  0.04351271  0.06370788  0.04351271  0.06884431  0.02872128  0.02385602  0.02385602  0.06370788  0.03854918  0.00470985  0.05354115  0.00470985  0.02385602  0.03361885  0.01902266  0.01422078  0.00000000  0.01422078  0.03361885  0.04850988  0.04850988  0.00470985  0.11127729  0.07401678  0.07922580  0.15630252  0.12784119  0.13909422  0.14478580  0.05860699  0.08447188  0.08447188  0.08447188  0.07401678  0.15630252  0.17989014  0.11127729  0.11127729  0.10583767  0.13909422  0.11127729  0.12227844  0.17989014  0.22945776  0.16800200  0.25555004  0.15052167  0.13909422  0.14478580  
47_25_0    0.09507738  0.08975556  0.07922580  0.05860699  0.07922580  0.05860699  0.08447188  0.04351271  0.03854918  0.03854918  0.07922580  0.05354115  0.01902266  0.06884431  0.00944998  0.03854918  0.04850988  0.03361885  0.02872128  0.01422078  0.00000000  0.04850988  0.05354115  0.05354115  0.01902266  0.11675734  0.08975556  0.09507738  0.16212905  0.14478580  0.15630252  0.16212905  0.07401678  0.10043789  0.10043789  0.10043789  0.08975556  0.16212905  0.17392211  0.11675734  0.10583767  0.10043789  0.13344623  0.11675734  0.12784119  0.19808970  0.24893988  0.18590688  0.23589476  0.15630252  0.13344623  0.13909422  
45_35_0    0.11675734  0.10043789  0.08975556  0.06884431  0.08975556  0.06884431  0.09507738  0.06370788  0.05860699  0.05860699  0.10043789  0.06370788  0.03854918  0.08975556  0.03854918  0.05860699  0.05860699  0.05354115  0.04850988  0.03361885  0.04850988  0.00000000  0.04351271  0.05354115  0.03854918  0.13909422  0.07922580  0.10583767  0.17392211  0.15052167  0.15052167  0.15052167  0.08447188  0.10043789  0.10043789  0.11127729  0.10043789  0.18590688  0.21047723  0.12784119  0.13909422  0.12227844  0.15630252  0.13909422  0.15052167  0.19808970  0.23589476  0.19808970  0.27574372  0.17989014  0.17989014  0.18590688  
45_25_0    0.13344623  0.12784119  0.09507738  0.07401678  0.09507738  0.09507738  0.11127729  0.07922580  0.07401678  0.07401678  0.10583767  0.07922580  0.05354115  0.10583767  0.05354115  0.07401678  0.08447188  0.06884431  0.06370788  0.04850988  0.05354115  0.04351271  0.00000000  0.00944998  0.05354115  0.15630252  0.11675734  0.13344623  0.19197313  0.17392211  0.17392211  0.16800200  0.10043789  0.11675734  0.11675734  0.12784119  0.11675734  0.17989014  0.20425745  0.13344623  0.13344623  0.11675734  0.16212905  0.14478580  0.15630252  0.21047723  0.26221999  0.21047723  0.29650614  0.19808970  0.18590688  0.19197313  
45_36_0    0.13344623  0.13909422  0.09507738  0.07401678  0.08447188  0.09507738  0.11127729  0.07922580  0.07401678  0.07401678  0.09507738  0.07922580  0.05354115  0.10583767  0.05354115  0.07401678  0.08447188  0.06884431  0.06370788  0.04850988  0.05354115  0.05354115  0.00944998  0.00000000  0.05354115  0.15630252  0.11675734  0.13344623  0.20425745  0.17392211  0.18590688  0.16800200  0.10043789  0.12784119  0.12784119  0.12784119  0.11675734  0.17989014  0.20425745  0.14478580  0.13344623  0.12784119  0.17392211  0.14478580  0.15630252  0.21674993  0.26895085  0.21674993  0.29650614  0.19808970  0.18590688  0.19197313  
85_25_0    0.10583767  0.10043789  0.06884431  0.04850988  0.05860699  0.04850988  0.07401678  0.03361885  0.02872128  0.02872128  0.06884431  0.04351271  0.00944998  0.05860699  0.00944998  0.02872128  0.03854918  0.02385602  0.01902266  0.00470985  0.01902266  0.03854918  0.05354115  0.05354115  0.00000000  0.11675734  0.07922580  0.07401678  0.15052167  0.13344623  0.14478580  0.15052167  0.06370788  0.08975556  0.08975556  0.08975556  0.07922580  0.15052167  0.17392211  0.11675734  0.11675734  0.11127729  0.14478580  0.11675734  0.12784119  0.18590688  0.23589476  0.17392211  0.24893988  0.15630252  0.14478580  0.15052167  
85_23_0    0.15630252  0.15630252  0.14478580  0.12784119  0.13909422  0.11675734  0.15630252  0.12227844  0.10583767  0.10583767  0.13909422  0.13344623  0.11675734  0.15052167  0.11675734  0.12784119  0.13909422  0.13344623  0.12784119  0.11127729  0.11675734  0.13909422  0.15630252  0.15630252  0.11675734  0.00000000  0.12784119  0.13909422  0.25555004  0.22945776  0.21674993  0.22945776  0.14478580  0.16212905  0.16212905  0.16212905  0.16212905  0.22945776  0.25555004  0.19197313  0.19197313  0.18590688  0.21047723  0.17989014  0.19197313  0.25555004  0.28259976  0.24238847  0.30355894  0.22945776  0.21047723  0.20425745  
44_23_0    0.12784119  0.12227844  0.10043789  0.08975556  0.11127729  0.08975556  0.11675734  0.07401678  0.06884431  0.06884431  0.12227844  0.10583767  0.07922580  0.13344623  0.07922580  0.10043789  0.09507738  0.09507738  0.08975556  0.07401678  0.08975556  0.07922580  0.11675734  0.11675734  0.07922580  0.12784119  0.00000000  0.09507738  0.18590688  0.15052167  0.15630252  0.13909422  0.08447188  0.10043789  0.10043789  0.11127729  0.10043789  0.16800200  0.21674993  0.15630252  0.12784119  0.13344623  0.15630252  0.13909422  0.15052167  0.21047723  0.23589476  0.18590688  0.28952016  0.19197313  0.14478580  0.15052167  
45_23_0    0.16800200  0.12784119  0.10583767  0.10583767  0.12784119  0.09507738  0.12227844  0.08975556  0.07401678  0.07401678  0.11675734  0.10043789  0.08447188  0.12784119  0.08447188  0.10583767  0.09507738  0.10043789  0.09507738  0.07922580  0.09507738  0.10583767  0.13344623  0.13344623  0.07401678  0.13909422  0.09507738  0.00000000  0.19197313  0.16800200  0.17392211  0.17989014  0.11127729  0.11675734  0.11675734  0.12784119  0.11675734  0.15630252  0.19197313  0.13344623  0.13344623  0.12784119  0.15052167  0.13344623  0.14478580  0.22945776  0.27574372  0.21047723  0.27574372  0.19808970  0.16800200  0.17392211  
73_45_0    0.21674993  0.17989014  0.17392211  0.15052167  0.17392211  0.18590688  0.19197313  0.16800200  0.15052167  0.15052167  0.19808970  0.17989014  0.16212905  0.16800200  0.15052167  0.18590688  0.19808970  0.17989014  0.16212905  0.15630252  0.16212905  0.17392211  0.19197313  0.20425745  0.15052167  0.25555004  0.18590688  0.19197313  0.00000000  0.10583767  0.12784119  0.17989014  0.13909422  0.14478580  0.14478580  0.15630252  0.14478580  0.23589476  0.23589476  0.21674993  0.21047723  0.19808970  0.23589476  0.21674993  0.22945776  0.28952016  0.31067988  0.27574372  0.29650614  0.21047723  0.19808970  0.20425745  
73_37_0    0.16800200  0.14478580  0.14478580  0.12227844  0.16800200  0.13909422  0.15052167  0.13909422  0.13344623  0.13344623  0.16800200  0.16212905  0.13344623  0.15052167  0.13344623  0.14478580  0.16212905  0.15052167  0.13344623  0.12784119  0.14478580  0.15052167  0.17392211  0.17392211  0.13344623  0.22945776  0.15052167  0.16800200  0.10583767  0.00000000  0.11127729  0.15052167  0.10583767  0.11127729  0.11127729  0.12227844  0.11127729  0.22945776  0.25555004  0.22307646  0.19808970  0.19197313  0.21674993  0.18590688  0.19808970  0.25555004  0.28952016  0.24238847  0.28952016  0.19197313  0.16800200  0.17392211  
94_53_0    0.21047723  0.17392211  0.15052167  0.13909422  0.16212905  0.16800200  0.17392211  0.12784119  0.14478580  0.14478580  0.16800200  0.15052167  0.14478580  0.15052167  0.14478580  0.15630252  0.17989014  0.16212905  0.14478580  0.13909422  0.15630252  0.15052167  0.17392211  0.18590688  0.14478580  0.21674993  0.15630252  0.17392211  0.12784119  0.11127729  0.00000000  0.12784119  0.12784119  0.13344623  0.13344623  0.15630252  0.14478580  0.24238847  0.25555004  0.22307646  0.20425745  0.20425745  0.21674993  0.19808970  0.19808970  0.25555004  0.27574372  0.24238847  0.28952016  0.19197313  0.20425745  0.21047723  
94_54_0    0.21674993  0.19197313  0.17392211  0.16212905  0.19808970  0.18590688  0.16212905  0.15630252  0.15052167  0.15052167  0.16212905  0.14478580  0.15052167  0.17989014  0.15052167  0.17392211  0.16212905  0.15630252  0.15052167  0.14478580  0.16212905  0.15052167  0.16800200  0.16800200  0.15052167  0.22945776  0.13909422  0.17989014  0.17989014  0.15052167  0.12784119  0.00000000  0.15630252  0.15052167  0.15052167  0.16212905  0.15052167  0.26221999  0.28952016  0.22307646  0.21047723  0.20425745  0.21674993  0.22307646  0.23589476  0.27574372  0.26895085  0.26221999  0.32513146  0.21047723  0.21047723  0.20425745  
73_44_0    0.13344623  0.11675734  0.08447188  0.06370788  0.08447188  0.08447188  0.11127729  0.06884431  0.06370788  0.06370788  0.10583767  0.08975556  0.06370788  0.08975556  0.06370788  0.08447188  0.08447188  0.06884431  0.07401678  0.05860699  0.07401678  0.08447188  0.10043789  0.10043789  0.06370788  0.14478580  0.08447188  0.11127729  0.13909422  0.10583767  0.12784119  0.15630252  0.00000000  0.03361885  0.03361885  0.04351271  0.03361885  0.16800200  0.19197313  0.13909422  0.12227844  0.12784119  0.16212905  0.13344623  0.14478580  0.18590688  0.21674993  0.16212905  0.26895085  0.17392211  0.13909422  0.14478580  
36_41_0    0.16212905  0.12784119  0.11127729  0.08975556  0.11127729  0.11127729  0.11675734  0.09507738  0.08975556  0.08975556  0.13344623  0.10583767  0.08975556  0.10583767  0.08975556  0.10043789  0.11127729  0.09507738  0.08975556  0.08447188  0.10043789  0.10043789  0.11675734  0.12784119  0.08975556  0.16212905  0.10043789  0.11675734  0.14478580  0.11127729  0.13344623  0.15052167  0.03361885  0.00000000  0.00000000  0.02872128  0.01902266  0.17989014  0.20425745  0.14478580  0.13909422  0.13344623  0.16800200  0.15052167  0.17392211  0.17989014  0.21047723  0.15630252  0.28952016  0.19197313  0.14478580  0.15052167  
90_41_0    0.16212905  0.12784119  0.11127729  0.08975556  0.11127729  0.11127729  0.11675734  0.09507738  0.08975556  0.08975556  0.13344623  0.10583767  0.08975556  0.10583767  0.08975556  0.10043789  0.11127729  0.09507738  0.08975556  0.08447188  0.10043789  0.10043789  0.11675734  0.12784119  0.08975556  0.16212905  0.10043789  0.11675734  0.14478580  0.11127729  0.13344623  0.15052167  0.03361885  0.00000000  0.00000000  0.02872128  0.01902266  0.17989014  0.20425745  0.14478580  0.13909422  0.13344623  0.16800200  0.15052167  0.17392211  0.17989014  0.21047723  0.15630252  0.28952016  0.19197313  0.14478580  0.15052167  
36_12_0    0.16212905  0.15052167  0.12227844  0.10043789  0.12227844  0.11127729  0.12784119  0.10583767  0.10043789  0.10043789  0.13344623  0.11675734  0.08975556  0.11675734  0.08975556  0.10043789  0.11127729  0.09507738  0.08975556  0.08447188  0.10043789  0.11127729  0.12784119  0.12784119  0.08975556  0.16212905  0.11127729  0.12784119  0.15630252  0.12227844  0.15630252  0.16212905  0.04351271  0.02872128  0.02872128  0.00000000  0.00944998  0.17989014  0.20425745  0.16800200  0.15052167  0.15630252  0.19197313  0.16212905  0.18590688  0.20425745  0.23589476  0.17989014  0.28952016  0.19197313  0.16800200  0.17392211  
90_12_0    0.16212905  0.13909422  0.11127729  0.08975556  0.11127729  0.11127729  0.11675734  0.09507738  0.08975556  0.08975556  0.13344623  0.10583767  0.07922580  0.10583767  0.07922580  0.08975556  0.10043789  0.08447188  0.07922580  0.07401678  0.08975556  0.10043789  0.11675734  0.11675734  0.07922580  0.16212905  0.10043789  0.11675734  0.14478580  0.11127729  0.14478580  0.15052167  0.03361885  0.01902266  0.01902266  0.00944998  0.00000000  0.17989014  0.20425745  0.15630252  0.13909422  0.14478580  0.17989014  0.15052167  0.17392211  0.20425745  0.22307646  0.17989014  0.27574372  0.17989014  0.15630252  0.16212905  
73_39_0    0.21674993  0.19808970  0.18590688  0.18590688  0.19808970  0.16212905  0.18590688  0.15630252  0.15052167  0.15052167  0.17392211  0.17989014  0.16212905  0.19808970  0.16212905  0.18590688  0.18590688  0.17989014  0.16800200  0.15630252  0.16212905  0.18590688  0.17989014  0.17989014  0.15052167  0.22945776  0.16800200  0.15630252  0.23589476  0.22945776  0.24238847  0.26221999  0.16800200  0.17989014  0.17989014  0.17989014  0.17989014  0.00000000  0.07922580  0.13909422  0.11675734  0.11675734  0.14478580  0.12784119  0.13909422  0.21674993  0.27574372  0.22307646  0.27574372  0.19197313  0.16800200  0.17392211  
73_43_0    0.24238847  0.21047723  0.19808970  0.19808970  0.22307646  0.18590688  0.19808970  0.17989014  0.17392211  0.17392211  0.18590688  0.17989014  0.18590688  0.22307646  0.17392211  0.19808970  0.21047723  0.20425745  0.19197313  0.17989014  0.17392211  0.21047723  0.20425745  0.20425745  0.17392211  0.25555004  0.21674993  0.19197313  0.23589476  0.25555004  0.25555004  0.28952016  0.19197313  0.20425745  0.20425745  0.20425745  0.20425745  0.07922580  0.00000000  0.17989014  0.15630252  0.16212905  0.16800200  0.17392211  0.18590688  0.26895085  0.31787026  0.27574372  0.24893988  0.20425745  0.19197313  0.19808970  
45_16_0    0.17989014  0.16212905  0.15052167  0.13909422  0.16212905  0.13909422  0.15630252  0.11127729  0.11675734  0.11675734  0.13909422  0.13344623  0.11675734  0.16212905  0.10583767  0.13909422  0.13344623  0.13344623  0.11675734  0.11127729  0.11675734  0.12784119  0.13344623  0.14478580  0.11675734  0.19197313  0.15630252  0.13344623  0.21674993  0.22307646  0.22307646  0.22307646  0.13909422  0.14478580  0.14478580  0.16800200  0.15630252  0.13909422  0.17989014  0.00000000  0.06884431  0.05354115  0.08447188  0.06884431  0.10043789  0.21047723  0.25555004  0.20425745  0.27574372  0.20425745  0.16212905  0.15630252  
44_33_0    0.14478580  0.13909422  0.15052167  0.13909422  0.15630252  0.13909422  0.15630252  0.10043789  0.11675734  0.11675734  0.15052167  0.14478580  0.11675734  0.15052167  0.10583767  0.13909422  0.13344623  0.12227844  0.11675734  0.11127729  0.10583767  0.13909422  0.13344623  0.13344623  0.11675734  0.19197313  0.12784119  0.13344623  0.21047723  0.19808970  0.20425745  0.21047723  0.12227844  0.13909422  0.13909422  0.15052167  0.13909422  0.11675734  0.15630252  0.06884431  0.00000000  0.02385602  0.05354115  0.03854918  0.06884431  0.18590688  0.21674993  0.16800200  0.22945776  0.16800200  0.12784119  0.13344623  
44_16_0    0.15052167  0.13344623  0.14478580  0.13344623  0.15630252  0.13344623  0.15052167  0.10583767  0.11127729  0.11127729  0.14478580  0.12784119  0.11127729  0.14478580  0.10043789  0.13344623  0.13909422  0.12784119  0.11127729  0.10583767  0.10043789  0.12227844  0.11675734  0.12784119  0.11127729  0.18590688  0.13344623  0.12784119  0.19808970  0.19197313  0.20425745  0.20425745  0.12784119  0.13344623  0.13344623  0.15630252  0.14478580  0.11675734  0.16212905  0.05354115  0.02385602  0.00000000  0.04351271  0.04351271  0.07401678  0.19197313  0.22307646  0.17392211  0.23589476  0.17392211  0.13344623  0.13909422  
47_16_0    0.16212905  0.14478580  0.16800200  0.16800200  0.19197313  0.16800200  0.18590688  0.12784119  0.14478580  0.14478580  0.17989014  0.16212905  0.14478580  0.17989014  0.13344623  0.16800200  0.17392211  0.16212905  0.14478580  0.13909422  0.13344623  0.15630252  0.16212905  0.17392211  0.14478580  0.21047723  0.15630252  0.15052167  0.23589476  0.21674993  0.21674993  0.21674993  0.16212905  0.16800200  0.16800200  0.19197313  0.17989014  0.14478580  0.16800200  0.08447188  0.05354115  0.04351271  0.00000000  0.06370788  0.09507738  0.21674993  0.24893988  0.19808970  0.24893988  0.19808970  0.16800200  0.17392211  
47_11_0    0.14478580  0.13909422  0.12227844  0.12227844  0.14478580  0.13909422  0.15630252  0.10043789  0.11675734  0.11675734  0.15052167  0.14478580  0.11675734  0.13909422  0.10583767  0.12784119  0.14478580  0.13344623  0.11675734  0.11127729  0.11675734  0.13909422  0.14478580  0.14478580  0.11675734  0.17989014  0.13909422  0.13344623  0.21674993  0.18590688  0.19808970  0.22307646  0.13344623  0.15052167  0.15052167  0.16212905  0.15052167  0.12784119  0.17392211  0.06884431  0.03854918  0.04351271  0.06370788  0.00000000  0.03361885  0.17392211  0.19197313  0.15630252  0.20425745  0.15630252  0.11675734  0.12227844  
44_32_0    0.15630252  0.15052167  0.11675734  0.13344623  0.15630252  0.15052167  0.16800200  0.12227844  0.12784119  0.12784119  0.15052167  0.14478580  0.12784119  0.15052167  0.11675734  0.12784119  0.15630252  0.14478580  0.13909422  0.12227844  0.12784119  0.15052167  0.15630252  0.15630252  0.12784119  0.19197313  0.15052167  0.14478580  0.22945776  0.19808970  0.19808970  0.23589476  0.14478580  0.17392211  0.17392211  0.18590688  0.17392211  0.13909422  0.18590688  0.10043789  0.06884431  0.07401678  0.09507738  0.03361885  0.00000000  0.19197313  0.21047723  0.17392211  0.22307646  0.16212905  0.13344623  0.13909422  
85_15_0    0.24238847  0.20425745  0.21674993  0.19808970  0.20425745  0.19808970  0.22945776  0.17989014  0.18590688  0.18590688  0.21047723  0.19808970  0.17392211  0.19197313  0.18590688  0.18590688  0.19808970  0.17989014  0.18590688  0.17989014  0.19808970  0.19808970  0.21047723  0.21674993  0.18590688  0.25555004  0.21047723  0.22945776  0.28952016  0.25555004  0.25555004  0.27574372  0.18590688  0.17989014  0.17989014  0.20425745  0.20425745  0.21674993  0.26895085  0.21047723  0.18590688  0.19197313  0.21674993  0.17392211  0.19197313  0.00000000  0.07922580  0.03361885  0.26221999  0.21047723  0.16800200  0.16212905  
45_15_0    0.27574372  0.23589476  0.25555004  0.24893988  0.26221999  0.24238847  0.26895085  0.22945776  0.23589476  0.23589476  0.24893988  0.23589476  0.22307646  0.21674993  0.23589476  0.23589476  0.24893988  0.22945776  0.23589476  0.22945776  0.24893988  0.23589476  0.26221999  0.26895085  0.23589476  0.28259976  0.23589476  0.27574372  0.31067988  0.28952016  0.27574372  0.26895085  0.21674993  0.21047723  0.21047723  0.23589476  0.22307646  0.27574372  0.31787026  0.25555004  0.21674993  0.22307646  0.24893988  0.19197313  0.21047723  0.07922580  0.00000000  0.07401678  0.24238847  0.25555004  0.19808970  0.19197313  
47_15_0    0.24238847  0.20425745  0.19197313  0.18590688  0.19197313  0.19808970  0.21674993  0.16800200  0.17392211  0.17392211  0.19808970  0.18590688  0.16212905  0.17989014  0.17392211  0.17392211  0.18590688  0.16800200  0.18590688  0.16800200  0.18590688  0.19808970  0.21047723  0.21674993  0.17392211  0.24238847  0.18590688  0.21047723  0.27574372  0.24238847  0.24238847  0.26221999  0.16212905  0.15630252  0.15630252  0.17989014  0.17989014  0.22307646  0.27574372  0.20425745  0.16800200  0.17392211  0.19808970  0.15630252  0.17392211  0.03361885  0.07401678  0.00000000  0.25555004  0.21674993  0.15052167  0.14478580  
73_46_0    0.26895085  0.24893988  0.25555004  0.25555004  0.29650614  0.28952016  0.26895085  0.22945776  0.26221999  0.26221999  0.26895085  0.25555004  0.24893988  0.26221999  0.24893988  0.24893988  0.28952016  0.26895085  0.26221999  0.25555004  0.23589476  0.27574372  0.29650614  0.29650614  0.24893988  0.30355894  0.28952016  0.27574372  0.29650614  0.28952016  0.28952016  0.32513146  0.26895085  0.28952016  0.28952016  0.28952016  0.27574372  0.27574372  0.24893988  0.27574372  0.22945776  0.23589476  0.24893988  0.20425745  0.22307646  0.26221999  0.24238847  0.25555004  0.00000000  0.13909422  0.18590688  0.19197313  
73_47_0    0.18590688  0.17392211  0.16800200  0.15630252  0.20425745  0.17989014  0.16212905  0.13909422  0.15630252  0.15630252  0.16800200  0.15052167  0.15630252  0.17989014  0.14478580  0.15630252  0.17989014  0.16212905  0.15630252  0.15052167  0.15630252  0.17989014  0.19808970  0.19808970  0.15630252  0.22945776  0.19197313  0.19808970  0.21047723  0.19197313  0.19197313  0.21047723  0.17392211  0.19197313  0.19197313  0.19197313  0.17989014  0.19197313  0.20425745  0.20425745  0.16800200  0.17392211  0.19808970  0.15630252  0.16212905  0.21047723  0.25555004  0.21674993  0.13909422  0.00000000  0.12227844  0.12784119  
36_38_0    0.18590688  0.15630252  0.14478580  0.15630252  0.17989014  0.16800200  0.16212905  0.13909422  0.13344623  0.13344623  0.17989014  0.16212905  0.14478580  0.15630252  0.13344623  0.15630252  0.17989014  0.16212905  0.15630252  0.13909422  0.13344623  0.17989014  0.18590688  0.18590688  0.14478580  0.21047723  0.14478580  0.16800200  0.19808970  0.16800200  0.20425745  0.21047723  0.13909422  0.14478580  0.14478580  0.16800200  0.15630252  0.16800200  0.19197313  0.16212905  0.12784119  0.13344623  0.16800200  0.11675734  0.13344623  0.16800200  0.19808970  0.15052167  0.18590688  0.12227844  0.00000000  0.01422078  
90_38_0    0.19197313  0.16212905  0.15052167  0.16212905  0.18590688  0.17392211  0.16800200  0.14478580  0.13909422  0.13909422  0.17392211  0.16800200  0.15052167  0.16212905  0.13909422  0.15052167  0.18590688  0.16800200  0.16212905  0.14478580  0.13909422  0.18590688  0.19197313  0.19197313  0.15052167  0.20425745  0.15052167  0.17392211  0.20425745  0.17392211  0.21047723  0.20425745  0.14478580  0.15052167  0.15052167  0.17392211  0.16212905  0.17392211  0.19808970  0.15630252  0.13344623  0.13909422  0.17392211  0.12227844  0.13909422  0.16212905  0.19197313  0.14478580  0.19197313  0.12784119  0.01422078  0.00000000  

