20
14_0_0     0.00000000  0.10974596  0.11540424  0.08753883  0.33947731  0.30192387  0.29463817  0.29463817  0.27320484  0.25237917  0.31671568  0.31671568  0.31671568  0.28742402  0.32422480  0.30192387  0.30192387  0.33181147  0.33947731  0.28742402  
6_0_0      0.10974596  0.00000000  0.18693834  0.16231151  0.35505323  0.33181147  0.32422480  0.32422480  0.30192387  0.28028003  0.36296682  0.36296682  0.36296682  0.34722399  0.37096658  0.34722399  0.34722399  0.38723228  0.39550222  0.28028003  
15_0_0     0.11540424  0.18693834  0.00000000  0.04504240  0.35505323  0.33181147  0.32422480  0.32422480  0.28742402  0.28028003  0.30928255  0.30928255  0.30928255  0.28028003  0.33181147  0.30928255  0.30928255  0.35505323  0.34722399  0.33947731  
19_0_0     0.08753883  0.16231151  0.04504240  0.00000000  0.35505323  0.33181147  0.32422480  0.32422480  0.28742402  0.26619715  0.30192387  0.30192387  0.30192387  0.28742402  0.30928255  0.28742402  0.28742402  0.33947731  0.33181147  0.33181147  
5_0_0      0.33947731  0.35505323  0.35505323  0.35505323  0.00000000  0.06069189  0.05543827  0.05543827  0.17452173  0.14436847  0.33181147  0.33181147  0.33181147  0.30192387  0.31671568  0.31671568  0.31671568  0.31671568  0.30928255  0.43830883  
12_0_0     0.30192387  0.33181147  0.33181147  0.33181147  0.06069189  0.00000000  0.00487048  0.00487048  0.13264538  0.10413092  0.31671568  0.31671568  0.31671568  0.28742402  0.30192387  0.28742402  0.28742402  0.30928255  0.30192387  0.38723228  
4_0_0      0.29463817  0.32422480  0.32422480  0.32422480  0.05543827  0.00487048  0.00000000  0.00000000  0.12685326  0.09855848  0.30928255  0.30928255  0.30928255  0.28028003  0.29463817  0.28028003  0.28028003  0.31671568  0.30928255  0.37905441  
10_0_0     0.29463817  0.32422480  0.32422480  0.32422480  0.05543827  0.00487048  0.00000000  0.00000000  0.12685326  0.09855848  0.30928255  0.30928255  0.30928255  0.28028003  0.29463817  0.28028003  0.28028003  0.31671568  0.30928255  0.37905441  
11_0_0     0.27320484  0.30192387  0.28742402  0.28742402  0.17452173  0.13264538  0.12685326  0.12685326  0.00000000  0.02468188  0.25925567  0.25925567  0.25925567  0.25925567  0.28028003  0.26619715  0.26619715  0.29463817  0.30192387  0.32422480  
17_0_0     0.25237917  0.28028003  0.28028003  0.26619715  0.14436847  0.10413092  0.09855848  0.09855848  0.02468188  0.00000000  0.23881632  0.23881632  0.23881632  0.23881632  0.24556644  0.23212765  0.23212765  0.25925567  0.26619715  0.30192387  
3_0_0      0.31671568  0.36296682  0.30928255  0.30192387  0.33181147  0.31671568  0.30928255  0.30928255  0.25925567  0.23881632  0.00000000  0.00487048  0.00487048  0.03479160  0.05022194  0.07131322  0.07131322  0.20596585  0.21241947  0.37096658  
2_0_0      0.31671568  0.36296682  0.30928255  0.30192387  0.33181147  0.31671568  0.30928255  0.30928255  0.25925567  0.23881632  0.00487048  0.00000000  0.00000000  0.02971935  0.04504240  0.06598336  0.06598336  0.20596585  0.21241947  0.37905441  
1_0_0      0.31671568  0.36296682  0.30928255  0.30192387  0.33181147  0.31671568  0.30928255  0.30928255  0.25925567  0.23881632  0.00487048  0.00000000  0.00000000  0.02971935  0.04504240  0.06598336  0.06598336  0.20596585  0.21241947  0.37905441  
16_0_0     0.28742402  0.34722399  0.28028003  0.28742402  0.30192387  0.28742402  0.28028003  0.28028003  0.25925567  0.23881632  0.03479160  0.02971935  0.02971935  0.00000000  0.05543827  0.06598336  0.06598336  0.21241947  0.21893030  0.37096658  
7_0_0      0.32422480  0.37096658  0.33181147  0.30928255  0.31671568  0.30192387  0.29463817  0.29463817  0.28028003  0.24556644  0.05022194  0.04504240  0.04504240  0.05543827  0.00000000  0.02971935  0.02971935  0.21241947  0.21893030  0.40386631  
13_0_0     0.30192387  0.34722399  0.30928255  0.28742402  0.31671568  0.28742402  0.28028003  0.28028003  0.26619715  0.23212765  0.07131322  0.06598336  0.06598336  0.06598336  0.02971935  0.00000000  0.00000000  0.22549934  0.23212765  0.39550222  
9_0_0      0.30192387  0.34722399  0.30928255  0.28742402  0.31671568  0.28742402  0.28028003  0.28028003  0.26619715  0.23212765  0.07131322  0.06598336  0.06598336  0.06598336  0.02971935  0.00000000  0.00000000  0.22549934  0.23212765  0.39550222  
18_0_0     0.33181147  0.38723228  0.35505323  0.33947731  0.31671568  0.30928255  0.31671568  0.31671568  0.29463817  0.25925567  0.20596585  0.20596585  0.20596585  0.21241947  0.21241947  0.22549934  0.22549934  0.00000000  0.00487048  0.42954563  
8_0_0      0.33947731  0.39550222  0.34722399  0.33181147  0.30928255  0.30192387  0.30928255  0.30928255  0.30192387  0.26619715  0.21241947  0.21241947  0.21241947  0.21893030  0.21893030  0.23212765  0.23212765  0.00487048  0.00000000  0.43830883  
20_0_0     0.28742402  0.28028003  0.33947731  0.33181147  0.43830883  0.38723228  0.37905441  0.37905441  0.32422480  0.30192387  0.37096658  0.37905441  0.37905441  0.37096658  0.40386631  0.39550222  0.39550222  0.42954563  0.43830883  0.00000000  

