9
5_0_0      0.00000000  0.04501726  0.04501726  0.05540000  0.09843520  0.04501726  0.05019061  0.05019061  0.06592890  
3_0_0      0.04501726  0.00000000  0.00977230  0.07124946  0.11523394  0.06064592  0.06064592  0.06064592  0.07660813  
4_0_0      0.04501726  0.00977230  0.00000000  0.07124946  0.11523394  0.06064592  0.06064592  0.06064592  0.07660813  
6_0_0      0.05540000  0.07124946  0.07124946  0.00000000  0.10399297  0.04501726  0.06592890  0.06592890  0.08200548  
9_0_0      0.09843520  0.11523394  0.11523394  0.10399297  0.00000000  0.08200548  0.09843520  0.09843520  0.11523394  
1_0_0      0.04501726  0.06064592  0.06064592  0.04501726  0.08200548  0.00000000  0.04501726  0.04501726  0.06064592  
11_0_0     0.05019061  0.06064592  0.06064592  0.06592890  0.09843520  0.04501726  0.00000000  0.00977230  0.04501726  
7_0_0      0.05019061  0.06064592  0.06064592  0.06592890  0.09843520  0.04501726  0.00977230  0.00000000  0.04501726  
10_0_0     0.06592890  0.07660813  0.07660813  0.08200548  0.11523394  0.06064592  0.04501726  0.04501726  0.00000000  

