20
3_0_0      0.00000000  0.02679610  0.04989370  0.15566154  0.13431279  0.15566154  0.16109657  0.16109657  0.11869672  0.12386547  0.10846649  0.29206411  0.28557910  0.28557910  0.29206411  0.31186798  0.24782126  0.24782126  0.27915054  0.25398169  
4_0_0      0.02679610  0.00000000  0.04056779  0.15566154  0.13431279  0.12386547  0.15026622  0.15026622  0.09837604  0.10340403  0.09837604  0.29206411  0.26645890  0.26645890  0.27277745  0.31186798  0.24782126  0.24782126  0.26645890  0.25398169  
5_0_0      0.04989370  0.04056779  0.00000000  0.15026622  0.12907066  0.13959240  0.14491002  0.14491002  0.10340403  0.10846649  0.11356389  0.27277745  0.28557910  0.28557910  0.29206411  0.34610233  0.26645890  0.26645890  0.28557910  0.26019394  
9_0_0      0.15566154  0.15566154  0.15026622  0.00000000  0.05460119  0.13431279  0.11869672  0.11869672  0.12907066  0.13431279  0.13959240  0.30520751  0.31858907  0.31858907  0.32537189  0.37468040  0.29860657  0.29860657  0.34610233  0.32537189  
1_0_0      0.13431279  0.13431279  0.12907066  0.05460119  0.00000000  0.09338205  0.09837604  0.09837604  0.08842160  0.09338205  0.10846649  0.27915054  0.29206411  0.29206411  0.29860657  0.34610233  0.27277745  0.27277745  0.30520751  0.28557910  
6_0_0      0.15566154  0.12386547  0.13959240  0.13431279  0.09338205  0.00000000  0.13959240  0.13959240  0.09837604  0.10340403  0.12907066  0.30520751  0.29206411  0.29206411  0.29860657  0.36743154  0.31186798  0.31186798  0.29206411  0.29860657  
8_0_0      0.16109657  0.15026622  0.14491002  0.11869672  0.09837604  0.13959240  0.00000000  0.00000000  0.12386547  0.12907066  0.13431279  0.26019394  0.27277745  0.27277745  0.27915054  0.31186798  0.29206411  0.27915054  0.31186798  0.31858907  
2_0_0      0.16109657  0.15026622  0.14491002  0.11869672  0.09837604  0.13959240  0.00000000  0.00000000  0.12386547  0.12907066  0.13431279  0.26019394  0.27277745  0.27277745  0.27915054  0.31186798  0.29206411  0.27915054  0.31186798  0.31858907  
7_0_0      0.11869672  0.09837604  0.10340403  0.12907066  0.08842160  0.09837604  0.12386547  0.12386547  0.00000000  0.00439904  0.04521603  0.23565245  0.23565245  0.23565245  0.24171179  0.29206411  0.22964242  0.24171179  0.22368091  0.20607978  
11_0_0     0.12386547  0.10340403  0.10846649  0.13431279  0.09338205  0.10340403  0.12907066  0.12907066  0.00439904  0.00000000  0.04989370  0.24171179  0.24171179  0.24171179  0.24782126  0.29860657  0.23565245  0.24782126  0.22964242  0.21190033  
10_0_0     0.10846649  0.09837604  0.11356389  0.13959240  0.10846649  0.12907066  0.13431279  0.13431279  0.04521603  0.04989370  0.00000000  0.23565245  0.26019394  0.26019394  0.26645890  0.31858907  0.24171179  0.24171179  0.26019394  0.22964242  
15_0_0     0.29206411  0.29206411  0.27277745  0.30520751  0.27915054  0.30520751  0.26019394  0.26019394  0.23565245  0.24171179  0.23565245  0.00000000  0.12386547  0.12386547  0.11869672  0.16657189  0.14491002  0.14491002  0.22964242  0.21190033  
19_0_0     0.28557910  0.26645890  0.28557910  0.31858907  0.29206411  0.29206411  0.27277745  0.27277745  0.23565245  0.24171179  0.26019394  0.12386547  0.00000000  0.00000000  0.00439904  0.10846649  0.07373709  0.07373709  0.16657189  0.15026622  
12_0_0     0.28557910  0.26645890  0.28557910  0.31858907  0.29206411  0.29206411  0.27277745  0.27277745  0.23565245  0.24171179  0.26019394  0.12386547  0.00000000  0.00000000  0.00439904  0.10846649  0.07373709  0.07373709  0.16657189  0.15026622  
20_0_0     0.29206411  0.27277745  0.29206411  0.32537189  0.29860657  0.29860657  0.27915054  0.27915054  0.24171179  0.24782126  0.26645890  0.11869672  0.00439904  0.00439904  0.00000000  0.10340403  0.06890643  0.06890643  0.17208812  0.15566154  
13_0_0     0.31186798  0.31186798  0.34610233  0.37468040  0.34610233  0.36743154  0.31186798  0.31186798  0.29206411  0.29860657  0.31858907  0.16657189  0.10846649  0.10846649  0.10340403  0.00000000  0.11869672  0.11869672  0.24171179  0.22368091  
14_0_0     0.24782126  0.24782126  0.26645890  0.29860657  0.27277745  0.31186798  0.29206411  0.29206411  0.22964242  0.23565245  0.24171179  0.14491002  0.07373709  0.07373709  0.06890643  0.11869672  0.00000000  0.00882444  0.18324573  0.16657189  
18_0_0     0.24782126  0.24782126  0.26645890  0.29860657  0.27277745  0.31186798  0.27915054  0.27915054  0.24171179  0.24782126  0.24171179  0.14491002  0.07373709  0.07373709  0.06890643  0.11869672  0.00882444  0.00000000  0.19457451  0.17764585  
17_0_0     0.27915054  0.26645890  0.28557910  0.34610233  0.30520751  0.29206411  0.31186798  0.31186798  0.22368091  0.22964242  0.26019394  0.22964242  0.16657189  0.16657189  0.17208812  0.24171179  0.18324573  0.19457451  0.00000000  0.03135819  
16_0_0     0.25398169  0.25398169  0.26019394  0.32537189  0.28557910  0.29860657  0.31858907  0.31858907  0.20607978  0.21190033  0.22964242  0.21190033  0.15026622  0.15026622  0.15566154  0.22368091  0.16657189  0.17764585  0.03135819  0.00000000  

