20
20_0_0     0.00000000  0.51964448  0.51964448  0.56352130  0.45110390  0.51318787  0.41360122  0.48181279  0.47712195  0.64500871  0.38019483  0.39298621  0.37084818  0.37084818  0.36028216  0.36028216  0.39298621  0.38989477  0.39689988  0.40401073  
9_0_0      0.51964448  0.00000000  0.00000000  0.02783082  0.22271530  0.25883491  0.46301982  0.49370711  0.54713148  0.70199980  0.40350051  0.40709267  0.38372477  0.38372477  0.40896258  0.40896258  0.42620082  0.42212428  0.42969938  0.42212428  
13_0_0     0.51964448  0.00000000  0.00000000  0.02783082  0.22271530  0.25883491  0.46301982  0.49370711  0.54713148  0.70199980  0.40350051  0.40709267  0.38372477  0.38372477  0.40896258  0.40896258  0.42620082  0.42212428  0.42969938  0.42212428  
7_0_0      0.56352130  0.02783082  0.02783082  0.00000000  0.21667324  0.26343499  0.47726891  0.49174782  0.53522506  0.70582720  0.40527207  0.39424915  0.37142516  0.37142516  0.39250004  0.39250004  0.40896258  0.43546186  0.44322036  0.43546186  
19_0_0     0.45110390  0.22271530  0.22271530  0.21667324  0.00000000  0.07658091  0.41856278  0.43336631  0.49185241  0.63279056  0.32947736  0.28320051  0.29981436  0.29981436  0.33368095  0.33368095  0.31589529  0.40906345  0.41646363  0.40906345  
18_0_0     0.51318787  0.25883491  0.25883491  0.26343499  0.07658091  0.00000000  0.45302663  0.47566280  0.49586662  0.69370081  0.35935866  0.31691099  0.32187588  0.32187588  0.33083843  0.33083843  0.31949299  0.42031799  0.44322036  0.45110878  
15_0_0     0.41360122  0.46301982  0.46301982  0.47726891  0.41856278  0.45302663  0.00000000  0.18605621  0.15442153  0.47335636  0.33960099  0.34238816  0.34097397  0.34097397  0.34687934  0.34687934  0.34534070  0.34082914  0.34722464  0.34082914  
6_0_0      0.48181279  0.49370711  0.49370711  0.49174782  0.43336631  0.47566280  0.18605621  0.00000000  0.20646182  0.53454088  0.40401073  0.32716795  0.30812810  0.30812810  0.36694920  0.36694920  0.37906630  0.39106708  0.39106708  0.39795743  
14_0_0     0.47712195  0.54713148  0.54713148  0.53522506  0.49185241  0.49586662  0.15442153  0.20646182  0.00000000  0.46715376  0.35788145  0.34751601  0.36613308  0.36613308  0.37630360  0.37630360  0.36770560  0.39388813  0.40088699  0.39388813  
16_0_0     0.64500871  0.70199980  0.70199980  0.70582720  0.63279056  0.69370081  0.47335636  0.53454088  0.46715376  0.00000000  0.50413825  0.49996094  0.49781328  0.49781328  0.65241631  0.65241631  0.67239856  0.50000109  0.52566563  0.51695450  
5_0_0      0.38019483  0.40350051  0.40350051  0.40527207  0.32947736  0.35935866  0.33960099  0.40401073  0.35788145  0.50413825  0.00000000  0.07607311  0.10818106  0.10818106  0.16125740  0.16125740  0.15257106  0.26882944  0.26328785  0.25781070  
10_0_0     0.39298621  0.40709267  0.40709267  0.39424915  0.28320051  0.31691099  0.34238816  0.32716795  0.34751601  0.49996094  0.07607311  0.00000000  0.02783082  0.02783082  0.13946834  0.13946834  0.11703077  0.23799935  0.24329547  0.23799935  
12_0_0     0.37084818  0.38372477  0.38372477  0.37142516  0.29981436  0.32187588  0.34097397  0.30812810  0.36613308  0.49781328  0.10818106  0.02783082  0.00000000  0.00000000  0.15720822  0.15720822  0.14289276  0.22688615  0.24250711  0.23724236  
4_0_0      0.37084818  0.38372477  0.38372477  0.37142516  0.29981436  0.32187588  0.34097397  0.30812810  0.36613308  0.49781328  0.10818106  0.02783082  0.00000000  0.00000000  0.15720822  0.15720822  0.14289276  0.22688615  0.24250711  0.23724236  
8_0_0      0.36028216  0.40896258  0.40896258  0.39250004  0.33368095  0.33083843  0.34687934  0.36694920  0.37630360  0.65241631  0.16125740  0.13946834  0.15720822  0.15720822  0.00000000  0.00000000  0.02071997  0.25682912  0.27378460  0.26806470  
17_0_0     0.36028216  0.40896258  0.40896258  0.39250004  0.33368095  0.33083843  0.34687934  0.36694920  0.37630360  0.65241631  0.16125740  0.13946834  0.15720822  0.15720822  0.00000000  0.00000000  0.02071997  0.25682912  0.27378460  0.26806470  
11_0_0     0.39298621  0.42620082  0.42620082  0.40896258  0.31589529  0.31949299  0.34534070  0.37906630  0.36770560  0.67239856  0.15257106  0.11703077  0.14289276  0.14289276  0.02071997  0.02071997  0.00000000  0.26142552  0.27847715  0.27272442  
1_0_0      0.38989477  0.42212428  0.42212428  0.43546186  0.40906345  0.42031799  0.34082914  0.39106708  0.39388813  0.50000109  0.26882944  0.23799935  0.22688615  0.22688615  0.25682912  0.25682912  0.26142552  0.00000000  0.02079111  0.01726158  
2_0_0      0.39689988  0.42969938  0.42969938  0.44322036  0.41646363  0.44322036  0.34722464  0.39106708  0.40088699  0.52566563  0.26328785  0.24329547  0.24250711  0.24250711  0.27378460  0.27378460  0.27847715  0.02079111  0.00000000  0.00340209  
3_0_0      0.40401073  0.42212428  0.42212428  0.43546186  0.40906345  0.45110878  0.34082914  0.39795743  0.39388813  0.51695450  0.25781070  0.23799935  0.23724236  0.23724236  0.26806470  0.26806470  0.27272442  0.01726158  0.00340209  0.00000000  

