1 1 0 0 0 
10 2 0 0 0 
11 2 0 0 0 
12 6 0 0 0 
13 6 1 0 0 
14 4 0 0 0 
15 6 2 0 0 
16 5 0 0 0 
17 6 1 0 0 
18 4 0 0 0 
19 6 0 0 0 
2 2 0 0 0 
20 6 0 0 0 
3 4 1 0 0 
4 4 1 0 0 
5 2 0 0 0 
6 1 0 0 0 
7 2 0 0 0 
8 2 0 0 0 
9 1 0 0 0 
Node_12_13_0 5 1 0 0 
Node_12_18_0 4 0 0 0 
Node_12_19_0 6 0 0 0 
Node_12_20_0 6 1 0 0 
Node_15_12_0 4 2 0 1 
Node_15_16_0 2 0 0 0 
Node_16_17_0 5 3 0 0 
Node_18_14_0 4 0 0 0 
Node_1_9_0 1 0 0 1 
Node_2_8_0 2 0 0 0 
Node_4_3_0 3 0 0 0 
Node_5_4_0 3 1 1 0 
Node_6_1_0 1 0 0 0 
Node_6_2_0 1 0 0 0 
Node_6_5_0 2 0 1 0 
Node_7_10_0 2 0 0 1 
Node_7_11_0 2 0 0 0 
Node_7_15_0 1 0 0 0 
Node_7_6_0 2 0 0 0 
