15
7_0_0      0.00000000  0.10190740  0.14197179  0.14197179  0.56215982  0.60691548  0.56215982  0.41783677  0.44208040  0.49307385  0.46714046  0.44208040  0.49307385  0.41783677  0.51994365  
9_0_0      0.10190740  0.00000000  0.14197179  0.14197179  0.56215982  0.59169590  0.56215982  0.46714046  0.49307385  0.45450495  0.46714046  0.44208040  0.50638749  0.46714046  0.49307385  
13_0_0     0.14197179  0.14197179  0.00000000  0.04921077  0.49307385  0.53375133  0.51994365  0.40600482  0.40600482  0.34951229  0.45450495  0.41783677  0.45450495  0.38289073  0.39435804  
14_0_0     0.14197179  0.14197179  0.04921077  0.00000000  0.51994365  0.54782003  0.53375133  0.44208040  0.44208040  0.39435804  0.47999420  0.42985987  0.46714046  0.42985987  0.46714046  
10_0_0     0.56215982  0.56215982  0.49307385  0.51994365  0.00000000  0.03481540  0.01373134  0.23853079  0.23853079  0.22921633  0.54782003  0.47999420  0.53375133  0.62245281  0.45450495  
10_1_0     0.60691548  0.59169590  0.53375133  0.54782003  0.03481540  0.00000000  0.02069320  0.24796331  0.24796331  0.22001701  0.50638749  0.46714046  0.47999420  0.62245281  0.42985987  
4_0_0      0.56215982  0.56215982  0.51994365  0.53375133  0.01373134  0.02069320  0.00000000  0.23853079  0.23853079  0.21093001  0.51994365  0.47999420  0.50638749  0.63832145  0.46714046  
3_0_0      0.41783677  0.46714046  0.40600482  0.44208040  0.23853079  0.24796331  0.23853079  0.00000000  0.01373134  0.16708835  0.38289073  0.37159742  0.41783677  0.34951229  0.41783677  
8_0_0      0.44208040  0.49307385  0.40600482  0.44208040  0.23853079  0.24796331  0.23853079  0.01373134  0.00000000  0.15025015  0.36047294  0.34951229  0.39435804  0.34951229  0.41783677  
6_0_0      0.49307385  0.45450495  0.34951229  0.39435804  0.22921633  0.22001701  0.21093001  0.16708835  0.15025015  0.00000000  0.38289073  0.38289073  0.49307385  0.44208040  0.46714046  
11_0_0     0.46714046  0.46714046  0.45450495  0.47999420  0.54782003  0.50638749  0.51994365  0.38289073  0.36047294  0.38289073  0.00000000  0.13378451  0.32806369  0.31756683  0.38289073  
1_0_0      0.44208040  0.44208040  0.41783677  0.42985987  0.47999420  0.46714046  0.47999420  0.37159742  0.34951229  0.38289073  0.13378451  0.00000000  0.33871072  0.24796331  0.33871072  
12_0_0     0.49307385  0.50638749  0.45450495  0.46714046  0.53375133  0.47999420  0.50638749  0.41783677  0.39435804  0.49307385  0.32806369  0.33871072  0.00000000  0.28693638  0.37159742  
2_0_0      0.41783677  0.46714046  0.38289073  0.42985987  0.62245281  0.62245281  0.63832145  0.34951229  0.34951229  0.44208040  0.31756683  0.24796331  0.28693638  0.00000000  0.16708835  
5_0_0      0.51994365  0.49307385  0.39435804  0.46714046  0.45450495  0.42985987  0.46714046  0.41783677  0.41783677  0.46714046  0.38289073  0.33871072  0.37159742  0.16708835  0.00000000  

