20
20_0_0     0.00000000  0.14226216  0.14226216  0.16919289  0.15964824  0.15964824  0.15964824  0.22688512  0.17379511  0.21464904  0.13907673  0.26144612  0.27261617  0.26144612  0.26323640  0.25218963  0.26720057  0.25588789  0.25588789  0.25588789  
8_0_0      0.14226216  0.00000000  0.00000000  0.11455563  0.10601946  0.10601946  0.10601946  0.26008447  0.21310577  0.26937437  0.22688512  0.30775904  0.29575943  0.28404970  0.32259476  0.31012735  0.32809915  0.31529199  0.31529199  0.31529199  
18_0_0     0.14226216  0.00000000  0.00000000  0.11455563  0.10601946  0.10601946  0.10601946  0.26008447  0.21310577  0.26937437  0.22688512  0.30775904  0.29575943  0.28404970  0.32259476  0.31012735  0.32809915  0.31529199  0.31529199  0.31529199  
7_0_0      0.16919289  0.11455563  0.11455563  0.00000000  0.02099616  0.02099616  0.02099616  0.30544405  0.26515459  0.23402501  0.28110190  0.33013554  0.31767819  0.35605383  0.30775904  0.29575943  0.33824635  0.32527318  0.32527318  0.32527318  
19_0_0     0.15964824  0.10601946  0.10601946  0.02099616  0.00000000  0.00000000  0.00000000  0.31808941  0.25397644  0.24483320  0.26937437  0.31767819  0.30553297  0.34292148  0.32006324  0.30775904  0.32527318  0.31263818  0.31263818  0.31263818  
13_0_0     0.15964824  0.10601946  0.10601946  0.02099616  0.00000000  0.00000000  0.00000000  0.31808941  0.25397644  0.24483320  0.26937437  0.31767819  0.30553297  0.34292148  0.32006324  0.30775904  0.32527318  0.31263818  0.31263818  0.31263818  
9_0_0      0.15964824  0.10601946  0.10601946  0.02099616  0.00000000  0.00000000  0.00000000  0.31808941  0.25397644  0.24483320  0.26937437  0.31767819  0.30553297  0.34292148  0.32006324  0.30775904  0.32527318  0.31263818  0.31263818  0.31263818  
16_0_0     0.22688512  0.26008447  0.26008447  0.30544405  0.31808941  0.31808941  0.31808941  0.00000000  0.18455334  0.21630542  0.18732235  0.22809999  0.23843292  0.21798272  0.26144612  0.25052767  0.25397644  0.24305026  0.24305026  0.24305026  
15_0_0     0.17379511  0.21310577  0.21310577  0.26515459  0.25397644  0.25397644  0.25397644  0.18455334  0.00000000  0.12154972  0.07284781  0.25684588  0.26763142  0.25684588  0.28032310  0.26916113  0.29575943  0.28404970  0.28404970  0.28404970  
6_0_0      0.21464904  0.26937437  0.26937437  0.23402501  0.24483320  0.24483320  0.24483320  0.21630542  0.12154972  0.00000000  0.08938526  0.26916113  0.28032310  0.29174817  0.30553297  0.29368462  0.32259476  0.31012735  0.31012735  0.31012735  
14_0_0     0.13907673  0.22688512  0.22688512  0.28110190  0.26937437  0.26937437  0.26937437  0.18732235  0.07284781  0.08938526  0.00000000  0.22809999  0.23843292  0.22809999  0.27261617  0.26144612  0.26515459  0.25397644  0.25397644  0.25397644  
3_0_0      0.26144612  0.30775904  0.30775904  0.33013554  0.31767819  0.31767819  0.31767819  0.22809999  0.25684588  0.26916113  0.22809999  0.00000000  0.00689816  0.01389591  0.15369178  0.14485919  0.11184910  0.10361215  0.10361215  0.10361215  
2_0_0      0.27261617  0.29575943  0.29575943  0.31767819  0.30553297  0.30553297  0.30553297  0.23843292  0.26763142  0.28032310  0.23843292  0.00689816  0.00000000  0.02099616  0.16268830  0.15369178  0.12022844  0.11184910  0.11184910  0.11184910  
1_0_0      0.26144612  0.28404970  0.28404970  0.35605383  0.34292148  0.34292148  0.34292148  0.21798272  0.25684588  0.29174817  0.22809999  0.01389591  0.02099616  0.00000000  0.17185496  0.16268830  0.11184910  0.10361215  0.10361215  0.10361215  
17_0_0     0.26323640  0.32259476  0.32259476  0.30775904  0.32006324  0.32006324  0.32006324  0.26144612  0.28032310  0.30553297  0.27261617  0.15369178  0.16268830  0.17185496  0.00000000  0.00689816  0.10528198  0.09696773  0.09696773  0.09696773  
11_0_0     0.25218963  0.31012735  0.31012735  0.29575943  0.30775904  0.30775904  0.30775904  0.25052767  0.26916113  0.29368462  0.26144612  0.14485919  0.15369178  0.16268830  0.00689816  0.00000000  0.09696773  0.08879368  0.08879368  0.08879368  
10_0_0     0.26720057  0.32809915  0.32809915  0.33824635  0.32527318  0.32527318  0.32527318  0.25397644  0.29575943  0.32259476  0.26515459  0.11184910  0.12022844  0.11184910  0.10528198  0.09696773  0.00000000  0.00689816  0.00689816  0.00689816  
4_0_0      0.25588789  0.31529199  0.31529199  0.32527318  0.31263818  0.31263818  0.31263818  0.24305026  0.28404970  0.31012735  0.25397644  0.10361215  0.11184910  0.10361215  0.09696773  0.08879368  0.00689816  0.00000000  0.00000000  0.00000000  
12_0_0     0.25588789  0.31529199  0.31529199  0.32527318  0.31263818  0.31263818  0.31263818  0.24305026  0.28404970  0.31012735  0.25397644  0.10361215  0.11184910  0.10361215  0.09696773  0.08879368  0.00689816  0.00000000  0.00000000  0.00000000  
5_0_0      0.25588789  0.31529199  0.31529199  0.32527318  0.31263818  0.31263818  0.31263818  0.24305026  0.28404970  0.31012735  0.25397644  0.10361215  0.11184910  0.10361215  0.09696773  0.08879368  0.00689816  0.00000000  0.00000000  0.00000000  

