9
14_1_0     0.00000000  0.00548461  0.02218480  0.02218480  0.09299905  0.09299905  0.08683403  0.07465488  0.08071958  
8_1_0      0.00548461  0.00000000  0.01657639  0.01657639  0.08683403  0.08683403  0.08071958  0.06863913  0.07465488  
12_1_0     0.02218480  0.01657639  0.00000000  0.00000000  0.06863913  0.06863913  0.06267153  0.05087778  0.06863913  
9_1_0      0.02218480  0.01657639  0.00000000  0.00000000  0.06863913  0.06863913  0.06267153  0.05087778  0.06863913  
5_1_0      0.09299905  0.08683403  0.06863913  0.06863913  0.00000000  0.01100987  0.00548461  0.05087778  0.05675133  
2_1_0      0.09299905  0.08683403  0.06863913  0.06863913  0.01100987  0.00000000  0.00548461  0.05087778  0.05675133  
2_2_0      0.08683403  0.08071958  0.06267153  0.06267153  0.00548461  0.00548461  0.00000000  0.04505015  0.05087778  
13_1_0     0.07465488  0.06863913  0.05087778  0.05087778  0.05087778  0.05087778  0.04505015  0.00000000  0.02783572  
13_3_0     0.08071958  0.07465488  0.06863913  0.06863913  0.05675133  0.05675133  0.05087778  0.02783572  0.00000000  

