34
25_10_0    0.00000000  0.06748483  0.04658932  0.03297790  0.05348952  0.25986760  0.27839041  0.27839041  0.20691386  0.21548200  0.13393954  0.14170337  0.12625584  0.96925610  1.01828147  0.96925610  0.71122779  0.66253509  0.64698718  0.66253509  0.78154064  0.67841469  0.66253509  0.64698718  0.63175739  0.66253509  0.81935548  0.81935548  0.80020795  0.76333003  0.80020795  0.74555431  0.72819320  0.83900856  
73_10_0    0.06748483  0.00000000  0.03297790  0.04658932  0.05348952  0.23291995  0.26907139  0.23291995  0.19844322  0.20691386  0.11865065  0.12625584  0.12625584  0.90128718  0.94590338  0.90128718  0.66253509  0.64698718  0.63175739  0.67841469  0.76333003  0.72819320  0.71122779  0.67841469  0.63175739  0.69464045  0.80020795  0.78154064  0.74555431  0.67841469  0.71122779  0.66253509  0.64698718  0.71122779  
24_10_0    0.04658932  0.03297790  0.00000000  0.02626441  0.04658932  0.25986760  0.29738592  0.27839041  0.20691386  0.21548200  0.11112238  0.11865065  0.11865065  0.94590338  0.99336525  0.94590338  0.66253509  0.67841469  0.63175739  0.67841469  0.83900856  0.69464045  0.67841469  0.64698718  0.63175739  0.66253509  0.80020795  0.74555431  0.76333003  0.69464045  0.72819320  0.67841469  0.66253509  0.72819320  
73_13_0    0.03297790  0.04658932  0.02626441  0.00000000  0.03297790  0.22414991  0.25986760  0.24179454  0.19006790  0.19844322  0.09629046  0.10366948  0.10366948  0.92326105  0.96925610  0.92326105  0.64698718  0.69464045  0.64698718  0.69464045  0.81935548  0.71122779  0.69464045  0.66253509  0.64698718  0.67841469  0.81935548  0.80020795  0.78154064  0.74555431  0.78154064  0.72819320  0.71122779  0.78154064  
24_13_0    0.05348952  0.05348952  0.04658932  0.03297790  0.00000000  0.22414991  0.25986760  0.24179454  0.19844322  0.20691386  0.13393954  0.14170337  0.14170337  0.85919464  0.94590338  0.85919464  0.66253509  0.71122779  0.69464045  0.71122779  0.80020795  0.72819320  0.74555431  0.67841469  0.66253509  0.69464045  0.83900856  0.78154064  0.76333003  0.80020795  0.80020795  0.78154064  0.69464045  0.76333003  
24_12_0    0.25986760  0.23291995  0.25986760  0.22414991  0.22414991  0.00000000  0.02626441  0.01301637  0.07458241  0.06748483  0.21548200  0.22414991  0.21548200  0.99336525  1.04406067  0.99336525  0.66253509  0.67841469  0.72819320  0.74555431  0.76333003  0.74555431  0.78154064  0.71122779  0.66253509  0.69464045  0.85919464  0.76333003  0.78154064  0.78154064  0.74555431  0.78154064  0.71122779  0.74555431  
73_14_0    0.27839041  0.26907139  0.29738592  0.25986760  0.25986760  0.02626441  0.00000000  0.02626441  0.10366948  0.09629046  0.25077622  0.25986760  0.25077622  0.96925610  1.01828147  0.96925610  0.71122779  0.69464045  0.74555431  0.76333003  0.76333003  0.74555431  0.78154064  0.71122779  0.66253509  0.69464045  0.87994342  0.80020795  0.83900856  0.83900856  0.80020795  0.83900856  0.76333003  0.80020795  
73_12_0    0.27839041  0.23291995  0.27839041  0.24179454  0.24179454  0.01301637  0.02626441  0.00000000  0.08898388  0.08174831  0.21548200  0.22414991  0.21548200  0.99336525  1.04406067  0.99336525  0.67841469  0.69464045  0.74555431  0.76333003  0.74555431  0.76333003  0.80020795  0.72819320  0.67841469  0.71122779  0.87994342  0.74555431  0.76333003  0.76333003  0.72819320  0.76333003  0.69464045  0.72819320  
25_11_0    0.20691386  0.19844322  0.20691386  0.19006790  0.19844322  0.07458241  0.10366948  0.08898388  0.00000000  0.00647973  0.16549290  0.17359475  0.16549290  0.94590338  0.99336525  0.94590338  0.61683297  0.64698718  0.67841469  0.67841469  0.66253509  0.67841469  0.69464045  0.64698718  0.63175739  0.66253509  0.76333003  0.71122779  0.78154064  0.76333003  0.74555431  0.76333003  0.74555431  0.78154064  
73_11_0    0.21548200  0.20691386  0.21548200  0.19844322  0.20691386  0.06748483  0.09629046  0.08174831  0.00647973  0.00000000  0.17359475  0.18178576  0.17359475  0.96925610  1.01828147  0.96925610  0.63175739  0.66253509  0.69464045  0.69464045  0.67841469  0.69464045  0.71122779  0.66253509  0.64698718  0.67841469  0.78154064  0.72819320  0.80020795  0.78154064  0.76333003  0.78154064  0.76333003  0.80020795  
73_5_0     0.13393954  0.11865065  0.11112238  0.09629046  0.13393954  0.21548200  0.25077622  0.21548200  0.16549290  0.17359475  0.00000000  0.03297790  0.03297790  0.80020795  0.83900856  0.80020795  0.51998497  0.61683297  0.60220190  0.61683297  0.69464045  0.64698718  0.63175739  0.60220190  0.58785287  0.58785287  0.76333003  0.67841469  0.69464045  0.74555431  0.76333003  0.71122779  0.69464045  0.72819320  
24_5_0     0.14170337  0.12625584  0.11865065  0.10366948  0.14170337  0.22414991  0.25986760  0.22414991  0.17359475  0.18178576  0.03297790  0.00000000  0.02626441  0.78154064  0.81935548  0.78154064  0.51998497  0.55995889  0.54639433  0.55995889  0.66253509  0.61683297  0.60220190  0.57377523  0.55995889  0.55995889  0.78154064  0.67841469  0.72819320  0.74555431  0.76333003  0.71122779  0.72819320  0.76333003  
25_5_0     0.12625584  0.12625584  0.11865065  0.10366948  0.14170337  0.21548200  0.25077622  0.21548200  0.16549290  0.17359475  0.03297790  0.02626441  0.00000000  0.81935548  0.85919464  0.81935548  0.57377523  0.58785287  0.60220190  0.58785287  0.66253509  0.64698718  0.63175739  0.61683297  0.60220190  0.60220190  0.76333003  0.64698718  0.69464045  0.74555431  0.76333003  0.71122779  0.69464045  0.76333003  
25_3_0     0.96925610  0.90128718  0.94590338  0.92326105  0.85919464  0.99336525  0.96925610  0.99336525  0.94590338  0.96925610  0.80020795  0.78154064  0.81935548  0.00000000  0.02626441  0.00000000  0.87994342  0.90128718  0.85919464  0.87994342  1.01828147  0.99336525  1.01828147  0.96925610  0.94590338  1.01828147  0.96925610  0.92326105  1.32802304  1.18833510  1.15715631  1.12723114  1.15715631  1.15715631  
24_3_0     1.01828147  0.94590338  0.99336525  0.96925610  0.94590338  1.04406067  1.01828147  1.04406067  0.99336525  1.01828147  0.83900856  0.81935548  0.85919464  0.02626441  0.00000000  0.02626441  0.87994342  0.85919464  0.81935548  0.83900856  1.07076479  0.99336525  0.96925610  0.96925610  0.94590338  1.01828147  0.87994342  0.83900856  1.25490716  1.18833510  1.15715631  1.12723114  1.15715631  1.15715631  
73_3_0     0.96925610  0.90128718  0.94590338  0.92326105  0.85919464  0.99336525  0.96925610  0.99336525  0.94590338  0.96925610  0.80020795  0.78154064  0.81935548  0.00000000  0.02626441  0.00000000  0.87994342  0.90128718  0.85919464  0.87994342  1.01828147  0.99336525  1.01828147  0.96925610  0.94590338  1.01828147  0.96925610  0.92326105  1.32802304  1.18833510  1.15715631  1.12723114  1.15715631  1.15715631  
83_16_0    0.71122779  0.66253509  0.66253509  0.64698718  0.66253509  0.66253509  0.71122779  0.67841469  0.61683297  0.63175739  0.51998497  0.51998497  0.57377523  0.87994342  0.87994342  0.87994342  0.00000000  0.28782757  0.28782757  0.28782757  0.38942889  0.38942889  0.34711024  0.36796887  0.37862155  0.34711024  0.38942889  0.43429920  0.42282551  0.49448057  0.50712354  0.44595251  0.44595251  0.45779116  
83_20_0    0.66253509  0.64698718  0.67841469  0.69464045  0.71122779  0.67841469  0.69464045  0.69464045  0.64698718  0.66253509  0.61683297  0.55995889  0.58785287  0.90128718  0.85919464  0.90128718  0.28782757  0.00000000  0.08174831  0.03975250  0.28782757  0.26907139  0.24179454  0.25077622  0.25986760  0.26907139  0.37862155  0.36796887  0.40039545  0.43429920  0.40039545  0.38942889  0.42282551  0.42282551  
83_21_0    0.64698718  0.63175739  0.63175739  0.64698718  0.69464045  0.72819320  0.74555431  0.74555431  0.67841469  0.69464045  0.60220190  0.54639433  0.60220190  0.85919464  0.81935548  0.85919464  0.28782757  0.08174831  0.00000000  0.08174831  0.30706860  0.25077622  0.21548200  0.22414991  0.23291995  0.24179454  0.37862155  0.37862155  0.41152600  0.41152600  0.41152600  0.37862155  0.45779116  0.41152600  
83_18_0    0.66253509  0.67841469  0.67841469  0.69464045  0.71122779  0.74555431  0.76333003  0.76333003  0.67841469  0.69464045  0.61683297  0.55995889  0.58785287  0.87994342  0.83900856  0.87994342  0.28782757  0.03975250  0.08174831  0.00000000  0.30706860  0.23291995  0.22414991  0.23291995  0.24179454  0.26907139  0.37862155  0.34711024  0.40039545  0.41152600  0.37862155  0.36796887  0.40039545  0.40039545  
16_18_0    0.78154064  0.76333003  0.83900856  0.81935548  0.80020795  0.76333003  0.76333003  0.74555431  0.66253509  0.67841469  0.69464045  0.66253509  0.66253509  1.01828147  1.07076479  1.01828147  0.38942889  0.28782757  0.30706860  0.30706860  0.00000000  0.22414991  0.23291995  0.21548200  0.22414991  0.21548200  0.50712354  0.48204875  0.58785287  0.57377523  0.53307253  0.57377523  0.58785287  0.61683297  
28_18_0    0.67841469  0.72819320  0.69464045  0.71122779  0.72819320  0.74555431  0.74555431  0.76333003  0.67841469  0.69464045  0.64698718  0.61683297  0.64698718  0.99336525  0.99336525  0.99336525  0.38942889  0.26907139  0.25077622  0.23291995  0.22414991  0.00000000  0.07458241  0.04658932  0.06045428  0.06045428  0.42282551  0.45779116  0.54639433  0.50712354  0.46982114  0.48204875  0.49448057  0.51998497  
39_18_0    0.66253509  0.71122779  0.67841469  0.69464045  0.74555431  0.78154064  0.78154064  0.80020795  0.69464045  0.71122779  0.63175739  0.60220190  0.63175739  1.01828147  0.96925610  1.01828147  0.34711024  0.24179454  0.21548200  0.22414991  0.23291995  0.07458241  0.00000000  0.05348952  0.07458241  0.08174831  0.40039545  0.44595251  0.53307253  0.46982114  0.45779116  0.44595251  0.50712354  0.50712354  
59_18_0    0.64698718  0.67841469  0.64698718  0.66253509  0.67841469  0.71122779  0.71122779  0.72819320  0.64698718  0.66253509  0.60220190  0.57377523  0.61683297  0.96925610  0.96925610  0.96925610  0.36796887  0.25077622  0.22414991  0.23291995  0.21548200  0.04658932  0.05348952  0.00000000  0.01961092  0.02626441  0.40039545  0.41152600  0.51998497  0.45779116  0.42282551  0.43429920  0.44595251  0.45779116  
44_18_0    0.63175739  0.63175739  0.63175739  0.64698718  0.66253509  0.66253509  0.66253509  0.67841469  0.63175739  0.64698718  0.58785287  0.55995889  0.60220190  0.94590338  0.94590338  0.94590338  0.37862155  0.25986760  0.23291995  0.24179454  0.22414991  0.06045428  0.07458241  0.01961092  0.00000000  0.04658932  0.41152600  0.44595251  0.54639433  0.45779116  0.42282551  0.43429920  0.44595251  0.45779116  
86_18_0    0.66253509  0.69464045  0.66253509  0.67841469  0.69464045  0.69464045  0.69464045  0.71122779  0.66253509  0.67841469  0.58785287  0.55995889  0.60220190  1.01828147  1.01828147  1.01828147  0.34711024  0.26907139  0.24179454  0.26907139  0.21548200  0.06045428  0.08174831  0.02626441  0.04658932  0.00000000  0.38942889  0.42282551  0.46982114  0.45779116  0.42282551  0.43429920  0.44595251  0.45779116  
83_17_0    0.81935548  0.80020795  0.80020795  0.81935548  0.83900856  0.85919464  0.87994342  0.87994342  0.76333003  0.78154064  0.76333003  0.78154064  0.76333003  0.96925610  0.87994342  0.96925610  0.38942889  0.37862155  0.37862155  0.37862155  0.50712354  0.42282551  0.40039545  0.40039545  0.41152600  0.38942889  0.00000000  0.50712354  0.49448057  0.45779116  0.46982114  0.43429920  0.44595251  0.46982114  
83_15_0    0.81935548  0.78154064  0.74555431  0.80020795  0.78154064  0.76333003  0.80020795  0.74555431  0.71122779  0.72819320  0.67841469  0.67841469  0.64698718  0.92326105  0.83900856  0.92326105  0.43429920  0.36796887  0.37862155  0.34711024  0.48204875  0.45779116  0.44595251  0.41152600  0.44595251  0.42282551  0.50712354  0.00000000  0.29738592  0.35746650  0.31687890  0.32682021  0.28782757  0.34711024  
66_15_0    0.80020795  0.74555431  0.76333003  0.78154064  0.76333003  0.78154064  0.83900856  0.76333003  0.78154064  0.80020795  0.69464045  0.72819320  0.69464045  1.32802304  1.25490716  1.32802304  0.42282551  0.40039545  0.41152600  0.40039545  0.58785287  0.54639433  0.53307253  0.51998497  0.54639433  0.46982114  0.49448057  0.29738592  0.00000000  0.17359475  0.17359475  0.15747828  0.08898388  0.10366948  
44_15_0    0.76333003  0.67841469  0.69464045  0.74555431  0.80020795  0.78154064  0.83900856  0.76333003  0.76333003  0.78154064  0.74555431  0.74555431  0.74555431  1.18833510  1.18833510  1.18833510  0.49448057  0.43429920  0.41152600  0.41152600  0.57377523  0.50712354  0.46982114  0.45779116  0.45779116  0.45779116  0.45779116  0.35746650  0.17359475  0.00000000  0.02626441  0.02626441  0.08898388  0.10366948  
59_15_0    0.80020795  0.71122779  0.72819320  0.78154064  0.80020795  0.74555431  0.80020795  0.72819320  0.74555431  0.76333003  0.76333003  0.76333003  0.76333003  1.15715631  1.15715631  1.15715631  0.50712354  0.40039545  0.41152600  0.37862155  0.53307253  0.46982114  0.45779116  0.42282551  0.42282551  0.42282551  0.46982114  0.31687890  0.17359475  0.02626441  0.00000000  0.03975250  0.08898388  0.10366948  
86_15_0    0.74555431  0.66253509  0.67841469  0.72819320  0.78154064  0.78154064  0.83900856  0.76333003  0.76333003  0.78154064  0.71122779  0.71122779  0.71122779  1.12723114  1.12723114  1.12723114  0.44595251  0.38942889  0.37862155  0.36796887  0.57377523  0.48204875  0.44595251  0.43429920  0.43429920  0.43429920  0.43429920  0.32682021  0.15747828  0.02626441  0.03975250  0.00000000  0.07458241  0.08898388  
39_15_0    0.72819320  0.64698718  0.66253509  0.71122779  0.69464045  0.71122779  0.76333003  0.69464045  0.74555431  0.76333003  0.69464045  0.72819320  0.69464045  1.15715631  1.15715631  1.15715631  0.44595251  0.42282551  0.45779116  0.40039545  0.58785287  0.49448057  0.50712354  0.44595251  0.44595251  0.44595251  0.44595251  0.28782757  0.08898388  0.08898388  0.08898388  0.07458241  0.00000000  0.05348952  
28_15_0    0.83900856  0.71122779  0.72819320  0.78154064  0.76333003  0.74555431  0.80020795  0.72819320  0.78154064  0.80020795  0.72819320  0.76333003  0.76333003  1.15715631  1.15715631  1.15715631  0.45779116  0.42282551  0.41152600  0.40039545  0.61683297  0.51998497  0.50712354  0.45779116  0.45779116  0.45779116  0.46982114  0.34711024  0.10366948  0.10366948  0.10366948  0.08898388  0.05348952  0.00000000  

