33
2_13_0     0.00000000  0.00000000  0.04806571  0.03168826  0.20454367  0.18428853  0.20454367  0.22537919  0.20454367  0.20454367  0.21488681  0.22537919  0.17436868  0.18428853  0.24682935  0.25779645  0.28023970  0.28023970  0.28023970  0.25779645  0.28023970  0.28023970  0.26893150  0.28023970  0.28023970  0.23602518  0.23602518  0.20454367  0.20454367  0.19434558  0.30339772  0.29172653  0.36474056  
7_13_0     0.00000000  0.00000000  0.04806571  0.03168826  0.20454367  0.18428853  0.20454367  0.22537919  0.20454367  0.20454367  0.21488681  0.22537919  0.17436868  0.18428853  0.24682935  0.25779645  0.28023970  0.28023970  0.28023970  0.25779645  0.28023970  0.28023970  0.26893150  0.28023970  0.28023970  0.23602518  0.23602518  0.20454367  0.20454367  0.19434558  0.30339772  0.29172653  0.36474056  
2_15_0     0.04806571  0.04806571  0.00000000  0.01567154  0.18428853  0.16458232  0.25779645  0.28023970  0.25779645  0.20454367  0.21488681  0.26893150  0.21488681  0.22537919  0.24682935  0.25779645  0.28023970  0.28023970  0.28023970  0.28023970  0.30339772  0.30339772  0.29172653  0.30339772  0.30339772  0.25779645  0.25779645  0.20454367  0.20454367  0.21488681  0.28023970  0.26893150  0.33957914  
7_15_0     0.03168826  0.03168826  0.01567154  0.00000000  0.18428853  0.16458232  0.23602518  0.25779645  0.23602518  0.18428853  0.19434558  0.24682935  0.19434558  0.20454367  0.24682935  0.25779645  0.25779645  0.25779645  0.25779645  0.25779645  0.28023970  0.28023970  0.26893150  0.28023970  0.28023970  0.23602518  0.23602518  0.20454367  0.20454367  0.19434558  0.25779645  0.24682935  0.31525929  
2_3_0      0.20454367  0.20454367  0.18428853  0.18428853  0.00000000  0.03168826  0.31525929  0.32731756  0.29172653  0.22537919  0.23602518  0.33957914  0.29172653  0.32731756  0.36474056  0.40419441  0.43173871  0.41783616  0.43173871  0.37765546  0.31525929  0.31525929  0.30339772  0.31525929  0.31525929  0.39080387  0.39080387  0.28023970  0.28023970  0.31525929  0.36474056  0.35205103  0.36474056  
7_3_0      0.18428853  0.18428853  0.16458232  0.16458232  0.03168826  0.00000000  0.30339772  0.31525929  0.30339772  0.23602518  0.24682935  0.32731756  0.28023970  0.31525929  0.35205103  0.36474056  0.41783616  0.40419441  0.41783616  0.33957914  0.29172653  0.29172653  0.28023970  0.29172653  0.29172653  0.35205103  0.35205103  0.26893150  0.26893150  0.30339772  0.33957914  0.32731756  0.36474056  
39_12_0    0.20454367  0.20454367  0.25779645  0.23602518  0.31525929  0.30339772  0.00000000  0.01567154  0.02363580  0.17436868  0.13598950  0.16458232  0.16458232  0.16458232  0.25779645  0.29172653  0.24682935  0.24682935  0.24682935  0.22537919  0.23602518  0.21488681  0.24682935  0.23602518  0.23602518  0.25779645  0.25779645  0.18428853  0.18428853  0.20454367  0.29172653  0.30339772  0.36474056  
37_12_0    0.22537919  0.22537919  0.28023970  0.25779645  0.32731756  0.31525929  0.01567154  0.00000000  0.02363580  0.16458232  0.14539607  0.14539607  0.14539607  0.14539607  0.23602518  0.26893150  0.22537919  0.24682935  0.22537919  0.20454367  0.21488681  0.21488681  0.22537919  0.21488681  0.21488681  0.25779645  0.25779645  0.16458232  0.16458232  0.18428853  0.29172653  0.30339772  0.33957914  
42_12_0    0.20454367  0.20454367  0.25779645  0.23602518  0.29172653  0.30339772  0.02363580  0.02363580  0.00000000  0.15492592  0.11753369  0.13598950  0.13598950  0.13598950  0.24682935  0.28023970  0.25779645  0.25779645  0.23602518  0.21488681  0.24682935  0.22537919  0.25779645  0.24682935  0.24682935  0.26893150  0.26893150  0.15492592  0.15492592  0.17436868  0.29172653  0.30339772  0.33957914  
27_4_0     0.20454367  0.20454367  0.20454367  0.18428853  0.22537919  0.23602518  0.17436868  0.16458232  0.15492592  0.00000000  0.03168826  0.15492592  0.12670304  0.12670304  0.24682935  0.28023970  0.21488681  0.22537919  0.21488681  0.21488681  0.20454367  0.22537919  0.19434558  0.20454367  0.20454367  0.20454367  0.20454367  0.14539607  0.14539607  0.14539607  0.23602518  0.24682935  0.28023970  
28_4_0     0.21488681  0.21488681  0.21488681  0.19434558  0.23602518  0.24682935  0.13598950  0.14539607  0.11753369  0.03168826  0.00000000  0.13598950  0.12670304  0.12670304  0.22537919  0.25779645  0.23602518  0.22537919  0.21488681  0.21488681  0.20454367  0.20454367  0.21488681  0.20454367  0.20454367  0.21488681  0.21488681  0.12670304  0.12670304  0.14539607  0.22537919  0.23602518  0.29172653  
32_4_0     0.22537919  0.22537919  0.26893150  0.24682935  0.33957914  0.32731756  0.16458232  0.14539607  0.13598950  0.15492592  0.13598950  0.00000000  0.07334495  0.09953471  0.22537919  0.22537919  0.29172653  0.29172653  0.26893150  0.22537919  0.20454367  0.22537919  0.21488681  0.20454367  0.20454367  0.20454367  0.20454367  0.12670304  0.12670304  0.14539607  0.23602518  0.24682935  0.28023970  
5_4_0      0.17436868  0.17436868  0.21488681  0.19434558  0.29172653  0.28023970  0.16458232  0.14539607  0.13598950  0.12670304  0.12670304  0.07334495  0.00000000  0.07334495  0.24682935  0.25779645  0.25779645  0.28023970  0.25779645  0.21488681  0.20454367  0.22537919  0.19434558  0.20454367  0.20454367  0.19434558  0.19434558  0.11753369  0.11753369  0.11753369  0.25779645  0.26893150  0.32731756  
46_4_0     0.18428853  0.18428853  0.22537919  0.20454367  0.32731756  0.31525929  0.16458232  0.14539607  0.13598950  0.12670304  0.12670304  0.09953471  0.07334495  0.00000000  0.22537919  0.23602518  0.22537919  0.24682935  0.22537919  0.18428853  0.20454367  0.22537919  0.19434558  0.20454367  0.20454367  0.21488681  0.21488681  0.11753369  0.11753369  0.13598950  0.29172653  0.28023970  0.32731756  
12_4_0     0.24682935  0.24682935  0.24682935  0.24682935  0.36474056  0.35205103  0.25779645  0.23602518  0.24682935  0.24682935  0.22537919  0.22537919  0.24682935  0.22537919  0.00000000  0.02363580  0.23602518  0.23602518  0.21488681  0.25779645  0.25779645  0.28023970  0.26893150  0.25779645  0.25779645  0.23602518  0.23602518  0.23602518  0.23602518  0.25779645  0.31525929  0.30339772  0.31525929  
17_4_0     0.25779645  0.25779645  0.25779645  0.25779645  0.40419441  0.36474056  0.29172653  0.26893150  0.28023970  0.28023970  0.25779645  0.22537919  0.25779645  0.23602518  0.02363580  0.00000000  0.26893150  0.26893150  0.24682935  0.26893150  0.28023970  0.30339772  0.29172653  0.28023970  0.28023970  0.23602518  0.23602518  0.24682935  0.24682935  0.26893150  0.31525929  0.30339772  0.33957914  
17_6_0     0.28023970  0.28023970  0.28023970  0.25779645  0.43173871  0.41783616  0.24682935  0.22537919  0.25779645  0.21488681  0.23602518  0.29172653  0.25779645  0.22537919  0.23602518  0.26893150  0.00000000  0.03168826  0.01567154  0.06482052  0.14539607  0.16458232  0.13598950  0.14539607  0.14539607  0.22537919  0.22537919  0.19434558  0.19434558  0.17436868  0.36474056  0.37765546  0.39080387  
20_6_0     0.28023970  0.28023970  0.28023970  0.25779645  0.41783616  0.40419441  0.24682935  0.24682935  0.25779645  0.22537919  0.22537919  0.29172653  0.28023970  0.24682935  0.23602518  0.26893150  0.03168826  0.00000000  0.01567154  0.06482052  0.14539607  0.16458232  0.15492592  0.14539607  0.14539607  0.19434558  0.19434558  0.17436868  0.17436868  0.15492592  0.33957914  0.35205103  0.41783616  
12_6_0     0.28023970  0.28023970  0.28023970  0.25779645  0.43173871  0.41783616  0.24682935  0.22537919  0.23602518  0.21488681  0.21488681  0.26893150  0.25779645  0.22537919  0.21488681  0.24682935  0.01567154  0.01567154  0.00000000  0.04806571  0.14539607  0.16458232  0.15492592  0.14539607  0.14539607  0.21488681  0.21488681  0.17436868  0.17436868  0.15492592  0.33957914  0.35205103  0.39080387  
36_6_0     0.25779645  0.25779645  0.28023970  0.25779645  0.37765546  0.33957914  0.22537919  0.20454367  0.21488681  0.21488681  0.21488681  0.22537919  0.21488681  0.18428853  0.25779645  0.26893150  0.06482052  0.06482052  0.04806571  0.00000000  0.11753369  0.13598950  0.12670304  0.11753369  0.11753369  0.19434558  0.19434558  0.13598950  0.13598950  0.11753369  0.32731756  0.33957914  0.40419441  
12_3_0     0.28023970  0.28023970  0.30339772  0.28023970  0.31525929  0.29172653  0.23602518  0.21488681  0.24682935  0.20454367  0.20454367  0.20454367  0.20454367  0.20454367  0.25779645  0.28023970  0.14539607  0.14539607  0.14539607  0.11753369  0.00000000  0.01567154  0.00779355  0.00000000  0.00000000  0.19434558  0.19434558  0.12670304  0.12670304  0.12670304  0.28023970  0.29172653  0.31525929  
20_3_0     0.28023970  0.28023970  0.30339772  0.28023970  0.31525929  0.29172653  0.21488681  0.21488681  0.22537919  0.22537919  0.20454367  0.22537919  0.22537919  0.22537919  0.28023970  0.30339772  0.16458232  0.16458232  0.16458232  0.13598950  0.01567154  0.00000000  0.02363580  0.01567154  0.01567154  0.21488681  0.21488681  0.14539607  0.14539607  0.14539607  0.30339772  0.31525929  0.33957914  
17_3_0     0.26893150  0.26893150  0.29172653  0.26893150  0.30339772  0.28023970  0.24682935  0.22537919  0.25779645  0.19434558  0.21488681  0.21488681  0.19434558  0.19434558  0.26893150  0.29172653  0.13598950  0.15492592  0.15492592  0.12670304  0.00779355  0.02363580  0.00000000  0.00779355  0.00779355  0.19434558  0.19434558  0.13598950  0.13598950  0.13598950  0.29172653  0.30339772  0.30339772  
36_3_0     0.28023970  0.28023970  0.30339772  0.28023970  0.31525929  0.29172653  0.23602518  0.21488681  0.24682935  0.20454367  0.20454367  0.20454367  0.20454367  0.20454367  0.25779645  0.28023970  0.14539607  0.14539607  0.14539607  0.11753369  0.00000000  0.01567154  0.00779355  0.00000000  0.00000000  0.19434558  0.19434558  0.12670304  0.12670304  0.12670304  0.28023970  0.29172653  0.31525929  
36_9_0     0.28023970  0.28023970  0.30339772  0.28023970  0.31525929  0.29172653  0.23602518  0.21488681  0.24682935  0.20454367  0.20454367  0.20454367  0.20454367  0.20454367  0.25779645  0.28023970  0.14539607  0.14539607  0.14539607  0.11753369  0.00000000  0.01567154  0.00779355  0.00000000  0.00000000  0.19434558  0.19434558  0.12670304  0.12670304  0.12670304  0.28023970  0.29172653  0.31525929  
35_3_0     0.23602518  0.23602518  0.25779645  0.23602518  0.39080387  0.35205103  0.25779645  0.25779645  0.26893150  0.20454367  0.21488681  0.20454367  0.19434558  0.21488681  0.23602518  0.23602518  0.22537919  0.19434558  0.21488681  0.19434558  0.19434558  0.21488681  0.19434558  0.19434558  0.19434558  0.00000000  0.00000000  0.18428853  0.18428853  0.16458232  0.31525929  0.32731756  0.40419441  
25_3_0     0.23602518  0.23602518  0.25779645  0.23602518  0.39080387  0.35205103  0.25779645  0.25779645  0.26893150  0.20454367  0.21488681  0.20454367  0.19434558  0.21488681  0.23602518  0.23602518  0.22537919  0.19434558  0.21488681  0.19434558  0.19434558  0.21488681  0.19434558  0.19434558  0.19434558  0.00000000  0.00000000  0.18428853  0.18428853  0.16458232  0.31525929  0.32731756  0.40419441  
12_8_0     0.20454367  0.20454367  0.20454367  0.20454367  0.28023970  0.26893150  0.18428853  0.16458232  0.15492592  0.14539607  0.12670304  0.12670304  0.11753369  0.11753369  0.23602518  0.24682935  0.19434558  0.17436868  0.17436868  0.13598950  0.12670304  0.14539607  0.13598950  0.12670304  0.12670304  0.18428853  0.18428853  0.00000000  0.00000000  0.03168826  0.24682935  0.25779645  0.32731756  
20_8_0     0.20454367  0.20454367  0.20454367  0.20454367  0.28023970  0.26893150  0.18428853  0.16458232  0.15492592  0.14539607  0.12670304  0.12670304  0.11753369  0.11753369  0.23602518  0.24682935  0.19434558  0.17436868  0.17436868  0.13598950  0.12670304  0.14539607  0.13598950  0.12670304  0.12670304  0.18428853  0.18428853  0.00000000  0.00000000  0.03168826  0.24682935  0.25779645  0.32731756  
17_8_0     0.19434558  0.19434558  0.21488681  0.19434558  0.31525929  0.30339772  0.20454367  0.18428853  0.17436868  0.14539607  0.14539607  0.14539607  0.11753369  0.13598950  0.25779645  0.26893150  0.17436868  0.15492592  0.15492592  0.11753369  0.12670304  0.14539607  0.13598950  0.12670304  0.12670304  0.16458232  0.16458232  0.03168826  0.03168826  0.00000000  0.26893150  0.28023970  0.35205103  
34_0_0     0.30339772  0.30339772  0.28023970  0.25779645  0.36474056  0.33957914  0.29172653  0.29172653  0.29172653  0.23602518  0.22537919  0.23602518  0.25779645  0.29172653  0.31525929  0.31525929  0.36474056  0.33957914  0.33957914  0.32731756  0.28023970  0.30339772  0.29172653  0.28023970  0.28023970  0.31525929  0.31525929  0.24682935  0.24682935  0.26893150  0.00000000  0.00779355  0.10847852  
24_0_0     0.29172653  0.29172653  0.26893150  0.24682935  0.35205103  0.32731756  0.30339772  0.30339772  0.30339772  0.24682935  0.23602518  0.24682935  0.26893150  0.28023970  0.30339772  0.30339772  0.37765546  0.35205103  0.35205103  0.33957914  0.29172653  0.31525929  0.30339772  0.29172653  0.29172653  0.32731756  0.32731756  0.25779645  0.25779645  0.28023970  0.00779355  0.00000000  0.09953471  
1_0_0      0.36474056  0.36474056  0.33957914  0.31525929  0.36474056  0.36474056  0.36474056  0.33957914  0.33957914  0.28023970  0.29172653  0.28023970  0.32731756  0.32731756  0.31525929  0.33957914  0.39080387  0.41783616  0.39080387  0.40419441  0.31525929  0.33957914  0.30339772  0.31525929  0.31525929  0.40419441  0.40419441  0.32731756  0.32731756  0.35205103  0.10847852  0.09953471  0.00000000  

