27
80_0_0     0.00000000  0.01310123  0.44933718  0.43758030  0.41460750  0.42600559  0.51106847  0.52405137  0.57836440  0.49830735  0.53726392  0.46128207  0.49830735  0.46128207  0.41460750  0.43758030  0.53726392  0.51106847  0.49830735  0.42600559  0.41460750  0.41460750  0.44933718  0.44933718  0.43758030  0.40338071  0.41460750  
81_0_0     0.01310123  0.00000000  0.42600559  0.41460750  0.39232015  0.40338071  0.51106847  0.52405137  0.55071438  0.47342106  0.51106847  0.48576057  0.52405137  0.46128207  0.41460750  0.43758030  0.51106847  0.48576057  0.47342106  0.40338071  0.39232015  0.39232015  0.42600559  0.42600559  0.41460750  0.38142098  0.39232015  
91_0_0     0.44933718  0.42600559  0.00000000  0.00652189  0.01973903  0.06793238  0.48576057  0.47342106  0.44933718  0.43758030  0.41460750  0.53726392  0.56441147  0.49830735  0.44933718  0.44933718  0.43758030  0.43758030  0.41460750  0.43758030  0.44933718  0.42600559  0.40338071  0.39232015  0.39232015  0.31916822  0.40338071  
95_0_0     0.43758030  0.41460750  0.00652189  0.00000000  0.01310123  0.06085432  0.47342106  0.46128207  0.46128207  0.44933718  0.42600559  0.55071438  0.57836440  0.51106847  0.46128207  0.46128207  0.44933718  0.44933718  0.42600559  0.44933718  0.46128207  0.42600559  0.41460750  0.40338071  0.40338071  0.32919005  0.41460750  
88_0_0     0.41460750  0.39232015  0.01973903  0.01310123  0.00000000  0.06085432  0.47342106  0.48576057  0.46128207  0.44933718  0.44933718  0.55071438  0.57836440  0.51106847  0.46128207  0.46128207  0.42600559  0.44933718  0.42600559  0.44933718  0.43758030  0.40338071  0.42600559  0.41460750  0.41460750  0.33934815  0.42600559  
100_0_0    0.42600559  0.40338071  0.06793238  0.06085432  0.06085432  0.00000000  0.39232015  0.42600559  0.44933718  0.43758030  0.43758030  0.49830735  0.52405137  0.48576057  0.46128207  0.48576057  0.49830735  0.43758030  0.48576057  0.41460750  0.44933718  0.39232015  0.43758030  0.42600559  0.42600559  0.39232015  0.41460750  
99_0_0     0.51106847  0.51106847  0.48576057  0.47342106  0.47342106  0.39232015  0.00000000  0.04001384  0.19981767  0.19138056  0.19981767  0.26170665  0.27098185  0.22571631  0.24349475  0.23455264  0.55071438  0.43758030  0.43758030  0.37067854  0.44933718  0.42600559  0.47342106  0.44933718  0.46128207  0.42600559  0.39232015  
94_0_0     0.52405137  0.52405137  0.47342106  0.46128207  0.48576057  0.42600559  0.04001384  0.00000000  0.20835117  0.19981767  0.18303767  0.26170665  0.27098185  0.22571631  0.25254520  0.23455264  0.52405137  0.46128207  0.46128207  0.39232015  0.47342106  0.44933718  0.46128207  0.42600559  0.44933718  0.41460750  0.39232015  
82_0_0     0.57836440  0.55071438  0.44933718  0.46128207  0.46128207  0.44933718  0.19981767  0.20835117  0.00000000  0.06085432  0.08957810  0.40338071  0.39232015  0.36008840  0.32919005  0.30927907  0.57836440  0.59258293  0.56441147  0.48576057  0.52405137  0.48576057  0.47342106  0.46128207  0.44933718  0.43758030  0.46128207  
84_0_0     0.49830735  0.47342106  0.43758030  0.44933718  0.44933718  0.43758030  0.19138056  0.19981767  0.06085432  0.00000000  0.05384269  0.33934815  0.37067854  0.33934815  0.29951913  0.28037366  0.55071438  0.53726392  0.51106847  0.41460750  0.49830735  0.46128207  0.47342106  0.46128207  0.44933718  0.42600559  0.44933718  
86_0_0     0.53726392  0.51106847  0.41460750  0.42600559  0.44933718  0.43758030  0.19981767  0.18303767  0.08957810  0.05384269  0.00000000  0.37067854  0.38142098  0.37067854  0.31916822  0.31916822  0.59258293  0.51106847  0.51106847  0.40338071  0.51106847  0.47342106  0.46128207  0.42600559  0.43758030  0.39232015  0.42600559  
84_2_0     0.46128207  0.48576057  0.53726392  0.55071438  0.55071438  0.49830735  0.26170665  0.26170665  0.40338071  0.33934815  0.37067854  0.00000000  0.03319424  0.07507816  0.19138056  0.16662633  0.46128207  0.39232015  0.44933718  0.44933718  0.52405137  0.49830735  0.43758030  0.46128207  0.47342106  0.43758030  0.44933718  
86_2_0     0.49830735  0.52405137  0.56441147  0.57836440  0.57836440  0.52405137  0.27098185  0.27098185  0.39232015  0.37067854  0.38142098  0.03319424  0.00000000  0.09693500  0.21698328  0.19138056  0.43758030  0.39232015  0.44933718  0.46128207  0.53726392  0.51106847  0.47342106  0.47342106  0.46128207  0.46128207  0.47342106  
82_2_0     0.46128207  0.46128207  0.49830735  0.51106847  0.51106847  0.48576057  0.22571631  0.22571631  0.36008840  0.33934815  0.37067854  0.07507816  0.09693500  0.00000000  0.16662633  0.15855391  0.46128207  0.39232015  0.42600559  0.44933718  0.47342106  0.44933718  0.44933718  0.47342106  0.48576057  0.41460750  0.39232015  
94_2_0     0.41460750  0.41460750  0.44933718  0.46128207  0.46128207  0.46128207  0.24349475  0.25254520  0.32919005  0.29951913  0.31916822  0.19138056  0.21698328  0.16662633  0.00000000  0.11186980  0.42600559  0.41460750  0.42600559  0.43758030  0.40338071  0.40338071  0.36008840  0.34964630  0.37067854  0.38142098  0.34964630  
99_2_0     0.43758030  0.43758030  0.44933718  0.46128207  0.46128207  0.48576057  0.23455264  0.23455264  0.30927907  0.28037366  0.31916822  0.16662633  0.19138056  0.15855391  0.11186980  0.00000000  0.46128207  0.40338071  0.43758030  0.43758030  0.42600559  0.44933718  0.40338071  0.41460750  0.41460750  0.39232015  0.36008840  
83_3_0     0.53726392  0.51106847  0.43758030  0.44933718  0.42600559  0.49830735  0.55071438  0.52405137  0.57836440  0.55071438  0.59258293  0.46128207  0.43758030  0.46128207  0.42600559  0.46128207  0.00000000  0.12710929  0.11945068  0.42600559  0.42600559  0.41460750  0.30927907  0.30927907  0.30927907  0.34964630  0.33934815  
98_3_0     0.51106847  0.48576057  0.43758030  0.44933718  0.44933718  0.43758030  0.43758030  0.46128207  0.59258293  0.53726392  0.51106847  0.39232015  0.39232015  0.39232015  0.41460750  0.40338071  0.12710929  0.00000000  0.03319424  0.34964630  0.34964630  0.31916822  0.29951913  0.30927907  0.29951913  0.30927907  0.31916822  
87_3_0     0.49830735  0.47342106  0.41460750  0.42600559  0.42600559  0.48576057  0.43758030  0.46128207  0.56441147  0.51106847  0.51106847  0.44933718  0.44933718  0.42600559  0.42600559  0.43758030  0.11945068  0.03319424  0.00000000  0.34964630  0.37067854  0.36008840  0.28037366  0.28988506  0.28037366  0.30927907  0.31916822  
83_4_0     0.42600559  0.40338071  0.43758030  0.44933718  0.44933718  0.41460750  0.37067854  0.39232015  0.48576057  0.41460750  0.40338071  0.44933718  0.46128207  0.44933718  0.43758030  0.43758030  0.42600559  0.34964630  0.34964630  0.00000000  0.13484722  0.15056780  0.42600559  0.41460750  0.40338071  0.42600559  0.29951913  
98_4_0     0.41460750  0.39232015  0.44933718  0.46128207  0.43758030  0.44933718  0.44933718  0.47342106  0.52405137  0.49830735  0.51106847  0.52405137  0.53726392  0.47342106  0.40338071  0.42600559  0.42600559  0.34964630  0.37067854  0.13484722  0.00000000  0.05384269  0.43758030  0.41460750  0.40338071  0.40338071  0.33934815  
87_4_0     0.41460750  0.39232015  0.42600559  0.42600559  0.40338071  0.39232015  0.42600559  0.44933718  0.48576057  0.46128207  0.47342106  0.49830735  0.51106847  0.44933718  0.40338071  0.44933718  0.41460750  0.31916822  0.36008840  0.15056780  0.05384269  0.00000000  0.46128207  0.44933718  0.43758030  0.39232015  0.34964630  
76_0_0     0.44933718  0.42600559  0.40338071  0.41460750  0.42600559  0.43758030  0.47342106  0.46128207  0.47342106  0.47342106  0.46128207  0.43758030  0.47342106  0.44933718  0.36008840  0.40338071  0.30927907  0.29951913  0.28037366  0.42600559  0.43758030  0.46128207  0.00000000  0.04689626  0.04689626  0.18303767  0.13484722  
79_0_0     0.44933718  0.42600559  0.39232015  0.40338071  0.41460750  0.42600559  0.44933718  0.42600559  0.46128207  0.46128207  0.42600559  0.46128207  0.47342106  0.47342106  0.34964630  0.41460750  0.30927907  0.30927907  0.28988506  0.41460750  0.41460750  0.44933718  0.04689626  0.00000000  0.01310123  0.19138056  0.14266616  
78_0_0     0.43758030  0.41460750  0.39232015  0.40338071  0.41460750  0.42600559  0.46128207  0.44933718  0.44933718  0.44933718  0.43758030  0.47342106  0.46128207  0.48576057  0.37067854  0.41460750  0.30927907  0.29951913  0.28037366  0.40338071  0.40338071  0.43758030  0.04689626  0.01310123  0.00000000  0.18303767  0.15056780  
85_0_0     0.40338071  0.38142098  0.31916822  0.32919005  0.33934815  0.39232015  0.42600559  0.41460750  0.43758030  0.42600559  0.39232015  0.43758030  0.46128207  0.41460750  0.38142098  0.39232015  0.34964630  0.30927907  0.30927907  0.42600559  0.40338071  0.39232015  0.18303767  0.19138056  0.18303767  0.00000000  0.14266616  
90_0_0     0.41460750  0.39232015  0.40338071  0.41460750  0.42600559  0.41460750  0.39232015  0.39232015  0.46128207  0.44933718  0.42600559  0.44933718  0.47342106  0.39232015  0.34964630  0.36008840  0.33934815  0.31916822  0.31916822  0.29951913  0.33934815  0.34964630  0.13484722  0.14266616  0.15056780  0.14266616  0.00000000  

