20
9_0_0      0.00000000  0.00000000  0.00000000  0.10787917  0.08493648  0.01007190  0.24952145  0.24952145  0.23539712  0.23539712  0.23539712  0.24952145  0.29368373  0.32474809  0.27865220  0.46489697  0.35725075  0.35725075  0.35725075  0.35725075  
13_0_0     0.00000000  0.00000000  0.00000000  0.10787917  0.08493648  0.01007190  0.24952145  0.24952145  0.23539712  0.23539712  0.23539712  0.24952145  0.29368373  0.32474809  0.27865220  0.46489697  0.35725075  0.35725075  0.35725075  0.35725075  
7_0_0      0.00000000  0.00000000  0.00000000  0.10787917  0.08493648  0.01007190  0.24952145  0.24952145  0.23539712  0.23539712  0.23539712  0.24952145  0.29368373  0.32474809  0.27865220  0.46489697  0.35725075  0.35725075  0.35725075  0.35725075  
18_0_0     0.10787917  0.10787917  0.10787917  0.00000000  0.02029038  0.09631412  0.30904412  0.30904412  0.29368373  0.29368373  0.29368373  0.30904412  0.35725075  0.35725075  0.29368373  0.50478794  0.44577042  0.39133140  0.39133140  0.39133140  
8_0_0      0.08493648  0.08493648  0.08493648  0.02029038  0.00000000  0.07374027  0.27865220  0.27865220  0.29368373  0.29368373  0.29368373  0.30904412  0.34081136  0.37408431  0.32474809  0.50478794  0.40901286  0.42715112  0.42715112  0.42715112  
19_0_0     0.01007190  0.01007190  0.01007190  0.09631412  0.07374027  0.00000000  0.26393576  0.26393576  0.24952145  0.24952145  0.24952145  0.26393576  0.27865220  0.30904412  0.26393576  0.44577042  0.37408431  0.34081136  0.34081136  0.34081136  
11_0_0     0.24952145  0.24952145  0.24952145  0.30904412  0.27865220  0.26393576  0.00000000  0.00000000  0.13159696  0.13159696  0.13159696  0.14376324  0.50478794  0.54708260  0.48455919  0.61572293  0.42715112  0.52561684  0.48455919  0.48455919  
17_0_0     0.24952145  0.24952145  0.24952145  0.30904412  0.27865220  0.26393576  0.00000000  0.00000000  0.13159696  0.13159696  0.13159696  0.14376324  0.50478794  0.54708260  0.48455919  0.61572293  0.42715112  0.52561684  0.48455919  0.48455919  
5_0_0      0.23539712  0.23539712  0.23539712  0.29368373  0.29368373  0.24952145  0.13159696  0.13159696  0.00000000  0.00000000  0.00000000  0.01007190  0.35725075  0.46489697  0.42715112  0.50478794  0.48455919  0.44577042  0.44577042  0.44577042  
10_0_0     0.23539712  0.23539712  0.23539712  0.29368373  0.29368373  0.24952145  0.13159696  0.13159696  0.00000000  0.00000000  0.00000000  0.01007190  0.35725075  0.46489697  0.42715112  0.50478794  0.48455919  0.44577042  0.44577042  0.44577042  
12_0_0     0.23539712  0.23539712  0.23539712  0.29368373  0.29368373  0.24952145  0.13159696  0.13159696  0.00000000  0.00000000  0.00000000  0.01007190  0.35725075  0.46489697  0.42715112  0.50478794  0.48455919  0.44577042  0.44577042  0.44577042  
4_0_0      0.24952145  0.24952145  0.24952145  0.30904412  0.30904412  0.26393576  0.14376324  0.14376324  0.01007190  0.01007190  0.01007190  0.00000000  0.37408431  0.48455919  0.44577042  0.52561684  0.50478794  0.46489697  0.46489697  0.46489697  
6_0_0      0.29368373  0.29368373  0.29368373  0.35725075  0.34081136  0.27865220  0.50478794  0.50478794  0.35725075  0.35725075  0.35725075  0.37408431  0.00000000  0.09631412  0.11963792  0.40901286  0.56922539  0.39133140  0.39133140  0.39133140  
14_0_0     0.32474809  0.32474809  0.32474809  0.35725075  0.37408431  0.30904412  0.54708260  0.54708260  0.46489697  0.46489697  0.46489697  0.48455919  0.09631412  0.00000000  0.08493648  0.39133140  0.48455919  0.35725075  0.35725075  0.35725075  
15_0_0     0.27865220  0.27865220  0.27865220  0.29368373  0.32474809  0.26393576  0.48455919  0.48455919  0.42715112  0.42715112  0.42715112  0.44577042  0.11963792  0.08493648  0.00000000  0.30904412  0.48455919  0.37408431  0.37408431  0.37408431  
16_0_0     0.46489697  0.46489697  0.46489697  0.50478794  0.50478794  0.44577042  0.61572293  0.61572293  0.50478794  0.50478794  0.50478794  0.52561684  0.40901286  0.39133140  0.30904412  0.00000000  0.66551957  0.50478794  0.50478794  0.50478794  
20_0_0     0.35725075  0.35725075  0.35725075  0.44577042  0.40901286  0.37408431  0.42715112  0.42715112  0.48455919  0.48455919  0.48455919  0.50478794  0.56922539  0.48455919  0.48455919  0.66551957  0.00000000  0.54708260  0.54708260  0.54708260  
1_0_0      0.35725075  0.35725075  0.35725075  0.39133140  0.42715112  0.34081136  0.52561684  0.52561684  0.44577042  0.44577042  0.44577042  0.46489697  0.39133140  0.35725075  0.37408431  0.50478794  0.54708260  0.00000000  0.02029038  0.02029038  
2_0_0      0.35725075  0.35725075  0.35725075  0.39133140  0.42715112  0.34081136  0.48455919  0.48455919  0.44577042  0.44577042  0.44577042  0.46489697  0.39133140  0.35725075  0.37408431  0.50478794  0.54708260  0.02029038  0.00000000  0.00000000  
3_0_0      0.35725075  0.35725075  0.35725075  0.39133140  0.42715112  0.34081136  0.48455919  0.48455919  0.44577042  0.44577042  0.44577042  0.46489697  0.39133140  0.35725075  0.37408431  0.50478794  0.54708260  0.02029038  0.00000000  0.00000000  

