20
16_2_0     0.00000000  0.09691517  0.09691517  0.11656987  0.09047652  0.09047652  0.09691517  0.17883077  0.13675408  0.14360481  0.17165185  0.14360481  0.15051876  0.16454105  0.15749710  0.17883077  0.18607915  0.23110672  0.17883077  0.17883077  
13_2_0     0.09691517  0.00000000  0.00000000  0.09047652  0.06526138  0.06526138  0.08409274  0.13675408  0.08409274  0.09047652  0.11656987  0.09047652  0.15051876  0.15051876  0.13675408  0.18607915  0.17165185  0.18607915  0.15051876  0.15051876  
19_2_0     0.09691517  0.00000000  0.00000000  0.09047652  0.06526138  0.06526138  0.08409274  0.13675408  0.08409274  0.09047652  0.11656987  0.09047652  0.15051876  0.15051876  0.13675408  0.18607915  0.17165185  0.18607915  0.15051876  0.15051876  
20_2_0     0.11656987  0.09047652  0.09047652  0.00000000  0.09691517  0.09691517  0.14360481  0.14360481  0.14360481  0.15051876  0.15051876  0.15051876  0.15749710  0.15749710  0.17165185  0.19339833  0.22341169  0.20825474  0.15051876  0.16454105  
13_0_0     0.09047652  0.06526138  0.06526138  0.09691517  0.00000000  0.00000000  0.04086724  0.12996541  0.09047652  0.09691517  0.10996085  0.10996085  0.14360481  0.14360481  0.14360481  0.17883077  0.17883077  0.16454105  0.12323771  0.13675408  
19_0_0     0.09047652  0.06526138  0.06526138  0.09691517  0.00000000  0.00000000  0.04086724  0.12996541  0.09047652  0.09691517  0.10996085  0.10996085  0.14360481  0.14360481  0.14360481  0.17883077  0.17883077  0.16454105  0.12323771  0.13675408  
20_0_0     0.09691517  0.08409274  0.08409274  0.14360481  0.04086724  0.04086724  0.00000000  0.16454105  0.10340962  0.10996085  0.10996085  0.09691517  0.12323771  0.13675408  0.14360481  0.17883077  0.17165185  0.17165185  0.13675408  0.13675408  
16_0_0     0.17883077  0.13675408  0.13675408  0.14360481  0.12996541  0.12996541  0.16454105  0.00000000  0.19339833  0.18607915  0.20078972  0.20078972  0.16454105  0.16454105  0.16454105  0.15749710  0.23110672  0.20825474  0.18607915  0.18607915  
15_0_0     0.13675408  0.08409274  0.08409274  0.14360481  0.09047652  0.09047652  0.10340962  0.19339833  0.00000000  0.00570347  0.06526138  0.05296504  0.19339833  0.19339833  0.17883077  0.20078972  0.20078972  0.20078972  0.16454105  0.17883077  
17_0_0     0.14360481  0.09047652  0.09047652  0.15051876  0.09691517  0.09691517  0.10996085  0.18607915  0.00570347  0.00000000  0.05908799  0.04689173  0.18607915  0.18607915  0.17165185  0.19339833  0.19339833  0.19339833  0.15749710  0.17165185  
14_0_0     0.17165185  0.11656987  0.11656987  0.15051876  0.10996085  0.10996085  0.10996085  0.20078972  0.06526138  0.05908799  0.00000000  0.03489081  0.17883077  0.17883077  0.19339833  0.21579489  0.17883077  0.19339833  0.16454105  0.16454105  
18_0_0     0.14360481  0.09047652  0.09047652  0.15051876  0.10996085  0.10996085  0.09691517  0.20078972  0.05296504  0.04689173  0.03489081  0.00000000  0.15749710  0.17165185  0.18607915  0.20825474  0.16454105  0.19339833  0.15749710  0.15749710  
15_1_0     0.15051876  0.15051876  0.15051876  0.15749710  0.14360481  0.14360481  0.12323771  0.16454105  0.19339833  0.18607915  0.17883077  0.15749710  0.00000000  0.02307909  0.05296504  0.08409274  0.15749710  0.12996541  0.09691517  0.09691517  
17_1_0     0.16454105  0.15051876  0.15051876  0.15749710  0.14360481  0.14360481  0.13675408  0.16454105  0.19339833  0.18607915  0.17883077  0.17165185  0.02307909  0.00000000  0.04689173  0.07776289  0.15749710  0.11656987  0.09691517  0.09691517  
18_1_0     0.15749710  0.13675408  0.13675408  0.17165185  0.14360481  0.14360481  0.14360481  0.16454105  0.17883077  0.17165185  0.19339833  0.18607915  0.05296504  0.04689173  0.00000000  0.05296504  0.17165185  0.15749710  0.12323771  0.12323771  
14_1_0     0.17883077  0.18607915  0.18607915  0.19339833  0.17883077  0.17883077  0.17883077  0.15749710  0.20078972  0.19339833  0.21579489  0.20825474  0.08409274  0.07776289  0.05296504  0.00000000  0.20825474  0.19339833  0.15749710  0.15749710  
16_1_0     0.18607915  0.17165185  0.17165185  0.22341169  0.17883077  0.17883077  0.17165185  0.23110672  0.20078972  0.19339833  0.17883077  0.16454105  0.15749710  0.15749710  0.17165185  0.20825474  0.00000000  0.10996085  0.11656987  0.10340962  
20_1_0     0.23110672  0.18607915  0.18607915  0.20825474  0.16454105  0.16454105  0.17165185  0.20825474  0.20078972  0.19339833  0.19339833  0.19339833  0.12996541  0.11656987  0.15749710  0.19339833  0.10996085  0.00000000  0.07148606  0.07148606  
13_1_0     0.17883077  0.15051876  0.15051876  0.15051876  0.12323771  0.12323771  0.13675408  0.18607915  0.16454105  0.15749710  0.16454105  0.15749710  0.09691517  0.09691517  0.12323771  0.15749710  0.11656987  0.07148606  0.00000000  0.01145069  
19_1_0     0.17883077  0.15051876  0.15051876  0.16454105  0.13675408  0.13675408  0.13675408  0.18607915  0.17883077  0.17165185  0.16454105  0.15749710  0.09691517  0.09691517  0.12323771  0.15749710  0.10340962  0.07148606  0.01145069  0.00000000  

