24
14_0_0     0.00000000  0.42332930  0.42332930  0.33238433  0.46759840  0.37144453  0.37144453  0.60489441  0.42332930  0.51465677  0.42332930  0.44513601  0.42332930  0.41266008  0.42332930  0.56487964  0.53934627  0.53934627  0.39176813  0.42332930  0.41266008  0.52689953  0.60489441  0.57798121  
17_0_0     0.42332930  0.00000000  0.00000000  0.11159272  0.25131832  0.29526520  0.29526520  0.44513601  0.44513601  0.44513601  0.52689953  0.52689953  0.52689953  0.47908804  0.44513601  0.50261139  0.47908804  0.47908804  0.38153722  0.47908804  0.49075714  0.63281346  0.75626230  0.73966875  
11_0_0     0.42332930  0.00000000  0.00000000  0.11159272  0.25131832  0.29526520  0.29526520  0.44513601  0.44513601  0.44513601  0.52689953  0.52689953  0.52689953  0.47908804  0.44513601  0.50261139  0.47908804  0.47908804  0.38153722  0.47908804  0.49075714  0.63281346  0.75626230  0.73966875  
24_0_0     0.33238433  0.11159272  0.11159272  0.00000000  0.18597416  0.27737506  0.27737506  0.43415310  0.44513601  0.42332930  0.45628279  0.45628279  0.45628279  0.45628279  0.41266008  0.47908804  0.45628279  0.45628279  0.40214108  0.46759840  0.43415310  0.59131663  0.70754796  0.72343574  
2_0_0      0.46759840  0.25131832  0.25131832  0.18597416  0.00000000  0.33238433  0.33238433  0.53934627  0.51465677  0.52689953  0.51465677  0.51465677  0.51465677  0.50261139  0.51465677  0.64717424  0.63281346  0.63281346  0.55200388  0.60489441  0.52689953  0.70754796  0.79059776  0.80837595  
23_3_0     0.37144453  0.29526520  0.29526520  0.27737506  0.33238433  0.00000000  0.00000000  0.41266008  0.44513601  0.43415310  0.46759840  0.46759840  0.46759840  0.36148637  0.34195960  0.47908804  0.46759840  0.49075714  0.39176813  0.36148637  0.37144453  0.53934627  0.75626230  0.70754796  
23_0_0     0.37144453  0.29526520  0.29526520  0.27737506  0.33238433  0.00000000  0.00000000  0.41266008  0.44513601  0.43415310  0.46759840  0.46759840  0.46759840  0.36148637  0.34195960  0.47908804  0.46759840  0.49075714  0.39176813  0.36148637  0.37144453  0.53934627  0.75626230  0.70754796  
4_0_0      0.60489441  0.44513601  0.44513601  0.43415310  0.53934627  0.41266008  0.41266008  0.00000000  0.30437352  0.28626658  0.56487964  0.56487964  0.56487964  0.53934627  0.49075714  0.66181647  0.64717424  0.66181647  0.50261139  0.55200388  0.47908804  0.59131663  0.70754796  0.79059776  
29_0_0     0.42332930  0.44513601  0.44513601  0.44513601  0.51465677  0.44513601  0.44513601  0.30437352  0.00000000  0.15532737  0.60489441  0.60489441  0.60489441  0.47908804  0.44513601  0.52689953  0.51465677  0.50261139  0.44513601  0.41266008  0.45628279  0.51465677  0.57798121  0.59131663  
22_0_0     0.51465677  0.44513601  0.44513601  0.42332930  0.52689953  0.43415310  0.43415310  0.28626658  0.15532737  0.00000000  0.52689953  0.52689953  0.52689953  0.47908804  0.50261139  0.50261139  0.49075714  0.47908804  0.40214108  0.42332930  0.42332930  0.56487964  0.63281346  0.67675141  
7_0_0      0.42332930  0.52689953  0.52689953  0.45628279  0.51465677  0.46759840  0.46759840  0.56487964  0.60489441  0.52689953  0.00000000  0.01229575  0.00000000  0.18597416  0.39176813  0.40214108  0.39176813  0.41266008  0.33238433  0.45628279  0.46759840  0.66181647  0.64717424  0.73966875  
16_0_0     0.44513601  0.52689953  0.52689953  0.45628279  0.51465677  0.46759840  0.46759840  0.56487964  0.60489441  0.52689953  0.01229575  0.00000000  0.01229575  0.20178225  0.37144453  0.42332930  0.41266008  0.43415310  0.33238433  0.45628279  0.46759840  0.64717424  0.66181647  0.75626230  
12_0_0     0.42332930  0.52689953  0.52689953  0.45628279  0.51465677  0.46759840  0.46759840  0.56487964  0.60489441  0.52689953  0.00000000  0.01229575  0.00000000  0.18597416  0.39176813  0.40214108  0.39176813  0.41266008  0.33238433  0.45628279  0.46759840  0.66181647  0.64717424  0.73966875  
18_0_0     0.41266008  0.47908804  0.47908804  0.45628279  0.50261139  0.36148637  0.36148637  0.53934627  0.47908804  0.47908804  0.18597416  0.20178225  0.18597416  0.00000000  0.43415310  0.46759840  0.47908804  0.45628279  0.34195960  0.42332930  0.47908804  0.59131663  0.69199101  0.69199101  
20_0_0     0.42332930  0.44513601  0.44513601  0.41266008  0.51465677  0.34195960  0.34195960  0.49075714  0.44513601  0.50261139  0.39176813  0.37144453  0.39176813  0.43415310  0.00000000  0.56487964  0.56487964  0.56487964  0.47908804  0.49075714  0.43415310  0.64717424  0.66181647  0.66181647  
12_1_0     0.56487964  0.50261139  0.50261139  0.47908804  0.64717424  0.47908804  0.47908804  0.66181647  0.52689953  0.50261139  0.40214108  0.42332930  0.40214108  0.46759840  0.56487964  0.00000000  0.01229575  0.01229575  0.40214108  0.44513601  0.47908804  0.79059776  0.88404763  0.79059776  
7_1_0      0.53934627  0.47908804  0.47908804  0.45628279  0.63281346  0.46759840  0.46759840  0.64717424  0.51465677  0.49075714  0.39176813  0.41266008  0.39176813  0.47908804  0.56487964  0.01229575  0.00000000  0.01229575  0.39176813  0.45628279  0.47908804  0.75626230  0.88404763  0.79059776  
16_1_0     0.53934627  0.47908804  0.47908804  0.45628279  0.63281346  0.49075714  0.49075714  0.66181647  0.50261139  0.47908804  0.41266008  0.43415310  0.41266008  0.45628279  0.56487964  0.01229575  0.01229575  0.00000000  0.41266008  0.45628279  0.45628279  0.79059776  0.84525414  0.79059776  
18_1_0     0.39176813  0.38153722  0.38153722  0.40214108  0.55200388  0.39176813  0.39176813  0.50261139  0.44513601  0.40214108  0.33238433  0.33238433  0.33238433  0.34195960  0.47908804  0.40214108  0.39176813  0.41266008  0.00000000  0.22613981  0.36148637  0.59131663  0.67675141  0.70754796  
20_1_0     0.42332930  0.47908804  0.47908804  0.46759840  0.60489441  0.36148637  0.36148637  0.55200388  0.41266008  0.42332930  0.45628279  0.45628279  0.45628279  0.42332930  0.49075714  0.44513601  0.45628279  0.45628279  0.22613981  0.00000000  0.28626658  0.56487964  0.70754796  0.66181647  
20_2_0     0.41266008  0.49075714  0.49075714  0.43415310  0.52689953  0.37144453  0.37144453  0.47908804  0.45628279  0.42332930  0.46759840  0.46759840  0.46759840  0.47908804  0.43415310  0.47908804  0.47908804  0.45628279  0.36148637  0.28626658  0.00000000  0.64717424  0.82658752  0.82658752  
26_4_0     0.52689953  0.63281346  0.63281346  0.59131663  0.70754796  0.53934627  0.53934627  0.59131663  0.51465677  0.56487964  0.66181647  0.64717424  0.66181647  0.59131663  0.64717424  0.79059776  0.75626230  0.79059776  0.59131663  0.56487964  0.64717424  0.00000000  0.40214108  0.26858812  
26_5_0     0.60489441  0.75626230  0.75626230  0.70754796  0.79059776  0.75626230  0.75626230  0.70754796  0.57798121  0.63281346  0.64717424  0.66181647  0.64717424  0.69199101  0.66181647  0.88404763  0.88404763  0.84525414  0.67675141  0.70754796  0.82658752  0.40214108  0.00000000  0.27737506  
26_0_0     0.57798121  0.73966875  0.73966875  0.72343574  0.80837595  0.70754796  0.70754796  0.79059776  0.59131663  0.67675141  0.73966875  0.75626230  0.73966875  0.69199101  0.66181647  0.79059776  0.79059776  0.79059776  0.70754796  0.66181647  0.82658752  0.26858812  0.27737506  0.00000000  

