22
3_0_0      0.00000000  0.07206723  0.07681322  0.07206723  0.07206723  0.18423085  0.18975640  0.18423085  0.17874625  0.17330200  0.20093281  0.20093281  0.18975640  0.24143551  0.23551192  0.22963537  0.22380511  0.22963537  0.20658496  0.18975640  0.20658496  0.18423085  
1_0_0      0.07206723  0.00000000  0.00430434  0.05338190  0.05338190  0.18423085  0.18975640  0.18423085  0.17330200  0.17330200  0.20093281  0.18975640  0.18975640  0.24143551  0.23551192  0.23551192  0.22380511  0.21802043  0.17874625  0.14666576  0.16789751  0.14145165  
2_0_0      0.07681322  0.00430434  0.00000000  0.04878336  0.04878336  0.18423085  0.18975640  0.18423085  0.17330200  0.17330200  0.20093281  0.18975640  0.18975640  0.24143551  0.23551192  0.23551192  0.22380511  0.21802043  0.17330200  0.14145165  0.16253220  0.13627402  
1_1_0      0.07206723  0.05338190  0.04878336  0.00000000  0.00000000  0.20093281  0.19532351  0.18975640  0.19532351  0.18975640  0.19532351  0.19532351  0.20658496  0.23551192  0.22963537  0.22380511  0.21802043  0.21228061  0.16789751  0.17330200  0.16789751  0.15720550  
2_1_0      0.07206723  0.05338190  0.04878336  0.00000000  0.00000000  0.20093281  0.19532351  0.18975640  0.19532351  0.18975640  0.19532351  0.19532351  0.20658496  0.23551192  0.22963537  0.22380511  0.21802043  0.21228061  0.16789751  0.17330200  0.16789751  0.15720550  
7_0_0      0.18423085  0.18423085  0.18423085  0.20093281  0.20093281  0.00000000  0.03967113  0.03515674  0.05800919  0.04878336  0.05800919  0.07681322  0.07206723  0.20658496  0.19532351  0.17874625  0.18423085  0.18423085  0.15720550  0.13627402  0.14145165  0.15191687  
18_0_0     0.18975640  0.18975640  0.18975640  0.19532351  0.19532351  0.03967113  0.00000000  0.04878336  0.06266560  0.03515674  0.05338190  0.07206723  0.06735149  0.16253220  0.16253220  0.16789751  0.17330200  0.15191687  0.14666576  0.13113236  0.12602618  0.14145165  
16_0_0     0.18423085  0.18423085  0.18423085  0.18975640  0.18975640  0.03515674  0.04878336  0.00000000  0.05800919  0.03967113  0.06266560  0.07206723  0.07681322  0.20093281  0.18975640  0.17330200  0.17874625  0.17874625  0.15191687  0.14145165  0.13627402  0.14666576  
9_0_0      0.17874625  0.17330200  0.17330200  0.19532351  0.19532351  0.05800919  0.06266560  0.05800919  0.00000000  0.04421322  0.08158984  0.08158984  0.08639749  0.16789751  0.15720550  0.14145165  0.15720550  0.14666576  0.15191687  0.12095498  0.13627402  0.15191687  
19_0_0     0.17330200  0.17330200  0.17330200  0.18975640  0.18975640  0.04878336  0.03515674  0.03967113  0.04421322  0.00000000  0.06266560  0.06266560  0.05800919  0.16789751  0.16789751  0.16253220  0.16789751  0.15720550  0.15720550  0.13113236  0.13627402  0.13627402  
15_0_0     0.20093281  0.20093281  0.20093281  0.19532351  0.19532351  0.05800919  0.05338190  0.06266560  0.08158984  0.06266560  0.00000000  0.03515674  0.03066973  0.17874625  0.16789751  0.16253220  0.16789751  0.17874625  0.15191687  0.13627402  0.12095498  0.14145165  
20_0_0     0.20093281  0.18975640  0.18975640  0.19532351  0.19532351  0.07681322  0.07206723  0.07206723  0.08158984  0.06266560  0.03515674  0.00000000  0.01298885  0.18975640  0.18975640  0.17330200  0.17874625  0.20093281  0.16789751  0.15720550  0.15191687  0.15720550  
8_0_0      0.18975640  0.18975640  0.18975640  0.20658496  0.20658496  0.07206723  0.06735149  0.07681322  0.08639749  0.05800919  0.03066973  0.01298885  0.00000000  0.18975640  0.18975640  0.18423085  0.18975640  0.20093281  0.17330200  0.14666576  0.15191687  0.15191687  
11_0_0     0.24143551  0.24143551  0.24143551  0.23551192  0.23551192  0.20658496  0.16253220  0.20093281  0.16789751  0.16789751  0.17874625  0.18975640  0.18975640  0.00000000  0.01298885  0.03066973  0.03066973  0.03515674  0.22963537  0.20093281  0.19532351  0.20658496  
6_0_0      0.23551192  0.23551192  0.23551192  0.22963537  0.22963537  0.19532351  0.16253220  0.18975640  0.15720550  0.16789751  0.16789751  0.18975640  0.18975640  0.01298885  0.00000000  0.02620975  0.01736963  0.02177649  0.21802043  0.18975640  0.18423085  0.19532351  
17_0_0     0.22963537  0.23551192  0.23551192  0.22380511  0.22380511  0.17874625  0.16789751  0.17330200  0.14145165  0.16253220  0.16253220  0.17330200  0.18423085  0.03066973  0.02620975  0.00000000  0.01736963  0.04878336  0.21802043  0.19532351  0.18975640  0.19532351  
14_0_0     0.22380511  0.22380511  0.22380511  0.21802043  0.21802043  0.18423085  0.17330200  0.17874625  0.15720550  0.16789751  0.16789751  0.17874625  0.18975640  0.03066973  0.01736963  0.01736963  0.00000000  0.03967113  0.21228061  0.20093281  0.19532351  0.18975640  
5_0_0      0.22963537  0.21802043  0.21802043  0.21228061  0.21228061  0.18423085  0.15191687  0.17874625  0.14666576  0.15720550  0.17874625  0.20093281  0.20093281  0.03515674  0.02177649  0.04878336  0.03967113  0.00000000  0.21802043  0.18975640  0.19532351  0.19532351  
13_0_0     0.20658496  0.17874625  0.17330200  0.16789751  0.16789751  0.15720550  0.14666576  0.15191687  0.15191687  0.15720550  0.15191687  0.16789751  0.17330200  0.22963537  0.21802043  0.21802043  0.21228061  0.21802043  0.00000000  0.04421322  0.04878336  0.06735149  
12_0_0     0.18975640  0.14666576  0.14145165  0.17330200  0.17330200  0.13627402  0.13113236  0.14145165  0.12095498  0.13113236  0.13627402  0.15720550  0.14666576  0.20093281  0.18975640  0.19532351  0.20093281  0.18975640  0.04421322  0.00000000  0.02177649  0.05338190  
10_0_0     0.20658496  0.16789751  0.16253220  0.16789751  0.16789751  0.14145165  0.12602618  0.13627402  0.13627402  0.13627402  0.12095498  0.15191687  0.15191687  0.19532351  0.18423085  0.18975640  0.19532351  0.19532351  0.04878336  0.02177649  0.00000000  0.06735149  
4_0_0      0.18423085  0.14145165  0.13627402  0.15720550  0.15720550  0.15191687  0.14145165  0.14666576  0.15191687  0.13627402  0.14145165  0.15720550  0.15191687  0.20658496  0.19532351  0.19532351  0.18975640  0.19532351  0.06735149  0.05338190  0.06735149  0.00000000  

