17
39_12_0    0.00000000  0.00000000  0.02947910  0.38524108  0.37559399  0.34738252  0.35666778  0.35666778  0.35666778  0.37559399  0.39501513  0.43545071  0.48930235  0.48930235  0.52359310  0.41495777  0.42513356  
39_15_0    0.00000000  0.00000000  0.02947910  0.38524108  0.37559399  0.34738252  0.35666778  0.35666778  0.35666778  0.37559399  0.39501513  0.43545071  0.48930235  0.48930235  0.52359310  0.41495777  0.42513356  
39_14_0    0.02947910  0.02947910  0.00000000  0.34738252  0.33821190  0.31136049  0.32020354  0.32020354  0.32020354  0.35666778  0.41495777  0.45652517  0.51198605  0.48930235  0.52359310  0.38524108  0.39501513  
55_11_0    0.38524108  0.38524108  0.34738252  0.00000000  0.02947910  0.06017679  0.06647157  0.07922349  0.09219818  0.13254028  0.25224272  0.26865887  0.35666778  0.32915314  0.39501513  0.26865887  0.26865887  
65_11_0    0.37559399  0.37559399  0.33821190  0.02947910  0.00000000  0.02947910  0.03551797  0.04774505  0.07282016  0.11209536  0.24416874  0.27700504  0.34738252  0.30262150  0.34738252  0.26040544  0.26040544  
47_20_0    0.34738252  0.34738252  0.31136049  0.06017679  0.02947910  0.00000000  0.00580296  0.01754669  0.09219818  0.13254028  0.25224272  0.28544607  0.36607060  0.33821190  0.35666778  0.27700504  0.27700504  
47_11_0    0.35666778  0.35666778  0.32020354  0.06647157  0.03551797  0.00580296  0.00000000  0.02348893  0.09877152  0.13948227  0.25224272  0.28544607  0.37559399  0.34738252  0.36607060  0.28544607  0.28544607  
87_11_0    0.35666778  0.35666778  0.32020354  0.07922349  0.04774505  0.01754669  0.02348893  0.00000000  0.11209536  0.15356398  0.26040544  0.29398414  0.37559399  0.36607060  0.34738252  0.28544607  0.28544607  
26_11_0    0.35666778  0.35666778  0.32020354  0.09219818  0.07282016  0.09219818  0.09877152  0.11209536  0.00000000  0.06647157  0.19748559  0.23618159  0.36607060  0.33821190  0.33821190  0.24416874  0.24416874  
59_11_0    0.37559399  0.37559399  0.35666778  0.13254028  0.11209536  0.13254028  0.13948227  0.15356398  0.06647157  0.00000000  0.22046044  0.26040544  0.38524108  0.37559399  0.37559399  0.26040544  0.26040544  
77_19_0    0.39501513  0.39501513  0.41495777  0.25224272  0.24416874  0.25224272  0.25224272  0.26040544  0.19748559  0.22046044  0.00000000  0.05393491  0.46729097  0.47821512  0.46729097  0.43545071  0.45652517  
61_19_0    0.43545071  0.43545071  0.45652517  0.26865887  0.27700504  0.28544607  0.28544607  0.29398414  0.23618159  0.26040544  0.05393491  0.00000000  0.52359310  0.48930235  0.47821512  0.44591319  0.46729097  
87_6_0     0.48930235  0.48930235  0.51198605  0.35666778  0.34738252  0.36607060  0.37559399  0.37559399  0.36607060  0.38524108  0.46729097  0.52359310  0.00000000  0.06017679  0.12566258  0.22827942  0.23618159  
84_6_0     0.48930235  0.48930235  0.48930235  0.32915314  0.30262150  0.33821190  0.34738252  0.36607060  0.33821190  0.37559399  0.47821512  0.48930235  0.06017679  0.00000000  0.08568250  0.20506518  0.21272292  
78_6_0     0.52359310  0.52359310  0.52359310  0.39501513  0.34738252  0.35666778  0.36607060  0.34738252  0.33821190  0.37559399  0.46729097  0.47821512  0.12566258  0.08568250  0.00000000  0.20506518  0.21272292  
40_17_0    0.41495777  0.41495777  0.38524108  0.26865887  0.26040544  0.27700504  0.28544607  0.28544607  0.24416874  0.26040544  0.43545071  0.44591319  0.22827942  0.20506518  0.20506518  0.00000000  0.02348893  
30_17_0    0.42513356  0.42513356  0.39501513  0.26865887  0.26040544  0.27700504  0.28544607  0.28544607  0.24416874  0.26040544  0.45652517  0.46729097  0.23618159  0.21272292  0.21272292  0.02348893  0.00000000  

