34
73_5_0     0.00000000  0.05902400  0.16624167  0.13157189  0.39275801  0.44255442  0.44255442  0.38081407  0.40489735  0.49593441  0.42978855  0.42978855  0.41723858  0.41723858  0.40489735  0.36905933  0.40489735  0.48222512  0.40489735  0.44255442  0.50990175  0.52413705  0.53865078  0.53865078  0.53865078  0.44255442  0.41723858  0.40489735  0.38081407  0.40489735  0.41723858  0.44255442  0.41723858  0.42978855  
54_5_0     0.05902400  0.00000000  0.14008866  0.12315177  0.40489735  0.41723858  0.41723858  0.40489735  0.40489735  0.48222512  0.44255442  0.46876453  0.44255442  0.44255442  0.40489735  0.40489735  0.42978855  0.48222512  0.42978855  0.48222512  0.48222512  0.49593441  0.50990175  0.50990175  0.50990175  0.39275801  0.42978855  0.39275801  0.39275801  0.38081407  0.39275801  0.40489735  0.39275801  0.42978855  
54_3_0     0.16624167  0.14008866  0.00000000  0.08242731  0.46876453  0.38081407  0.38081407  0.48222512  0.48222512  0.44255442  0.48222512  0.45554376  0.44255442  0.44255442  0.44255442  0.44255442  0.42978855  0.44255442  0.42978855  0.45554376  0.50990175  0.49593441  0.52413705  0.52413705  0.52413705  0.41723858  0.52413705  0.44255442  0.44255442  0.46876453  0.48222512  0.46876453  0.48222512  0.45554376  
73_3_0     0.13157189  0.12315177  0.08242731  0.00000000  0.42978855  0.40489735  0.40489735  0.42978855  0.45554376  0.45554376  0.40489735  0.49593441  0.48222512  0.48222512  0.45554376  0.40489735  0.42978855  0.46876453  0.41723858  0.48222512  0.53865078  0.55345405  0.49593441  0.52413705  0.52413705  0.46876453  0.49593441  0.44255442  0.44255442  0.44255442  0.45554376  0.46876453  0.45554376  0.48222512  
77_7_0     0.39275801  0.40489735  0.46876453  0.42978855  0.00000000  0.26074268  0.26074268  0.14870432  0.15742119  0.41723858  0.30219194  0.34609415  0.34609415  0.34609415  0.32381842  0.29161055  0.33487270  0.32381842  0.29161055  0.34609415  0.36905933  0.34609415  0.35748790  0.34609415  0.34609415  0.32381842  0.35748790  0.36905933  0.35748790  0.39275801  0.38081407  0.38081407  0.38081407  0.38081407  
53_0_0     0.44255442  0.41723858  0.38081407  0.40489735  0.26074268  0.00000000  0.00000000  0.19335019  0.15742119  0.40489735  0.33487270  0.40489735  0.40489735  0.40489735  0.40489735  0.34609415  0.40489735  0.36905933  0.35748790  0.40489735  0.35748790  0.34609415  0.39275801  0.42978855  0.42978855  0.36905933  0.36905933  0.38081407  0.38081407  0.36905933  0.36905933  0.39275801  0.36905933  0.39275801  
28_0_0     0.44255442  0.41723858  0.38081407  0.40489735  0.26074268  0.00000000  0.00000000  0.19335019  0.15742119  0.40489735  0.33487270  0.40489735  0.40489735  0.40489735  0.40489735  0.34609415  0.40489735  0.36905933  0.35748790  0.40489735  0.35748790  0.34609415  0.39275801  0.42978855  0.42978855  0.36905933  0.36905933  0.38081407  0.38081407  0.36905933  0.36905933  0.39275801  0.36905933  0.39275801  
74_6_0     0.38081407  0.40489735  0.48222512  0.42978855  0.14870432  0.19335019  0.19335019  0.00000000  0.05138410  0.38081407  0.30219194  0.40489735  0.40489735  0.40489735  0.33487270  0.33487270  0.33487270  0.39275801  0.32381842  0.34609415  0.38081407  0.36905933  0.41723858  0.39275801  0.39275801  0.35748790  0.36905933  0.39275801  0.38081407  0.36905933  0.36905933  0.39275801  0.36905933  0.40489735  
74_0_0     0.40489735  0.40489735  0.48222512  0.45554376  0.15742119  0.15742119  0.15742119  0.05138410  0.00000000  0.35748790  0.28117794  0.40489735  0.41723858  0.41723858  0.34609415  0.32381842  0.36905933  0.38081407  0.33487270  0.35748790  0.34609415  0.33487270  0.41723858  0.39275801  0.39275801  0.34609415  0.38081407  0.40489735  0.41723858  0.41723858  0.41723858  0.44255442  0.41723858  0.44255442  
49_0_0     0.49593441  0.48222512  0.44255442  0.45554376  0.41723858  0.40489735  0.40489735  0.38081407  0.35748790  0.00000000  0.25073228  0.50990175  0.48222512  0.48222512  0.42978855  0.52413705  0.41723858  0.44255442  0.41723858  0.36905933  0.41723858  0.40489735  0.45554376  0.45554376  0.45554376  0.42978855  0.49593441  0.46876453  0.50990175  0.48222512  0.49593441  0.49593441  0.49593441  0.48222512  
41_0_0     0.42978855  0.44255442  0.48222512  0.40489735  0.30219194  0.33487270  0.33487270  0.30219194  0.28117794  0.25073228  0.00000000  0.39275801  0.39275801  0.39275801  0.39275801  0.35748790  0.38081407  0.40489735  0.39275801  0.40489735  0.40489735  0.36905933  0.34609415  0.34609415  0.34609415  0.39275801  0.41723858  0.40489735  0.39275801  0.41723858  0.41723858  0.44255442  0.41723858  0.41723858  
38_0_0     0.42978855  0.46876453  0.45554376  0.49593441  0.34609415  0.40489735  0.40489735  0.40489735  0.40489735  0.50990175  0.39275801  0.00000000  0.05138410  0.05138410  0.23110773  0.17516825  0.25073228  0.23110773  0.17516825  0.18420354  0.41723858  0.42978855  0.39275801  0.40489735  0.40489735  0.35748790  0.38081407  0.35748790  0.34609415  0.38081407  0.38081407  0.39275801  0.38081407  0.38081407  
42_0_0     0.41723858  0.44255442  0.44255442  0.48222512  0.34609415  0.40489735  0.40489735  0.40489735  0.41723858  0.48222512  0.39275801  0.05138410  0.00000000  0.00000000  0.23110773  0.19335019  0.24085514  0.25073228  0.20261099  0.20261099  0.39275801  0.38081407  0.39275801  0.40489735  0.40489735  0.39275801  0.39275801  0.40489735  0.39275801  0.39275801  0.40489735  0.41723858  0.40489735  0.39275801  
95_0_0     0.41723858  0.44255442  0.44255442  0.48222512  0.34609415  0.40489735  0.40489735  0.40489735  0.41723858  0.48222512  0.39275801  0.05138410  0.00000000  0.00000000  0.23110773  0.19335019  0.24085514  0.25073228  0.20261099  0.20261099  0.39275801  0.38081407  0.39275801  0.40489735  0.40489735  0.39275801  0.39275801  0.40489735  0.39275801  0.39275801  0.40489735  0.41723858  0.40489735  0.39275801  
37_9_0     0.40489735  0.40489735  0.44255442  0.45554376  0.32381842  0.40489735  0.40489735  0.33487270  0.34609415  0.42978855  0.39275801  0.23110773  0.23110773  0.23110773  0.00000000  0.11482611  0.10659283  0.18420354  0.12315177  0.13157189  0.41723858  0.39275801  0.41723858  0.39275801  0.39275801  0.32381842  0.32381842  0.32381842  0.33487270  0.33487270  0.35748790  0.35748790  0.35748790  0.31292639  
37_0_0     0.36905933  0.40489735  0.44255442  0.40489735  0.29161055  0.34609415  0.34609415  0.33487270  0.32381842  0.52413705  0.35748790  0.17516825  0.19335019  0.19335019  0.11482611  0.00000000  0.16624167  0.17516825  0.11482611  0.14870432  0.39275801  0.41723858  0.44255442  0.44255442  0.44255442  0.35748790  0.32381842  0.30219194  0.30219194  0.33487270  0.33487270  0.35748790  0.33487270  0.34609415  
62_0_0     0.40489735  0.42978855  0.42978855  0.42978855  0.33487270  0.40489735  0.40489735  0.33487270  0.36905933  0.41723858  0.38081407  0.25073228  0.24085514  0.24085514  0.10659283  0.16624167  0.00000000  0.14008866  0.09039536  0.09039536  0.44255442  0.39275801  0.38081407  0.39275801  0.39275801  0.35748790  0.30219194  0.31292639  0.32381842  0.33487270  0.35748790  0.35748790  0.35748790  0.32381842  
90_8_0     0.48222512  0.48222512  0.44255442  0.46876453  0.32381842  0.36905933  0.36905933  0.39275801  0.38081407  0.44255442  0.40489735  0.23110773  0.25073228  0.25073228  0.18420354  0.17516825  0.14008866  0.00000000  0.07454391  0.14008866  0.35748790  0.33487270  0.38081407  0.40489735  0.40489735  0.32381842  0.30219194  0.30219194  0.31292639  0.34609415  0.34609415  0.35748790  0.34609415  0.32381842  
81_8_0     0.40489735  0.42978855  0.42978855  0.41723858  0.29161055  0.35748790  0.35748790  0.32381842  0.33487270  0.41723858  0.39275801  0.17516825  0.20261099  0.20261099  0.12315177  0.11482611  0.09039536  0.07454391  0.00000000  0.09039536  0.40489735  0.36905933  0.38081407  0.39275801  0.39275801  0.36905933  0.31292639  0.30219194  0.31292639  0.33487270  0.33487270  0.33487270  0.33487270  0.32381842  
76_0_0     0.44255442  0.48222512  0.45554376  0.48222512  0.34609415  0.40489735  0.40489735  0.34609415  0.35748790  0.36905933  0.40489735  0.18420354  0.20261099  0.20261099  0.13157189  0.14870432  0.09039536  0.14008866  0.09039536  0.00000000  0.36905933  0.36905933  0.36905933  0.38081407  0.38081407  0.39275801  0.31292639  0.31292639  0.34609415  0.33487270  0.33487270  0.33487270  0.33487270  0.31292639  
8_2_0      0.50990175  0.48222512  0.50990175  0.53865078  0.36905933  0.35748790  0.35748790  0.38081407  0.34609415  0.41723858  0.40489735  0.41723858  0.39275801  0.39275801  0.41723858  0.39275801  0.44255442  0.35748790  0.40489735  0.36905933  0.00000000  0.06674338  0.17516825  0.14870432  0.14870432  0.20261099  0.28117794  0.30219194  0.29161055  0.29161055  0.28117794  0.29161055  0.28117794  0.28117794  
17_2_0     0.52413705  0.49593441  0.49593441  0.55345405  0.34609415  0.34609415  0.34609415  0.36905933  0.33487270  0.40489735  0.36905933  0.42978855  0.38081407  0.38081407  0.39275801  0.41723858  0.39275801  0.33487270  0.36905933  0.36905933  0.06674338  0.00000000  0.13157189  0.09039536  0.09039536  0.24085514  0.32381842  0.34609415  0.34609415  0.32381842  0.31292639  0.31292639  0.31292639  0.30219194  
3_2_0      0.53865078  0.50990175  0.52413705  0.49593441  0.35748790  0.39275801  0.39275801  0.41723858  0.41723858  0.45554376  0.34609415  0.39275801  0.39275801  0.39275801  0.41723858  0.44255442  0.38081407  0.38081407  0.38081407  0.36905933  0.17516825  0.13157189  0.00000000  0.05138410  0.05138410  0.27088997  0.32381842  0.32381842  0.33487270  0.31292639  0.30219194  0.30219194  0.30219194  0.33487270  
4_2_0      0.53865078  0.50990175  0.52413705  0.52413705  0.34609415  0.42978855  0.42978855  0.39275801  0.39275801  0.45554376  0.34609415  0.40489735  0.40489735  0.40489735  0.39275801  0.44255442  0.39275801  0.40489735  0.39275801  0.38081407  0.14870432  0.09039536  0.05138410  0.00000000  0.00000000  0.25073228  0.36905933  0.33487270  0.34609415  0.32381842  0.31292639  0.29161055  0.31292639  0.32381842  
13_2_0     0.53865078  0.50990175  0.52413705  0.52413705  0.34609415  0.42978855  0.42978855  0.39275801  0.39275801  0.45554376  0.34609415  0.40489735  0.40489735  0.40489735  0.39275801  0.44255442  0.39275801  0.40489735  0.39275801  0.38081407  0.14870432  0.09039536  0.05138410  0.00000000  0.00000000  0.25073228  0.36905933  0.33487270  0.34609415  0.32381842  0.31292639  0.29161055  0.31292639  0.32381842  
15_0_0     0.44255442  0.39275801  0.41723858  0.46876453  0.32381842  0.36905933  0.36905933  0.35748790  0.34609415  0.42978855  0.39275801  0.35748790  0.39275801  0.39275801  0.32381842  0.35748790  0.35748790  0.32381842  0.36905933  0.39275801  0.20261099  0.24085514  0.27088997  0.25073228  0.25073228  0.00000000  0.14870432  0.10659283  0.12315177  0.14870432  0.14870432  0.15742119  0.14870432  0.14870432  
24_0_0     0.41723858  0.42978855  0.52413705  0.49593441  0.35748790  0.36905933  0.36905933  0.36905933  0.38081407  0.49593441  0.41723858  0.38081407  0.39275801  0.39275801  0.32381842  0.32381842  0.30219194  0.30219194  0.31292639  0.31292639  0.28117794  0.32381842  0.32381842  0.36905933  0.36905933  0.14870432  0.00000000  0.06674338  0.09039536  0.09844990  0.09844990  0.12315177  0.09844990  0.08242731  
21_0_0     0.40489735  0.39275801  0.44255442  0.44255442  0.36905933  0.38081407  0.38081407  0.39275801  0.40489735  0.46876453  0.40489735  0.35748790  0.40489735  0.40489735  0.32381842  0.30219194  0.31292639  0.30219194  0.30219194  0.31292639  0.30219194  0.34609415  0.32381842  0.33487270  0.33487270  0.10659283  0.06674338  0.00000000  0.04382205  0.08242731  0.06674338  0.09039536  0.06674338  0.07454391  
21_1_0     0.38081407  0.39275801  0.44255442  0.44255442  0.35748790  0.38081407  0.38081407  0.38081407  0.41723858  0.50990175  0.39275801  0.34609415  0.39275801  0.39275801  0.33487270  0.30219194  0.32381842  0.31292639  0.31292639  0.34609415  0.29161055  0.34609415  0.33487270  0.34609415  0.34609415  0.12315177  0.09039536  0.04382205  0.00000000  0.10659283  0.09039536  0.11482611  0.09039536  0.09844990  
12_0_0     0.40489735  0.38081407  0.46876453  0.44255442  0.39275801  0.36905933  0.36905933  0.36905933  0.41723858  0.48222512  0.41723858  0.38081407  0.39275801  0.39275801  0.33487270  0.33487270  0.33487270  0.34609415  0.33487270  0.33487270  0.29161055  0.32381842  0.31292639  0.32381842  0.32381842  0.14870432  0.09844990  0.08242731  0.10659283  0.00000000  0.01432172  0.03633630  0.01432172  0.03633630  
20_0_0     0.41723858  0.39275801  0.48222512  0.45554376  0.38081407  0.36905933  0.36905933  0.36905933  0.41723858  0.49593441  0.41723858  0.38081407  0.40489735  0.40489735  0.35748790  0.33487270  0.35748790  0.34609415  0.33487270  0.33487270  0.28117794  0.31292639  0.30219194  0.31292639  0.31292639  0.14870432  0.09844990  0.06674338  0.09039536  0.01432172  0.00000000  0.02158758  0.00000000  0.03633630  
22_0_0     0.44255442  0.40489735  0.46876453  0.46876453  0.38081407  0.39275801  0.39275801  0.39275801  0.44255442  0.49593441  0.44255442  0.39275801  0.41723858  0.41723858  0.35748790  0.35748790  0.35748790  0.35748790  0.33487270  0.33487270  0.29161055  0.31292639  0.30219194  0.29161055  0.29161055  0.15742119  0.12315177  0.09039536  0.11482611  0.03633630  0.02158758  0.00000000  0.02158758  0.04382205  
11_0_0     0.41723858  0.39275801  0.48222512  0.45554376  0.38081407  0.36905933  0.36905933  0.36905933  0.41723858  0.49593441  0.41723858  0.38081407  0.40489735  0.40489735  0.35748790  0.33487270  0.35748790  0.34609415  0.33487270  0.33487270  0.28117794  0.31292639  0.30219194  0.31292639  0.31292639  0.14870432  0.09844990  0.06674338  0.09039536  0.01432172  0.00000000  0.02158758  0.00000000  0.03633630  
6_0_0      0.42978855  0.42978855  0.45554376  0.48222512  0.38081407  0.39275801  0.39275801  0.40489735  0.44255442  0.48222512  0.41723858  0.38081407  0.39275801  0.39275801  0.31292639  0.34609415  0.32381842  0.32381842  0.32381842  0.31292639  0.28117794  0.30219194  0.33487270  0.32381842  0.32381842  0.14870432  0.08242731  0.07454391  0.09844990  0.03633630  0.03633630  0.04382205  0.03633630  0.00000000  

