13
11_4_0     0.00000000  0.02182035  0.06160689  0.07337402  0.05002189  0.03861346  0.03861346  0.07337402  0.06746734  0.05579198  0.06160689  0.06746734  0.06746734  
11_2_0     0.02182035  0.00000000  0.05002189  0.06160689  0.03861346  0.02737630  0.02737630  0.06160689  0.05579198  0.04429594  0.05002189  0.05579198  0.05579198  
43_2_0     0.06160689  0.05002189  0.00000000  0.06746734  0.04429594  0.03297379  0.03297379  0.06746734  0.06160689  0.06160689  0.05579198  0.06160689  0.06160689  
13_2_0     0.07337402  0.06160689  0.06746734  0.00000000  0.05579198  0.04429594  0.04429594  0.07932769  0.07337402  0.07337402  0.06746734  0.07337402  0.07337402  
13_3_0     0.05002189  0.03861346  0.04429594  0.05579198  0.00000000  0.02182035  0.02182035  0.05579198  0.03861346  0.03861346  0.03297379  0.03861346  0.03861346  
19_2_0     0.03861346  0.02737630  0.03297379  0.04429594  0.02182035  0.00000000  0.00000000  0.03297379  0.03861346  0.03861346  0.03297379  0.03861346  0.03861346  
38_2_0     0.03861346  0.02737630  0.03297379  0.04429594  0.02182035  0.00000000  0.00000000  0.03297379  0.03861346  0.03861346  0.03297379  0.03861346  0.03861346  
74_2_0     0.07337402  0.06160689  0.06746734  0.07932769  0.05579198  0.03297379  0.03297379  0.00000000  0.07337402  0.07337402  0.06746734  0.06160689  0.07337402  
18_2_0     0.06746734  0.05579198  0.06160689  0.07337402  0.03861346  0.03861346  0.03861346  0.07337402  0.00000000  0.01083067  0.01630534  0.02182035  0.02182035  
70_2_0     0.05579198  0.04429594  0.06160689  0.07337402  0.03861346  0.03861346  0.03861346  0.07337402  0.01083067  0.00000000  0.01630534  0.02182035  0.02182035  
21_2_0     0.06160689  0.05002189  0.05579198  0.06746734  0.03297379  0.03297379  0.03297379  0.06746734  0.01630534  0.01630534  0.00000000  0.00539575  0.01630534  
40_2_0     0.06746734  0.05579198  0.06160689  0.07337402  0.03861346  0.03861346  0.03861346  0.06160689  0.02182035  0.02182035  0.00539575  0.00000000  0.02182035  
9_2_0      0.06746734  0.05579198  0.06160689  0.07337402  0.03861346  0.03861346  0.03861346  0.07337402  0.02182035  0.02182035  0.01630534  0.02182035  0.00000000  

