21
16_0_0     0.00000000  0.22991339  0.18475727  0.24878663  0.35123343  0.35123343  0.36231395  0.36231395  0.35123343  0.37356496  0.36231395  0.35123343  0.35123343  0.35123343  0.31896496  0.31896496  0.36231395  0.29821749  0.36231395  0.35123343  0.34031830  
6_0_0      0.22991339  0.00000000  0.14222809  0.27804245  0.25840911  0.25840911  0.26815989  0.25840911  0.30851765  0.30851765  0.34031830  0.32956369  0.32956369  0.32956369  0.25840911  0.25840911  0.34031830  0.27804245  0.26815989  0.25840911  0.24878663  
14_0_0     0.18475727  0.14222809  0.00000000  0.14222809  0.27804245  0.27804245  0.28806040  0.28806040  0.31896496  0.31896496  0.22065634  0.21151501  0.21151501  0.21151501  0.20248654  0.20248654  0.24878663  0.20248654  0.18475727  0.17605126  0.16744768  
15_0_0     0.24878663  0.27804245  0.14222809  0.00000000  0.31896496  0.31896496  0.32956369  0.39659998  0.43257292  0.44496818  0.34031830  0.32956369  0.32956369  0.32956369  0.31896496  0.31896496  0.32956369  0.30851765  0.26815989  0.25840911  0.24878663  
9_0_0      0.35123343  0.25840911  0.27804245  0.31896496  0.00000000  0.00000000  0.02069834  0.22991339  0.30851765  0.32956369  0.29821749  0.30851765  0.30851765  0.30851765  0.28806040  0.28806040  0.38499177  0.37356496  0.34031830  0.32956369  0.34031830  
13_0_0     0.35123343  0.25840911  0.27804245  0.31896496  0.00000000  0.00000000  0.02069834  0.22991339  0.30851765  0.32956369  0.29821749  0.30851765  0.30851765  0.30851765  0.28806040  0.28806040  0.38499177  0.37356496  0.34031830  0.32956369  0.34031830  
7_0_0      0.36231395  0.26815989  0.28806040  0.32956369  0.02069834  0.02069834  0.00000000  0.22065634  0.29821749  0.31896496  0.28806040  0.29821749  0.29821749  0.29821749  0.29821749  0.29821749  0.39659998  0.36231395  0.32956369  0.31896496  0.32956369  
19_0_0     0.36231395  0.25840911  0.28806040  0.39659998  0.22991339  0.22991339  0.22065634  0.00000000  0.08655924  0.10203695  0.39659998  0.38499177  0.38499177  0.38499177  0.35123343  0.35123343  0.38499177  0.42038426  0.29821749  0.28806040  0.29821749  
18_0_0     0.35123343  0.30851765  0.31896496  0.43257292  0.30851765  0.30851765  0.29821749  0.08655924  0.00000000  0.01373360  0.44496818  0.43257292  0.43257292  0.43257292  0.37356496  0.37356496  0.40839543  0.37356496  0.34031830  0.32956369  0.34031830  
8_0_0      0.37356496  0.30851765  0.31896496  0.44496818  0.32956369  0.32956369  0.31896496  0.10203695  0.01373360  0.00000000  0.42038426  0.40839543  0.40839543  0.40839543  0.35123343  0.35123343  0.40839543  0.37356496  0.31896496  0.30851765  0.31896496  
5_0_0      0.36231395  0.34031830  0.22065634  0.34031830  0.29821749  0.29821749  0.28806040  0.39659998  0.44496818  0.42038426  0.00000000  0.00683456  0.00683456  0.00683456  0.17605126  0.17605126  0.39659998  0.29821749  0.35123343  0.34031830  0.32956369  
10_0_0     0.35123343  0.32956369  0.21151501  0.32956369  0.30851765  0.30851765  0.29821749  0.38499177  0.43257292  0.40839543  0.00683456  0.00000000  0.00000000  0.00000000  0.16744768  0.16744768  0.38499177  0.28806040  0.34031830  0.32956369  0.31896496  
4_0_0      0.35123343  0.32956369  0.21151501  0.32956369  0.30851765  0.30851765  0.29821749  0.38499177  0.43257292  0.40839543  0.00683456  0.00000000  0.00000000  0.00000000  0.16744768  0.16744768  0.38499177  0.28806040  0.34031830  0.32956369  0.31896496  
12_0_0     0.35123343  0.32956369  0.21151501  0.32956369  0.30851765  0.30851765  0.29821749  0.38499177  0.43257292  0.40839543  0.00683456  0.00000000  0.00000000  0.00000000  0.16744768  0.16744768  0.38499177  0.28806040  0.34031830  0.32956369  0.31896496  
11_0_0     0.31896496  0.25840911  0.20248654  0.31896496  0.28806040  0.28806040  0.29821749  0.35123343  0.37356496  0.35123343  0.17605126  0.16744768  0.16744768  0.16744768  0.00000000  0.00000000  0.38499177  0.31896496  0.31896496  0.30851765  0.29821749  
17_0_0     0.31896496  0.25840911  0.20248654  0.31896496  0.28806040  0.28806040  0.29821749  0.35123343  0.37356496  0.35123343  0.17605126  0.16744768  0.16744768  0.16744768  0.00000000  0.00000000  0.38499177  0.31896496  0.31896496  0.30851765  0.29821749  
20_1_0     0.36231395  0.34031830  0.24878663  0.32956369  0.38499177  0.38499177  0.39659998  0.38499177  0.40839543  0.40839543  0.39659998  0.38499177  0.38499177  0.38499177  0.38499177  0.38499177  0.00000000  0.29821749  0.34031830  0.32956369  0.31896496  
20_0_0     0.29821749  0.27804245  0.20248654  0.30851765  0.37356496  0.37356496  0.36231395  0.42038426  0.37356496  0.37356496  0.29821749  0.28806040  0.28806040  0.28806040  0.31896496  0.31896496  0.29821749  0.00000000  0.28806040  0.27804245  0.26815989  
2_0_0      0.36231395  0.26815989  0.18475727  0.26815989  0.34031830  0.34031830  0.32956369  0.29821749  0.34031830  0.31896496  0.35123343  0.34031830  0.34031830  0.34031830  0.31896496  0.31896496  0.34031830  0.28806040  0.00000000  0.00683456  0.01373360  
3_0_0      0.35123343  0.25840911  0.17605126  0.25840911  0.32956369  0.32956369  0.31896496  0.28806040  0.32956369  0.30851765  0.34031830  0.32956369  0.32956369  0.32956369  0.30851765  0.30851765  0.32956369  0.27804245  0.00683456  0.00000000  0.00683456  
1_0_0      0.34031830  0.24878663  0.16744768  0.24878663  0.34031830  0.34031830  0.32956369  0.29821749  0.34031830  0.31896496  0.32956369  0.31896496  0.31896496  0.31896496  0.29821749  0.29821749  0.31896496  0.26815989  0.01373360  0.00683456  0.00000000  

