20
11_0_0     0.00000000  0.00000000  0.00000000  0.00863366  0.00863366  0.00430429  0.21215132  0.21788369  0.21788369  0.21788369  0.21788369  0.22366063  0.21215132  0.21788369  0.15185249  0.15185249  0.14139611  0.15185249  0.14139611  0.14139611  
2_0_0      0.00000000  0.00000000  0.00000000  0.00863366  0.00863366  0.00430429  0.21215132  0.21788369  0.21788369  0.21788369  0.21788369  0.22366063  0.21215132  0.21788369  0.15185249  0.15185249  0.14139611  0.15185249  0.14139611  0.14139611  
14_0_0     0.00000000  0.00000000  0.00000000  0.00863366  0.00863366  0.00430429  0.21215132  0.21788369  0.21788369  0.21788369  0.21788369  0.22366063  0.21215132  0.21788369  0.15185249  0.15185249  0.14139611  0.15185249  0.14139611  0.14139611  
6_0_0      0.00863366  0.00863366  0.00863366  0.00000000  0.00863366  0.00430429  0.21215132  0.22948284  0.22948284  0.22948284  0.22948284  0.23535104  0.22366063  0.22948284  0.14139611  0.14139611  0.13108485  0.14139611  0.13108485  0.13108485  
3_0_0      0.00863366  0.00863366  0.00863366  0.00863366  0.00000000  0.00430429  0.22366063  0.22948284  0.22948284  0.22948284  0.22948284  0.23535104  0.22366063  0.22948284  0.15185249  0.15185249  0.14139611  0.15185249  0.14139611  0.14139611  
13_0_0     0.00430429  0.00430429  0.00430429  0.00430429  0.00430429  0.00000000  0.21788369  0.22366063  0.22366063  0.22366063  0.22366063  0.22948284  0.21788369  0.22366063  0.14660590  0.14660590  0.13622259  0.14660590  0.13622259  0.13622259  
9_0_0      0.21215132  0.21215132  0.21215132  0.21215132  0.22366063  0.21788369  0.00000000  0.07679732  0.06265508  0.06265508  0.06733931  0.06733931  0.07679732  0.05337430  0.22366063  0.22948284  0.21788369  0.21788369  0.21788369  0.21788369  
8_0_0      0.21788369  0.21788369  0.21788369  0.22948284  0.22948284  0.22366063  0.07679732  0.00000000  0.02177524  0.02177524  0.02620794  0.02620794  0.04420803  0.02177524  0.26540812  0.24722835  0.24722835  0.25323898  0.24722835  0.24722835  
1_0_0      0.21788369  0.21788369  0.21788369  0.22948284  0.22948284  0.22366063  0.06265508  0.02177524  0.00000000  0.00000000  0.00430429  0.00430429  0.03066724  0.00863366  0.26540812  0.24722835  0.24722835  0.24722835  0.24722835  0.24722835  
7_0_0      0.21788369  0.21788369  0.21788369  0.22948284  0.22948284  0.22366063  0.06265508  0.02177524  0.00000000  0.00000000  0.00430429  0.00430429  0.03066724  0.00863366  0.26540812  0.24722835  0.24722835  0.24722835  0.24722835  0.24722835  
5_0_0      0.21788369  0.21788369  0.21788369  0.22948284  0.22948284  0.22366063  0.06733931  0.02620794  0.00430429  0.00430429  0.00000000  0.00863366  0.03515347  0.01298841  0.26540812  0.24722835  0.24722835  0.24722835  0.24722835  0.24722835  
10_0_0     0.22366063  0.22366063  0.22366063  0.23535104  0.23535104  0.22948284  0.06733931  0.02620794  0.00430429  0.00430429  0.00863366  0.00000000  0.03515347  0.01298841  0.27156826  0.25323898  0.25323898  0.25323898  0.25323898  0.25323898  
4_0_0      0.21215132  0.21215132  0.21215132  0.22366063  0.22366063  0.21788369  0.07679732  0.04420803  0.03066724  0.03066724  0.03515347  0.03515347  0.00000000  0.03066724  0.25929863  0.25323898  0.25323898  0.25323898  0.25323898  0.25323898  
12_0_0     0.21788369  0.21788369  0.21788369  0.22948284  0.22948284  0.22366063  0.05337430  0.02177524  0.00863366  0.00863366  0.01298841  0.01298841  0.03066724  0.00000000  0.25323898  0.23535104  0.23535104  0.23535104  0.23535104  0.23535104  
20_0_0     0.15185249  0.15185249  0.15185249  0.14139611  0.15185249  0.14660590  0.22366063  0.26540812  0.26540812  0.26540812  0.26540812  0.27156826  0.25929863  0.25323898  0.00000000  0.05337430  0.06733931  0.07679732  0.06733931  0.06733931  
16_0_0     0.15185249  0.15185249  0.15185249  0.14139611  0.15185249  0.14660590  0.22948284  0.24722835  0.24722835  0.24722835  0.24722835  0.25323898  0.25323898  0.23535104  0.05337430  0.00000000  0.04877703  0.05800020  0.04877703  0.04877703  
18_0_0     0.14139611  0.14139611  0.14139611  0.13108485  0.14139611  0.13622259  0.21788369  0.24722835  0.24722835  0.24722835  0.24722835  0.25323898  0.25323898  0.23535104  0.06733931  0.04877703  0.00000000  0.00863366  0.00000000  0.00000000  
19_0_0     0.15185249  0.15185249  0.15185249  0.14139611  0.15185249  0.14660590  0.21788369  0.25323898  0.24722835  0.24722835  0.24722835  0.25323898  0.25323898  0.23535104  0.07679732  0.05800020  0.00863366  0.00000000  0.00863366  0.00863366  
17_0_0     0.14139611  0.14139611  0.14139611  0.13108485  0.14139611  0.13622259  0.21788369  0.24722835  0.24722835  0.24722835  0.24722835  0.25323898  0.25323898  0.23535104  0.06733931  0.04877703  0.00000000  0.00863366  0.00000000  0.00000000  
15_0_0     0.14139611  0.14139611  0.14139611  0.13108485  0.14139611  0.13622259  0.21788369  0.24722835  0.24722835  0.24722835  0.24722835  0.25323898  0.25323898  0.23535104  0.06733931  0.04877703  0.00000000  0.00863366  0.00000000  0.00000000  

