19
45_2_0     0.00000000  0.01818516  0.03682734  0.03056108  0.03056108  0.06897809  0.06243550  0.02434731  0.01818516  0.05595011  0.03056108  0.02434731  0.02434731  0.01207377  0.11646688  0.13061285  0.15235081  0.13061285  0.13778829  
13_2_0     0.01818516  0.00000000  0.04314698  0.04952092  0.04952092  0.08895937  0.06897809  0.04314698  0.03682734  0.07557889  0.03682734  0.04314698  0.03056108  0.03056108  0.13778829  0.13778829  0.14503381  0.15235081  0.14503381  
47_2_0     0.03682734  0.04314698  0.00000000  0.05595011  0.05595011  0.09574121  0.07557889  0.03682734  0.04314698  0.07557889  0.04952092  0.06243550  0.06243550  0.04952092  0.15974069  0.15974069  0.15235081  0.17474505  0.15235081  
40_6_0     0.03056108  0.04952092  0.05595011  0.00000000  0.00000000  0.08223896  0.06243550  0.04314698  0.03682734  0.07557889  0.04952092  0.03056108  0.04314698  0.03056108  0.13061285  0.13061285  0.16720494  0.14503381  0.16720494  
40_4_0     0.03056108  0.04952092  0.05595011  0.00000000  0.00000000  0.08223896  0.06243550  0.04314698  0.03682734  0.07557889  0.04952092  0.03056108  0.04314698  0.03056108  0.13061285  0.13061285  0.16720494  0.14503381  0.16720494  
40_3_0     0.06897809  0.08895937  0.09574121  0.08223896  0.08223896  0.00000000  0.04952092  0.06897809  0.06243550  0.06897809  0.07557889  0.07557889  0.06897809  0.06897809  0.13778829  0.13778829  0.15974069  0.13778829  0.15235081  
19_3_0     0.06243550  0.06897809  0.07557889  0.06243550  0.06243550  0.04952092  0.00000000  0.04952092  0.05595011  0.06897809  0.06243550  0.06897809  0.04952092  0.06243550  0.13778829  0.13778829  0.13778829  0.15235081  0.15235081  
13_3_0     0.02434731  0.04314698  0.03682734  0.04314698  0.04314698  0.06897809  0.04952092  0.00000000  0.00601232  0.05595011  0.03682734  0.03682734  0.03682734  0.02434731  0.13061285  0.14503381  0.13778829  0.14503381  0.13778829  
47_3_0     0.01818516  0.03682734  0.04314698  0.03682734  0.03682734  0.06243550  0.05595011  0.00601232  0.00000000  0.04952092  0.03682734  0.03056108  0.03056108  0.01818516  0.12350615  0.13778829  0.14503381  0.13778829  0.14503381  
26_3_0     0.05595011  0.07557889  0.07557889  0.07557889  0.07557889  0.06897809  0.06897809  0.05595011  0.04952092  0.00000000  0.06243550  0.06243550  0.04952092  0.04952092  0.12350615  0.15235081  0.15974069  0.15235081  0.15974069  
26_0_0     0.03056108  0.03682734  0.04952092  0.04952092  0.04952092  0.07557889  0.06243550  0.03682734  0.03682734  0.06243550  0.00000000  0.04314698  0.04314698  0.03056108  0.13061285  0.13061285  0.14503381  0.14503381  0.13061285  
13_0_0     0.02434731  0.04314698  0.06243550  0.03056108  0.03056108  0.07557889  0.06897809  0.03682734  0.03056108  0.06243550  0.04314698  0.00000000  0.02434731  0.01207377  0.10949379  0.12350615  0.15974069  0.12350615  0.14503381  
45_0_0     0.02434731  0.03056108  0.06243550  0.04314698  0.04314698  0.06897809  0.04952092  0.03682734  0.03056108  0.04952092  0.04314698  0.02434731  0.00000000  0.01207377  0.13061285  0.14503381  0.16720494  0.14503381  0.15235081  
47_0_0     0.01207377  0.03056108  0.04952092  0.03056108  0.03056108  0.06897809  0.06243550  0.02434731  0.01818516  0.04952092  0.03056108  0.01207377  0.01207377  0.00000000  0.12350615  0.13778829  0.15974069  0.13778829  0.14503381  
21_7_0     0.11646688  0.13778829  0.15974069  0.13061285  0.13061285  0.13778829  0.13778829  0.13061285  0.12350615  0.12350615  0.13061285  0.10949379  0.13061285  0.12350615  0.00000000  0.03056108  0.05595011  0.04314698  0.05595011  
48_7_0     0.13061285  0.13778829  0.15974069  0.13061285  0.13061285  0.13778829  0.13778829  0.14503381  0.13778829  0.15235081  0.13061285  0.12350615  0.14503381  0.13778829  0.03056108  0.00000000  0.04952092  0.03682734  0.04952092  
1_7_0      0.15235081  0.14503381  0.15235081  0.16720494  0.16720494  0.15974069  0.13778829  0.13778829  0.14503381  0.15974069  0.14503381  0.15974069  0.16720494  0.15974069  0.05595011  0.04952092  0.00000000  0.08895937  0.06243550  
24_7_0     0.13061285  0.15235081  0.17474505  0.14503381  0.14503381  0.13778829  0.15235081  0.14503381  0.13778829  0.15235081  0.14503381  0.12350615  0.14503381  0.13778829  0.04314698  0.03682734  0.08895937  0.00000000  0.02434731  
34_7_0     0.13778829  0.14503381  0.15235081  0.16720494  0.16720494  0.15235081  0.15235081  0.13778829  0.14503381  0.15974069  0.13061285  0.14503381  0.15235081  0.14503381  0.05595011  0.04952092  0.06243550  0.02434731  0.00000000  

