30
4_6_0      0.00000000  0.00814260  0.01224837  0.01224837  0.00814260  0.02053014  0.02053014  0.11846121  0.12805468  0.12805468  0.14763005  0.14763005  0.16266549  0.14763005  0.14268656  0.14268656  0.11371155  0.12805468  0.14763005  0.14763005  0.16266549  0.16266549  0.15761904  0.15260738  0.17286474  0.16266549  0.17286474  0.17286474  0.13289932  0.14268656  
4_12_0     0.00814260  0.00000000  0.01224837  0.01224837  0.00814260  0.02053014  0.02053014  0.11846121  0.12805468  0.12805468  0.14763005  0.14763005  0.16266549  0.14763005  0.14268656  0.14268656  0.11371155  0.12805468  0.14763005  0.14763005  0.16266549  0.16266549  0.15761904  0.15260738  0.17286474  0.16266549  0.17286474  0.17286474  0.13289932  0.13289932  
3_8_0      0.01224837  0.01224837  0.00000000  0.00814260  0.00405990  0.02470668  0.02470668  0.11371155  0.12324212  0.12324212  0.14268656  0.14268656  0.15761904  0.14268656  0.13777647  0.13777647  0.10899272  0.12324212  0.14268656  0.14268656  0.15761904  0.15761904  0.15260738  0.14763005  0.16774723  0.15761904  0.16774723  0.16774723  0.12805468  0.13777647  
3_10_0     0.01224837  0.01224837  0.00814260  0.00000000  0.00405990  0.02470668  0.02470668  0.12324212  0.13289932  0.13289932  0.15260738  0.15260738  0.16774723  0.15260738  0.14763005  0.14763005  0.11846121  0.13289932  0.15260738  0.15260738  0.16774723  0.16774723  0.16266549  0.15761904  0.17801854  0.16774723  0.17801854  0.17801854  0.13777647  0.14763005  
3_6_0      0.00814260  0.00814260  0.00405990  0.00405990  0.00000000  0.02053014  0.02053014  0.11846121  0.12805468  0.12805468  0.14763005  0.14763005  0.16266549  0.14763005  0.14268656  0.14268656  0.11371155  0.12805468  0.14763005  0.14763005  0.16266549  0.16266549  0.15761904  0.15260738  0.17286474  0.16266549  0.17286474  0.17286474  0.13289932  0.14268656  
3_11_0     0.02053014  0.02053014  0.02470668  0.02470668  0.02053014  0.00000000  0.00000000  0.13289932  0.14268656  0.13289932  0.16266549  0.16266549  0.17801854  0.16266549  0.15761904  0.15761904  0.11846121  0.13289932  0.16266549  0.16266549  0.17801854  0.17801854  0.17286474  0.16774723  0.18843707  0.17801854  0.17801854  0.17801854  0.14763005  0.15761904  
3_7_0      0.02053014  0.02053014  0.02470668  0.02470668  0.02053014  0.00000000  0.00000000  0.13289932  0.14268656  0.13289932  0.16266549  0.16266549  0.17801854  0.16266549  0.15761904  0.15761904  0.11846121  0.13289932  0.16266549  0.16266549  0.17801854  0.17801854  0.17286474  0.16774723  0.18843707  0.17801854  0.17801854  0.17801854  0.14763005  0.15761904  
22_0_0     0.11846121  0.11846121  0.11371155  0.12324212  0.11846121  0.13289932  0.13289932  0.00000000  0.01637746  0.00814260  0.03313246  0.03313246  0.04595713  0.03313246  0.02890736  0.02890736  0.02053014  0.01637746  0.05028281  0.05028281  0.04595713  0.04595713  0.04595713  0.04165705  0.05028281  0.05463438  0.05463438  0.05463438  0.04165705  0.05901216  
9_0_0      0.12805468  0.12805468  0.12324212  0.13289932  0.12805468  0.14268656  0.14268656  0.01637746  0.00000000  0.02470668  0.05028281  0.05028281  0.06341647  0.05028281  0.04595713  0.04595713  0.02890736  0.03313246  0.05901216  0.05901216  0.06341647  0.06341647  0.04595713  0.04165705  0.05901216  0.05463438  0.05463438  0.05463438  0.05028281  0.06784762  
15_17_0    0.12805468  0.12805468  0.12324212  0.13289932  0.12805468  0.13289932  0.13289932  0.00814260  0.02470668  0.00000000  0.04165705  0.04165705  0.05463438  0.04165705  0.03738226  0.03738226  0.02053014  0.01637746  0.05901216  0.05901216  0.05463438  0.05463438  0.05463438  0.05028281  0.05901216  0.06341647  0.06341647  0.06341647  0.04165705  0.05901216  
23_15_0    0.14763005  0.14763005  0.14268656  0.15260738  0.14763005  0.16266549  0.16266549  0.03313246  0.05028281  0.04165705  0.00000000  0.00000000  0.01224837  0.00814260  0.00405990  0.00405990  0.04595713  0.04165705  0.07679181  0.07679181  0.06341647  0.06341647  0.08130552  0.07679181  0.07679181  0.07230596  0.09041790  0.09041790  0.05901216  0.07679181  
16_15_0    0.14763005  0.14763005  0.14268656  0.15260738  0.14763005  0.16266549  0.16266549  0.03313246  0.05028281  0.04165705  0.00000000  0.00000000  0.01224837  0.00814260  0.00405990  0.00405990  0.04595713  0.04165705  0.07679181  0.07679181  0.06341647  0.06341647  0.08130552  0.07679181  0.07679181  0.07230596  0.09041790  0.09041790  0.05901216  0.07679181  
19_15_0    0.16266549  0.16266549  0.15761904  0.16774723  0.16266549  0.17801854  0.17801854  0.04595713  0.06341647  0.05463438  0.01224837  0.01224837  0.00000000  0.02053014  0.01637746  0.01637746  0.05901216  0.05463438  0.08130552  0.08130552  0.07679181  0.07679181  0.09501729  0.09041790  0.09041790  0.08584743  0.10430432  0.10430432  0.07230596  0.08130552  
19_18_0    0.14763005  0.14763005  0.14268656  0.15260738  0.14763005  0.16266549  0.16266549  0.03313246  0.05028281  0.04165705  0.00814260  0.00814260  0.02053014  0.00000000  0.00405990  0.00405990  0.04595713  0.04165705  0.07679181  0.07679181  0.07230596  0.07230596  0.08130552  0.07679181  0.08584743  0.08130552  0.09041790  0.09041790  0.06784762  0.08584743  
23_18_0    0.14268656  0.14268656  0.13777647  0.14763005  0.14268656  0.15761904  0.15761904  0.02890736  0.04595713  0.03738226  0.00405990  0.00405990  0.01637746  0.00405990  0.00000000  0.00000000  0.04165705  0.03738226  0.07230596  0.07230596  0.06784762  0.06784762  0.07679181  0.07230596  0.08130552  0.07679181  0.08584743  0.08584743  0.06341647  0.08130552  
16_18_0    0.14268656  0.14268656  0.13777647  0.14763005  0.14268656  0.15761904  0.15761904  0.02890736  0.04595713  0.03738226  0.00405990  0.00405990  0.01637746  0.00405990  0.00000000  0.00000000  0.04165705  0.03738226  0.07230596  0.07230596  0.06784762  0.06784762  0.07679181  0.07230596  0.08130552  0.07679181  0.08584743  0.08584743  0.06341647  0.08130552  
9_15_0     0.11371155  0.11371155  0.10899272  0.11846121  0.11371155  0.11846121  0.11846121  0.02053014  0.02890736  0.02053014  0.04595713  0.04595713  0.05901216  0.04595713  0.04165705  0.04165705  0.00000000  0.02053014  0.05463438  0.05463438  0.05901216  0.05901216  0.05901216  0.05463438  0.07230596  0.05901216  0.06784762  0.06784762  0.04595713  0.05463438  
22_15_0    0.12805468  0.12805468  0.12324212  0.13289932  0.12805468  0.13289932  0.13289932  0.01637746  0.03313246  0.01637746  0.04165705  0.04165705  0.05463438  0.04165705  0.03738226  0.03738226  0.02053014  0.00000000  0.05028281  0.05028281  0.04595713  0.04595713  0.05463438  0.05028281  0.05901216  0.05463438  0.06341647  0.06341647  0.05028281  0.06784762  
24_26_0    0.14763005  0.14763005  0.14268656  0.15260738  0.14763005  0.16266549  0.16266549  0.05028281  0.05901216  0.05901216  0.07679181  0.07679181  0.08130552  0.07679181  0.07230596  0.07230596  0.05463438  0.05028281  0.00000000  0.00000000  0.02053014  0.02053014  0.03738226  0.03313246  0.05028281  0.03738226  0.04595713  0.04595713  0.05901216  0.06784762  
14_26_0    0.14763005  0.14763005  0.14268656  0.15260738  0.14763005  0.16266549  0.16266549  0.05028281  0.05901216  0.05901216  0.07679181  0.07679181  0.08130552  0.07679181  0.07230596  0.07230596  0.05463438  0.05028281  0.00000000  0.00000000  0.02053014  0.02053014  0.03738226  0.03313246  0.05028281  0.03738226  0.04595713  0.04595713  0.05901216  0.06784762  
14_27_0    0.16266549  0.16266549  0.15761904  0.16774723  0.16266549  0.17801854  0.17801854  0.04595713  0.06341647  0.05463438  0.06341647  0.06341647  0.07679181  0.07230596  0.06784762  0.06784762  0.05901216  0.04595713  0.02053014  0.02053014  0.00000000  0.00000000  0.04165705  0.03738226  0.03738226  0.03313246  0.05028281  0.05028281  0.05463438  0.07230596  
24_27_0    0.16266549  0.16266549  0.15761904  0.16774723  0.16266549  0.17801854  0.17801854  0.04595713  0.06341647  0.05463438  0.06341647  0.06341647  0.07679181  0.07230596  0.06784762  0.06784762  0.05901216  0.04595713  0.02053014  0.02053014  0.00000000  0.00000000  0.04165705  0.03738226  0.03738226  0.03313246  0.05028281  0.05028281  0.05463438  0.07230596  
14_20_0    0.15761904  0.15761904  0.15260738  0.16266549  0.15761904  0.17286474  0.17286474  0.04595713  0.04595713  0.05463438  0.08130552  0.08130552  0.09501729  0.08130552  0.07679181  0.07679181  0.05901216  0.05463438  0.03738226  0.03738226  0.04165705  0.04165705  0.00000000  0.00405990  0.02053014  0.01637746  0.01637746  0.01637746  0.06341647  0.08130552  
24_20_0    0.15260738  0.15260738  0.14763005  0.15761904  0.15260738  0.16774723  0.16774723  0.04165705  0.04165705  0.05028281  0.07679181  0.07679181  0.09041790  0.07679181  0.07230596  0.07230596  0.05463438  0.05028281  0.03313246  0.03313246  0.03738226  0.03738226  0.00405990  0.00000000  0.02470668  0.02053014  0.02053014  0.02053014  0.05901216  0.07679181  
14_28_0    0.17286474  0.17286474  0.16774723  0.17801854  0.17286474  0.18843707  0.18843707  0.05028281  0.05901216  0.05901216  0.07679181  0.07679181  0.09041790  0.08584743  0.08130552  0.08130552  0.07230596  0.05901216  0.05028281  0.05028281  0.03738226  0.03738226  0.02053014  0.02470668  0.00000000  0.01224837  0.02890736  0.02890736  0.05901216  0.07679181  
24_28_0    0.16266549  0.16266549  0.15761904  0.16774723  0.16266549  0.17801854  0.17801854  0.05463438  0.05463438  0.06341647  0.07230596  0.07230596  0.08584743  0.08130552  0.07679181  0.07679181  0.05901216  0.05463438  0.03738226  0.03738226  0.03313246  0.03313246  0.01637746  0.02053014  0.01224837  0.00000000  0.02470668  0.02470668  0.04595713  0.06341647  
14_29_0    0.17286474  0.17286474  0.16774723  0.17801854  0.17286474  0.17801854  0.17801854  0.05463438  0.05463438  0.06341647  0.09041790  0.09041790  0.10430432  0.09041790  0.08584743  0.08584743  0.06784762  0.06341647  0.04595713  0.04595713  0.05028281  0.05028281  0.01637746  0.02053014  0.02890736  0.02470668  0.00000000  0.00000000  0.07230596  0.09041790  
24_29_0    0.17286474  0.17286474  0.16774723  0.17801854  0.17286474  0.17801854  0.17801854  0.05463438  0.05463438  0.06341647  0.09041790  0.09041790  0.10430432  0.09041790  0.08584743  0.08584743  0.06784762  0.06341647  0.04595713  0.04595713  0.05028281  0.05028281  0.01637746  0.02053014  0.02890736  0.02470668  0.00000000  0.00000000  0.07230596  0.09041790  
6_0_0      0.13289932  0.13289932  0.12805468  0.13777647  0.13289932  0.14763005  0.14763005  0.04165705  0.05028281  0.04165705  0.05901216  0.05901216  0.07230596  0.06784762  0.06341647  0.06341647  0.04595713  0.05028281  0.05901216  0.05901216  0.05463438  0.05463438  0.06341647  0.05901216  0.05901216  0.04595713  0.07230596  0.07230596  0.00000000  0.01637746  
21_0_0     0.14268656  0.13289932  0.13777647  0.14763005  0.14268656  0.15761904  0.15761904  0.05901216  0.06784762  0.05901216  0.07679181  0.07679181  0.08130552  0.08584743  0.08130552  0.08130552  0.05463438  0.06784762  0.06784762  0.06784762  0.07230596  0.07230596  0.08130552  0.07679181  0.07679181  0.06341647  0.09041790  0.09041790  0.01637746  0.00000000  

