20
20_0_0     0.00000000  0.32234252  0.21025716  0.16974525  0.20335068  0.21025716  0.21025716  0.21025716  0.21722812  0.21722812  0.20335068  0.24578165  0.23854024  0.23854024  0.20335068  0.20335068  0.22426478  0.26047862  0.26793704  0.26793704  
16_0_0     0.32234252  0.00000000  0.28308118  0.28308118  0.29077002  0.30638940  0.30638940  0.30638940  0.33044876  0.41675413  0.40766059  0.36378355  0.35530929  0.35530929  0.29853887  0.34693014  0.32234252  0.33864397  0.34693014  0.32234252  
15_0_0     0.21025716  0.28308118  0.00000000  0.13758745  0.12510238  0.17634642  0.17634642  0.17634642  0.18972647  0.24578165  0.23136839  0.21722812  0.21025716  0.21025716  0.21722812  0.23136839  0.22426478  0.33864397  0.31432335  0.33044876  
14_0_0     0.16974525  0.28308118  0.13758745  0.00000000  0.07136756  0.18972647  0.18972647  0.18972647  0.20335068  0.23136839  0.21722812  0.22426478  0.21722812  0.21722812  0.22426478  0.26047862  0.21722812  0.29077002  0.28308118  0.28308118  
6_0_0      0.20335068  0.29077002  0.12510238  0.07136756  0.00000000  0.21722812  0.21722812  0.21722812  0.23136839  0.26793704  0.25309397  0.25309397  0.24578165  0.24578165  0.27547071  0.29853887  0.25309397  0.33044876  0.30638940  0.30638940  
10_0_0     0.21025716  0.30638940  0.17634642  0.18972647  0.21722812  0.00000000  0.00000000  0.00000000  0.02664795  0.13758745  0.10675771  0.10675771  0.10074163  0.10074163  0.11282266  0.13758745  0.13758745  0.34693014  0.32234252  0.33864397  
4_0_0      0.21025716  0.30638940  0.17634642  0.18972647  0.21722812  0.00000000  0.00000000  0.00000000  0.02664795  0.13758745  0.10675771  0.10675771  0.10074163  0.10074163  0.11282266  0.13758745  0.13758745  0.34693014  0.32234252  0.33864397  
12_0_0     0.21025716  0.30638940  0.17634642  0.18972647  0.21722812  0.00000000  0.00000000  0.00000000  0.02664795  0.13758745  0.10675771  0.10675771  0.10074163  0.10074163  0.11282266  0.13758745  0.13758745  0.34693014  0.32234252  0.33864397  
5_0_0      0.21722812  0.33044876  0.18972647  0.20335068  0.23136839  0.02664795  0.02664795  0.02664795  0.00000000  0.14390916  0.11282266  0.10074163  0.09477364  0.09477364  0.13131882  0.15671546  0.16320193  0.35530929  0.33044876  0.34693014  
11_0_0     0.21722812  0.41675413  0.24578165  0.23136839  0.26793704  0.13758745  0.13758745  0.13758745  0.14390916  0.00000000  0.03209360  0.19650750  0.18972647  0.18972647  0.16320193  0.19650750  0.20335068  0.37235510  0.34693014  0.38102620  
17_0_0     0.20335068  0.40766059  0.23136839  0.21722812  0.25309397  0.10675771  0.10675771  0.10675771  0.11282266  0.03209360  0.00000000  0.16320193  0.15671546  0.15671546  0.14390916  0.16320193  0.16974525  0.36378355  0.33864397  0.35530929  
7_0_0      0.24578165  0.36378355  0.21722812  0.22426478  0.25309397  0.10675771  0.10675771  0.10675771  0.10074163  0.19650750  0.16320193  0.00000000  0.00525405  0.00525405  0.13131882  0.15671546  0.17634642  0.29853887  0.28308118  0.29077002  
13_0_0     0.23854024  0.35530929  0.21025716  0.21722812  0.24578165  0.10074163  0.10074163  0.10074163  0.09477364  0.18972647  0.15671546  0.00525405  0.00000000  0.00000000  0.12510238  0.15028486  0.16974525  0.30638940  0.29077002  0.29853887  
9_0_0      0.23854024  0.35530929  0.21025716  0.21722812  0.24578165  0.10074163  0.10074163  0.10074163  0.09477364  0.18972647  0.15671546  0.00525405  0.00000000  0.00000000  0.12510238  0.15028486  0.16974525  0.30638940  0.29077002  0.29853887  
8_0_0      0.20335068  0.29853887  0.21722812  0.22426478  0.27547071  0.11282266  0.11282266  0.11282266  0.13131882  0.16320193  0.14390916  0.13131882  0.12510238  0.12510238  0.00000000  0.04867299  0.13758745  0.36378355  0.33864397  0.35530929  
18_0_0     0.20335068  0.34693014  0.23136839  0.26047862  0.29853887  0.13758745  0.13758745  0.13758745  0.15671546  0.19650750  0.16320193  0.15671546  0.15028486  0.15028486  0.04867299  0.00000000  0.14390916  0.37235510  0.36378355  0.36378355  
19_0_0     0.22426478  0.32234252  0.22426478  0.21722812  0.25309397  0.13758745  0.13758745  0.13758745  0.16320193  0.20335068  0.16974525  0.17634642  0.16974525  0.16974525  0.13758745  0.14390916  0.00000000  0.33864397  0.31432335  0.33044876  
1_0_0      0.26047862  0.33864397  0.33864397  0.29077002  0.33044876  0.34693014  0.34693014  0.34693014  0.35530929  0.37235510  0.36378355  0.29853887  0.30638940  0.30638940  0.36378355  0.37235510  0.33864397  0.00000000  0.03209360  0.01587437  
2_0_0      0.26793704  0.34693014  0.31432335  0.28308118  0.30638940  0.32234252  0.32234252  0.32234252  0.33044876  0.34693014  0.33864397  0.28308118  0.29077002  0.29077002  0.33864397  0.36378355  0.31432335  0.03209360  0.00000000  0.03757926  
3_0_0      0.26793704  0.32234252  0.33044876  0.28308118  0.30638940  0.33864397  0.33864397  0.33864397  0.34693014  0.38102620  0.35530929  0.29077002  0.29853887  0.29853887  0.35530929  0.36378355  0.33044876  0.01587437  0.03757926  0.00000000  

