20
20_0_0     0.00000000  0.38842865  0.34069908  0.33494477  0.32356936  0.34069908  0.34649874  0.40086083  0.41350661  0.41350661  0.39461849  0.37620297  0.41350661  0.40715656  0.32356936  0.32923509  0.34069908  0.32923509  0.30682924  0.30133275  
15_0_0     0.38842865  0.00000000  0.18506974  0.18040863  0.14414570  0.17577685  0.18976056  0.49431466  0.50146687  0.50146687  0.45956042  0.41991191  0.48723129  0.50868925  0.44610554  0.44610554  0.45956042  0.43289222  0.36417705  0.37016545  
14_1_0     0.34069908  0.18506974  0.00000000  0.00364538  0.08469071  0.14858206  0.16205387  0.43289222  0.43946923  0.43946923  0.42637345  0.40086083  0.43946923  0.47326583  0.38229043  0.38842865  0.39461849  0.37016545  0.31236709  0.31236709  
14_0_0     0.33494477  0.18040863  0.00364538  0.00000000  0.08062219  0.14414570  0.15753581  0.42637345  0.43289222  0.43289222  0.41991191  0.39461849  0.43289222  0.46638122  0.38842865  0.39461849  0.40086083  0.37620297  0.31794691  0.31794691  
6_0_0      0.32356936  0.14414570  0.08469071  0.08062219  0.00000000  0.08878185  0.12235634  0.43289222  0.43946923  0.43946923  0.38229043  0.38229043  0.40715656  0.43946923  0.35234446  0.35823698  0.36417705  0.34069908  0.28508535  0.29587700  
16_3_0     0.34069908  0.17577685  0.14858206  0.14414570  0.08878185  0.00000000  0.05667228  0.49431466  0.50146687  0.50146687  0.45280224  0.45280224  0.45280224  0.48021544  0.39461849  0.38842865  0.40715656  0.38229043  0.31794691  0.31794691  
16_2_0     0.34649874  0.18976056  0.16205387  0.15753581  0.12235634  0.05667228  0.00000000  0.48021544  0.48723129  0.48723129  0.45956042  0.45956042  0.45280224  0.48021544  0.41991191  0.41350661  0.43289222  0.40715656  0.35234446  0.36417705  
7_0_0      0.40086083  0.49431466  0.43289222  0.42637345  0.43289222  0.49431466  0.48021544  0.00000000  0.00730890  0.00730890  0.14414570  0.15304532  0.15753581  0.15753581  0.48021544  0.48723129  0.48021544  0.48723129  0.43946923  0.45956042  
13_0_0     0.41350661  0.50146687  0.43946923  0.43289222  0.43946923  0.50146687  0.48723129  0.00730890  0.00000000  0.00000000  0.14858206  0.15753581  0.16205387  0.16205387  0.47326583  0.48021544  0.47326583  0.48021544  0.44610554  0.46638122  
9_0_0      0.41350661  0.50146687  0.43946923  0.43289222  0.43946923  0.50146687  0.48723129  0.00730890  0.00000000  0.00000000  0.14858206  0.15753581  0.16205387  0.16205387  0.47326583  0.48021544  0.47326583  0.48021544  0.44610554  0.46638122  
19_5_0     0.39461849  0.45956042  0.42637345  0.41991191  0.38229043  0.45280224  0.45956042  0.14414570  0.14858206  0.14858206  0.00000000  0.05275531  0.10958576  0.10537767  0.42637345  0.43289222  0.42637345  0.43289222  0.37016545  0.39461849  
19_0_0     0.37620297  0.41991191  0.40086083  0.39461849  0.38229043  0.45280224  0.45956042  0.15304532  0.15753581  0.15753581  0.05275531  0.00000000  0.11807481  0.12235634  0.40715656  0.41350661  0.40715656  0.41350661  0.34069908  0.36417705  
8_0_0      0.41350661  0.48723129  0.43946923  0.43289222  0.40715656  0.45280224  0.45280224  0.15753581  0.16205387  0.16205387  0.10958576  0.11807481  0.00000000  0.01841015  0.45280224  0.44610554  0.45280224  0.45956042  0.37620297  0.40715656  
18_0_0     0.40715656  0.50868925  0.47326583  0.46638122  0.43946923  0.48021544  0.48021544  0.15753581  0.16205387  0.16205387  0.10537767  0.12235634  0.01841015  0.00000000  0.47326583  0.46638122  0.47326583  0.48021544  0.39461849  0.42637345  
4_0_0      0.32356936  0.44610554  0.38229043  0.38842865  0.35234446  0.39461849  0.41991191  0.48021544  0.47326583  0.47326583  0.42637345  0.40715656  0.45280224  0.47326583  0.00000000  0.00730890  0.01469110  0.01469110  0.08878185  0.08062219  
12_0_0     0.32923509  0.44610554  0.38842865  0.39461849  0.35823698  0.38842865  0.41350661  0.48723129  0.48021544  0.48021544  0.43289222  0.41350661  0.44610554  0.46638122  0.00730890  0.00000000  0.02214809  0.02214809  0.09703299  0.08878185  
10_0_0     0.34069908  0.45956042  0.39461849  0.40086083  0.36417705  0.40715656  0.43289222  0.48021544  0.47326583  0.47326583  0.42637345  0.40715656  0.45280224  0.47326583  0.01469110  0.02214809  0.00000000  0.02214809  0.09703299  0.08878185  
5_0_0      0.32923509  0.43289222  0.37016545  0.37620297  0.34069908  0.38229043  0.40715656  0.48723129  0.48021544  0.48021544  0.43289222  0.41350661  0.45956042  0.48021544  0.01469110  0.02214809  0.02214809  0.00000000  0.08062219  0.07255198  
11_0_0     0.30682924  0.36417705  0.31236709  0.31794691  0.28508535  0.31794691  0.35234446  0.43946923  0.44610554  0.44610554  0.37016545  0.34069908  0.37620297  0.39461849  0.08878185  0.09703299  0.09703299  0.08062219  0.00000000  0.02214809  
17_0_0     0.30133275  0.37016545  0.31236709  0.31794691  0.29587700  0.31794691  0.36417705  0.45956042  0.46638122  0.46638122  0.39461849  0.36417705  0.40715656  0.42637345  0.08062219  0.08878185  0.08878185  0.07255198  0.02214809  0.00000000  

