20
15_0_0     0.00000000  0.19964579  0.19964579  0.19964579  0.22459767  0.26106957  0.25574340  0.27729167  0.26106957  0.33420406  0.38325843  0.38963512  0.29951321  0.28278231  0.30517879  0.36446437  0.34015401  0.43594822  0.37693841  0.36446437  
20_0_0     0.19964579  0.00000000  0.01497128  0.00744625  0.08653881  0.10776689  0.10347029  0.16145863  0.14310734  0.30517879  0.30517879  0.31088986  0.22969484  0.22459767  0.23482879  0.27729167  0.26106957  0.37693841  0.27184309  0.26106957  
12_0_0     0.19964579  0.01497128  0.00000000  0.00744625  0.07822186  0.09919948  0.09495417  0.15222381  0.13410625  0.31664716  0.31664716  0.32245144  0.24000007  0.23482879  0.23482879  0.27729167  0.26106957  0.38963512  0.28278231  0.27184309  
19_0_0     0.19964579  0.00744625  0.00744625  0.00000000  0.07822186  0.09919948  0.09495417  0.15222381  0.13410625  0.31664716  0.31664716  0.32245144  0.24000007  0.23482879  0.23482879  0.27729167  0.26106957  0.38963512  0.28278231  0.27184309  
13_0_0     0.22459767  0.08653881  0.07822186  0.07822186  0.00000000  0.12521765  0.12081465  0.16145863  0.16145863  0.32245144  0.29951321  0.29389240  0.21451164  0.21953678  0.26643593  0.29389240  0.28831566  0.39606949  0.27729167  0.26643593  
18_0_0     0.26106957  0.10776689  0.09919948  0.09919948  0.12521765  0.00000000  0.00371338  0.18990508  0.16145863  0.33420406  0.35220533  0.33420406  0.28831566  0.29389240  0.26643593  0.30517879  0.27729167  0.38963512  0.31088986  0.29951321  
14_0_0     0.25574340  0.10347029  0.09495417  0.09495417  0.12081465  0.00371338  0.00000000  0.18990508  0.16145863  0.33420406  0.35220533  0.33420406  0.28278231  0.28831566  0.26643593  0.30517879  0.27729167  0.38325843  0.30517879  0.29389240  
17_0_0     0.27729167  0.16145863  0.15222381  0.15222381  0.16145863  0.18990508  0.18990508  0.00000000  0.03803617  0.32830348  0.32245144  0.31664716  0.27729167  0.27184309  0.28831566  0.29951321  0.28278231  0.42240536  0.33420406  0.32245144  
16_0_0     0.26106957  0.14310734  0.13410625  0.13410625  0.16145863  0.16145863  0.16145863  0.03803617  0.00000000  0.32245144  0.32245144  0.31664716  0.28278231  0.27729167  0.27184309  0.29389240  0.26643593  0.38325843  0.32830348  0.31664716  
5_0_0      0.33420406  0.30517879  0.31664716  0.31664716  0.32245144  0.33420406  0.33420406  0.32830348  0.32245144  0.00000000  0.08653881  0.08236818  0.17081494  0.16612140  0.18508430  0.20952176  0.20456663  0.29951321  0.20952176  0.21953678  
4_0_0      0.38325843  0.30517879  0.31664716  0.31664716  0.29951321  0.35220533  0.35220533  0.32245144  0.32245144  0.08653881  0.00000000  0.01119881  0.18029597  0.17553966  0.22459767  0.22459767  0.23482879  0.34615415  0.21451164  0.20456663  
3_0_0      0.38963512  0.31088986  0.32245144  0.32245144  0.29389240  0.33420406  0.33420406  0.31664716  0.31664716  0.08236818  0.01119881  0.00000000  0.18508430  0.18029597  0.21953678  0.21953678  0.22969484  0.34015401  0.22969484  0.21953678  
2_0_0      0.29951321  0.22969484  0.24000007  0.24000007  0.21451164  0.28831566  0.28278231  0.27729167  0.28278231  0.17081494  0.18029597  0.18508430  0.00000000  0.01119881  0.16145863  0.17553966  0.15682623  0.30517879  0.14310734  0.12964806  
8_0_0      0.28278231  0.22459767  0.23482879  0.23482879  0.21953678  0.29389240  0.28831566  0.27184309  0.27729167  0.16612140  0.17553966  0.18029597  0.01119881  0.00000000  0.14765097  0.16145863  0.14310734  0.29951321  0.14765097  0.13410625  
9_0_0      0.30517879  0.23482879  0.23482879  0.23482879  0.26643593  0.26643593  0.26643593  0.28831566  0.27184309  0.18508430  0.22459767  0.21953678  0.16145863  0.14765097  0.00000000  0.05784525  0.05784525  0.28278231  0.21953678  0.20952176  
1_0_0      0.36446437  0.27729167  0.27729167  0.27729167  0.29389240  0.30517879  0.30517879  0.29951321  0.29389240  0.20952176  0.22459767  0.21953678  0.17553966  0.16145863  0.05784525  0.00000000  0.06592598  0.28831566  0.21451164  0.20952176  
6_0_0      0.34015401  0.26106957  0.26106957  0.26106957  0.28831566  0.27729167  0.27729167  0.28278231  0.26643593  0.20456663  0.23482879  0.22969484  0.15682623  0.14310734  0.05784525  0.06592598  0.00000000  0.32245144  0.21451164  0.20456663  
10_0_0     0.43594822  0.37693841  0.38963512  0.38963512  0.39606949  0.38963512  0.38325843  0.42240536  0.38325843  0.29951321  0.34615415  0.34015401  0.30517879  0.29951321  0.28278231  0.28831566  0.32245144  0.00000000  0.23482879  0.22969484  
7_0_0      0.37693841  0.27184309  0.28278231  0.28278231  0.27729167  0.31088986  0.30517879  0.33420406  0.32830348  0.20952176  0.21451164  0.22969484  0.14310734  0.14765097  0.21953678  0.21451164  0.21451164  0.23482879  0.00000000  0.02641023  
11_0_0     0.36446437  0.26106957  0.27184309  0.27184309  0.26643593  0.29951321  0.29389240  0.32245144  0.31664716  0.21953678  0.20456663  0.21953678  0.12964806  0.13410625  0.20952176  0.20952176  0.20456663  0.22969484  0.02641023  0.00000000  

