23
16_0_0     0.00000000  0.13029904  0.05210215  0.05210215  0.10814220  0.10814220  0.10814220  0.12283965  0.11545452  0.14544669  0.16091013  0.11545452  0.11545452  0.33637626  0.37706331  0.35644086  0.36668043  0.32654388  0.32654388  0.34634072  0.34634072  0.37706331  0.45412200  
20_0_0     0.13029904  0.00000000  0.11545452  0.11545452  0.17670279  0.17670279  0.16091013  0.16091013  0.16876443  0.21772119  0.23478544  0.18472702  0.18472702  0.37706331  0.43127645  0.38759360  0.37706331  0.39827552  0.39827552  0.35644086  0.35644086  0.39827552  0.43127645  
13_0_0     0.05210215  0.11545452  0.00000000  0.00000000  0.12283965  0.12283965  0.10814220  0.12283965  0.13029904  0.14544669  0.16091013  0.11545452  0.11545452  0.35644086  0.36668043  0.33637626  0.37706331  0.37706331  0.37706331  0.37706331  0.37706331  0.40911352  0.46581416  
19_0_0     0.05210215  0.11545452  0.00000000  0.00000000  0.12283965  0.12283965  0.10814220  0.12283965  0.13029904  0.14544669  0.16091013  0.11545452  0.11545452  0.35644086  0.36668043  0.33637626  0.37706331  0.37706331  0.37706331  0.37706331  0.37706331  0.40911352  0.46581416  
15_1_0     0.10814220  0.17670279  0.12283965  0.12283965  0.00000000  0.00000000  0.01268649  0.02559372  0.01911203  0.10090126  0.11545452  0.07262426  0.07262426  0.33637626  0.31684012  0.33637626  0.36668043  0.32654388  0.32654388  0.34634072  0.34634072  0.36668043  0.38759360  
17_1_0     0.10814220  0.17670279  0.12283965  0.12283965  0.00000000  0.00000000  0.01268649  0.02559372  0.01911203  0.10090126  0.11545452  0.07262426  0.07262426  0.33637626  0.31684012  0.33637626  0.36668043  0.32654388  0.32654388  0.34634072  0.34634072  0.36668043  0.38759360  
18_2_0     0.10814220  0.16091013  0.10814220  0.10814220  0.01268649  0.01268649  0.00000000  0.01268649  0.01911203  0.08662802  0.10090126  0.05887996  0.05887996  0.31684012  0.31684012  0.31684012  0.34634072  0.32654388  0.32654388  0.32654388  0.32654388  0.34634072  0.40911352  
18_1_0     0.12283965  0.16091013  0.12283965  0.12283965  0.02559372  0.02559372  0.01268649  0.00000000  0.03213255  0.10090126  0.11545452  0.07262426  0.07262426  0.33637626  0.33637626  0.33637626  0.36668043  0.32654388  0.32654388  0.34634072  0.34634072  0.36668043  0.43127645  
14_1_0     0.11545452  0.16876443  0.13029904  0.13029904  0.01911203  0.01911203  0.01911203  0.03213255  0.00000000  0.10814220  0.12283965  0.07959309  0.07959309  0.32654388  0.32654388  0.32654388  0.35644086  0.31684012  0.31684012  0.33637626  0.33637626  0.35644086  0.37706331  
14_0_0     0.14544669  0.21772119  0.14544669  0.14544669  0.10090126  0.10090126  0.08662802  0.10090126  0.10814220  0.00000000  0.03872953  0.03872953  0.03872953  0.36668043  0.36668043  0.36668043  0.37706331  0.35644086  0.35644086  0.35644086  0.35644086  0.35644086  0.40911352  
18_0_0     0.16091013  0.23478544  0.16091013  0.16091013  0.11545452  0.11545452  0.10090126  0.11545452  0.12283965  0.03872953  0.00000000  0.05210215  0.05210215  0.31684012  0.31684012  0.33637626  0.34634072  0.32654388  0.32654388  0.32654388  0.32654388  0.33637626  0.39827552  
15_0_0     0.11545452  0.18472702  0.11545452  0.11545452  0.07262426  0.07262426  0.05887996  0.07262426  0.07959309  0.03872953  0.05210215  0.00000000  0.00000000  0.34634072  0.34634072  0.34634072  0.35644086  0.33637626  0.33637626  0.33637626  0.33637626  0.33637626  0.40911352  
17_0_0     0.11545452  0.18472702  0.11545452  0.11545452  0.07262426  0.07262426  0.05887996  0.07262426  0.07959309  0.03872953  0.05210215  0.00000000  0.00000000  0.34634072  0.34634072  0.34634072  0.35644086  0.33637626  0.33637626  0.33637626  0.33637626  0.33637626  0.40911352  
9_0_0      0.33637626  0.37706331  0.35644086  0.35644086  0.33637626  0.33637626  0.31684012  0.33637626  0.32654388  0.36668043  0.31684012  0.34634072  0.34634072  0.00000000  0.08662802  0.06572028  0.10814220  0.18472702  0.18472702  0.16876443  0.16876443  0.16876443  0.28846801  
3_0_0      0.37706331  0.43127645  0.36668043  0.36668043  0.31684012  0.31684012  0.31684012  0.33637626  0.32654388  0.36668043  0.31684012  0.34634072  0.34634072  0.08662802  0.00000000  0.04538571  0.11545452  0.20104068  0.20104068  0.18472702  0.18472702  0.19283900  0.26114121  
6_0_0      0.35644086  0.38759360  0.33637626  0.33637626  0.33637626  0.33637626  0.31684012  0.33637626  0.32654388  0.36668043  0.33637626  0.34634072  0.34634072  0.06572028  0.04538571  0.00000000  0.07959309  0.16091013  0.16091013  0.14544669  0.14544669  0.15313812  0.24346706  
10_0_0     0.36668043  0.37706331  0.37706331  0.37706331  0.36668043  0.36668043  0.34634072  0.36668043  0.35644086  0.37706331  0.34634072  0.35644086  0.35644086  0.10814220  0.11545452  0.07959309  0.00000000  0.14544669  0.14544669  0.13029904  0.13029904  0.13783420  0.22620425  
12_0_0     0.32654388  0.39827552  0.37706331  0.37706331  0.32654388  0.32654388  0.32654388  0.32654388  0.31684012  0.35644086  0.32654388  0.33637626  0.33637626  0.18472702  0.20104068  0.16091013  0.14544669  0.00000000  0.00000000  0.02559372  0.02559372  0.10814220  0.27924677  
2_0_0      0.32654388  0.39827552  0.37706331  0.37706331  0.32654388  0.32654388  0.32654388  0.32654388  0.31684012  0.35644086  0.32654388  0.33637626  0.33637626  0.18472702  0.20104068  0.16091013  0.14544669  0.00000000  0.00000000  0.02559372  0.02559372  0.10814220  0.27924677  
4_0_0      0.34634072  0.35644086  0.37706331  0.37706331  0.34634072  0.34634072  0.32654388  0.34634072  0.33637626  0.35644086  0.32654388  0.33637626  0.33637626  0.16876443  0.18472702  0.14544669  0.13029904  0.02559372  0.02559372  0.00000000  0.00000000  0.09373031  0.27924677  
11_0_0     0.34634072  0.35644086  0.37706331  0.37706331  0.34634072  0.34634072  0.32654388  0.34634072  0.33637626  0.35644086  0.32654388  0.33637626  0.33637626  0.16876443  0.18472702  0.14544669  0.13029904  0.02559372  0.02559372  0.00000000  0.00000000  0.09373031  0.27924677  
5_0_0      0.37706331  0.39827552  0.40911352  0.40911352  0.36668043  0.36668043  0.34634072  0.36668043  0.35644086  0.35644086  0.33637626  0.33637626  0.33637626  0.16876443  0.19283900  0.15313812  0.13783420  0.10814220  0.10814220  0.09373031  0.09373031  0.00000000  0.27924677  
7_0_0      0.45412200  0.43127645  0.46581416  0.46581416  0.38759360  0.38759360  0.40911352  0.43127645  0.37706331  0.40911352  0.39827552  0.40911352  0.40911352  0.28846801  0.26114121  0.24346706  0.22620425  0.27924677  0.27924677  0.27924677  0.27924677  0.27924677  0.00000000  

