12
17_4_0     0.00000000  0.03254283  0.04211756  0.09718393  0.31410918  0.31410918  0.33552096  0.36509825  0.33552096  0.35015770  0.37268645  0.30018050  
14_4_0     0.03254283  0.00000000  0.02780281  0.09200015  0.29331595  0.30711115  0.31410918  0.32831270  0.32831270  0.34280213  0.35015770  0.30018050  
6_4_0      0.04211756  0.02780281  0.00000000  0.07163046  0.30711115  0.32117591  0.31410918  0.31410918  0.32831270  0.35015770  0.36509825  0.31410918  
5_4_0      0.09718393  0.09200015  0.07163046  0.00000000  0.30018050  0.30018050  0.33552096  0.35758922  0.32117591  0.36509825  0.37268645  0.30711115  
8_3_0      0.31410918  0.29331595  0.30711115  0.30018050  0.00000000  0.01841538  0.06165778  0.12909589  0.11296308  0.10766484  0.12367801  0.07666910  
20_3_0     0.31410918  0.30711115  0.32117591  0.30018050  0.01841538  0.00000000  0.08174325  0.14559857  0.12367801  0.12909589  0.14005553  0.08685343  
15_3_0     0.33552096  0.31410918  0.31410918  0.33552096  0.06165778  0.08174325  0.00000000  0.12909589  0.11830061  0.10766484  0.14005553  0.08174325  
9_3_0      0.36509825  0.32831270  0.31410918  0.35758922  0.12909589  0.14559857  0.12909589  0.00000000  0.13455485  0.09200015  0.11296308  0.14559857  
16_3_0     0.33552096  0.32831270  0.32831270  0.32117591  0.11296308  0.12367801  0.11830061  0.13455485  0.00000000  0.08685343  0.13455485  0.08685343  
18_3_0     0.35015770  0.34280213  0.35015770  0.36509825  0.10766484  0.12909589  0.10766484  0.09200015  0.08685343  0.00000000  0.09200015  0.10766484  
7_3_0      0.37268645  0.35015770  0.36509825  0.37268645  0.12367801  0.14005553  0.14005553  0.11296308  0.13455485  0.09200015  0.00000000  0.14005553  
19_3_0     0.30018050  0.30018050  0.31410918  0.30711115  0.07666910  0.08685343  0.08174325  0.14559857  0.08685343  0.10766484  0.14005553  0.00000000  

