31
82_20_0    0.00000000  0.02158602  0.09036705  0.06672811  0.33721893  0.33721893  0.33721893  0.34562659  0.34562659  0.36273174  0.32890500  0.32068274  0.37143373  0.37143373  0.37143373  0.26553351  0.32890500  0.32890500  0.32890500  0.33721893  0.34562659  0.30450530  0.31255015  0.28867136  0.32890500  0.38023847  0.38914841  0.36273174  0.33721893  0.32068274  0.32068274  
62_20_0    0.02158602  0.00000000  0.09036705  0.06672811  0.33721893  0.33721893  0.35413012  0.34562659  0.34562659  0.38023847  0.34562659  0.33721893  0.38914841  0.38914841  0.38914841  0.28087871  0.34562659  0.34562659  0.34562659  0.35413012  0.36273174  0.32068274  0.32890500  0.30450530  0.34562659  0.38023847  0.40729415  0.38023847  0.33721893  0.32068274  0.32068274  
62_11_0    0.09036705  0.09036705  0.00000000  0.02158602  0.31255015  0.31255015  0.32068274  0.28867136  0.28867136  0.32068274  0.28867136  0.32890500  0.32890500  0.32890500  0.32890500  0.28087871  0.32068274  0.32068274  0.32890500  0.32890500  0.33721893  0.32068274  0.32890500  0.30450530  0.34562659  0.32068274  0.34562659  0.32068274  0.29654631  0.28087871  0.28087871  
82_11_0    0.06672811  0.06672811  0.02158602  0.00000000  0.32068274  0.32068274  0.31255015  0.29654631  0.29654631  0.32890500  0.29654631  0.32068274  0.33721893  0.33721893  0.33721893  0.28087871  0.32890500  0.32890500  0.32068274  0.33721893  0.34562659  0.32068274  0.32890500  0.30450530  0.34562659  0.31255015  0.33721893  0.31255015  0.30450530  0.28867136  0.28867136  
55_17_0    0.33721893  0.33721893  0.31255015  0.32068274  0.00000000  0.01071491  0.03261795  0.16614253  0.17955562  0.19321439  0.17955562  0.19321439  0.18635373  0.18635373  0.18635373  0.16614253  0.14646467  0.15296643  0.16614253  0.15296643  0.15296643  0.17281892  0.17955562  0.17281892  0.17955562  0.36273174  0.35413012  0.34562659  0.30450530  0.29654631  0.30450530  
93_17_0    0.33721893  0.33721893  0.31255015  0.32068274  0.01071491  0.00000000  0.04381554  0.16614253  0.17955562  0.19321439  0.17955562  0.19321439  0.18635373  0.18635373  0.18635373  0.16614253  0.14646467  0.15296643  0.16614253  0.15296643  0.15296643  0.17281892  0.17955562  0.17281892  0.17955562  0.38023847  0.37143373  0.36273174  0.29654631  0.28867136  0.29654631  
96_17_0    0.33721893  0.35413012  0.32068274  0.31255015  0.03261795  0.04381554  0.00000000  0.19321439  0.20712801  0.22130617  0.20712801  0.20712801  0.21418340  0.21418340  0.21418340  0.16614253  0.15952538  0.16614253  0.15296643  0.16614253  0.16614253  0.18635373  0.19321439  0.20013875  0.19321439  0.34562659  0.33721893  0.32890500  0.32890500  0.32890500  0.33721893  
58_16_0    0.34562659  0.34562659  0.28867136  0.29654631  0.16614253  0.16614253  0.19321439  0.00000000  0.01071491  0.03261795  0.02158602  0.05518383  0.03819573  0.03819573  0.03819573  0.12101008  0.08438670  0.09036705  0.10860137  0.09036705  0.09639575  0.11477992  0.12101008  0.11477992  0.12729274  0.35413012  0.36273174  0.35413012  0.35413012  0.33721893  0.34562659  
65_16_0    0.34562659  0.34562659  0.28867136  0.29654631  0.17955562  0.17955562  0.20712801  0.01071491  0.00000000  0.03261795  0.02158602  0.06672811  0.04947802  0.04947802  0.04947802  0.13362878  0.09639575  0.09036705  0.10860137  0.10247359  0.10860137  0.12729274  0.13362878  0.12729274  0.14001911  0.37143373  0.38023847  0.37143373  0.37143373  0.35413012  0.36273174  
54_16_0    0.36273174  0.38023847  0.32068274  0.32890500  0.19321439  0.19321439  0.22130617  0.03261795  0.03261795  0.00000000  0.02158602  0.05518383  0.04947802  0.04947802  0.04947802  0.12101008  0.09639575  0.09036705  0.10860137  0.10247359  0.10860137  0.12729274  0.13362878  0.12729274  0.14001911  0.38023847  0.37143373  0.36273174  0.37143373  0.35413012  0.36273174  
57_16_0    0.32890500  0.34562659  0.28867136  0.29654631  0.17955562  0.17955562  0.20712801  0.02158602  0.02158602  0.02158602  0.00000000  0.05518383  0.03819573  0.03819573  0.03819573  0.12101008  0.09639575  0.07845392  0.09639575  0.10247359  0.10860137  0.12729274  0.13362878  0.12729274  0.14001911  0.37143373  0.36273174  0.35413012  0.33721893  0.32068274  0.32890500  
43_16_0    0.32068274  0.33721893  0.32890500  0.32068274  0.19321439  0.19321439  0.20712801  0.05518383  0.06672811  0.05518383  0.05518383  0.00000000  0.04947802  0.04947802  0.04947802  0.12101008  0.10860137  0.10247359  0.10860137  0.11477992  0.12101008  0.12729274  0.13362878  0.12729274  0.14001911  0.37143373  0.36273174  0.35413012  0.38914841  0.37143373  0.38023847  
78_16_0    0.37143373  0.38914841  0.32890500  0.33721893  0.18635373  0.18635373  0.21418340  0.03819573  0.04947802  0.04947802  0.03819573  0.04947802  0.00000000  0.00000000  0.01071491  0.11477992  0.09036705  0.09639575  0.11477992  0.09639575  0.09036705  0.12101008  0.12729274  0.12101008  0.13362878  0.38914841  0.38023847  0.37143373  0.35413012  0.33721893  0.34562659  
78_23_0    0.37143373  0.38914841  0.32890500  0.33721893  0.18635373  0.18635373  0.21418340  0.03819573  0.04947802  0.04947802  0.03819573  0.04947802  0.00000000  0.00000000  0.01071491  0.11477992  0.09036705  0.09639575  0.11477992  0.09639575  0.09036705  0.12101008  0.12729274  0.12101008  0.13362878  0.38914841  0.38023847  0.37143373  0.35413012  0.33721893  0.34562659  
51_16_0    0.37143373  0.38914841  0.32890500  0.33721893  0.18635373  0.18635373  0.21418340  0.03819573  0.04947802  0.04947802  0.03819573  0.04947802  0.01071491  0.01071491  0.00000000  0.12729274  0.10247359  0.09639575  0.11477992  0.10860137  0.10247359  0.13362878  0.14001911  0.13362878  0.14646467  0.38023847  0.38914841  0.38023847  0.36273174  0.34562659  0.35413012  
57_21_0    0.26553351  0.28087871  0.28087871  0.28087871  0.16614253  0.16614253  0.16614253  0.12101008  0.13362878  0.12101008  0.12101008  0.12101008  0.11477992  0.11477992  0.12729274  0.00000000  0.04947802  0.07845392  0.09036705  0.05518383  0.06093363  0.05518383  0.06093363  0.06672811  0.06093363  0.36273174  0.35413012  0.34562659  0.32890500  0.32068274  0.32068274  
54_21_0    0.32890500  0.34562659  0.32068274  0.32890500  0.14646467  0.14646467  0.15952538  0.08438670  0.09639575  0.09639575  0.09639575  0.10860137  0.09036705  0.09036705  0.10247359  0.04947802  0.00000000  0.03819573  0.04947802  0.00533821  0.01071491  0.03819573  0.04381554  0.04947802  0.05518383  0.35413012  0.34562659  0.33721893  0.35413012  0.34562659  0.35413012  
65_21_0    0.32890500  0.34562659  0.32068274  0.32890500  0.15296643  0.15296643  0.16614253  0.09036705  0.09036705  0.09036705  0.07845392  0.10247359  0.09639575  0.09639575  0.09639575  0.07845392  0.03819573  0.00000000  0.01613065  0.04381554  0.04947802  0.07256797  0.07845392  0.08438670  0.09036705  0.38914841  0.38023847  0.37143373  0.37143373  0.36273174  0.37143373  
58_21_0    0.32890500  0.34562659  0.32890500  0.32068274  0.16614253  0.16614253  0.15296643  0.10860137  0.10860137  0.10860137  0.09639575  0.10860137  0.11477992  0.11477992  0.11477992  0.09036705  0.04947802  0.01613065  0.00000000  0.05518383  0.06093363  0.08438670  0.09036705  0.09639575  0.10247359  0.38914841  0.38023847  0.37143373  0.38914841  0.38023847  0.38914841  
58_22_0    0.33721893  0.35413012  0.32890500  0.33721893  0.15296643  0.15296643  0.16614253  0.09036705  0.10247359  0.10247359  0.10247359  0.11477992  0.09639575  0.09639575  0.10860137  0.05518383  0.00533821  0.04381554  0.05518383  0.00000000  0.01613065  0.04381554  0.03819573  0.05518383  0.06093363  0.36273174  0.33721893  0.34562659  0.36273174  0.35413012  0.36273174  
65_22_0    0.34562659  0.36273174  0.33721893  0.34562659  0.15296643  0.15296643  0.16614253  0.09639575  0.10860137  0.10860137  0.10860137  0.12101008  0.09036705  0.09036705  0.10247359  0.06093363  0.01071491  0.04947802  0.06093363  0.01613065  0.00000000  0.04947802  0.05518383  0.06093363  0.06672811  0.33721893  0.32890500  0.32068274  0.33721893  0.32890500  0.33721893  
84_21_0    0.30450530  0.32068274  0.32068274  0.32068274  0.17281892  0.17281892  0.18635373  0.11477992  0.12729274  0.12729274  0.12729274  0.12729274  0.12101008  0.12101008  0.13362878  0.05518383  0.03819573  0.07256797  0.08438670  0.04381554  0.04947802  0.00000000  0.00533821  0.01071491  0.04381554  0.38023847  0.37143373  0.36273174  0.39816609  0.38914841  0.39816609  
34_21_0    0.31255015  0.32890500  0.32890500  0.32890500  0.17955562  0.17955562  0.19321439  0.12101008  0.13362878  0.13362878  0.13362878  0.13362878  0.12729274  0.12729274  0.14001911  0.06093363  0.04381554  0.07845392  0.09036705  0.03819573  0.05518383  0.00533821  0.00000000  0.01613065  0.04947802  0.38914841  0.36273174  0.37143373  0.40729415  0.39816609  0.40729415  
56_21_0    0.28867136  0.30450530  0.30450530  0.30450530  0.17281892  0.17281892  0.20013875  0.11477992  0.12729274  0.12729274  0.12729274  0.12729274  0.12101008  0.12101008  0.13362878  0.06672811  0.04947802  0.08438670  0.09639575  0.05518383  0.06093363  0.01071491  0.01613065  0.00000000  0.05518383  0.39816609  0.38914841  0.38023847  0.40729415  0.38914841  0.39816609  
43_21_0    0.32890500  0.34562659  0.34562659  0.34562659  0.17955562  0.17955562  0.19321439  0.12729274  0.14001911  0.14001911  0.14001911  0.14001911  0.13362878  0.13362878  0.14646467  0.06093363  0.05518383  0.09036705  0.10247359  0.06093363  0.06672811  0.04381554  0.04947802  0.05518383  0.00000000  0.39816609  0.38914841  0.38914841  0.38023847  0.37143373  0.38023847  
79_12_0    0.38023847  0.38023847  0.32068274  0.31255015  0.36273174  0.38023847  0.34562659  0.35413012  0.37143373  0.38023847  0.37143373  0.37143373  0.38914841  0.38914841  0.38023847  0.36273174  0.35413012  0.38914841  0.38914841  0.36273174  0.33721893  0.38023847  0.38914841  0.39816609  0.39816609  0.00000000  0.02708159  0.02158602  0.14001911  0.13362878  0.14001911  
48_12_0    0.38914841  0.40729415  0.34562659  0.33721893  0.35413012  0.37143373  0.33721893  0.36273174  0.38023847  0.37143373  0.36273174  0.36273174  0.38023847  0.38023847  0.38914841  0.35413012  0.34562659  0.38023847  0.38023847  0.33721893  0.32890500  0.37143373  0.36273174  0.38914841  0.38914841  0.02708159  0.00000000  0.02708159  0.13362878  0.12729274  0.13362878  
95_12_0    0.36273174  0.38023847  0.32068274  0.31255015  0.34562659  0.36273174  0.32890500  0.35413012  0.37143373  0.36273174  0.35413012  0.35413012  0.37143373  0.37143373  0.38023847  0.34562659  0.33721893  0.37143373  0.37143373  0.34562659  0.32068274  0.36273174  0.37143373  0.38023847  0.38914841  0.02158602  0.02708159  0.00000000  0.14001911  0.13362878  0.14001911  
79_15_0    0.33721893  0.33721893  0.29654631  0.30450530  0.30450530  0.29654631  0.32890500  0.35413012  0.37143373  0.37143373  0.33721893  0.38914841  0.35413012  0.35413012  0.36273174  0.32890500  0.35413012  0.37143373  0.38914841  0.36273174  0.33721893  0.39816609  0.40729415  0.40729415  0.38023847  0.14001911  0.13362878  0.14001911  0.00000000  0.01071491  0.01613065  
48_15_0    0.32068274  0.32068274  0.28087871  0.28867136  0.29654631  0.28867136  0.32890500  0.33721893  0.35413012  0.35413012  0.32068274  0.37143373  0.33721893  0.33721893  0.34562659  0.32068274  0.34562659  0.36273174  0.38023847  0.35413012  0.32890500  0.38914841  0.39816609  0.38914841  0.37143373  0.13362878  0.12729274  0.13362878  0.01071491  0.00000000  0.00533821  
95_15_0    0.32068274  0.32068274  0.28087871  0.28867136  0.30450530  0.29654631  0.33721893  0.34562659  0.36273174  0.36273174  0.32890500  0.38023847  0.34562659  0.34562659  0.35413012  0.32068274  0.35413012  0.37143373  0.38914841  0.36273174  0.33721893  0.39816609  0.40729415  0.39816609  0.38023847  0.14001911  0.13362878  0.14001911  0.01613065  0.00533821  0.00000000  

