20
9_0_0      0.00000000  0.03262213  0.01613167  0.01613167  0.02158784  0.01613167  0.02158784  0.02158784  0.10864933  0.10251617  0.10251617  0.12106998  0.11483365  0.11483365  0.20731075  0.20030880  0.20030880  0.20731075  0.19337236  0.19337236  
4_0_0      0.03262213  0.00000000  0.01613167  0.01613167  0.02158784  0.01613167  0.02158784  0.02158784  0.14655347  0.14010002  0.14010002  0.14655347  0.14010002  0.14010002  0.23599912  0.22872230  0.22872230  0.23599912  0.22151620  0.22151620  
12_0_0     0.01613167  0.01613167  0.00000000  0.00000000  0.00533832  0.00000000  0.00533832  0.00533832  0.12735921  0.12106998  0.12106998  0.12735921  0.12106998  0.12106998  0.22872230  0.22151620  0.22151620  0.22872230  0.21437945  0.21437945  
5_0_0      0.01613167  0.01613167  0.00000000  0.00000000  0.00533832  0.00000000  0.00533832  0.00533832  0.12735921  0.12106998  0.12106998  0.12735921  0.12106998  0.12106998  0.22872230  0.22151620  0.22151620  0.22872230  0.21437945  0.21437945  
10_0_0     0.02158784  0.02158784  0.00533832  0.00533832  0.00000000  0.00533832  0.01071535  0.01071535  0.13370225  0.12735921  0.12735921  0.13370225  0.12735921  0.12735921  0.22151620  0.21437945  0.21437945  0.22151620  0.20731075  0.20731075  
7_0_0      0.01613167  0.01613167  0.00000000  0.00000000  0.00533832  0.00000000  0.00533832  0.00533832  0.12735921  0.12106998  0.12106998  0.12735921  0.12106998  0.12106998  0.22872230  0.22151620  0.22151620  0.22872230  0.21437945  0.21437945  
1_0_0      0.02158784  0.02158784  0.00533832  0.00533832  0.01071535  0.00533832  0.00000000  0.01071535  0.13370225  0.12735921  0.12735921  0.13370225  0.12735921  0.12735921  0.23599912  0.22872230  0.22872230  0.23599912  0.22151620  0.22151620  
8_0_0      0.02158784  0.02158784  0.00533832  0.00533832  0.01071535  0.00533832  0.01071535  0.00000000  0.13370225  0.12735921  0.12735921  0.13370225  0.12735921  0.12735921  0.23599912  0.22872230  0.22872230  0.23599912  0.22151620  0.22151620  
13_0_0     0.10864933  0.14655347  0.12735921  0.12735921  0.13370225  0.12735921  0.13370225  0.13370225  0.00000000  0.00533832  0.00533832  0.02158784  0.01613167  0.01613167  0.19337236  0.18650021  0.18650021  0.17969117  0.19337236  0.17969117  
3_0_0      0.10251617  0.14010002  0.12106998  0.12106998  0.12735921  0.12106998  0.12735921  0.12735921  0.00533832  0.00000000  0.00000000  0.01613167  0.01071535  0.01071535  0.18650021  0.17969117  0.17969117  0.17294409  0.18650021  0.17294409  
6_0_0      0.10251617  0.14010002  0.12106998  0.12106998  0.12735921  0.12106998  0.12735921  0.12735921  0.00533832  0.00000000  0.00000000  0.01613167  0.01071535  0.01071535  0.18650021  0.17969117  0.17969117  0.17294409  0.18650021  0.17294409  
11_0_0     0.12106998  0.14655347  0.12735921  0.12735921  0.13370225  0.12735921  0.13370225  0.13370225  0.02158784  0.01613167  0.01613167  0.00000000  0.00533832  0.00533832  0.19337236  0.18650021  0.18650021  0.17969117  0.18650021  0.17969117  
2_0_0      0.11483365  0.14010002  0.12106998  0.12106998  0.12735921  0.12106998  0.12735921  0.12735921  0.01613167  0.01071535  0.01071535  0.00533832  0.00000000  0.00000000  0.20030880  0.19337236  0.19337236  0.18650021  0.19337236  0.18650021  
14_0_0     0.11483365  0.14010002  0.12106998  0.12106998  0.12735921  0.12106998  0.12735921  0.12735921  0.01613167  0.01071535  0.01071535  0.00533832  0.00000000  0.00000000  0.20030880  0.19337236  0.19337236  0.18650021  0.19337236  0.18650021  
15_0_0     0.20731075  0.23599912  0.22872230  0.22872230  0.22151620  0.22872230  0.23599912  0.23599912  0.19337236  0.18650021  0.18650021  0.19337236  0.20030880  0.20030880  0.00000000  0.00533832  0.00533832  0.01071535  0.03820147  0.02708446  
18_0_0     0.20030880  0.22872230  0.22151620  0.22151620  0.21437945  0.22151620  0.22872230  0.22872230  0.18650021  0.17969117  0.17969117  0.18650021  0.19337236  0.19337236  0.00533832  0.00000000  0.00000000  0.00533832  0.03820147  0.02708446  
17_0_0     0.20030880  0.22872230  0.22151620  0.22151620  0.21437945  0.22151620  0.22872230  0.22872230  0.18650021  0.17969117  0.17969117  0.18650021  0.19337236  0.19337236  0.00533832  0.00000000  0.00000000  0.00533832  0.03820147  0.02708446  
19_0_0     0.20731075  0.23599912  0.22872230  0.22872230  0.22151620  0.22872230  0.23599912  0.23599912  0.17969117  0.17294409  0.17294409  0.17969117  0.18650021  0.18650021  0.01071535  0.00533832  0.00533832  0.00000000  0.04382312  0.03262213  
16_0_0     0.19337236  0.22151620  0.21437945  0.21437945  0.20731075  0.21437945  0.22151620  0.22151620  0.19337236  0.18650021  0.18650021  0.18650021  0.19337236  0.19337236  0.03820147  0.03820147  0.03820147  0.04382312  0.00000000  0.02158784  
20_0_0     0.19337236  0.22151620  0.21437945  0.21437945  0.20731075  0.21437945  0.22151620  0.22151620  0.17969117  0.17294409  0.17294409  0.17969117  0.18650021  0.18650021  0.02708446  0.02708446  0.02708446  0.03262213  0.02158784  0.00000000  

