20
2_0_0      0.00000000  0.01132133  0.00752845  0.13961337  0.14414222  0.14869870  0.14869870  0.12618930  0.13063724  0.14414222  0.14414222  0.14414222  0.13961337  0.13511182  0.14414222  0.15328314  0.15789590  0.16720778  0.15789590  0.17663722  
3_0_0      0.01132133  0.00000000  0.01132133  0.13511182  0.14869870  0.14414222  0.14414222  0.13063724  0.13511182  0.14869870  0.14869870  0.14869870  0.14414222  0.13063724  0.13961337  0.14869870  0.15328314  0.16253733  0.15328314  0.17190762  
1_0_0      0.00752845  0.01132133  0.00000000  0.13961337  0.14414222  0.14869870  0.14869870  0.13511182  0.13063724  0.15328314  0.15328314  0.15328314  0.14869870  0.13511182  0.15328314  0.16253733  0.16720778  0.17663722  0.16720778  0.18618724  
16_0_0     0.13961337  0.13511182  0.13961337  0.00000000  0.05436600  0.05034871  0.05034871  0.06246599  0.05034871  0.05840502  0.05840502  0.05840502  0.05436600  0.10433850  0.14869870  0.15789590  0.14414222  0.15328314  0.14869870  0.15328314  
7_0_0      0.14414222  0.14869870  0.14414222  0.05436600  0.00000000  0.00375474  0.00375474  0.03058013  0.01896536  0.02668844  0.02668844  0.02668844  0.02281692  0.11300226  0.13063724  0.14869870  0.13511182  0.13511182  0.13063724  0.13511182  
13_0_0     0.14869870  0.14414222  0.14869870  0.05034871  0.00375474  0.00000000  0.00000000  0.02668844  0.02281692  0.02281692  0.02281692  0.02281692  0.01896536  0.11737212  0.12618930  0.14414222  0.13063724  0.13063724  0.12618930  0.13063724  
9_0_0      0.14869870  0.14414222  0.14869870  0.05034871  0.00375474  0.00000000  0.00000000  0.02668844  0.02281692  0.02281692  0.02281692  0.02281692  0.01896536  0.11737212  0.12618930  0.14414222  0.13063724  0.13063724  0.12618930  0.13063724  
17_0_0     0.12618930  0.13063724  0.13511182  0.06246599  0.03058013  0.02668844  0.02668844  0.00000000  0.01896536  0.02668844  0.02668844  0.02668844  0.03058013  0.12618930  0.12176770  0.14869870  0.13511182  0.13511182  0.13063724  0.14414222  
11_0_0     0.13063724  0.13511182  0.13063724  0.05034871  0.01896536  0.02281692  0.02281692  0.01896536  0.00000000  0.03058013  0.03058013  0.03058013  0.03449221  0.11300226  0.12618930  0.15328314  0.13961337  0.13961337  0.13511182  0.14869870  
10_0_0     0.14414222  0.14869870  0.15328314  0.05840502  0.02668844  0.02281692  0.02281692  0.02668844  0.03058013  0.00000000  0.00000000  0.00000000  0.01132133  0.11737212  0.11737212  0.13511182  0.13063724  0.13063724  0.11737212  0.13063724  
12_0_0     0.14414222  0.14869870  0.15328314  0.05840502  0.02668844  0.02281692  0.02281692  0.02668844  0.03058013  0.00000000  0.00000000  0.00000000  0.01132133  0.11737212  0.11737212  0.13511182  0.13063724  0.13063724  0.11737212  0.13063724  
4_0_0      0.14414222  0.14869870  0.15328314  0.05840502  0.02668844  0.02281692  0.02281692  0.02668844  0.03058013  0.00000000  0.00000000  0.00000000  0.01132133  0.11737212  0.11737212  0.13511182  0.13063724  0.13063724  0.11737212  0.13063724  
5_0_0      0.13961337  0.14414222  0.14869870  0.05436600  0.02281692  0.01896536  0.01896536  0.03058013  0.03449221  0.01132133  0.01132133  0.01132133  0.00000000  0.12176770  0.12176770  0.14869870  0.13511182  0.13511182  0.13063724  0.13511182  
19_0_0     0.13511182  0.13063724  0.13511182  0.10433850  0.11300226  0.11737212  0.11737212  0.12618930  0.11300226  0.11737212  0.11737212  0.11737212  0.12176770  0.00000000  0.15789590  0.14414222  0.15328314  0.16720778  0.13511182  0.13063724  
20_0_0     0.14414222  0.13961337  0.15328314  0.14869870  0.13063724  0.12618930  0.12618930  0.12176770  0.12618930  0.11737212  0.11737212  0.11737212  0.12176770  0.15789590  0.00000000  0.04635291  0.04237838  0.05436600  0.04635291  0.05436600  
14_0_0     0.15328314  0.14869870  0.16253733  0.15789590  0.14869870  0.14414222  0.14414222  0.14869870  0.15328314  0.13511182  0.13511182  0.13511182  0.14869870  0.14414222  0.04635291  0.00000000  0.03842488  0.04635291  0.03842488  0.04635291  
15_0_0     0.15789590  0.15328314  0.16720778  0.14414222  0.13511182  0.13063724  0.13063724  0.13511182  0.13961337  0.13063724  0.13063724  0.13063724  0.13511182  0.15328314  0.04237838  0.03842488  0.00000000  0.05840502  0.04635291  0.04635291  
6_0_0      0.16720778  0.16253733  0.17663722  0.15328314  0.13511182  0.13063724  0.13063724  0.13511182  0.13961337  0.13063724  0.13063724  0.13063724  0.13511182  0.16720778  0.05436600  0.04635291  0.05840502  0.00000000  0.05436600  0.04635291  
8_0_0      0.15789590  0.15328314  0.16720778  0.14869870  0.13063724  0.12618930  0.12618930  0.13063724  0.13511182  0.11737212  0.11737212  0.11737212  0.13063724  0.13511182  0.04635291  0.03842488  0.04635291  0.05436600  0.00000000  0.02281692  
18_0_0     0.17663722  0.17190762  0.18618724  0.15328314  0.13511182  0.13063724  0.13063724  0.14414222  0.14869870  0.13063724  0.13063724  0.13063724  0.13511182  0.13063724  0.05436600  0.04635291  0.04635291  0.04635291  0.02281692  0.00000000  

