20
2_0_0      0.00000000  0.02913246  0.03509788  0.29800343  0.32400276  0.33287436  0.31523534  0.29800343  0.26468870  0.27287906  0.27287906  0.33287436  0.32400276  0.31523534  0.22503270  0.22503270  0.23279719  0.23279719  0.23279719  0.23279719  
3_0_0      0.02913246  0.00000000  0.01734272  0.28953435  0.31523534  0.30656967  0.28953435  0.28953435  0.25658721  0.26468870  0.26468870  0.32400276  0.29800343  0.27287906  0.20221226  0.20221226  0.20974184  0.20974184  0.20974184  0.22503270  
1_0_0      0.03509788  0.01734272  0.00000000  0.29800343  0.34185265  0.29800343  0.31523534  0.31523534  0.28116026  0.27287906  0.27287906  0.33287436  0.30656967  0.28116026  0.20974184  0.20974184  0.23279719  0.23279719  0.23279719  0.24857268  
20_0_0     0.29800343  0.28953435  0.29800343  0.00000000  0.38843866  0.31523534  0.36945405  0.40791862  0.31523534  0.29800343  0.29800343  0.35094021  0.35094021  0.31523534  0.28116026  0.28116026  0.24064327  0.24064327  0.24064327  0.25658721  
15_0_0     0.32400276  0.31523534  0.34185265  0.38843866  0.00000000  0.14456241  0.13765938  0.26468870  0.35094021  0.36945405  0.36945405  0.40791862  0.43812597  0.36945405  0.26468870  0.26468870  0.24857268  0.24857268  0.24857268  0.24857268  
14_0_0     0.33287436  0.30656967  0.29800343  0.31523534  0.14456241  0.00000000  0.07824621  0.28116026  0.33287436  0.31523534  0.31523534  0.36945405  0.36013975  0.28953435  0.28116026  0.28116026  0.29800343  0.29800343  0.29800343  0.29800343  
6_0_0      0.31523534  0.28953435  0.31523534  0.36945405  0.13765938  0.07824621  0.00000000  0.24857268  0.33287436  0.35094021  0.35094021  0.32400276  0.33287436  0.32400276  0.24857268  0.24857268  0.27287906  0.27287906  0.27287906  0.27287906  
16_0_0     0.29800343  0.28953435  0.31523534  0.40791862  0.26468870  0.28116026  0.24857268  0.00000000  0.40791862  0.42792046  0.42792046  0.45896527  0.49135713  0.45896527  0.36013975  0.36013975  0.35094021  0.35094021  0.35094021  0.35094021  
7_0_0      0.26468870  0.25658721  0.28116026  0.31523534  0.35094021  0.33287436  0.33287436  0.40791862  0.00000000  0.01734272  0.01734272  0.19475786  0.19475786  0.11732513  0.22503270  0.22503270  0.20974184  0.20974184  0.20974184  0.20974184  
9_0_0      0.27287906  0.26468870  0.27287906  0.29800343  0.36945405  0.31523534  0.35094021  0.42792046  0.01734272  0.00000000  0.00000000  0.18006868  0.18006868  0.11732513  0.23279719  0.23279719  0.23279719  0.23279719  0.23279719  0.23279719  
13_0_0     0.27287906  0.26468870  0.27287906  0.29800343  0.36945405  0.31523534  0.35094021  0.42792046  0.01734272  0.00000000  0.00000000  0.18006868  0.18006868  0.11732513  0.23279719  0.23279719  0.23279719  0.23279719  0.23279719  0.23279719  
8_0_0      0.33287436  0.32400276  0.33287436  0.35094021  0.40791862  0.36945405  0.32400276  0.45896527  0.19475786  0.18006868  0.18006868  0.00000000  0.02321432  0.15856296  0.24857268  0.24857268  0.26468870  0.26468870  0.26468870  0.26468870  
18_0_0     0.32400276  0.29800343  0.30656967  0.35094021  0.43812597  0.36013975  0.33287436  0.49135713  0.19475786  0.18006868  0.18006868  0.02321432  0.00000000  0.14456241  0.24064327  0.24064327  0.27287906  0.27287906  0.27287906  0.27287906  
19_0_0     0.31523534  0.27287906  0.28116026  0.31523534  0.36945405  0.28953435  0.32400276  0.45896527  0.11732513  0.11732513  0.11732513  0.15856296  0.14456241  0.00000000  0.23279719  0.23279719  0.23279719  0.23279719  0.23279719  0.24857268  
11_0_0     0.22503270  0.20221226  0.20974184  0.28116026  0.26468870  0.28116026  0.24857268  0.36013975  0.22503270  0.23279719  0.23279719  0.24857268  0.24064327  0.23279719  0.00000000  0.00000000  0.06566158  0.06566158  0.06566158  0.07824621  
17_0_0     0.22503270  0.20221226  0.20974184  0.28116026  0.26468870  0.28116026  0.24857268  0.36013975  0.22503270  0.23279719  0.23279719  0.24857268  0.24064327  0.23279719  0.00000000  0.00000000  0.06566158  0.06566158  0.06566158  0.07824621  
10_0_0     0.23279719  0.20974184  0.23279719  0.24064327  0.24857268  0.29800343  0.27287906  0.35094021  0.20974184  0.23279719  0.23279719  0.26468870  0.27287906  0.23279719  0.06566158  0.06566158  0.00000000  0.00000000  0.00000000  0.01151694  
4_0_0      0.23279719  0.20974184  0.23279719  0.24064327  0.24857268  0.29800343  0.27287906  0.35094021  0.20974184  0.23279719  0.23279719  0.26468870  0.27287906  0.23279719  0.06566158  0.06566158  0.00000000  0.00000000  0.00000000  0.01151694  
12_0_0     0.23279719  0.20974184  0.23279719  0.24064327  0.24857268  0.29800343  0.27287906  0.35094021  0.20974184  0.23279719  0.23279719  0.26468870  0.27287906  0.23279719  0.06566158  0.06566158  0.00000000  0.00000000  0.00000000  0.01151694  
5_0_0      0.23279719  0.22503270  0.24857268  0.25658721  0.24857268  0.29800343  0.27287906  0.35094021  0.20974184  0.23279719  0.23279719  0.26468870  0.27287906  0.24857268  0.07824621  0.07824621  0.01151694  0.01151694  0.01151694  0.00000000  

