38
54_0_0     0.00000000  0.07280898  0.07280898  0.06016920  0.06016920  0.15351238  0.12562847  0.10537978  0.10537978  0.09218009  0.09218009  0.07921021  0.12562847  0.11881757  0.32889569  0.30240662  0.34709324  0.34709324  0.30240662  0.31996094  0.31996094  0.22035074  0.22816137  0.23605476  0.38487875  0.38487875  0.39463237  0.40451538  0.39463237  0.43497631  0.43497631  0.44541317  0.45599832  0.47763080  0.22035074  0.23605476  0.21262116  0.22816137  
73_3_0     0.07280898  0.00000000  0.00000000  0.02947730  0.02947730  0.16785573  0.18990225  0.16785573  0.14644295  0.15351238  0.15351238  0.13943997  0.18990225  0.18248068  0.36574646  0.32889569  0.33793890  0.32889569  0.35636147  0.35636147  0.35636147  0.24403267  0.23605476  0.24403267  0.36574646  0.36574646  0.37525119  0.38487875  0.37525119  0.41453127  0.41453127  0.42468366  0.45599832  0.45599832  0.26024948  0.22816137  0.20497095  0.26024948  
83_3_0     0.07280898  0.00000000  0.00000000  0.02947730  0.02947730  0.16785573  0.18990225  0.16785573  0.14644295  0.15351238  0.15351238  0.13943997  0.18990225  0.18248068  0.36574646  0.32889569  0.33793890  0.32889569  0.35636147  0.35636147  0.35636147  0.24403267  0.23605476  0.24403267  0.36574646  0.36574646  0.37525119  0.38487875  0.37525119  0.41453127  0.41453127  0.42468366  0.45599832  0.45599832  0.26024948  0.22816137  0.20497095  0.26024948  
73_4_0     0.06016920  0.02947730  0.02947730  0.00000000  0.00000000  0.16785573  0.18248068  0.14644295  0.14644295  0.14644295  0.14644295  0.13250222  0.18248068  0.17513232  0.33793890  0.30240662  0.35636147  0.33793890  0.31113207  0.33793890  0.33793890  0.26024948  0.25209695  0.26024948  0.38487875  0.38487875  0.41453127  0.42468366  0.39463237  0.45599832  0.43497631  0.44541317  0.45599832  0.47763080  0.24403267  0.23605476  0.21262116  0.24403267  
83_4_0     0.06016920  0.02947730  0.02947730  0.00000000  0.00000000  0.16785573  0.18248068  0.14644295  0.14644295  0.14644295  0.14644295  0.13250222  0.18248068  0.17513232  0.33793890  0.30240662  0.35636147  0.33793890  0.31113207  0.33793890  0.33793890  0.26024948  0.25209695  0.26024948  0.38487875  0.38487875  0.41453127  0.42468366  0.39463237  0.45599832  0.43497631  0.44541317  0.45599832  0.47763080  0.24403267  0.23605476  0.21262116  0.24403267  
85_0_0     0.15351238  0.16785573  0.16785573  0.16785573  0.16785573  0.00000000  0.13250222  0.12562847  0.11206838  0.08566693  0.11206838  0.09875070  0.21262116  0.20497095  0.36574646  0.33793890  0.37525119  0.38487875  0.31996094  0.38487875  0.38487875  0.27682718  0.27682718  0.28525644  0.45599832  0.45599832  0.46673604  0.47763080  0.44541317  0.42468366  0.46673604  0.49991029  0.51130498  0.51130498  0.29378218  0.27682718  0.26849222  0.29378218  
81_7_0     0.12562847  0.18990225  0.18990225  0.18248068  0.18248068  0.13250222  0.00000000  0.05392883  0.05392883  0.04160275  0.04160275  0.04160275  0.14644295  0.15351238  0.33793890  0.32889569  0.41453127  0.39463237  0.30240662  0.35636147  0.35636147  0.29378218  0.30240662  0.31113207  0.46673604  0.46673604  0.47763080  0.48868726  0.45599832  0.43497631  0.49991029  0.46673604  0.46673604  0.47763080  0.26024948  0.25209695  0.24403267  0.25209695  
81_8_0     0.10537978  0.16785573  0.16785573  0.14644295  0.14644295  0.12562847  0.05392883  0.00000000  0.04774029  0.03551536  0.03551536  0.03551536  0.14644295  0.13943997  0.36574646  0.35636147  0.44541317  0.42468366  0.32889569  0.40451538  0.40451538  0.26849222  0.27682718  0.28525644  0.44541317  0.44541317  0.45599832  0.46673604  0.43497631  0.45599832  0.47763080  0.48868726  0.48868726  0.49991029  0.23605476  0.24403267  0.23605476  0.26024948  
81_9_0     0.10537978  0.14644295  0.14644295  0.14644295  0.14644295  0.11206838  0.05392883  0.04774029  0.00000000  0.03551536  0.04774029  0.03551536  0.14644295  0.13943997  0.37525119  0.36574646  0.39463237  0.41453127  0.33793890  0.37525119  0.37525119  0.29378218  0.30240662  0.31113207  0.45599832  0.45599832  0.46673604  0.47763080  0.44541317  0.44541317  0.46673604  0.47763080  0.47763080  0.48868726  0.24403267  0.23605476  0.22816137  0.25209695  
86_7_0     0.09218009  0.15351238  0.15351238  0.14644295  0.14644295  0.08566693  0.04160275  0.03551536  0.03551536  0.00000000  0.02348779  0.01165133  0.13250222  0.12562847  0.35636147  0.34709324  0.41453127  0.37525119  0.30240662  0.35636147  0.35636147  0.26849222  0.27682718  0.28525644  0.42468366  0.42468366  0.43497631  0.44541317  0.41453127  0.41453127  0.45599832  0.46673604  0.46673604  0.47763080  0.25209695  0.24403267  0.23605476  0.24403267  
86_0_0     0.09218009  0.15351238  0.15351238  0.14644295  0.14644295  0.11206838  0.04160275  0.03551536  0.04774029  0.02348779  0.00000000  0.02348779  0.10537978  0.11206838  0.35636147  0.34709324  0.41453127  0.39463237  0.31996094  0.37525119  0.37525119  0.26849222  0.27682718  0.28525644  0.42468366  0.42468366  0.43497631  0.44541317  0.41453127  0.41453127  0.45599832  0.46673604  0.46673604  0.47763080  0.23605476  0.24403267  0.23605476  0.24403267  
81_0_0     0.07921021  0.13943997  0.13943997  0.13250222  0.13250222  0.09875070  0.04160275  0.03551536  0.03551536  0.01165133  0.02348779  0.00000000  0.11881757  0.11206838  0.35636147  0.34709324  0.39463237  0.37525119  0.31996094  0.37525119  0.37525119  0.26849222  0.27682718  0.28525644  0.42468366  0.42468366  0.43497631  0.44541317  0.41453127  0.43497631  0.47763080  0.48868726  0.48868726  0.49991029  0.25209695  0.22816137  0.22035074  0.24403267  
85_5_0     0.12562847  0.18990225  0.18990225  0.18248068  0.18248068  0.21262116  0.14644295  0.14644295  0.14644295  0.13250222  0.10537978  0.11881757  0.00000000  0.00580289  0.37525119  0.36574646  0.37525119  0.38487875  0.32889569  0.36574646  0.36574646  0.31113207  0.33793890  0.30240662  0.39463237  0.39463237  0.41453127  0.42468366  0.38487875  0.40451538  0.45599832  0.46673604  0.45599832  0.47763080  0.30240662  0.30240662  0.29378218  0.28525644  
85_6_0     0.11881757  0.18248068  0.18248068  0.17513232  0.17513232  0.20497095  0.15351238  0.13943997  0.13943997  0.12562847  0.11206838  0.11206838  0.00580289  0.00000000  0.38487875  0.37525119  0.38487875  0.39463237  0.33793890  0.37525119  0.37525119  0.31996094  0.34709324  0.31113207  0.38487875  0.38487875  0.40451538  0.41453127  0.37525119  0.41453127  0.46673604  0.47763080  0.46673604  0.48868726  0.31113207  0.31113207  0.30240662  0.29378218  
80_0_0     0.32889569  0.36574646  0.36574646  0.33793890  0.33793890  0.36574646  0.33793890  0.36574646  0.37525119  0.35636147  0.35636147  0.35636147  0.37525119  0.38487875  0.00000000  0.04160275  0.18248068  0.18990225  0.06016920  0.15351238  0.15351238  0.45599832  0.45599832  0.43497631  0.49991029  0.51130498  0.54657365  0.53463094  0.51130498  0.49991029  0.48868726  0.46673604  0.49991029  0.49991029  0.33793890  0.32889569  0.31996094  0.31996094  
99_0_0     0.30240662  0.32889569  0.32889569  0.30240662  0.30240662  0.33793890  0.32889569  0.35636147  0.36574646  0.34709324  0.34709324  0.34709324  0.36574646  0.37525119  0.04160275  0.00000000  0.17513232  0.19739850  0.06646228  0.11881757  0.11881757  0.42468366  0.42468366  0.40451538  0.48868726  0.49991029  0.53463094  0.52287667  0.49991029  0.48868726  0.47763080  0.45599832  0.48868726  0.48868726  0.31113207  0.30240662  0.29378218  0.29378218  
88_18_0    0.34709324  0.33793890  0.33793890  0.35636147  0.35636147  0.37525119  0.41453127  0.44541317  0.39463237  0.41453127  0.41453127  0.39463237  0.37525119  0.38487875  0.18248068  0.17513232  0.00000000  0.11206838  0.16785573  0.22035074  0.22035074  0.41453127  0.41453127  0.41453127  0.52287667  0.53463094  0.53463094  0.54657365  0.53463094  0.52287667  0.47763080  0.47763080  0.51130498  0.51130498  0.41453127  0.36574646  0.33793890  0.44541317  
88_0_0     0.34709324  0.32889569  0.32889569  0.33793890  0.33793890  0.38487875  0.39463237  0.42468366  0.41453127  0.37525119  0.39463237  0.37525119  0.38487875  0.39463237  0.18990225  0.19739850  0.11206838  0.00000000  0.17513232  0.25209695  0.25209695  0.38487875  0.38487875  0.40451538  0.51130498  0.52287667  0.53463094  0.54657365  0.52287667  0.51130498  0.46673604  0.46673604  0.49991029  0.49991029  0.44541317  0.39463237  0.36574646  0.42468366  
63_0_0     0.30240662  0.35636147  0.35636147  0.31113207  0.31113207  0.31996094  0.30240662  0.32889569  0.33793890  0.30240662  0.31996094  0.31996094  0.32889569  0.33793890  0.06016920  0.06646228  0.16785573  0.17513232  0.00000000  0.11206838  0.11206838  0.42468366  0.42468366  0.40451538  0.48868726  0.49991029  0.51130498  0.52287667  0.49991029  0.48868726  0.46673604  0.44541317  0.45599832  0.47763080  0.32889569  0.31996094  0.29378218  0.31113207  
96_0_0     0.31996094  0.35636147  0.35636147  0.33793890  0.33793890  0.38487875  0.35636147  0.40451538  0.37525119  0.35636147  0.37525119  0.37525119  0.36574646  0.37525119  0.15351238  0.11881757  0.22035074  0.25209695  0.11206838  0.00000000  0.00000000  0.44541317  0.43497631  0.42468366  0.49991029  0.51130498  0.52287667  0.51130498  0.51130498  0.46673604  0.47763080  0.46673604  0.47763080  0.49991029  0.35636147  0.36574646  0.35636147  0.33793890  
70_0_0     0.31996094  0.35636147  0.35636147  0.33793890  0.33793890  0.38487875  0.35636147  0.40451538  0.37525119  0.35636147  0.37525119  0.37525119  0.36574646  0.37525119  0.15351238  0.11881757  0.22035074  0.25209695  0.11206838  0.00000000  0.00000000  0.44541317  0.43497631  0.42468366  0.49991029  0.51130498  0.52287667  0.51130498  0.51130498  0.46673604  0.47763080  0.46673604  0.47763080  0.49991029  0.35636147  0.36574646  0.35636147  0.33793890  
91_19_0    0.22035074  0.24403267  0.24403267  0.26024948  0.26024948  0.27682718  0.29378218  0.26849222  0.29378218  0.26849222  0.26849222  0.26849222  0.31113207  0.31996094  0.45599832  0.42468366  0.41453127  0.38487875  0.42468366  0.44541317  0.44541317  0.00000000  0.01754606  0.02348779  0.49991029  0.48868726  0.51130498  0.52287667  0.51130498  0.52287667  0.45599832  0.46673604  0.49991029  0.48868726  0.28525644  0.28525644  0.26024948  0.29378218  
91_11_0    0.22816137  0.23605476  0.23605476  0.25209695  0.25209695  0.27682718  0.30240662  0.27682718  0.30240662  0.27682718  0.27682718  0.27682718  0.33793890  0.34709324  0.45599832  0.42468366  0.41453127  0.38487875  0.42468366  0.43497631  0.43497631  0.01754606  0.00000000  0.02947730  0.51130498  0.49991029  0.53463094  0.54657365  0.52287667  0.53463094  0.46673604  0.47763080  0.51130498  0.49991029  0.29378218  0.29378218  0.26849222  0.29378218  
99_11_0    0.23605476  0.24403267  0.24403267  0.26024948  0.26024948  0.28525644  0.31113207  0.28525644  0.31113207  0.28525644  0.28525644  0.28525644  0.30240662  0.31113207  0.43497631  0.40451538  0.41453127  0.40451538  0.40451538  0.42468366  0.42468366  0.02348779  0.02947730  0.00000000  0.49991029  0.48868726  0.51130498  0.52287667  0.51130498  0.52287667  0.47763080  0.48868726  0.52287667  0.51130498  0.31996094  0.31996094  0.29378218  0.28525644  
70_17_0    0.38487875  0.36574646  0.36574646  0.38487875  0.38487875  0.45599832  0.46673604  0.44541317  0.45599832  0.42468366  0.42468366  0.42468366  0.39463237  0.38487875  0.49991029  0.48868726  0.52287667  0.51130498  0.48868726  0.49991029  0.49991029  0.49991029  0.51130498  0.49991029  0.00000000  0.01165133  0.05392883  0.04774029  0.00580289  0.06016920  0.07280898  0.07921021  0.09875070  0.09875070  0.37525119  0.36574646  0.36574646  0.35636147  
96_17_0    0.38487875  0.36574646  0.36574646  0.38487875  0.38487875  0.45599832  0.46673604  0.44541317  0.45599832  0.42468366  0.42468366  0.42468366  0.39463237  0.38487875  0.51130498  0.49991029  0.53463094  0.52287667  0.49991029  0.51130498  0.51130498  0.48868726  0.49991029  0.48868726  0.01165133  0.00000000  0.06646228  0.06016920  0.01754606  0.07280898  0.08566693  0.09218009  0.11206838  0.11206838  0.36574646  0.35636147  0.35636147  0.34709324  
70_16_0    0.39463237  0.37525119  0.37525119  0.41453127  0.41453127  0.46673604  0.47763080  0.45599832  0.46673604  0.43497631  0.43497631  0.43497631  0.41453127  0.40451538  0.54657365  0.53463094  0.53463094  0.53463094  0.51130498  0.52287667  0.52287667  0.51130498  0.53463094  0.51130498  0.05392883  0.06646228  0.00000000  0.00580289  0.06016920  0.09218009  0.11206838  0.10537978  0.12562847  0.11206838  0.40451538  0.39463237  0.37525119  0.41453127  
96_16_0    0.40451538  0.38487875  0.38487875  0.42468366  0.42468366  0.47763080  0.48868726  0.46673604  0.47763080  0.44541317  0.44541317  0.44541317  0.42468366  0.41453127  0.53463094  0.52287667  0.54657365  0.54657365  0.52287667  0.51130498  0.51130498  0.52287667  0.54657365  0.52287667  0.04774029  0.06016920  0.00580289  0.00000000  0.05392883  0.08566693  0.11206838  0.10537978  0.12562847  0.11206838  0.39463237  0.38487875  0.38487875  0.40451538  
63_15_0    0.39463237  0.37525119  0.37525119  0.39463237  0.39463237  0.44541317  0.45599832  0.43497631  0.44541317  0.41453127  0.41453127  0.41453127  0.38487875  0.37525119  0.51130498  0.49991029  0.53463094  0.52287667  0.49991029  0.51130498  0.51130498  0.51130498  0.52287667  0.51130498  0.00580289  0.01754606  0.06016920  0.05392883  0.00000000  0.05392883  0.07921021  0.08566693  0.09218009  0.09218009  0.36574646  0.35636147  0.37525119  0.34709324  
88_12_0    0.43497631  0.41453127  0.41453127  0.45599832  0.45599832  0.42468366  0.43497631  0.45599832  0.44541317  0.41453127  0.41453127  0.43497631  0.40451538  0.41453127  0.49991029  0.48868726  0.52287667  0.51130498  0.48868726  0.46673604  0.46673604  0.52287667  0.53463094  0.52287667  0.06016920  0.07280898  0.09218009  0.08566693  0.05392883  0.00000000  0.04774029  0.06646228  0.07280898  0.07280898  0.34709324  0.35636147  0.37525119  0.34709324  
80_12_0    0.43497631  0.41453127  0.41453127  0.43497631  0.43497631  0.46673604  0.49991029  0.47763080  0.46673604  0.45599832  0.45599832  0.47763080  0.45599832  0.46673604  0.48868726  0.47763080  0.47763080  0.46673604  0.46673604  0.47763080  0.47763080  0.45599832  0.46673604  0.47763080  0.07280898  0.08566693  0.11206838  0.11206838  0.07921021  0.04774029  0.00000000  0.02947730  0.04774029  0.04774029  0.33793890  0.34709324  0.33793890  0.37525119  
99_12_0    0.44541317  0.42468366  0.42468366  0.44541317  0.44541317  0.49991029  0.46673604  0.48868726  0.47763080  0.46673604  0.46673604  0.48868726  0.46673604  0.47763080  0.46673604  0.45599832  0.47763080  0.46673604  0.44541317  0.46673604  0.46673604  0.46673604  0.47763080  0.48868726  0.07921021  0.09218009  0.10537978  0.10537978  0.08566693  0.06646228  0.02947730  0.00000000  0.01754606  0.01754606  0.32889569  0.33793890  0.32889569  0.36574646  
91_12_0    0.45599832  0.45599832  0.45599832  0.45599832  0.45599832  0.51130498  0.46673604  0.48868726  0.47763080  0.46673604  0.46673604  0.48868726  0.45599832  0.46673604  0.49991029  0.48868726  0.51130498  0.49991029  0.45599832  0.47763080  0.47763080  0.49991029  0.51130498  0.52287667  0.09875070  0.11206838  0.12562847  0.12562847  0.09218009  0.07280898  0.04774029  0.01754606  0.00000000  0.01165133  0.31996094  0.34709324  0.35636147  0.35636147  
91_20_0    0.47763080  0.45599832  0.45599832  0.47763080  0.47763080  0.51130498  0.47763080  0.49991029  0.48868726  0.47763080  0.47763080  0.49991029  0.47763080  0.48868726  0.49991029  0.48868726  0.51130498  0.49991029  0.47763080  0.49991029  0.49991029  0.48868726  0.49991029  0.51130498  0.09875070  0.11206838  0.11206838  0.11206838  0.09218009  0.07280898  0.04774029  0.01754606  0.01165133  0.00000000  0.33793890  0.34709324  0.35636147  0.36574646  
80_10_0    0.22035074  0.26024948  0.26024948  0.24403267  0.24403267  0.29378218  0.26024948  0.23605476  0.24403267  0.25209695  0.23605476  0.25209695  0.30240662  0.31113207  0.33793890  0.31113207  0.41453127  0.44541317  0.32889569  0.35636147  0.35636147  0.28525644  0.29378218  0.31996094  0.37525119  0.36574646  0.40451538  0.39463237  0.36574646  0.34709324  0.33793890  0.32889569  0.31996094  0.33793890  0.00000000  0.04774029  0.05392883  0.09218009  
91_10_0    0.23605476  0.22816137  0.22816137  0.23605476  0.23605476  0.27682718  0.25209695  0.24403267  0.23605476  0.24403267  0.24403267  0.22816137  0.30240662  0.31113207  0.32889569  0.30240662  0.36574646  0.39463237  0.31996094  0.36574646  0.36574646  0.28525644  0.29378218  0.31996094  0.36574646  0.35636147  0.39463237  0.38487875  0.35636147  0.35636147  0.34709324  0.33793890  0.34709324  0.34709324  0.04774029  0.00000000  0.01754606  0.10537978  
99_10_0    0.21262116  0.20497095  0.20497095  0.21262116  0.21262116  0.26849222  0.24403267  0.23605476  0.22816137  0.23605476  0.23605476  0.22035074  0.29378218  0.30240662  0.31996094  0.29378218  0.33793890  0.36574646  0.29378218  0.35636147  0.35636147  0.26024948  0.26849222  0.29378218  0.36574646  0.35636147  0.37525119  0.38487875  0.37525119  0.37525119  0.33793890  0.32889569  0.35636147  0.35636147  0.05392883  0.01754606  0.00000000  0.11206838  
88_10_0    0.22816137  0.26024948  0.26024948  0.24403267  0.24403267  0.29378218  0.25209695  0.26024948  0.25209695  0.24403267  0.24403267  0.24403267  0.28525644  0.29378218  0.31996094  0.29378218  0.44541317  0.42468366  0.31113207  0.33793890  0.33793890  0.29378218  0.29378218  0.28525644  0.35636147  0.34709324  0.41453127  0.40451538  0.34709324  0.34709324  0.37525119  0.36574646  0.35636147  0.36574646  0.09218009  0.10537978  0.11206838  0.00000000  

