20
3_0_0      0.00000000  0.12497510  0.11458015  0.28818366  0.34224035  0.32835360  0.35639118  0.35639118  0.37081634  0.35639118  0.41584953  0.44746070  0.43148727  0.44746070  0.43148727  0.37081634  0.32835360  0.27526152  0.30133417  0.35639118  
2_0_0      0.12497510  0.00000000  0.00890260  0.31472126  0.32835360  0.34224035  0.37081634  0.37081634  0.35639118  0.30133417  0.30133417  0.34224035  0.31472126  0.35639118  0.37081634  0.34224035  0.34224035  0.27526152  0.30133417  0.34224035  
1_0_0      0.11458015  0.00890260  0.00000000  0.32835360  0.34224035  0.35639118  0.38552666  0.38552666  0.34224035  0.28818366  0.31472126  0.32835360  0.30133417  0.34224035  0.35639118  0.32835360  0.32835360  0.26255995  0.28818366  0.32835360  
5_0_0      0.28818366  0.31472126  0.32835360  0.00000000  0.07439429  0.06467799  0.08423914  0.08423914  0.40053365  0.32835360  0.35639118  0.40053365  0.35639118  0.35639118  0.35639118  0.34224035  0.31472126  0.30133417  0.32835360  0.35639118  
6_0_0      0.34224035  0.32835360  0.34224035  0.07439429  0.00000000  0.00890260  0.02703383  0.03626785  0.46378454  0.38552666  0.44746070  0.49754743  0.41584953  0.37081634  0.40053365  0.40053365  0.32835360  0.31472126  0.34224035  0.37081634  
11_0_0     0.32835360  0.34224035  0.35639118  0.06467799  0.00890260  0.00000000  0.01791300  0.02703383  0.44746070  0.37081634  0.43148727  0.48047452  0.43148727  0.38552666  0.41584953  0.38552666  0.31472126  0.30133417  0.32835360  0.35639118  
17_0_0     0.35639118  0.37081634  0.38552666  0.08423914  0.02703383  0.01791300  0.00000000  0.02703383  0.44746070  0.37081634  0.43148727  0.48047452  0.43148727  0.38552666  0.41584953  0.38552666  0.34224035  0.32835360  0.35639118  0.38552666  
14_0_0     0.35639118  0.37081634  0.38552666  0.08423914  0.03626785  0.02703383  0.02703383  0.00000000  0.41584953  0.37081634  0.43148727  0.48047452  0.43148727  0.38552666  0.41584953  0.38552666  0.34224035  0.32835360  0.35639118  0.38552666  
19_0_0     0.37081634  0.35639118  0.34224035  0.40053365  0.46378454  0.44746070  0.44746070  0.41584953  0.00000000  0.10432841  0.14621103  0.14621103  0.12497510  0.15706067  0.13551732  0.11458015  0.49754743  0.48047452  0.51502127  0.49754743  
9_0_0      0.35639118  0.30133417  0.28818366  0.32835360  0.38552666  0.37081634  0.37081634  0.37081634  0.10432841  0.00000000  0.07439429  0.07439429  0.05508692  0.08423914  0.08423914  0.06467799  0.38552666  0.40053365  0.43148727  0.41584953  
18_0_0     0.41584953  0.30133417  0.31472126  0.35639118  0.44746070  0.43148727  0.43148727  0.43148727  0.14621103  0.07439429  0.00000000  0.05508692  0.05508692  0.13551732  0.12497510  0.10432841  0.46378454  0.44746070  0.48047452  0.46378454  
7_0_0      0.44746070  0.34224035  0.32835360  0.40053365  0.49754743  0.48047452  0.48047452  0.48047452  0.14621103  0.07439429  0.05508692  0.00000000  0.05508692  0.09421598  0.08423914  0.08423914  0.44746070  0.46378454  0.49754743  0.44746070  
16_0_0     0.43148727  0.31472126  0.30133417  0.35639118  0.41584953  0.43148727  0.43148727  0.43148727  0.12497510  0.05508692  0.05508692  0.05508692  0.00000000  0.10432841  0.08423914  0.08423914  0.41584953  0.43148727  0.46378454  0.41584953  
20_0_0     0.44746070  0.35639118  0.34224035  0.35639118  0.37081634  0.38552666  0.38552666  0.38552666  0.15706067  0.08423914  0.13551732  0.09421598  0.10432841  0.00000000  0.01791300  0.05508692  0.43148727  0.48047452  0.51502127  0.43148727  
8_0_0      0.43148727  0.37081634  0.35639118  0.35639118  0.40053365  0.41584953  0.41584953  0.41584953  0.13551732  0.08423914  0.12497510  0.08423914  0.08423914  0.01791300  0.00000000  0.03626785  0.43148727  0.48047452  0.51502127  0.43148727  
15_0_0     0.37081634  0.34224035  0.32835360  0.34224035  0.40053365  0.38552666  0.38552666  0.38552666  0.11458015  0.06467799  0.10432841  0.08423914  0.08423914  0.05508692  0.03626785  0.00000000  0.40053365  0.44746070  0.48047452  0.40053365  
13_0_0     0.32835360  0.34224035  0.32835360  0.31472126  0.32835360  0.31472126  0.34224035  0.34224035  0.49754743  0.38552666  0.46378454  0.44746070  0.41584953  0.43148727  0.43148727  0.40053365  0.00000000  0.04561790  0.06467799  0.11458015  
10_0_0     0.27526152  0.27526152  0.26255995  0.30133417  0.31472126  0.30133417  0.32835360  0.32835360  0.48047452  0.40053365  0.44746070  0.46378454  0.43148727  0.48047452  0.48047452  0.44746070  0.04561790  0.00000000  0.01791300  0.08423914  
12_0_0     0.30133417  0.30133417  0.28818366  0.32835360  0.34224035  0.32835360  0.35639118  0.35639118  0.51502127  0.43148727  0.48047452  0.49754743  0.46378454  0.51502127  0.51502127  0.48047452  0.06467799  0.01791300  0.00000000  0.10432841  
4_0_0      0.35639118  0.34224035  0.32835360  0.35639118  0.37081634  0.35639118  0.38552666  0.38552666  0.49754743  0.41584953  0.46378454  0.44746070  0.41584953  0.43148727  0.43148727  0.40053365  0.11458015  0.08423914  0.10432841  0.00000000  

