54
46_0_0     0.00000000  0.08461778  0.27204260  0.26630682  0.25496575  0.24935916  0.25496575  0.25496575  0.27204260  0.31347603  0.31347603  0.34454512  0.31958730  0.30741436  0.29543666  0.30140149  0.27204260  0.30140149  0.35091711  0.32574900  0.36382654  0.37036592  0.35734393  0.37036592  0.39033481  0.36382654  0.39711154  0.37036592  0.40395034  0.39711154  0.35091711  0.34454512  0.37036592  0.35734393  0.38361901  0.38361901  0.30741436  0.31958730  0.32574900  0.32574900  0.32574900  0.32574900  0.37696307  0.34454512  0.33196196  0.28951908  0.31347603  0.31347603  0.31347603  0.31347603  0.30741436  0.33822703  0.32574900  0.31958730  
19_0_0     0.08461778  0.00000000  0.24935916  0.24379434  0.25496575  0.23827068  0.26061476  0.23278758  0.23827068  0.26630682  0.26630682  0.33822703  0.31347603  0.31347603  0.30140149  0.28364803  0.27782277  0.27204260  0.32574900  0.30140149  0.34454512  0.32574900  0.32574900  0.36382654  0.36382654  0.31958730  0.33822703  0.33196196  0.36382654  0.33196196  0.30741436  0.28364803  0.30741436  0.33822703  0.35091711  0.31958730  0.31958730  0.31958730  0.31347603  0.31347603  0.31347603  0.32574900  0.35091711  0.33822703  0.35091711  0.28951908  0.31347603  0.30140149  0.30140149  0.30140149  0.28364803  0.30741436  0.28951908  0.30741436  
11_0_0     0.27204260  0.24935916  0.00000000  0.00804316  0.02439411  0.02853840  0.08911117  0.04961201  0.05389905  0.16995057  0.16995057  0.19549330  0.23827068  0.20070838  0.19031438  0.24935916  0.23278758  0.25496575  0.23827068  0.24935916  0.29543666  0.28364803  0.28364803  0.28951908  0.30140149  0.28364803  0.27782277  0.32574900  0.30140149  0.27782277  0.30140149  0.31347603  0.32574900  0.32574900  0.33196196  0.31347603  0.28364803  0.28951908  0.28364803  0.27782277  0.28364803  0.27782277  0.26630682  0.29543666  0.30140149  0.21124908  0.24379434  0.24379434  0.23278758  0.23827068  0.23827068  0.24935916  0.24935916  0.28364803  
28_0_0     0.26630682  0.24379434  0.00804316  0.00000000  0.01617388  0.02027268  0.08015127  0.04111108  0.04534945  0.16995057  0.16995057  0.19549330  0.23827068  0.19031438  0.18006307  0.25496575  0.23827068  0.24379434  0.24935916  0.26061476  0.29543666  0.28364803  0.28364803  0.28951908  0.30140149  0.28364803  0.27782277  0.32574900  0.30140149  0.27782277  0.28951908  0.31347603  0.32574900  0.32574900  0.33196196  0.31347603  0.28364803  0.28951908  0.28364803  0.27782277  0.28364803  0.27782277  0.26630682  0.29543666  0.30140149  0.21124908  0.23278758  0.23278758  0.22194068  0.22734444  0.23827068  0.24935916  0.24935916  0.28364803  
40_0_0     0.25496575  0.25496575  0.02439411  0.01617388  0.00000000  0.01209746  0.07129759  0.03270582  0.05389905  0.18006307  0.18006307  0.19549330  0.22734444  0.20070838  0.18006307  0.26630682  0.23827068  0.23278758  0.24935916  0.24935916  0.29543666  0.29543666  0.29543666  0.31347603  0.31347603  0.28364803  0.28951908  0.33822703  0.32574900  0.30140149  0.30140149  0.32574900  0.33196196  0.31958730  0.33822703  0.31958730  0.27782277  0.28364803  0.27782277  0.27204260  0.27782277  0.27204260  0.27782277  0.28364803  0.30140149  0.22194068  0.22194068  0.22194068  0.21124908  0.20596013  0.23827068  0.26061476  0.26061476  0.28364803  
34_0_0     0.24935916  0.23827068  0.02853840  0.02027268  0.01209746  0.00000000  0.07571131  0.03689662  0.04961201  0.17498970  0.17498970  0.21124908  0.22734444  0.19549330  0.17498970  0.26061476  0.23278758  0.23827068  0.25496575  0.25496575  0.28364803  0.28364803  0.28364803  0.31347603  0.30140149  0.27204260  0.28951908  0.32574900  0.31347603  0.28951908  0.28951908  0.31347603  0.31958730  0.31958730  0.32574900  0.30741436  0.27782277  0.28364803  0.27782277  0.27204260  0.27782277  0.27204260  0.27782277  0.28364803  0.30140149  0.21124908  0.22194068  0.22194068  0.21124908  0.20596013  0.23827068  0.25496575  0.25496575  0.27782277  
48_0_0     0.25496575  0.26061476  0.08911117  0.08015127  0.07129759  0.07571131  0.00000000  0.08461778  0.08911117  0.19031438  0.19031438  0.20596013  0.23827068  0.24935916  0.23827068  0.23827068  0.23278758  0.24379434  0.25496575  0.26630682  0.27204260  0.28951908  0.28364803  0.30140149  0.28364803  0.26061476  0.25496575  0.31347603  0.31347603  0.28951908  0.30741436  0.29543666  0.27782277  0.28364803  0.29543666  0.27782277  0.31347603  0.31347603  0.31958730  0.32574900  0.31958730  0.31347603  0.29543666  0.28364803  0.30741436  0.24935916  0.26061476  0.27204260  0.26061476  0.25496575  0.28364803  0.28951908  0.27782277  0.28951908  
8_0_0      0.25496575  0.23278758  0.04961201  0.04111108  0.03270582  0.03689662  0.08461778  0.00000000  0.02027268  0.16995057  0.16995057  0.19031438  0.22734444  0.22194068  0.21124908  0.24935916  0.21124908  0.21657574  0.24379434  0.24379434  0.28364803  0.28364803  0.28364803  0.31958730  0.31347603  0.27204260  0.27782277  0.31958730  0.30741436  0.28951908  0.30140149  0.31347603  0.30741436  0.29543666  0.31347603  0.29543666  0.28364803  0.28951908  0.28364803  0.27782277  0.28364803  0.27782277  0.28364803  0.28951908  0.30741436  0.21124908  0.22194068  0.22194068  0.21124908  0.20596013  0.21657574  0.23827068  0.23827068  0.26061476  
24_0_0     0.27204260  0.23827068  0.05389905  0.04534945  0.05389905  0.04961201  0.08911117  0.02027268  0.00000000  0.15997318  0.15997318  0.21124908  0.23278758  0.19549330  0.20596013  0.23278758  0.21657574  0.21124908  0.22734444  0.23827068  0.28951908  0.28951908  0.30140149  0.32574900  0.29543666  0.27782277  0.28364803  0.32574900  0.30140149  0.28364803  0.29543666  0.29543666  0.28364803  0.28364803  0.28951908  0.27204260  0.27782277  0.28364803  0.27782277  0.28364803  0.27782277  0.26061476  0.28364803  0.28951908  0.29543666  0.19549330  0.21657574  0.22734444  0.21657574  0.21124908  0.22194068  0.24379434  0.24379434  0.27782277  
25_0_0     0.31347603  0.26630682  0.16995057  0.16995057  0.18006307  0.17498970  0.19031438  0.16995057  0.15997318  0.00000000  0.00000000  0.22194068  0.27782277  0.22194068  0.22194068  0.26630682  0.27204260  0.23278758  0.33196196  0.31347603  0.31958730  0.32574900  0.33822703  0.34454512  0.34454512  0.33822703  0.33822703  0.33196196  0.34454512  0.33196196  0.33196196  0.34454512  0.35734393  0.37036592  0.36382654  0.34454512  0.35091711  0.36382654  0.36382654  0.37036592  0.36382654  0.34454512  0.36382654  0.35734393  0.37696307  0.27782277  0.31958730  0.32574900  0.31347603  0.31958730  0.31347603  0.31958730  0.33196196  0.34454512  
52_0_0     0.31347603  0.26630682  0.16995057  0.16995057  0.18006307  0.17498970  0.19031438  0.16995057  0.15997318  0.00000000  0.00000000  0.22194068  0.27782277  0.22194068  0.22194068  0.26630682  0.27204260  0.23278758  0.33196196  0.31347603  0.31958730  0.32574900  0.33822703  0.34454512  0.34454512  0.33822703  0.33822703  0.33196196  0.34454512  0.33196196  0.33196196  0.34454512  0.35734393  0.37036592  0.36382654  0.34454512  0.35091711  0.36382654  0.36382654  0.37036592  0.36382654  0.34454512  0.36382654  0.35734393  0.37696307  0.27782277  0.31958730  0.32574900  0.31347603  0.31958730  0.31347603  0.31958730  0.33196196  0.34454512  
55_0_0     0.34454512  0.33822703  0.19549330  0.19549330  0.19549330  0.21124908  0.20596013  0.19031438  0.21124908  0.22194068  0.22194068  0.00000000  0.26630682  0.32574900  0.31347603  0.31347603  0.31347603  0.28364803  0.32574900  0.33822703  0.30741436  0.30741436  0.28951908  0.29543666  0.33196196  0.33196196  0.29543666  0.30741436  0.33196196  0.29543666  0.33822703  0.33196196  0.33196196  0.31958730  0.35734393  0.33196196  0.28951908  0.30140149  0.29543666  0.29543666  0.29543666  0.28364803  0.31347603  0.31347603  0.31958730  0.28364803  0.27204260  0.28364803  0.27204260  0.27782277  0.27782277  0.30741436  0.28364803  0.29543666  
55_1_0     0.31958730  0.31347603  0.23827068  0.23827068  0.22734444  0.22734444  0.23827068  0.22734444  0.23278758  0.27782277  0.27782277  0.26630682  0.00000000  0.27204260  0.25496575  0.34454512  0.33822703  0.33196196  0.27782277  0.30741436  0.37036592  0.37036592  0.35734393  0.38361901  0.37036592  0.35734393  0.36382654  0.37696307  0.36382654  0.37036592  0.31347603  0.35091711  0.39711154  0.39711154  0.40395034  0.41085234  0.32574900  0.34454512  0.33822703  0.33822703  0.33822703  0.32574900  0.38361901  0.39711154  0.37036592  0.31347603  0.30140149  0.30140149  0.30140149  0.29543666  0.33822703  0.33196196  0.33196196  0.35091711  
52_1_0     0.30741436  0.31347603  0.20070838  0.19031438  0.20070838  0.19549330  0.24935916  0.22194068  0.19549330  0.22194068  0.22194068  0.32574900  0.27204260  0.00000000  0.01617388  0.31347603  0.31958730  0.26630682  0.31958730  0.33822703  0.40395034  0.37696307  0.40395034  0.37696307  0.39033481  0.39033481  0.38361901  0.39711154  0.39033481  0.39711154  0.36382654  0.38361901  0.39033481  0.39711154  0.37696307  0.38361901  0.30741436  0.31958730  0.31347603  0.31958730  0.31347603  0.30140149  0.31958730  0.33196196  0.31347603  0.25496575  0.28364803  0.28364803  0.27204260  0.27782277  0.29543666  0.33822703  0.33822703  0.36382654  
25_1_0     0.29543666  0.30140149  0.19031438  0.18006307  0.18006307  0.17498970  0.23827068  0.21124908  0.20596013  0.22194068  0.22194068  0.31347603  0.25496575  0.01617388  0.00000000  0.30741436  0.32574900  0.27204260  0.31347603  0.33196196  0.37696307  0.35091711  0.37696307  0.37036592  0.39033481  0.36382654  0.37036592  0.37696307  0.37696307  0.38361901  0.36382654  0.38361901  0.38361901  0.39033481  0.37036592  0.37696307  0.30741436  0.31958730  0.31347603  0.30741436  0.31347603  0.30140149  0.31347603  0.32574900  0.31958730  0.25496575  0.27204260  0.27204260  0.26061476  0.26630682  0.28364803  0.33196196  0.33196196  0.34454512  
12_0_0     0.30140149  0.28364803  0.24935916  0.25496575  0.26630682  0.26061476  0.23827068  0.24935916  0.23278758  0.26630682  0.26630682  0.31347603  0.34454512  0.31347603  0.30741436  0.00000000  0.04961201  0.21657574  0.24379434  0.26630682  0.30741436  0.30140149  0.31958730  0.33196196  0.31347603  0.27782277  0.30140149  0.28951908  0.30140149  0.31347603  0.32574900  0.31347603  0.31347603  0.31347603  0.32574900  0.30140149  0.30741436  0.31347603  0.31958730  0.32574900  0.31958730  0.31347603  0.32574900  0.30140149  0.31347603  0.25496575  0.28364803  0.29543666  0.28364803  0.28951908  0.30741436  0.32574900  0.31958730  0.35091711  
13_0_0     0.27204260  0.27782277  0.23278758  0.23827068  0.23827068  0.23278758  0.23278758  0.21124908  0.21657574  0.27204260  0.27204260  0.31347603  0.33822703  0.31958730  0.32574900  0.04961201  0.00000000  0.19549330  0.26061476  0.26061476  0.30140149  0.31958730  0.31347603  0.31347603  0.29543666  0.28364803  0.29543666  0.30741436  0.28951908  0.30741436  0.30140149  0.32574900  0.31958730  0.30741436  0.33196196  0.30741436  0.30140149  0.30140149  0.30741436  0.31347603  0.30741436  0.30140149  0.31958730  0.30140149  0.29543666  0.24379434  0.27204260  0.28364803  0.27204260  0.26630682  0.28364803  0.28951908  0.30140149  0.31958730  
43_0_0     0.30140149  0.27204260  0.25496575  0.24379434  0.23278758  0.23827068  0.24379434  0.21657574  0.21124908  0.23278758  0.23278758  0.28364803  0.33196196  0.26630682  0.27204260  0.21657574  0.19549330  0.00000000  0.25496575  0.23827068  0.31347603  0.31347603  0.32574900  0.32574900  0.35091711  0.30741436  0.31347603  0.29543666  0.30741436  0.30741436  0.30140149  0.28951908  0.30140149  0.29543666  0.33822703  0.28951908  0.26630682  0.29543666  0.30140149  0.29543666  0.30140149  0.27204260  0.30140149  0.29543666  0.27204260  0.23827068  0.24935916  0.24935916  0.23827068  0.23278758  0.21124908  0.27782277  0.26630682  0.27782277  
18_0_0     0.35091711  0.32574900  0.23827068  0.24935916  0.24935916  0.25496575  0.25496575  0.24379434  0.22734444  0.33196196  0.33196196  0.32574900  0.27782277  0.31958730  0.31347603  0.24379434  0.26061476  0.25496575  0.00000000  0.02853840  0.31347603  0.30741436  0.31347603  0.33196196  0.32574900  0.28364803  0.30741436  0.31958730  0.31347603  0.28951908  0.32574900  0.30741436  0.31958730  0.31958730  0.33822703  0.31958730  0.26630682  0.28951908  0.28364803  0.27782277  0.28364803  0.25496575  0.27204260  0.30140149  0.30140149  0.23278758  0.24379434  0.24935916  0.23827068  0.23278758  0.24379434  0.26630682  0.26061476  0.31347603  
58_0_0     0.32574900  0.30140149  0.24935916  0.26061476  0.24935916  0.25496575  0.26630682  0.24379434  0.23827068  0.31347603  0.31347603  0.33822703  0.30741436  0.33822703  0.33196196  0.26630682  0.26061476  0.23827068  0.02853840  0.00000000  0.31347603  0.30741436  0.31347603  0.33196196  0.33822703  0.29543666  0.31958730  0.30741436  0.32574900  0.28951908  0.33196196  0.32574900  0.31958730  0.30741436  0.33822703  0.31958730  0.26061476  0.30741436  0.30140149  0.29543666  0.30140149  0.27204260  0.26630682  0.30140149  0.30140149  0.23827068  0.24935916  0.25496575  0.24379434  0.23827068  0.24935916  0.25496575  0.26061476  0.30140149  
54_0_0     0.36382654  0.34454512  0.29543666  0.29543666  0.29543666  0.28364803  0.27204260  0.28364803  0.28951908  0.31958730  0.31958730  0.30741436  0.37036592  0.40395034  0.37696307  0.30741436  0.30140149  0.31347603  0.31347603  0.31347603  0.00000000  0.02027268  0.02853840  0.04534945  0.04961201  0.02027268  0.04534945  0.03689662  0.05389905  0.04961201  0.15012732  0.13081668  0.11199280  0.09817987  0.12606604  0.11199280  0.31958730  0.35734393  0.36382654  0.35734393  0.36382654  0.31958730  0.32574900  0.31347603  0.33196196  0.25496575  0.25496575  0.26630682  0.25496575  0.24935916  0.30140149  0.26061476  0.27204260  0.26630682  
22_0_0     0.37036592  0.32574900  0.28364803  0.28364803  0.29543666  0.28364803  0.28951908  0.28364803  0.28951908  0.32574900  0.32574900  0.30741436  0.37036592  0.37696307  0.35091711  0.30140149  0.31958730  0.31347603  0.30741436  0.30741436  0.02027268  0.00000000  0.02439411  0.04961201  0.06254765  0.02439411  0.04111108  0.03270582  0.05389905  0.04961201  0.15997318  0.13081668  0.11665448  0.10275585  0.13081668  0.11665448  0.30741436  0.35734393  0.35091711  0.34454512  0.35091711  0.31958730  0.30741436  0.32574900  0.33822703  0.24379434  0.24379434  0.24379434  0.23278758  0.23827068  0.27782277  0.24935916  0.25496575  0.27204260  
21_0_0     0.35734393  0.32574900  0.28364803  0.28364803  0.29543666  0.28364803  0.28364803  0.28364803  0.30140149  0.33822703  0.33822703  0.28951908  0.35734393  0.40395034  0.37696307  0.31958730  0.31347603  0.32574900  0.31347603  0.31347603  0.02853840  0.02439411  0.00000000  0.03270582  0.06254765  0.04111108  0.04961201  0.04961201  0.05389905  0.04961201  0.14525265  0.13559773  0.12134543  0.10736005  0.14525265  0.12134543  0.29543666  0.34454512  0.33822703  0.33196196  0.33822703  0.30741436  0.30140149  0.31347603  0.31958730  0.25496575  0.24379434  0.25496575  0.24379434  0.24935916  0.27782277  0.25496575  0.25496575  0.26061476  
4_0_0      0.37036592  0.36382654  0.28951908  0.28951908  0.31347603  0.31347603  0.30140149  0.31958730  0.32574900  0.34454512  0.34454512  0.29543666  0.38361901  0.37696307  0.37036592  0.33196196  0.31347603  0.32574900  0.33196196  0.33196196  0.04534945  0.04961201  0.03270582  0.00000000  0.06690981  0.05821083  0.05821083  0.06254765  0.07571131  0.07129759  0.14525265  0.14525265  0.14040959  0.12606604  0.15503402  0.14040959  0.28951908  0.31958730  0.32574900  0.31958730  0.32574900  0.30140149  0.30140149  0.31347603  0.29543666  0.28364803  0.27204260  0.28364803  0.27204260  0.27782277  0.30741436  0.27782277  0.27782277  0.28364803  
50_0_0     0.39033481  0.36382654  0.30140149  0.30140149  0.31347603  0.30140149  0.28364803  0.31347603  0.29543666  0.34454512  0.34454512  0.33196196  0.37036592  0.39033481  0.39033481  0.31347603  0.29543666  0.35091711  0.32574900  0.33822703  0.04961201  0.06254765  0.06254765  0.06690981  0.00000000  0.05389905  0.07129759  0.08015127  0.08015127  0.06690981  0.13081668  0.13559773  0.12606604  0.11199280  0.13559773  0.12606604  0.33196196  0.34454512  0.35091711  0.35734393  0.35091711  0.31958730  0.35091711  0.33822703  0.33822703  0.25496575  0.25496575  0.26630682  0.25496575  0.24935916  0.32574900  0.26630682  0.27782277  0.28364803  
26_0_0     0.36382654  0.31958730  0.28364803  0.28364803  0.28364803  0.27204260  0.26061476  0.27204260  0.27782277  0.33822703  0.33822703  0.33196196  0.35734393  0.39033481  0.36382654  0.27782277  0.28364803  0.30741436  0.28364803  0.29543666  0.02027268  0.02439411  0.04111108  0.05821083  0.05389905  0.00000000  0.04111108  0.04111108  0.06690981  0.06254765  0.15012732  0.12134543  0.09817987  0.08461778  0.11199280  0.09817987  0.30140149  0.32574900  0.33196196  0.32574900  0.33196196  0.30140149  0.31958730  0.30741436  0.31958730  0.26061476  0.26061476  0.26061476  0.24935916  0.24379434  0.29543666  0.26061476  0.26630682  0.27204260  
29_0_0     0.39711154  0.33822703  0.27782277  0.27782277  0.28951908  0.28951908  0.25496575  0.27782277  0.28364803  0.33822703  0.33822703  0.29543666  0.36382654  0.38361901  0.37036592  0.30140149  0.29543666  0.31347603  0.30741436  0.31958730  0.04534945  0.04111108  0.04961201  0.05821083  0.07129759  0.04111108  0.00000000  0.05821083  0.07129759  0.06254765  0.16494521  0.12606604  0.09817987  0.09363175  0.12134543  0.10736005  0.27782277  0.30140149  0.30741436  0.31347603  0.30741436  0.28951908  0.27204260  0.27782277  0.28951908  0.22734444  0.22734444  0.22734444  0.21657574  0.22194068  0.27204260  0.24935916  0.24379434  0.27204260  
42_0_0     0.37036592  0.33196196  0.32574900  0.32574900  0.33822703  0.32574900  0.31347603  0.31958730  0.32574900  0.33196196  0.33196196  0.30741436  0.37696307  0.39711154  0.37696307  0.28951908  0.30741436  0.29543666  0.31958730  0.30741436  0.03689662  0.03270582  0.04961201  0.06254765  0.08015127  0.04111108  0.05821083  0.00000000  0.06690981  0.06254765  0.16494521  0.15503402  0.11665448  0.11199280  0.13081668  0.11665448  0.31958730  0.35091711  0.35734393  0.35091711  0.35734393  0.33196196  0.31347603  0.33196196  0.31958730  0.27204260  0.27204260  0.27204260  0.26061476  0.26630682  0.30741436  0.25496575  0.27204260  0.27782277  
59_0_0     0.40395034  0.36382654  0.30140149  0.30140149  0.32574900  0.31347603  0.31347603  0.30741436  0.30140149  0.34454512  0.34454512  0.33196196  0.36382654  0.39033481  0.37696307  0.30140149  0.28951908  0.30741436  0.31347603  0.32574900  0.05389905  0.05389905  0.05389905  0.07571131  0.08015127  0.06690981  0.07129759  0.06690981  0.00000000  0.04111108  0.15997318  0.15997318  0.13559773  0.13559773  0.15012732  0.13559773  0.32574900  0.36382654  0.36382654  0.35734393  0.36382654  0.31958730  0.31347603  0.33196196  0.33196196  0.25496575  0.26630682  0.27782277  0.26630682  0.27204260  0.30140149  0.26630682  0.27782277  0.30140149  
6_0_0      0.39711154  0.33196196  0.27782277  0.27782277  0.30140149  0.28951908  0.28951908  0.28951908  0.28364803  0.33196196  0.33196196  0.29543666  0.37036592  0.39711154  0.38361901  0.31347603  0.30741436  0.30741436  0.28951908  0.28951908  0.04961201  0.04961201  0.04961201  0.07129759  0.06690981  0.06254765  0.06254765  0.06254765  0.04111108  0.00000000  0.14040959  0.13081668  0.12134543  0.12606604  0.14525265  0.12134543  0.31958730  0.32574900  0.32574900  0.31958730  0.32574900  0.28364803  0.28364803  0.31347603  0.33196196  0.24379434  0.24379434  0.25496575  0.24379434  0.24935916  0.28951908  0.25496575  0.26630682  0.30140149  
20_0_0     0.35091711  0.30741436  0.30140149  0.28951908  0.30140149  0.28951908  0.30741436  0.30140149  0.29543666  0.33196196  0.33196196  0.33822703  0.31347603  0.36382654  0.36382654  0.32574900  0.30140149  0.30140149  0.32574900  0.33196196  0.15012732  0.15997318  0.14525265  0.14525265  0.13081668  0.15012732  0.16494521  0.16494521  0.15997318  0.14040959  0.00000000  0.07129759  0.15012732  0.15503402  0.15997318  0.15012732  0.28364803  0.29543666  0.30140149  0.30741436  0.30140149  0.27204260  0.35091711  0.30741436  0.28364803  0.27782277  0.24935916  0.26061476  0.24935916  0.24379434  0.29543666  0.27204260  0.27782277  0.26630682  
45_0_0     0.34454512  0.28364803  0.31347603  0.31347603  0.32574900  0.31347603  0.29543666  0.31347603  0.29543666  0.34454512  0.34454512  0.33196196  0.35091711  0.38361901  0.38361901  0.31347603  0.32574900  0.28951908  0.30741436  0.32574900  0.13081668  0.13081668  0.13559773  0.14525265  0.13559773  0.12134543  0.12606604  0.15503402  0.15997318  0.13081668  0.07129759  0.00000000  0.10275585  0.11665448  0.14040959  0.11199280  0.27782277  0.28364803  0.28951908  0.29543666  0.28951908  0.27204260  0.30140149  0.27782277  0.28364803  0.26061476  0.25496575  0.26630682  0.25496575  0.24935916  0.26630682  0.26630682  0.23278758  0.24379434  
33_0_0     0.37036592  0.30741436  0.32574900  0.32574900  0.33196196  0.31958730  0.27782277  0.30741436  0.28364803  0.35734393  0.35734393  0.33196196  0.39711154  0.39033481  0.38361901  0.31347603  0.31958730  0.30140149  0.31958730  0.31958730  0.11199280  0.11665448  0.12134543  0.14040959  0.12606604  0.09817987  0.09817987  0.11665448  0.13559773  0.12134543  0.15012732  0.10275585  0.00000000  0.02027268  0.03689662  0.01617388  0.27782277  0.27204260  0.27782277  0.28364803  0.27782277  0.24935916  0.28364803  0.26061476  0.24935916  0.23827068  0.22734444  0.23827068  0.22734444  0.22194068  0.25496575  0.26061476  0.23827068  0.23278758  
10_0_0     0.35734393  0.33822703  0.32574900  0.32574900  0.31958730  0.31958730  0.28364803  0.29543666  0.28364803  0.37036592  0.37036592  0.31958730  0.39711154  0.39711154  0.39033481  0.31347603  0.30741436  0.29543666  0.31958730  0.30741436  0.09817987  0.10275585  0.10736005  0.12606604  0.11199280  0.08461778  0.09363175  0.11199280  0.13559773  0.12606604  0.15503402  0.11665448  0.02027268  0.00000000  0.04111108  0.02853840  0.26061476  0.27782277  0.28364803  0.28951908  0.28364803  0.25496575  0.30140149  0.26630682  0.25496575  0.23827068  0.21657574  0.22734444  0.21657574  0.21124908  0.24379434  0.25496575  0.24379434  0.22734444  
44_0_0     0.38361901  0.35091711  0.33196196  0.33196196  0.33822703  0.32574900  0.29543666  0.31347603  0.28951908  0.36382654  0.36382654  0.35734393  0.40395034  0.37696307  0.37036592  0.32574900  0.33196196  0.33822703  0.33822703  0.33822703  0.12606604  0.13081668  0.14525265  0.15503402  0.13559773  0.11199280  0.12134543  0.13081668  0.15012732  0.14525265  0.15997318  0.14040959  0.03689662  0.04111108  0.00000000  0.04534945  0.27782277  0.28364803  0.28951908  0.29543666  0.28951908  0.26061476  0.28364803  0.26061476  0.24935916  0.25496575  0.25496575  0.26630682  0.25496575  0.24935916  0.28364803  0.27204260  0.27204260  0.25496575  
31_0_0     0.38361901  0.31958730  0.31347603  0.31347603  0.31958730  0.30741436  0.27782277  0.29543666  0.27204260  0.34454512  0.34454512  0.33196196  0.41085234  0.38361901  0.37696307  0.30140149  0.30741436  0.28951908  0.31958730  0.31958730  0.11199280  0.11665448  0.12134543  0.14040959  0.12606604  0.09817987  0.10736005  0.11665448  0.13559773  0.12134543  0.15012732  0.11199280  0.01617388  0.02853840  0.04534945  0.00000000  0.28951908  0.28364803  0.28951908  0.29543666  0.28951908  0.26061476  0.29543666  0.27204260  0.26061476  0.23827068  0.22734444  0.23827068  0.22734444  0.22194068  0.25496575  0.26061476  0.23827068  0.23278758  
9_0_0      0.30741436  0.31958730  0.28364803  0.28364803  0.27782277  0.27782277  0.31347603  0.28364803  0.27782277  0.35091711  0.35091711  0.28951908  0.32574900  0.30741436  0.30741436  0.30741436  0.30140149  0.26630682  0.26630682  0.26061476  0.31958730  0.30741436  0.29543666  0.28951908  0.33196196  0.30140149  0.27782277  0.31958730  0.32574900  0.31958730  0.28364803  0.27782277  0.27782277  0.26061476  0.27782277  0.28951908  0.00000000  0.06254765  0.05821083  0.06254765  0.05821083  0.04111108  0.08461778  0.08911117  0.06254765  0.19549330  0.21657574  0.21124908  0.20070838  0.19549330  0.21657574  0.20596013  0.20596013  0.22734444  
47_0_0     0.31958730  0.31958730  0.28951908  0.28951908  0.28364803  0.28364803  0.31347603  0.28951908  0.28364803  0.36382654  0.36382654  0.30140149  0.34454512  0.31958730  0.31958730  0.31347603  0.30140149  0.29543666  0.28951908  0.30741436  0.35734393  0.35734393  0.34454512  0.31958730  0.34454512  0.32574900  0.30140149  0.35091711  0.36382654  0.32574900  0.29543666  0.28364803  0.27204260  0.27782277  0.28364803  0.28364803  0.06254765  0.00000000  0.00401075  0.00804316  0.00401075  0.03689662  0.11199280  0.10275585  0.08461778  0.19549330  0.22734444  0.22194068  0.21124908  0.20596013  0.22734444  0.24379434  0.23278758  0.26061476  
14_0_0     0.32574900  0.31347603  0.28364803  0.28364803  0.27782277  0.27782277  0.31958730  0.28364803  0.27782277  0.36382654  0.36382654  0.29543666  0.33822703  0.31347603  0.31347603  0.31958730  0.30741436  0.30140149  0.28364803  0.30140149  0.36382654  0.35091711  0.33822703  0.32574900  0.35091711  0.33196196  0.30741436  0.35734393  0.36382654  0.32574900  0.30140149  0.28951908  0.27782277  0.28364803  0.28951908  0.28951908  0.05821083  0.00401075  0.00000000  0.00401075  0.00000000  0.03270582  0.10736005  0.10736005  0.08911117  0.19031438  0.22194068  0.21657574  0.20596013  0.20070838  0.22194068  0.23827068  0.22734444  0.26630682  
15_0_0     0.32574900  0.31347603  0.27782277  0.27782277  0.27204260  0.27204260  0.32574900  0.27782277  0.28364803  0.37036592  0.37036592  0.29543666  0.33822703  0.31958730  0.30741436  0.32574900  0.31347603  0.29543666  0.27782277  0.29543666  0.35734393  0.34454512  0.33196196  0.31958730  0.35734393  0.32574900  0.31347603  0.35091711  0.35734393  0.31958730  0.30741436  0.29543666  0.28364803  0.28951908  0.29543666  0.29543666  0.06254765  0.00804316  0.00401075  0.00000000  0.00401075  0.03689662  0.10275585  0.11199280  0.09363175  0.19549330  0.22734444  0.22194068  0.21124908  0.20596013  0.21657574  0.23827068  0.22734444  0.26630682  
17_0_0     0.32574900  0.31347603  0.28364803  0.28364803  0.27782277  0.27782277  0.31958730  0.28364803  0.27782277  0.36382654  0.36382654  0.29543666  0.33822703  0.31347603  0.31347603  0.31958730  0.30741436  0.30140149  0.28364803  0.30140149  0.36382654  0.35091711  0.33822703  0.32574900  0.35091711  0.33196196  0.30741436  0.35734393  0.36382654  0.32574900  0.30140149  0.28951908  0.27782277  0.28364803  0.28951908  0.28951908  0.05821083  0.00401075  0.00000000  0.00401075  0.00000000  0.03270582  0.10736005  0.10736005  0.08911117  0.19031438  0.22194068  0.21657574  0.20596013  0.20070838  0.22194068  0.23827068  0.22734444  0.26630682  
3_0_0      0.32574900  0.32574900  0.27782277  0.27782277  0.27204260  0.27204260  0.31347603  0.27782277  0.26061476  0.34454512  0.34454512  0.28364803  0.32574900  0.30140149  0.30140149  0.31347603  0.30140149  0.27204260  0.25496575  0.27204260  0.31958730  0.31958730  0.30741436  0.30140149  0.31958730  0.30140149  0.28951908  0.33196196  0.31958730  0.28364803  0.27204260  0.27204260  0.24935916  0.25496575  0.26061476  0.26061476  0.04111108  0.03689662  0.03270582  0.03689662  0.03270582  0.00000000  0.08911117  0.08461778  0.07129759  0.17498970  0.18517114  0.19031438  0.18006307  0.17498970  0.20596013  0.22734444  0.22194068  0.24935916  
35_0_0     0.37696307  0.35091711  0.26630682  0.26630682  0.27782277  0.27782277  0.29543666  0.28364803  0.28364803  0.36382654  0.36382654  0.31347603  0.38361901  0.31958730  0.31347603  0.32574900  0.31958730  0.30140149  0.27204260  0.26630682  0.32574900  0.30741436  0.30140149  0.30140149  0.35091711  0.31958730  0.27204260  0.31347603  0.31347603  0.28364803  0.35091711  0.30140149  0.28364803  0.30140149  0.28364803  0.29543666  0.08461778  0.11199280  0.10736005  0.10275585  0.10736005  0.08911117  0.00000000  0.06690981  0.06254765  0.18517114  0.21124908  0.20596013  0.19549330  0.20070838  0.20596013  0.19549330  0.19549330  0.24935916  
51_0_0     0.34454512  0.33822703  0.29543666  0.29543666  0.28364803  0.28364803  0.28364803  0.28951908  0.28951908  0.35734393  0.35734393  0.31347603  0.39711154  0.33196196  0.32574900  0.30140149  0.30140149  0.29543666  0.30140149  0.30140149  0.31347603  0.32574900  0.31347603  0.31347603  0.33822703  0.30741436  0.27782277  0.33196196  0.33196196  0.31347603  0.30741436  0.27782277  0.26061476  0.26630682  0.26061476  0.27204260  0.08911117  0.10275585  0.10736005  0.11199280  0.10736005  0.08461778  0.06690981  0.00000000  0.03689662  0.18517114  0.23278758  0.23278758  0.22194068  0.21657574  0.23827068  0.22194068  0.23278758  0.22734444  
16_0_0     0.33196196  0.35091711  0.30140149  0.30140149  0.30140149  0.30140149  0.30741436  0.30741436  0.29543666  0.37696307  0.37696307  0.31958730  0.37036592  0.31347603  0.31958730  0.31347603  0.29543666  0.27204260  0.30140149  0.30140149  0.33196196  0.33822703  0.31958730  0.29543666  0.33822703  0.31958730  0.28951908  0.31958730  0.33196196  0.33196196  0.28364803  0.28364803  0.24935916  0.25496575  0.24935916  0.26061476  0.06254765  0.08461778  0.08911117  0.09363175  0.08911117  0.07129759  0.06254765  0.03689662  0.00000000  0.20070838  0.22734444  0.22194068  0.21124908  0.20596013  0.21657574  0.21657574  0.21657574  0.22734444  
9_2_0      0.28951908  0.28951908  0.21124908  0.21124908  0.22194068  0.21124908  0.24935916  0.21124908  0.19549330  0.27782277  0.27782277  0.28364803  0.31347603  0.25496575  0.25496575  0.25496575  0.24379434  0.23827068  0.23278758  0.23827068  0.25496575  0.24379434  0.25496575  0.28364803  0.25496575  0.26061476  0.22734444  0.27204260  0.25496575  0.24379434  0.27782277  0.26061476  0.23827068  0.23827068  0.25496575  0.23827068  0.19549330  0.19549330  0.19031438  0.19549330  0.19031438  0.17498970  0.18517114  0.18517114  0.20070838  0.00000000  0.08911117  0.08911117  0.08015127  0.08461778  0.10736005  0.14525265  0.13081668  0.15997318  
17_2_0     0.31347603  0.31347603  0.24379434  0.23278758  0.22194068  0.22194068  0.26061476  0.22194068  0.21657574  0.31958730  0.31958730  0.27204260  0.30140149  0.28364803  0.27204260  0.28364803  0.27204260  0.24935916  0.24379434  0.24935916  0.25496575  0.24379434  0.24379434  0.27204260  0.25496575  0.26061476  0.22734444  0.27204260  0.26630682  0.24379434  0.24935916  0.25496575  0.22734444  0.21657574  0.25496575  0.22734444  0.21657574  0.22734444  0.22194068  0.22734444  0.22194068  0.18517114  0.21124908  0.23278758  0.22734444  0.08911117  0.00000000  0.01617388  0.01617388  0.02027268  0.08461778  0.14525265  0.14040959  0.16995057  
15_2_0     0.31347603  0.30140149  0.24379434  0.23278758  0.22194068  0.22194068  0.27204260  0.22194068  0.22734444  0.32574900  0.32574900  0.28364803  0.30140149  0.28364803  0.27204260  0.29543666  0.28364803  0.24935916  0.24935916  0.25496575  0.26630682  0.24379434  0.25496575  0.28364803  0.26630682  0.26061476  0.22734444  0.27204260  0.27782277  0.25496575  0.26061476  0.26630682  0.23827068  0.22734444  0.26630682  0.23827068  0.21124908  0.22194068  0.21657574  0.22194068  0.21657574  0.19031438  0.20596013  0.23278758  0.22194068  0.08911117  0.01617388  0.00000000  0.00804316  0.01209746  0.08461778  0.14040959  0.13081668  0.16995057  
14_2_0     0.31347603  0.30140149  0.23278758  0.22194068  0.21124908  0.21124908  0.26061476  0.21124908  0.21657574  0.31347603  0.31347603  0.27204260  0.30140149  0.27204260  0.26061476  0.28364803  0.27204260  0.23827068  0.23827068  0.24379434  0.25496575  0.23278758  0.24379434  0.27204260  0.25496575  0.24935916  0.21657574  0.26061476  0.26630682  0.24379434  0.24935916  0.25496575  0.22734444  0.21657574  0.25496575  0.22734444  0.20070838  0.21124908  0.20596013  0.21124908  0.20596013  0.18006307  0.19549330  0.22194068  0.21124908  0.08015127  0.01617388  0.00804316  0.00000000  0.00401075  0.08461778  0.13081668  0.12134543  0.15997318  
47_2_0     0.31347603  0.30140149  0.23827068  0.22734444  0.20596013  0.20596013  0.25496575  0.20596013  0.21124908  0.31958730  0.31958730  0.27782277  0.29543666  0.27782277  0.26630682  0.28951908  0.26630682  0.23278758  0.23278758  0.23827068  0.24935916  0.23827068  0.24935916  0.27782277  0.24935916  0.24379434  0.22194068  0.26630682  0.27204260  0.24935916  0.24379434  0.24935916  0.22194068  0.21124908  0.24935916  0.22194068  0.19549330  0.20596013  0.20070838  0.20596013  0.20070838  0.17498970  0.20070838  0.21657574  0.20596013  0.08461778  0.02027268  0.01209746  0.00401075  0.00000000  0.08911117  0.13081668  0.12134543  0.15997318  
3_2_0      0.30741436  0.28364803  0.23827068  0.23827068  0.23827068  0.23827068  0.28364803  0.21657574  0.22194068  0.31347603  0.31347603  0.27782277  0.33822703  0.29543666  0.28364803  0.30741436  0.28364803  0.21124908  0.24379434  0.24935916  0.30140149  0.27782277  0.27782277  0.30741436  0.32574900  0.29543666  0.27204260  0.30741436  0.30140149  0.28951908  0.29543666  0.26630682  0.25496575  0.24379434  0.28364803  0.25496575  0.21657574  0.22734444  0.22194068  0.21657574  0.22194068  0.20596013  0.20596013  0.23827068  0.21657574  0.10736005  0.08461778  0.08461778  0.08461778  0.08911117  0.00000000  0.15503402  0.13559773  0.16494521  
16_2_0     0.33822703  0.30741436  0.24935916  0.24935916  0.26061476  0.25496575  0.28951908  0.23827068  0.24379434  0.31958730  0.31958730  0.30741436  0.33196196  0.33822703  0.33196196  0.32574900  0.28951908  0.27782277  0.26630682  0.25496575  0.26061476  0.24935916  0.25496575  0.27782277  0.26630682  0.26061476  0.24935916  0.25496575  0.26630682  0.25496575  0.27204260  0.26630682  0.26061476  0.25496575  0.27204260  0.26061476  0.20596013  0.24379434  0.23827068  0.23827068  0.23827068  0.22734444  0.19549330  0.22194068  0.21657574  0.14525265  0.14525265  0.14040959  0.13081668  0.13081668  0.15503402  0.00000000  0.02439411  0.05821083  
51_2_0     0.32574900  0.28951908  0.24935916  0.24935916  0.26061476  0.25496575  0.27782277  0.23827068  0.24379434  0.33196196  0.33196196  0.28364803  0.33196196  0.33822703  0.33196196  0.31958730  0.30140149  0.26630682  0.26061476  0.26061476  0.27204260  0.25496575  0.25496575  0.27782277  0.27782277  0.26630682  0.24379434  0.27204260  0.27782277  0.26630682  0.27782277  0.23278758  0.23827068  0.24379434  0.27204260  0.23827068  0.20596013  0.23278758  0.22734444  0.22734444  0.22734444  0.22194068  0.19549330  0.23278758  0.21657574  0.13081668  0.14040959  0.13081668  0.12134543  0.12134543  0.13559773  0.02439411  0.00000000  0.04534945  
35_2_0     0.31958730  0.30741436  0.28364803  0.28364803  0.28364803  0.27782277  0.28951908  0.26061476  0.27782277  0.34454512  0.34454512  0.29543666  0.35091711  0.36382654  0.34454512  0.35091711  0.31958730  0.27782277  0.31347603  0.30140149  0.26630682  0.27204260  0.26061476  0.28364803  0.28364803  0.27204260  0.27204260  0.27782277  0.30140149  0.30140149  0.26630682  0.24379434  0.23278758  0.22734444  0.25496575  0.23278758  0.22734444  0.26061476  0.26630682  0.26630682  0.26630682  0.24935916  0.24935916  0.22734444  0.22734444  0.15997318  0.16995057  0.16995057  0.15997318  0.15997318  0.16494521  0.05821083  0.04534945  0.00000000  

