14
97_1_0     0.00000000  0.04183970  0.03826120  0.41092804  0.41686109  0.40504221  0.62932539  0.68710420  0.68710420  0.60588143  0.66178708  0.67013018  0.69573961  0.68710420  
100_1_0    0.04183970  0.00000000  0.01714643  0.38195654  0.38766074  0.41092804  0.60588143  0.67856848  0.67856848  0.58315800  0.65353708  0.66178708  0.68710420  0.67856848  
95_1_0     0.03826120  0.01714643  0.00000000  0.37629601  0.38195654  0.41686109  0.62142785  0.69573961  0.67856848  0.59822909  0.65353708  0.66178708  0.70447706  0.69573961  
99_1_0     0.41092804  0.38195654  0.37629601  0.00000000  0.01024007  0.28118369  0.69573961  0.70447706  0.71331900  0.67013018  0.69573961  0.70447706  0.67856848  0.67856848  
93_1_0     0.41686109  0.38766074  0.38195654  0.01024007  0.00000000  0.28615867  0.68710420  0.69573961  0.70447706  0.67856848  0.68710420  0.69573961  0.67013018  0.67013018  
92_1_0     0.40504221  0.41092804  0.41686109  0.28118369  0.28615867  0.00000000  0.65353708  0.65353708  0.66178708  0.64537811  0.63730818  0.64537811  0.62142785  0.63730818  
92_5_0     0.62932539  0.60588143  0.62142785  0.69573961  0.68710420  0.65353708  0.00000000  0.17512636  0.18376816  0.07861080  0.34321373  0.34862568  0.38195654  0.39340928  
93_5_0     0.68710420  0.67856848  0.69573961  0.70447706  0.69573961  0.65353708  0.17512636  0.00000000  0.02762845  0.19251215  0.38766074  0.39340928  0.39340928  0.39340928  
99_5_0     0.68710420  0.67856848  0.67856848  0.71331900  0.70447706  0.66178708  0.18376816  0.02762845  0.00000000  0.20136078  0.39920287  0.40504221  0.40504221  0.40504221  
92_0_0     0.60588143  0.58315800  0.59822909  0.67013018  0.67856848  0.64537811  0.07861080  0.19251215  0.20136078  0.00000000  0.31154843  0.31673270  0.36510331  0.36510331  
100_0_0    0.66178708  0.65353708  0.65353708  0.69573961  0.68710420  0.63730818  0.34321373  0.38766074  0.39920287  0.31154843  0.00000000  0.00339762  0.04904908  0.05632945  
95_0_0     0.67013018  0.66178708  0.66178708  0.70447706  0.69573961  0.64537811  0.34862568  0.39340928  0.40504221  0.31673270  0.00339762  0.00000000  0.05268031  0.05999670  
97_0_0     0.69573961  0.68710420  0.70447706  0.67856848  0.67013018  0.62142785  0.38195654  0.39340928  0.40504221  0.36510331  0.04904908  0.05268031  0.00000000  0.00681093  
97_4_0     0.68710420  0.67856848  0.69573961  0.67856848  0.67013018  0.63730818  0.39340928  0.39340928  0.40504221  0.36510331  0.05632945  0.05999670  0.00681093  0.00000000  

