40
18_9_0     0.00000000  0.03728544  0.01222137  0.01222137  0.06322636  0.07654523  0.09698308  0.09698308  0.09698308  0.13234999  0.08329546  0.07654523  0.07654523  0.06985589  0.09698308  0.10392282  0.11092810  0.08329546  0.08329546  0.09010769  0.16191045  0.15440914  0.15440914  0.16191045  0.16191045  0.16191045  0.10392282  0.10392282  0.11092810  0.11800020  0.10392282  0.08329546  0.08329546  0.08329546  0.08329546  0.08329546  0.10392282  0.13234999  0.16191045  0.17714462  
19_9_0     0.03728544  0.00000000  0.03728544  0.03728544  0.10392282  0.11800020  0.13234999  0.12514039  0.12514039  0.14698294  0.09698308  0.09010769  0.09010769  0.09698308  0.12514039  0.13234999  0.12514039  0.12514039  0.12514039  0.13234999  0.19269832  0.18488070  0.18488070  0.19269832  0.19269832  0.19269832  0.10392282  0.10392282  0.11092810  0.11800020  0.10392282  0.09698308  0.09698308  0.09698308  0.09698308  0.09698308  0.10392282  0.14698294  0.16948842  0.18488070  
17_9_0     0.01222137  0.03728544  0.00000000  0.00000000  0.06322636  0.07654523  0.09010769  0.08329546  0.08329546  0.11800020  0.06985589  0.06322636  0.06322636  0.06985589  0.09698308  0.10392282  0.09698308  0.08329546  0.08329546  0.09010769  0.16191045  0.15440914  0.15440914  0.16191045  0.16191045  0.16191045  0.09010769  0.09010769  0.09698308  0.10392282  0.09010769  0.08329546  0.08329546  0.08329546  0.09698308  0.08329546  0.09010769  0.11800020  0.14698294  0.16191045  
15_9_0     0.01222137  0.03728544  0.00000000  0.00000000  0.06322636  0.07654523  0.09010769  0.08329546  0.08329546  0.11800020  0.06985589  0.06322636  0.06322636  0.06985589  0.09698308  0.10392282  0.09698308  0.08329546  0.08329546  0.09010769  0.16191045  0.15440914  0.15440914  0.16191045  0.16191045  0.16191045  0.09010769  0.09010769  0.09698308  0.10392282  0.09010769  0.08329546  0.08329546  0.08329546  0.09698308  0.08329546  0.09010769  0.11800020  0.14698294  0.16191045  
20_3_0     0.06322636  0.10392282  0.06322636  0.06322636  0.00000000  0.01222137  0.05665556  0.05665556  0.13963037  0.16191045  0.12514039  0.13234999  0.13234999  0.11092810  0.12514039  0.14698294  0.15440914  0.11092810  0.11092810  0.11800020  0.20059924  0.19269832  0.19269832  0.20059924  0.20059924  0.20059924  0.14698294  0.14698294  0.15440914  0.16191045  0.14698294  0.12514039  0.12514039  0.12514039  0.13963037  0.12514039  0.14698294  0.16191045  0.20858524  0.22481996  
20_19_0    0.07654523  0.11800020  0.07654523  0.07654523  0.01222137  0.00000000  0.06985589  0.06322636  0.15440914  0.17714462  0.13963037  0.14698294  0.14698294  0.12514039  0.13963037  0.16191045  0.16948842  0.12514039  0.12514039  0.13234999  0.21665818  0.20858524  0.19269832  0.20059924  0.20059924  0.20059924  0.16191045  0.16191045  0.16948842  0.17714462  0.16191045  0.13963037  0.13963037  0.13963037  0.15440914  0.13963037  0.16191045  0.17714462  0.22481996  0.22481996  
16_16_0    0.09698308  0.13234999  0.09010769  0.09010769  0.05665556  0.06985589  0.00000000  0.03093956  0.16948842  0.18488070  0.13963037  0.14698294  0.14698294  0.14698294  0.16191045  0.16948842  0.18488070  0.14698294  0.14698294  0.15440914  0.23307258  0.22481996  0.22481996  0.23307258  0.23307258  0.23307258  0.16191045  0.16191045  0.16948842  0.17714462  0.16191045  0.14698294  0.14698294  0.14698294  0.16191045  0.14698294  0.16191045  0.16191045  0.20858524  0.22481996  
16_3_0     0.09698308  0.12514039  0.08329546  0.08329546  0.05665556  0.06322636  0.03093956  0.00000000  0.16191045  0.18488070  0.13234999  0.13963037  0.13963037  0.14698294  0.16191045  0.16948842  0.17714462  0.14698294  0.14698294  0.15440914  0.24141807  0.23307258  0.22481996  0.23307258  0.23307258  0.23307258  0.16948842  0.16948842  0.17714462  0.18488070  0.16948842  0.16191045  0.16191045  0.16191045  0.17714462  0.16191045  0.15440914  0.16948842  0.21665818  0.23307258  
20_2_0     0.09698308  0.12514039  0.08329546  0.08329546  0.13963037  0.15440914  0.16948842  0.16191045  0.00000000  0.11092810  0.07654523  0.08329546  0.08329546  0.09698308  0.12514039  0.13963037  0.09698308  0.10392282  0.10392282  0.11092810  0.19269832  0.20059924  0.18488070  0.19269832  0.19269832  0.19269832  0.11092810  0.11092810  0.11800020  0.12514039  0.11092810  0.11800020  0.11800020  0.11800020  0.13234999  0.11800020  0.12514039  0.16948842  0.16191045  0.16191045  
16_2_0     0.13234999  0.14698294  0.11800020  0.11800020  0.16191045  0.17714462  0.18488070  0.18488070  0.11092810  0.00000000  0.11092810  0.10392282  0.10392282  0.15440914  0.16948842  0.19269832  0.16191045  0.12514039  0.12514039  0.13234999  0.17714462  0.18488070  0.16948842  0.17714462  0.17714462  0.17714462  0.13963037  0.13963037  0.14698294  0.15440914  0.13963037  0.14698294  0.14698294  0.14698294  0.16191045  0.14698294  0.16191045  0.15440914  0.20059924  0.21665818  
18_2_0     0.08329546  0.09698308  0.06985589  0.06985589  0.12514039  0.13963037  0.13963037  0.13234999  0.07654523  0.11092810  0.00000000  0.00608551  0.00608551  0.08329546  0.12514039  0.11800020  0.09698308  0.08329546  0.08329546  0.09010769  0.20059924  0.20858524  0.19269832  0.20059924  0.20059924  0.20059924  0.11092810  0.11092810  0.11800020  0.12514039  0.11092810  0.11800020  0.11800020  0.11800020  0.13234999  0.11800020  0.11092810  0.15440914  0.18488070  0.20059924  
17_2_0     0.07654523  0.09010769  0.06322636  0.06322636  0.13234999  0.14698294  0.14698294  0.13963037  0.08329546  0.10392282  0.00608551  0.00000000  0.00000000  0.09010769  0.13234999  0.12514039  0.10392282  0.09010769  0.09010769  0.09698308  0.19269832  0.20059924  0.18488070  0.19269832  0.19269832  0.19269832  0.11800020  0.11800020  0.12514039  0.13234999  0.11800020  0.12514039  0.12514039  0.12514039  0.13963037  0.12514039  0.11800020  0.14698294  0.19269832  0.20858524  
19_2_0     0.07654523  0.09010769  0.06322636  0.06322636  0.13234999  0.14698294  0.14698294  0.13963037  0.08329546  0.10392282  0.00608551  0.00000000  0.00000000  0.09010769  0.13234999  0.12514039  0.10392282  0.09010769  0.09010769  0.09698308  0.19269832  0.20059924  0.18488070  0.19269832  0.19269832  0.19269832  0.11800020  0.11800020  0.12514039  0.13234999  0.11800020  0.12514039  0.12514039  0.12514039  0.13963037  0.12514039  0.11800020  0.14698294  0.19269832  0.20858524  
16_17_0    0.06985589  0.09698308  0.06985589  0.06985589  0.11092810  0.12514039  0.14698294  0.14698294  0.09698308  0.15440914  0.08329546  0.09010769  0.09010769  0.00000000  0.04368610  0.05665556  0.06322636  0.06322636  0.06322636  0.06985589  0.20059924  0.20858524  0.19269832  0.20059924  0.20059924  0.20059924  0.11092810  0.11092810  0.11800020  0.12514039  0.11092810  0.10392282  0.10392282  0.10392282  0.11800020  0.10392282  0.11092810  0.15440914  0.16948842  0.17714462  
16_4_0     0.09698308  0.12514039  0.09698308  0.09698308  0.12514039  0.13963037  0.16191045  0.16191045  0.12514039  0.16948842  0.12514039  0.13234999  0.13234999  0.04368610  0.00000000  0.09698308  0.09698308  0.10392282  0.10392282  0.11092810  0.21665818  0.20858524  0.20858524  0.21665818  0.21665818  0.21665818  0.13963037  0.13963037  0.14698294  0.15440914  0.13963037  0.11800020  0.11800020  0.11800020  0.11800020  0.11800020  0.13963037  0.16948842  0.18488070  0.19269832  
20_4_0     0.10392282  0.13234999  0.10392282  0.10392282  0.14698294  0.16191045  0.16948842  0.16948842  0.13963037  0.19269832  0.11800020  0.12514039  0.12514039  0.05665556  0.09698308  0.00000000  0.09698308  0.08329546  0.08329546  0.09010769  0.24141807  0.24985855  0.23307258  0.24141807  0.24141807  0.24141807  0.14698294  0.14698294  0.15440914  0.16191045  0.14698294  0.13963037  0.13963037  0.13963037  0.15440914  0.13963037  0.13234999  0.16191045  0.19269832  0.20858524  
20_14_0    0.11092810  0.12514039  0.09698308  0.09698308  0.15440914  0.16948842  0.18488070  0.17714462  0.09698308  0.16191045  0.09698308  0.10392282  0.10392282  0.06322636  0.09698308  0.09698308  0.00000000  0.10392282  0.10392282  0.11092810  0.20858524  0.23307258  0.21665818  0.22481996  0.22481996  0.22481996  0.13234999  0.13234999  0.13963037  0.14698294  0.13234999  0.12514039  0.12514039  0.12514039  0.13963037  0.12514039  0.13963037  0.18488070  0.19269832  0.19269832  
18_11_0    0.08329546  0.12514039  0.08329546  0.08329546  0.11092810  0.12514039  0.14698294  0.14698294  0.10392282  0.12514039  0.08329546  0.09010769  0.09010769  0.06322636  0.10392282  0.08329546  0.10392282  0.00000000  0.00000000  0.00608551  0.18488070  0.19269832  0.17714462  0.18488070  0.18488070  0.18488070  0.11800020  0.11800020  0.12514039  0.13234999  0.11800020  0.11092810  0.11092810  0.11092810  0.12514039  0.11092810  0.11800020  0.16191045  0.17714462  0.19269832  
19_11_0    0.08329546  0.12514039  0.08329546  0.08329546  0.11092810  0.12514039  0.14698294  0.14698294  0.10392282  0.12514039  0.08329546  0.09010769  0.09010769  0.06322636  0.10392282  0.08329546  0.10392282  0.00000000  0.00000000  0.00608551  0.18488070  0.19269832  0.17714462  0.18488070  0.18488070  0.18488070  0.11800020  0.11800020  0.12514039  0.13234999  0.11800020  0.11092810  0.11092810  0.11092810  0.12514039  0.11092810  0.11800020  0.16191045  0.17714462  0.19269832  
17_11_0    0.09010769  0.13234999  0.09010769  0.09010769  0.11800020  0.13234999  0.15440914  0.15440914  0.11092810  0.13234999  0.09010769  0.09698308  0.09698308  0.06985589  0.11092810  0.09010769  0.11092810  0.00608551  0.00608551  0.00000000  0.17714462  0.18488070  0.16948842  0.17714462  0.17714462  0.17714462  0.12514039  0.12514039  0.13234999  0.13963037  0.12514039  0.11800020  0.11800020  0.11800020  0.13234999  0.11800020  0.12514039  0.16948842  0.18488070  0.20059924  
20_1_0     0.16191045  0.19269832  0.16191045  0.16191045  0.20059924  0.21665818  0.23307258  0.24141807  0.19269832  0.17714462  0.20059924  0.19269832  0.19269832  0.20059924  0.21665818  0.24141807  0.20858524  0.18488070  0.18488070  0.17714462  0.00000000  0.03093956  0.03093956  0.02464752  0.02464752  0.02464752  0.16191045  0.16191045  0.16948842  0.17714462  0.16191045  0.18488070  0.18488070  0.18488070  0.18488070  0.18488070  0.20858524  0.22481996  0.22481996  0.24141807  
15_1_0     0.15440914  0.18488070  0.15440914  0.15440914  0.19269832  0.20858524  0.22481996  0.23307258  0.20059924  0.18488070  0.20858524  0.20059924  0.20059924  0.20858524  0.20858524  0.24985855  0.23307258  0.19269832  0.19269832  0.18488070  0.03093956  0.00000000  0.02464752  0.01840842  0.01840842  0.01840842  0.16948842  0.16948842  0.17714462  0.17714462  0.16948842  0.17714462  0.17714462  0.17714462  0.17714462  0.17714462  0.21665818  0.23307258  0.21665818  0.23307258  
19_8_0     0.15440914  0.18488070  0.15440914  0.15440914  0.19269832  0.19269832  0.22481996  0.22481996  0.18488070  0.16948842  0.19269832  0.18488070  0.18488070  0.19269832  0.20858524  0.23307258  0.21665818  0.17714462  0.17714462  0.16948842  0.03093956  0.02464752  0.00000000  0.00608551  0.00608551  0.00608551  0.16948842  0.16948842  0.17714462  0.17714462  0.16948842  0.17714462  0.17714462  0.17714462  0.17714462  0.17714462  0.20059924  0.21665818  0.23307258  0.24985855  
17_8_0     0.16191045  0.19269832  0.16191045  0.16191045  0.20059924  0.20059924  0.23307258  0.23307258  0.19269832  0.17714462  0.20059924  0.19269832  0.19269832  0.20059924  0.21665818  0.24141807  0.22481996  0.18488070  0.18488070  0.17714462  0.02464752  0.01840842  0.00608551  0.00000000  0.00000000  0.00000000  0.16191045  0.16191045  0.16948842  0.16948842  0.16191045  0.18488070  0.18488070  0.18488070  0.18488070  0.18488070  0.20858524  0.22481996  0.22481996  0.24141807  
18_8_0     0.16191045  0.19269832  0.16191045  0.16191045  0.20059924  0.20059924  0.23307258  0.23307258  0.19269832  0.17714462  0.20059924  0.19269832  0.19269832  0.20059924  0.21665818  0.24141807  0.22481996  0.18488070  0.18488070  0.17714462  0.02464752  0.01840842  0.00608551  0.00000000  0.00000000  0.00000000  0.16191045  0.16191045  0.16948842  0.16948842  0.16191045  0.18488070  0.18488070  0.18488070  0.18488070  0.18488070  0.20858524  0.22481996  0.22481996  0.24141807  
15_8_0     0.16191045  0.19269832  0.16191045  0.16191045  0.20059924  0.20059924  0.23307258  0.23307258  0.19269832  0.17714462  0.20059924  0.19269832  0.19269832  0.20059924  0.21665818  0.24141807  0.22481996  0.18488070  0.18488070  0.17714462  0.02464752  0.01840842  0.00608551  0.00000000  0.00000000  0.00000000  0.16191045  0.16191045  0.16948842  0.16948842  0.16191045  0.18488070  0.18488070  0.18488070  0.18488070  0.18488070  0.20858524  0.22481996  0.22481996  0.24141807  
15_0_0     0.10392282  0.10392282  0.09010769  0.09010769  0.14698294  0.16191045  0.16191045  0.16948842  0.11092810  0.13963037  0.11092810  0.11800020  0.11800020  0.11092810  0.13963037  0.14698294  0.13234999  0.11800020  0.11800020  0.12514039  0.16191045  0.16948842  0.16948842  0.16191045  0.16191045  0.16191045  0.00000000  0.00000000  0.01840842  0.02464752  0.01222137  0.03093956  0.03093956  0.03093956  0.04368610  0.03093956  0.06322636  0.09010769  0.09010769  0.11800020  
15_12_0    0.10392282  0.10392282  0.09010769  0.09010769  0.14698294  0.16191045  0.16191045  0.16948842  0.11092810  0.13963037  0.11092810  0.11800020  0.11800020  0.11092810  0.13963037  0.14698294  0.13234999  0.11800020  0.11800020  0.12514039  0.16191045  0.16948842  0.16948842  0.16191045  0.16191045  0.16191045  0.00000000  0.00000000  0.01840842  0.02464752  0.01222137  0.03093956  0.03093956  0.03093956  0.04368610  0.03093956  0.06322636  0.09010769  0.09010769  0.11800020  
17_0_0     0.11092810  0.11092810  0.09698308  0.09698308  0.15440914  0.16948842  0.16948842  0.17714462  0.11800020  0.14698294  0.11800020  0.12514039  0.12514039  0.11800020  0.14698294  0.15440914  0.13963037  0.12514039  0.12514039  0.13234999  0.16948842  0.17714462  0.17714462  0.16948842  0.16948842  0.16948842  0.01840842  0.01840842  0.00000000  0.00608551  0.01840842  0.03728544  0.03728544  0.03728544  0.05014248  0.03728544  0.06985589  0.09698308  0.09698308  0.12514039  
19_0_0     0.11800020  0.11800020  0.10392282  0.10392282  0.16191045  0.17714462  0.17714462  0.18488070  0.12514039  0.15440914  0.12514039  0.13234999  0.13234999  0.12514039  0.15440914  0.16191045  0.14698294  0.13234999  0.13234999  0.13963037  0.17714462  0.17714462  0.17714462  0.16948842  0.16948842  0.16948842  0.02464752  0.02464752  0.00608551  0.00000000  0.02464752  0.04368610  0.04368610  0.04368610  0.05665556  0.04368610  0.07654523  0.10392282  0.10392282  0.13234999  
18_0_0     0.10392282  0.10392282  0.09010769  0.09010769  0.14698294  0.16191045  0.16191045  0.16948842  0.11092810  0.13963037  0.11092810  0.11800020  0.11800020  0.11092810  0.13963037  0.14698294  0.13234999  0.11800020  0.11800020  0.12514039  0.16191045  0.16948842  0.16948842  0.16191045  0.16191045  0.16191045  0.01222137  0.01222137  0.01840842  0.02464752  0.00000000  0.03093956  0.03093956  0.03093956  0.04368610  0.03093956  0.06322636  0.09010769  0.09010769  0.11800020  
15_13_0    0.08329546  0.09698308  0.08329546  0.08329546  0.12514039  0.13963037  0.14698294  0.16191045  0.11800020  0.14698294  0.11800020  0.12514039  0.12514039  0.10392282  0.11800020  0.13963037  0.12514039  0.11092810  0.11092810  0.11800020  0.18488070  0.17714462  0.17714462  0.18488070  0.18488070  0.18488070  0.03093956  0.03093956  0.03728544  0.04368610  0.03093956  0.00000000  0.00000000  0.00000000  0.01222137  0.00000000  0.06985589  0.09698308  0.09698308  0.11092810  
15_6_0     0.08329546  0.09698308  0.08329546  0.08329546  0.12514039  0.13963037  0.14698294  0.16191045  0.11800020  0.14698294  0.11800020  0.12514039  0.12514039  0.10392282  0.11800020  0.13963037  0.12514039  0.11092810  0.11092810  0.11800020  0.18488070  0.17714462  0.17714462  0.18488070  0.18488070  0.18488070  0.03093956  0.03093956  0.03728544  0.04368610  0.03093956  0.00000000  0.00000000  0.00000000  0.01222137  0.00000000  0.06985589  0.09698308  0.09698308  0.11092810  
17_6_0     0.08329546  0.09698308  0.08329546  0.08329546  0.12514039  0.13963037  0.14698294  0.16191045  0.11800020  0.14698294  0.11800020  0.12514039  0.12514039  0.10392282  0.11800020  0.13963037  0.12514039  0.11092810  0.11092810  0.11800020  0.18488070  0.17714462  0.17714462  0.18488070  0.18488070  0.18488070  0.03093956  0.03093956  0.03728544  0.04368610  0.03093956  0.00000000  0.00000000  0.00000000  0.01222137  0.00000000  0.06985589  0.09698308  0.09698308  0.11092810  
19_6_0     0.08329546  0.09698308  0.09698308  0.09698308  0.13963037  0.15440914  0.16191045  0.17714462  0.13234999  0.16191045  0.13234999  0.13963037  0.13963037  0.11800020  0.11800020  0.15440914  0.13963037  0.12514039  0.12514039  0.13234999  0.18488070  0.17714462  0.17714462  0.18488070  0.18488070  0.18488070  0.04368610  0.04368610  0.05014248  0.05665556  0.04368610  0.01222137  0.01222137  0.01222137  0.00000000  0.01222137  0.06985589  0.09698308  0.11092810  0.12514039  
18_6_0     0.08329546  0.09698308  0.08329546  0.08329546  0.12514039  0.13963037  0.14698294  0.16191045  0.11800020  0.14698294  0.11800020  0.12514039  0.12514039  0.10392282  0.11800020  0.13963037  0.12514039  0.11092810  0.11092810  0.11800020  0.18488070  0.17714462  0.17714462  0.18488070  0.18488070  0.18488070  0.03093956  0.03093956  0.03728544  0.04368610  0.03093956  0.00000000  0.00000000  0.00000000  0.01222137  0.00000000  0.06985589  0.09698308  0.09698308  0.11092810  
20_0_0     0.10392282  0.10392282  0.09010769  0.09010769  0.14698294  0.16191045  0.16191045  0.15440914  0.12514039  0.16191045  0.11092810  0.11800020  0.11800020  0.11092810  0.13963037  0.13234999  0.13963037  0.11800020  0.11800020  0.12514039  0.20858524  0.21665818  0.20059924  0.20858524  0.20858524  0.20858524  0.06322636  0.06322636  0.06985589  0.07654523  0.06322636  0.06985589  0.06985589  0.06985589  0.06985589  0.06985589  0.00000000  0.06322636  0.09010769  0.11800020  
20_18_0    0.13234999  0.14698294  0.11800020  0.11800020  0.16191045  0.17714462  0.16191045  0.16948842  0.16948842  0.15440914  0.15440914  0.14698294  0.14698294  0.15440914  0.16948842  0.16191045  0.18488070  0.16191045  0.16191045  0.16948842  0.22481996  0.23307258  0.21665818  0.22481996  0.22481996  0.22481996  0.09010769  0.09010769  0.09698308  0.10392282  0.09010769  0.09698308  0.09698308  0.09698308  0.09698308  0.09698308  0.06322636  0.00000000  0.10392282  0.13234999  
16_15_0    0.16191045  0.16948842  0.14698294  0.14698294  0.20858524  0.22481996  0.20858524  0.21665818  0.16191045  0.20059924  0.18488070  0.19269832  0.19269832  0.16948842  0.18488070  0.19269832  0.19269832  0.17714462  0.17714462  0.18488070  0.22481996  0.21665818  0.23307258  0.22481996  0.22481996  0.22481996  0.09010769  0.09010769  0.09698308  0.10392282  0.09010769  0.09698308  0.09698308  0.09698308  0.11092810  0.09698308  0.09010769  0.10392282  0.00000000  0.02464752  
16_0_0     0.17714462  0.18488070  0.16191045  0.16191045  0.22481996  0.22481996  0.22481996  0.23307258  0.16191045  0.21665818  0.20059924  0.20858524  0.20858524  0.17714462  0.19269832  0.20858524  0.19269832  0.19269832  0.19269832  0.20059924  0.24141807  0.23307258  0.24985855  0.24141807  0.24141807  0.24141807  0.11800020  0.11800020  0.12514039  0.13234999  0.11800020  0.11092810  0.11092810  0.11092810  0.12514039  0.11092810  0.11800020  0.13234999  0.02464752  0.00000000  

