20
20_0_0     0.00000000  0.04599938  0.08071803  0.09507933  0.07364152  0.08071803  0.28431253  0.26577499  0.28431253  0.26577499  0.26577499  0.26577499  0.26577499  0.28431253  0.18770974  0.16343199  0.15551484  0.17143558  0.17143558  0.17143558  
16_0_0     0.04599938  0.00000000  0.05969018  0.08786352  0.06663266  0.05969018  0.27498517  0.27498517  0.29376010  0.26577499  0.26577499  0.26577499  0.26577499  0.27498517  0.21281907  0.17952750  0.17952750  0.19598433  0.19598433  0.19598433  
15_0_0     0.08071803  0.05969018  0.00000000  0.03255957  0.01285083  0.01936172  0.28431253  0.29376010  0.31302850  0.28431253  0.28431253  0.28431253  0.28431253  0.29376010  0.21281907  0.18770974  0.18770974  0.20435338  0.20435338  0.20435338  
19_0_0     0.09507933  0.08786352  0.03255957  0.00000000  0.03255957  0.02593094  0.29376010  0.28431253  0.30333100  0.29376010  0.29376010  0.29376010  0.29376010  0.30333100  0.20435338  0.17952750  0.17952750  0.21281907  0.21281907  0.21281907  
17_0_0     0.07364152  0.06663266  0.01285083  0.03255957  0.00000000  0.01936172  0.28431253  0.29376010  0.31302850  0.27498517  0.27498517  0.27498517  0.27498517  0.29376010  0.21281907  0.18770974  0.18770974  0.20435338  0.20435338  0.20435338  
18_0_0     0.08071803  0.05969018  0.01936172  0.02593094  0.01936172  0.00000000  0.27498517  0.28431253  0.30333100  0.27498517  0.27498517  0.27498517  0.27498517  0.28431253  0.23881898  0.21281907  0.21281907  0.23004949  0.23004949  0.23004949  
8_0_0      0.28431253  0.27498517  0.28431253  0.29376010  0.28431253  0.27498517  0.00000000  0.05281282  0.05281282  0.01936172  0.01936172  0.02593094  0.02593094  0.02593094  0.30333100  0.28431253  0.29376010  0.32285601  0.34291528  0.34291528  
12_0_0     0.26577499  0.27498517  0.29376010  0.28431253  0.29376010  0.28431253  0.05281282  0.00000000  0.05969018  0.05281282  0.05281282  0.03924868  0.03924868  0.05969018  0.26577499  0.26577499  0.27498517  0.27498517  0.29376010  0.29376010  
4_0_0      0.28431253  0.29376010  0.31302850  0.30333100  0.31302850  0.30333100  0.05281282  0.05969018  0.00000000  0.03924868  0.03924868  0.05281282  0.05281282  0.05969018  0.29376010  0.28431253  0.29376010  0.31302850  0.33281704  0.33281704  
1_0_0      0.26577499  0.26577499  0.28431253  0.29376010  0.27498517  0.27498517  0.01936172  0.05281282  0.03924868  0.00000000  0.00000000  0.01285083  0.01285083  0.03924868  0.28431253  0.27498517  0.28431253  0.30333100  0.32285601  0.32285601  
7_0_0      0.26577499  0.26577499  0.28431253  0.29376010  0.27498517  0.27498517  0.01936172  0.05281282  0.03924868  0.00000000  0.00000000  0.01285083  0.01285083  0.03924868  0.28431253  0.27498517  0.28431253  0.30333100  0.32285601  0.32285601  
10_0_0     0.26577499  0.26577499  0.28431253  0.29376010  0.27498517  0.27498517  0.02593094  0.03924868  0.05281282  0.01285083  0.01285083  0.00000000  0.00000000  0.03924868  0.26577499  0.26577499  0.27498517  0.29376010  0.31302850  0.31302850  
5_0_0      0.26577499  0.26577499  0.28431253  0.29376010  0.27498517  0.27498517  0.02593094  0.03924868  0.05281282  0.01285083  0.01285083  0.00000000  0.00000000  0.03924868  0.26577499  0.26577499  0.27498517  0.29376010  0.31302850  0.31302850  
9_0_0      0.28431253  0.27498517  0.29376010  0.30333100  0.29376010  0.28431253  0.02593094  0.05969018  0.05969018  0.03924868  0.03924868  0.03924868  0.03924868  0.00000000  0.28431253  0.28431253  0.29376010  0.31302850  0.33281704  0.33281704  
13_0_0     0.18770974  0.21281907  0.21281907  0.20435338  0.21281907  0.23881898  0.30333100  0.26577499  0.29376010  0.28431253  0.28431253  0.26577499  0.26577499  0.28431253  0.00000000  0.03924868  0.03255957  0.03924868  0.03924868  0.03924868  
6_0_0      0.16343199  0.17952750  0.18770974  0.17952750  0.18770974  0.21281907  0.28431253  0.26577499  0.28431253  0.27498517  0.27498517  0.26577499  0.26577499  0.28431253  0.03924868  0.00000000  0.00639726  0.05969018  0.04599938  0.04599938  
3_0_0      0.15551484  0.17952750  0.18770974  0.17952750  0.18770974  0.21281907  0.29376010  0.27498517  0.29376010  0.28431253  0.28431253  0.27498517  0.27498517  0.29376010  0.03255957  0.00639726  0.00000000  0.05281282  0.03924868  0.03924868  
11_0_0     0.17143558  0.19598433  0.20435338  0.21281907  0.20435338  0.23004949  0.32285601  0.27498517  0.31302850  0.30333100  0.30333100  0.29376010  0.29376010  0.31302850  0.03924868  0.05969018  0.05281282  0.00000000  0.01285083  0.01285083  
14_0_0     0.17143558  0.19598433  0.20435338  0.21281907  0.20435338  0.23004949  0.34291528  0.29376010  0.33281704  0.32285601  0.32285601  0.31302850  0.31302850  0.33281704  0.03924868  0.04599938  0.03924868  0.01285083  0.00000000  0.00000000  
2_0_0      0.17143558  0.19598433  0.20435338  0.21281907  0.20435338  0.23004949  0.34291528  0.29376010  0.33281704  0.32285601  0.32285601  0.31302850  0.31302850  0.33281704  0.03924868  0.04599938  0.03924868  0.01285083  0.00000000  0.00000000  

