20
14_0_0     0.00000000  0.10203988  0.03483038  0.03483038  0.29824502  0.26818183  0.27806615  0.27806615  0.56724972  0.51039627  0.52420048  0.56724972  0.58218190  0.55261647  0.53827041  0.47048202  0.52420048  0.52420048  0.53827041  0.62890074  
18_0_0     0.10203988  0.00000000  0.09425964  0.09425964  0.35127262  0.31899677  0.32959783  0.27806615  0.53827041  0.52420048  0.53827041  0.62890074  0.62890074  0.56724972  0.58218190  0.51039627  0.55261647  0.51039627  0.55261647  0.69623427  
15_0_0     0.03483038  0.09425964  0.00000000  0.00000000  0.28808596  0.25842938  0.26818183  0.26818183  0.52420048  0.49684791  0.47048202  0.51039627  0.52420048  0.51039627  0.49684791  0.45764733  0.52420048  0.51039627  0.52420048  0.61299371  
17_0_0     0.03483038  0.09425964  0.00000000  0.00000000  0.28808596  0.25842938  0.26818183  0.26818183  0.52420048  0.49684791  0.47048202  0.51039627  0.52420048  0.51039627  0.49684791  0.45764733  0.52420048  0.51039627  0.52420048  0.61299371  
20_0_0     0.29824502  0.35127262  0.28808596  0.28808596  0.00000000  0.07140376  0.07894326  0.15895146  0.73237941  0.64516164  0.66179250  0.69623427  0.71408346  0.67881056  0.66179250  0.58218190  0.59742548  0.66179250  0.64516164  0.58218190  
19_0_0     0.26818183  0.31899677  0.25842938  0.25842938  0.07140376  0.00000000  0.00683457  0.12589014  0.71408346  0.64516164  0.58218190  0.62890074  0.64516164  0.55261647  0.53827041  0.52420048  0.58218190  0.62890074  0.61299371  0.56724972  
13_0_0     0.27806615  0.32959783  0.26818183  0.26818183  0.07894326  0.00683457  0.00000000  0.13401635  0.69623427  0.62890074  0.56724972  0.61299371  0.62890074  0.56724972  0.55261647  0.51039627  0.59742548  0.64516164  0.59742548  0.55261647  
16_0_0     0.27806615  0.27806615  0.26818183  0.26818183  0.15895146  0.12589014  0.13401635  0.00000000  0.66179250  0.59742548  0.56724972  0.52420048  0.53827041  0.45764733  0.45764733  0.48354610  0.48354610  0.51039627  0.51039627  0.58218190  
1_0_0      0.56724972  0.53827041  0.52420048  0.52420048  0.73237941  0.71408346  0.69623427  0.66179250  0.00000000  0.10203988  0.20249866  0.19357920  0.18476728  0.23930635  0.24880533  0.23930635  0.29824502  0.30854726  0.29824502  0.47048202  
8_0_0      0.51039627  0.52420048  0.49684791  0.49684791  0.64516164  0.64516164  0.62890074  0.59742548  0.10203988  0.00000000  0.28808596  0.23930635  0.24880533  0.26818183  0.27806615  0.23930635  0.28808596  0.29824502  0.30854726  0.43263483  
5_0_0      0.52420048  0.53827041  0.47048202  0.47048202  0.66179250  0.58218190  0.56724972  0.56724972  0.20249866  0.28808596  0.00000000  0.14223391  0.15054489  0.18476728  0.17606031  0.25842938  0.37360979  0.36235589  0.35127262  0.40844994  
4_0_0      0.56724972  0.62890074  0.51039627  0.51039627  0.69623427  0.62890074  0.61299371  0.52420048  0.19357920  0.23930635  0.14223391  0.00000000  0.00683457  0.12589014  0.13401635  0.22992922  0.34035490  0.32959783  0.31899677  0.43263483  
11_0_0     0.58218190  0.62890074  0.52420048  0.52420048  0.71408346  0.64516164  0.62890074  0.53827041  0.18476728  0.24880533  0.15054489  0.00683457  0.00000000  0.13401635  0.14223391  0.23930635  0.34035490  0.32959783  0.31899677  0.44503410  
2_0_0      0.55261647  0.56724972  0.51039627  0.51039627  0.67881056  0.55261647  0.56724972  0.45764733  0.23930635  0.26818183  0.18476728  0.12589014  0.13401635  0.00000000  0.00683457  0.24880533  0.30854726  0.29824502  0.30854726  0.45764733  
12_0_0     0.53827041  0.58218190  0.49684791  0.49684791  0.66179250  0.53827041  0.55261647  0.45764733  0.24880533  0.27806615  0.17606031  0.13401635  0.14223391  0.00683457  0.00000000  0.25842938  0.29824502  0.30854726  0.29824502  0.44503410  
10_0_0     0.47048202  0.51039627  0.45764733  0.45764733  0.58218190  0.52420048  0.51039627  0.48354610  0.23930635  0.23930635  0.25842938  0.22992922  0.23930635  0.24880533  0.25842938  0.00000000  0.22067085  0.21152829  0.20249866  0.30854726  
9_0_0      0.52420048  0.55261647  0.52420048  0.52420048  0.59742548  0.58218190  0.59742548  0.48354610  0.29824502  0.28808596  0.37360979  0.34035490  0.34035490  0.30854726  0.29824502  0.22067085  0.00000000  0.06394123  0.07140376  0.34035490  
3_0_0      0.52420048  0.51039627  0.51039627  0.51039627  0.66179250  0.62890074  0.64516164  0.51039627  0.30854726  0.29824502  0.36235589  0.32959783  0.32959783  0.29824502  0.30854726  0.21152829  0.06394123  0.00000000  0.03483038  0.32959783  
6_0_0      0.53827041  0.55261647  0.52420048  0.52420048  0.64516164  0.61299371  0.59742548  0.51039627  0.29824502  0.30854726  0.35127262  0.31899677  0.31899677  0.30854726  0.29824502  0.20249866  0.07140376  0.03483038  0.00000000  0.32959783  
7_0_0      0.62890074  0.69623427  0.61299371  0.61299371  0.58218190  0.56724972  0.55261647  0.58218190  0.47048202  0.43263483  0.40844994  0.43263483  0.44503410  0.45764733  0.44503410  0.30854726  0.34035490  0.32959783  0.32959783  0.00000000  

