20
17_0_0     0.00000000  0.07267497  0.10740906  0.14384851  0.14384851  0.13456959  0.14384851  0.14384851  0.14384851  0.24363651  0.22257688  0.23303202  0.26531108  0.27639040  0.32243926  0.29905782  0.29905782  0.27639040  0.27639040  0.25439469  
16_0_0     0.07267497  0.00000000  0.15324490  0.19206700  0.19206700  0.18216948  0.19206700  0.19206700  0.19206700  0.24363651  0.22257688  0.23303202  0.24363651  0.25439469  0.29905782  0.29905782  0.29905782  0.27639040  0.27639040  0.27639040  
15_0_0     0.10740906  0.15324490  0.00000000  0.12540522  0.12540522  0.11635260  0.12540522  0.12540522  0.11635260  0.23303202  0.23303202  0.24363651  0.25439469  0.24363651  0.24363651  0.31065649  0.31065649  0.26531108  0.26531108  0.26531108  
14_0_0     0.14384851  0.19206700  0.12540522  0.00000000  0.00000000  0.10740906  0.11635260  0.11635260  0.15324490  0.25439469  0.28763759  0.29905782  0.31065649  0.29905782  0.31065649  0.25439469  0.25439469  0.26531108  0.28763759  0.24363651  
18_0_0     0.14384851  0.19206700  0.12540522  0.00000000  0.00000000  0.10740906  0.11635260  0.11635260  0.15324490  0.25439469  0.28763759  0.29905782  0.31065649  0.29905782  0.31065649  0.25439469  0.25439469  0.26531108  0.28763759  0.24363651  
20_0_0     0.13456959  0.18216948  0.11635260  0.10740906  0.10740906  0.00000000  0.00773244  0.00773244  0.14384851  0.20209827  0.23303202  0.22257688  0.27639040  0.26531108  0.28763759  0.25439469  0.25439469  0.26531108  0.26531108  0.24363651  
19_0_0     0.14384851  0.19206700  0.12540522  0.11635260  0.11635260  0.00773244  0.00000000  0.00000000  0.13456959  0.21226696  0.24363651  0.23303202  0.26531108  0.25439469  0.29905782  0.26531108  0.26531108  0.27639040  0.27639040  0.25439469  
12_0_0     0.14384851  0.19206700  0.12540522  0.11635260  0.11635260  0.00773244  0.00000000  0.00000000  0.13456959  0.21226696  0.24363651  0.23303202  0.26531108  0.25439469  0.29905782  0.26531108  0.26531108  0.27639040  0.27639040  0.25439469  
13_0_0     0.14384851  0.19206700  0.11635260  0.15324490  0.15324490  0.14384851  0.13456959  0.13456959  0.00000000  0.27639040  0.27639040  0.28763759  0.32243926  0.31065649  0.33441209  0.33441209  0.33441209  0.33441209  0.33441209  0.33441209  
10_0_0     0.24363651  0.24363651  0.23303202  0.25439469  0.25439469  0.20209827  0.21226696  0.21226696  0.27639040  0.00000000  0.06423959  0.07267497  0.11635260  0.10740906  0.10740906  0.08120732  0.08120732  0.09857199  0.07267497  0.08983888  
11_0_0     0.22257688  0.22257688  0.23303202  0.28763759  0.28763759  0.23303202  0.24363651  0.24363651  0.27639040  0.06423959  0.00000000  0.00773244  0.11635260  0.10740906  0.12540522  0.13456959  0.13456959  0.11635260  0.08983888  0.12540522  
7_0_0      0.23303202  0.23303202  0.24363651  0.29905782  0.29905782  0.22257688  0.23303202  0.23303202  0.28763759  0.07267497  0.00773244  0.00000000  0.12540522  0.11635260  0.13456959  0.14384851  0.14384851  0.12540522  0.09857199  0.13456959  
4_0_0      0.26531108  0.24363651  0.25439469  0.31065649  0.31065649  0.27639040  0.26531108  0.26531108  0.32243926  0.11635260  0.11635260  0.12540522  0.00000000  0.00773244  0.07267497  0.10740906  0.10740906  0.09857199  0.07267497  0.10740906  
3_0_0      0.27639040  0.25439469  0.24363651  0.29905782  0.29905782  0.26531108  0.25439469  0.25439469  0.31065649  0.10740906  0.10740906  0.11635260  0.00773244  0.00000000  0.06423959  0.09857199  0.09857199  0.08983888  0.06423959  0.09857199  
5_0_0      0.32243926  0.29905782  0.24363651  0.31065649  0.31065649  0.28763759  0.29905782  0.29905782  0.33441209  0.10740906  0.12540522  0.13456959  0.07267497  0.06423959  0.00000000  0.12540522  0.12540522  0.11635260  0.08120732  0.10740906  
8_0_0      0.29905782  0.29905782  0.31065649  0.25439469  0.25439469  0.25439469  0.26531108  0.26531108  0.33441209  0.08120732  0.13456959  0.14384851  0.10740906  0.09857199  0.12540522  0.00000000  0.00000000  0.06423959  0.05589898  0.07267497  
2_0_0      0.29905782  0.29905782  0.31065649  0.25439469  0.25439469  0.25439469  0.26531108  0.26531108  0.33441209  0.08120732  0.13456959  0.14384851  0.10740906  0.09857199  0.12540522  0.00000000  0.00000000  0.06423959  0.05589898  0.07267497  
9_0_0      0.27639040  0.27639040  0.26531108  0.26531108  0.26531108  0.26531108  0.27639040  0.27639040  0.33441209  0.09857199  0.11635260  0.12540522  0.09857199  0.08983888  0.11635260  0.06423959  0.06423959  0.00000000  0.05589898  0.05589898  
1_0_0      0.27639040  0.27639040  0.26531108  0.28763759  0.28763759  0.26531108  0.27639040  0.27639040  0.33441209  0.07267497  0.08983888  0.09857199  0.07267497  0.06423959  0.08120732  0.05589898  0.05589898  0.05589898  0.00000000  0.04765104  
6_0_0      0.25439469  0.27639040  0.26531108  0.24363651  0.24363651  0.24363651  0.25439469  0.25439469  0.33441209  0.08983888  0.12540522  0.13456959  0.10740906  0.09857199  0.10740906  0.07267497  0.07267497  0.05589898  0.04765104  0.00000000  

