20
16_0_0     0.00000000  0.33124429  0.36046680  0.33124429  0.47742158  0.41874519  0.40259783  0.41060569  0.41060569  0.35311677  0.32662632  0.44192825  0.45056382  0.43344071  0.53193658  0.53193658  0.52970453  0.53424379  0.54406751  0.46728603  
6_0_0      0.33124429  0.00000000  0.14191200  0.16105605  0.38989288  0.37491642  0.35998390  0.36739387  0.36739387  0.34153947  0.34280951  0.37031882  0.39305709  0.37778282  0.43887404  0.43887404  0.46196939  0.46055614  0.46918517  0.46640276  
14_0_0     0.36046680  0.14191200  0.00000000  0.15092720  0.38989288  0.36739387  0.38255502  0.39031330  0.39031330  0.36296566  0.35709351  0.37031882  0.37031882  0.36296566  0.41525328  0.41525328  0.42943813  0.41662289  0.44043506  0.42907383  
15_0_0     0.33124429  0.16105605  0.15092720  0.00000000  0.35774232  0.41060569  0.41060569  0.41874519  0.41874519  0.42141636  0.39144894  0.38536106  0.39305709  0.37778282  0.44700484  0.44700484  0.47044747  0.46545045  0.49179715  0.43392361  
20_0_0     0.47742158  0.38989288  0.38989288  0.35774232  0.00000000  0.21995923  0.20303504  0.20861241  0.20861241  0.22330947  0.20715979  0.39758761  0.38989288  0.39758761  0.46548534  0.46548534  0.47229230  0.48076723  0.48938975  0.45205867  
5_0_0      0.41874519  0.37491642  0.36739387  0.41060569  0.21995923  0.00000000  0.01946145  0.02344725  0.02344725  0.08643645  0.07338990  0.33140548  0.33140548  0.33839695  0.46196939  0.46196939  0.44392932  0.43887404  0.44700484  0.43553618  
10_0_0     0.40259783  0.35998390  0.38255502  0.41060569  0.20303504  0.01946145  0.00000000  0.00383158  0.00383158  0.06447421  0.06038633  0.31771190  0.31771190  0.32451136  0.44543665  0.44543665  0.42806038  0.43887404  0.44700484  0.40402902  
12_0_0     0.41060569  0.36739387  0.39031330  0.41874519  0.20861241  0.02344725  0.00383158  0.00000000  0.00000000  0.06447421  0.06038633  0.31771190  0.31771190  0.32451136  0.43737278  0.43737278  0.42031263  0.43087460  0.43887404  0.41171986  
4_0_0      0.41060569  0.36739387  0.39031330  0.41874519  0.20861241  0.02344725  0.00383158  0.00000000  0.00000000  0.06447421  0.06038633  0.31771190  0.31771190  0.32451136  0.43737278  0.43737278  0.42031263  0.43087460  0.43887404  0.41171986  
17_0_0     0.35311677  0.34153947  0.36296566  0.42141636  0.22330947  0.08643645  0.06447421  0.06447421  0.06447421  0.00000000  0.01939575  0.30988303  0.30988303  0.31654477  0.44109725  0.44109725  0.42428014  0.43454957  0.44248284  0.41525328  
11_0_0     0.32662632  0.34280951  0.35709351  0.39144894  0.20715979  0.07338990  0.06038633  0.06038633  0.06038633  0.01939575  0.00000000  0.29141100  0.30438685  0.29785642  0.44248284  0.44248284  0.42548128  0.43593128  0.44392932  0.40136139  
1_0_0      0.44192825  0.37031882  0.37031882  0.38536106  0.39758761  0.33140548  0.31771190  0.31771190  0.31771190  0.30988303  0.29141100  0.00000000  0.01550749  0.00769304  0.37326840  0.37326840  0.37218093  0.34164325  0.36245909  0.27995783  
3_0_0      0.45056382  0.39305709  0.37031882  0.39305709  0.38989288  0.33140548  0.31771190  0.31771190  0.31771190  0.30988303  0.30438685  0.01550749  0.00000000  0.00769304  0.37326840  0.37326840  0.37218093  0.34164325  0.36245909  0.27995783  
2_0_0      0.43344071  0.37778282  0.36296566  0.37778282  0.39758761  0.33839695  0.32451136  0.32451136  0.32451136  0.31654477  0.29785642  0.00769304  0.00769304  0.00000000  0.36618340  0.36618340  0.36514680  0.33489466  0.35542280  0.27390868  
13_0_0     0.53193658  0.43887404  0.41525328  0.44700484  0.46548534  0.46196939  0.44543665  0.43737278  0.43737278  0.44109725  0.44248284  0.37326840  0.37326840  0.36618340  0.00000000  0.00000000  0.02736711  0.25177540  0.25782856  0.21347784  
9_0_0      0.53193658  0.43887404  0.41525328  0.44700484  0.46548534  0.46196939  0.44543665  0.43737278  0.43737278  0.44109725  0.44248284  0.37326840  0.37326840  0.36618340  0.00000000  0.00000000  0.02736711  0.25177540  0.25782856  0.21347784  
7_0_0      0.52970453  0.46196939  0.42943813  0.47044747  0.47229230  0.44392932  0.42806038  0.42031263  0.42031263  0.42428014  0.42548128  0.37218093  0.37218093  0.36514680  0.02736711  0.02736711  0.00000000  0.24072656  0.24667112  0.20303504  
8_0_0      0.53424379  0.46055614  0.41662289  0.46545045  0.48076723  0.43887404  0.43887404  0.43087460  0.43087460  0.43454957  0.43593128  0.34164325  0.34164325  0.33489466  0.25177540  0.25177540  0.24072656  0.00000000  0.01158485  0.11414535  
18_0_0     0.54406751  0.46918517  0.44043506  0.49179715  0.48938975  0.44700484  0.44700484  0.43887404  0.43887404  0.44248284  0.44392932  0.36245909  0.36245909  0.35542280  0.25782856  0.25782856  0.24667112  0.01158485  0.00000000  0.11891809  
19_0_0     0.46728603  0.46640276  0.42907383  0.43392361  0.45205867  0.43553618  0.40402902  0.41171986  0.41171986  0.41525328  0.40136139  0.27995783  0.27995783  0.27390868  0.21347784  0.21347784  0.20303504  0.11414535  0.11891809  0.00000000  

