44
8_2_0      0.00000000  0.02037488  0.11373457  0.09069879  0.14356180  0.11960584  0.12552344  0.17462507  0.18741995  0.10212821  0.20703126  0.22716939  0.30601427  0.28367583  0.27637518  0.27637518  0.18099521  0.16830859  0.16204489  0.20043699  0.17462507  0.21368404  0.24090176  0.22039640  0.30601427  0.32128514  0.34479099  0.33687354  0.31361082  0.32128514  0.26914495  0.25489036  0.29849393  0.31361082  0.31361082  0.32128514  0.32128514  0.35279296  0.31361082  0.32128514  0.24786343  0.34479099  0.33687354  0.27637518  
1_2_0      0.02037488  0.00000000  0.11373457  0.07944100  0.14356180  0.11960584  0.11373457  0.17462507  0.18741995  0.10212821  0.20703126  0.22716939  0.29104827  0.28367583  0.26198378  0.26198378  0.18099521  0.16830859  0.16204489  0.20043699  0.17462507  0.21368404  0.22716939  0.20703126  0.30601427  0.33687354  0.32903882  0.32128514  0.31361082  0.30601427  0.25489036  0.24090176  0.26914495  0.28367583  0.28367583  0.29104827  0.30601427  0.33687354  0.28367583  0.32128514  0.23400413  0.34479099  0.33687354  0.26198378  
8_15_0     0.11373457  0.11373457  0.00000000  0.06286508  0.15583309  0.13148814  0.13750066  0.17462507  0.20043699  0.10212821  0.22716939  0.22039640  0.32903882  0.32128514  0.32903882  0.32903882  0.17462507  0.21368404  0.20703126  0.20703126  0.17462507  0.22039640  0.23400413  0.29849393  0.30601427  0.33687354  0.32128514  0.31361082  0.30601427  0.31361082  0.26198378  0.27637518  0.24786343  0.35279296  0.35279296  0.31361082  0.33687354  0.35279296  0.29849393  0.32128514  0.25489036  0.30601427  0.29849393  0.30601427  
1_15_0     0.09069879  0.07944100  0.06286508  0.00000000  0.14967234  0.12552344  0.13148814  0.16830859  0.19390022  0.09639172  0.17462507  0.18099521  0.29849393  0.29104827  0.28367583  0.28367583  0.16204489  0.18741995  0.19390022  0.15583309  0.13750066  0.16830859  0.21368404  0.22716939  0.32128514  0.34479099  0.32903882  0.32128514  0.29104827  0.29849393  0.27637518  0.27637518  0.22039640  0.30601427  0.30601427  0.32903882  0.29849393  0.31361082  0.26198378  0.29104827  0.22716939  0.29104827  0.28367583  0.24090176  
5_2_0      0.14356180  0.14356180  0.15583309  0.14967234  0.00000000  0.14967234  0.15583309  0.18741995  0.21368404  0.11373457  0.25489036  0.29849393  0.31361082  0.30601427  0.32128514  0.32128514  0.22039640  0.22039640  0.21368404  0.24090176  0.22039640  0.24090176  0.26198378  0.26198378  0.31361082  0.32903882  0.38568328  0.39413637  0.37732444  0.38568328  0.36088125  0.33687354  0.36088125  0.42008301  0.42008301  0.38568328  0.30601427  0.33687354  0.32128514  0.36905777  0.26914495  0.34479099  0.33687354  0.32903882  
12_2_0     0.11960584  0.11960584  0.13148814  0.12552344  0.14967234  0.00000000  0.00504204  0.10790893  0.11960584  0.11960584  0.24786343  0.26198378  0.29849393  0.29104827  0.30601427  0.30601427  0.20043699  0.19390022  0.18099521  0.23400413  0.20043699  0.22039640  0.24090176  0.26198378  0.32128514  0.33687354  0.32903882  0.32128514  0.27637518  0.28367583  0.24090176  0.24090176  0.25489036  0.31361082  0.31361082  0.29849393  0.28367583  0.31361082  0.26914495  0.31361082  0.22716939  0.29104827  0.28367583  0.27637518  
2_2_0      0.12552344  0.11373457  0.13750066  0.13148814  0.15583309  0.00504204  0.00000000  0.11373457  0.12552344  0.12552344  0.25489036  0.26914495  0.29104827  0.28367583  0.29849393  0.29849393  0.19390022  0.18741995  0.17462507  0.24090176  0.20703126  0.22716939  0.23400413  0.25489036  0.32903882  0.34479099  0.32128514  0.31361082  0.28367583  0.27637518  0.23400413  0.23400413  0.24786343  0.30601427  0.30601427  0.29104827  0.29104827  0.32128514  0.26198378  0.32128514  0.22039640  0.29849393  0.29104827  0.26914495  
4_2_0      0.17462507  0.17462507  0.17462507  0.16830859  0.18741995  0.10790893  0.11373457  0.00000000  0.02037488  0.16830859  0.26914495  0.25489036  0.32128514  0.35279296  0.36905777  0.37732444  0.22039640  0.23400413  0.23400413  0.26198378  0.24090176  0.24786343  0.25489036  0.29104827  0.34479099  0.34479099  0.35279296  0.34479099  0.36088125  0.36905777  0.29849393  0.29849393  0.29104827  0.39413637  0.39413637  0.33687354  0.29104827  0.30601427  0.29104827  0.32903882  0.23400413  0.31361082  0.32128514  0.30601427  
11_2_0     0.18741995  0.18741995  0.20043699  0.19390022  0.21368404  0.11960584  0.12552344  0.02037488  0.00000000  0.19390022  0.29849393  0.26914495  0.33687354  0.35279296  0.38568328  0.39413637  0.24786343  0.24786343  0.23400413  0.23400413  0.21368404  0.23400413  0.24090176  0.30601427  0.37732444  0.37732444  0.35279296  0.34479099  0.36088125  0.36905777  0.32903882  0.31361082  0.29849393  0.40268586  0.40268586  0.34479099  0.32128514  0.33687354  0.29104827  0.32128514  0.26198378  0.31361082  0.32128514  0.32128514  
5_16_0     0.10212821  0.10212821  0.10212821  0.09639172  0.11373457  0.11960584  0.12552344  0.16830859  0.19390022  0.00000000  0.18741995  0.21368404  0.28367583  0.29104827  0.27637518  0.27637518  0.16204489  0.17462507  0.18099521  0.18099521  0.17462507  0.19390022  0.22039640  0.22716939  0.32128514  0.32128514  0.33687354  0.32903882  0.32903882  0.33687354  0.28367583  0.29849393  0.28367583  0.32903882  0.32903882  0.35279296  0.30601427  0.33687354  0.30601427  0.29849393  0.23400413  0.29849393  0.29104827  0.26914495  
10_22_0    0.20703126  0.20703126  0.22716939  0.17462507  0.25489036  0.24786343  0.25489036  0.26914495  0.29849393  0.18741995  0.00000000  0.16830859  0.34479099  0.32128514  0.30601427  0.32128514  0.22716939  0.23400413  0.24090176  0.26198378  0.24090176  0.24786343  0.26198378  0.22716939  0.36905777  0.35279296  0.33687354  0.32903882  0.32128514  0.32903882  0.29104827  0.29104827  0.24786343  0.31361082  0.31361082  0.32903882  0.32903882  0.34479099  0.32903882  0.32903882  0.31361082  0.32903882  0.33687354  0.33687354  
10_2_0     0.22716939  0.22716939  0.22039640  0.18099521  0.29849393  0.26198378  0.26914495  0.25489036  0.26914495  0.21368404  0.16830859  0.00000000  0.36905777  0.32903882  0.32903882  0.32903882  0.24090176  0.24090176  0.24786343  0.24786343  0.24090176  0.26198378  0.26198378  0.29849393  0.32903882  0.31361082  0.36088125  0.35279296  0.31361082  0.32128514  0.29849393  0.29849393  0.25489036  0.33687354  0.33687354  0.35279296  0.36088125  0.36088125  0.32903882  0.32903882  0.26914495  0.36905777  0.32903882  0.29104827  
6_2_0      0.30601427  0.29104827  0.32903882  0.29849393  0.31361082  0.29849393  0.29104827  0.32128514  0.33687354  0.28367583  0.34479099  0.36905777  0.00000000  0.06834977  0.09639172  0.10790893  0.28367583  0.29849393  0.30601427  0.33687354  0.32128514  0.31361082  0.34479099  0.37732444  0.42008301  0.41133397  0.38568328  0.39413637  0.38568328  0.37732444  0.32128514  0.31361082  0.36905777  0.45613739  0.45613739  0.42893536  0.40268586  0.42008301  0.38568328  0.35279296  0.34479099  0.42893536  0.41133397  0.32903882  
3_2_0      0.28367583  0.28367583  0.32128514  0.29104827  0.30601427  0.29104827  0.28367583  0.35279296  0.35279296  0.29104827  0.32128514  0.32903882  0.06834977  0.00000000  0.09069879  0.10212821  0.28367583  0.28367583  0.27637518  0.32903882  0.31361082  0.30601427  0.32128514  0.37732444  0.40268586  0.40268586  0.39413637  0.40268586  0.34479099  0.33687354  0.32128514  0.29849393  0.37732444  0.48436369  0.48436369  0.43789348  0.39413637  0.39413637  0.37732444  0.33687354  0.31361082  0.42893536  0.39413637  0.33687354  
9_25_0     0.27637518  0.26198378  0.32903882  0.28367583  0.32128514  0.30601427  0.29849393  0.36905777  0.38568328  0.27637518  0.30601427  0.32903882  0.09639172  0.09069879  0.00000000  0.01011822  0.26198378  0.25489036  0.27637518  0.34479099  0.32128514  0.33687354  0.35279296  0.34479099  0.36088125  0.37732444  0.38568328  0.39413637  0.34479099  0.33687354  0.29849393  0.29104827  0.34479099  0.41133397  0.41133397  0.40268586  0.36905777  0.38568328  0.35279296  0.36088125  0.32128514  0.45613739  0.42008301  0.32903882  
9_2_0      0.27637518  0.26198378  0.32903882  0.28367583  0.32128514  0.30601427  0.29849393  0.37732444  0.39413637  0.27637518  0.32128514  0.32903882  0.10790893  0.10212821  0.01011822  0.00000000  0.27637518  0.25489036  0.27637518  0.34479099  0.32128514  0.33687354  0.35279296  0.35279296  0.36905777  0.38568328  0.36905777  0.37732444  0.32903882  0.32128514  0.31361082  0.30601427  0.36088125  0.39413637  0.39413637  0.40268586  0.35279296  0.36905777  0.35279296  0.37732444  0.32128514  0.45613739  0.40268586  0.34479099  
9_24_0     0.18099521  0.18099521  0.17462507  0.16204489  0.22039640  0.20043699  0.19390022  0.22039640  0.24786343  0.16204489  0.22716939  0.24090176  0.28367583  0.28367583  0.26198378  0.27637518  0.00000000  0.06286508  0.06834977  0.20043699  0.20043699  0.24090176  0.24090176  0.26198378  0.32903882  0.34479099  0.30601427  0.29849393  0.33687354  0.32903882  0.26914495  0.27637518  0.27637518  0.30601427  0.30601427  0.32903882  0.32903882  0.34479099  0.31361082  0.36905777  0.28367583  0.35279296  0.34479099  0.28367583  
6_24_0     0.16830859  0.16830859  0.21368404  0.18741995  0.22039640  0.19390022  0.18741995  0.23400413  0.24786343  0.17462507  0.23400413  0.24090176  0.29849393  0.28367583  0.25489036  0.25489036  0.06286508  0.00000000  0.01522901  0.21368404  0.20043699  0.25489036  0.25489036  0.26914495  0.30601427  0.32128514  0.27637518  0.26914495  0.29104827  0.28367583  0.27637518  0.26914495  0.30601427  0.29849393  0.29849393  0.34479099  0.29849393  0.31361082  0.28367583  0.35279296  0.28367583  0.34479099  0.33687354  0.28367583  
3_24_0     0.16204489  0.16204489  0.20703126  0.19390022  0.21368404  0.18099521  0.17462507  0.23400413  0.23400413  0.18099521  0.24090176  0.24786343  0.30601427  0.27637518  0.27637518  0.27637518  0.06834977  0.01522901  0.00000000  0.20703126  0.19390022  0.24786343  0.23400413  0.27637518  0.31361082  0.32903882  0.26914495  0.26198378  0.29849393  0.29104827  0.27637518  0.26914495  0.30601427  0.29849393  0.29849393  0.32903882  0.30601427  0.32128514  0.29104827  0.34479099  0.29104827  0.35279296  0.34479099  0.30601427  
9_23_0     0.20043699  0.20043699  0.20703126  0.15583309  0.24090176  0.23400413  0.24090176  0.26198378  0.23400413  0.18099521  0.26198378  0.24786343  0.33687354  0.32903882  0.34479099  0.34479099  0.20043699  0.21368404  0.20703126  0.00000000  0.04664775  0.07387488  0.11960584  0.29104827  0.37732444  0.37732444  0.39413637  0.38568328  0.32903882  0.33687354  0.35279296  0.34479099  0.26198378  0.36088125  0.36088125  0.36088125  0.38568328  0.40268586  0.32128514  0.32128514  0.30601427  0.28367583  0.30601427  0.27637518  
9_26_0     0.17462507  0.17462507  0.17462507  0.13750066  0.22039640  0.20043699  0.20703126  0.24090176  0.21368404  0.17462507  0.24090176  0.24090176  0.32128514  0.31361082  0.32128514  0.32128514  0.20043699  0.20043699  0.19390022  0.04664775  0.00000000  0.07944100  0.12552344  0.27637518  0.36088125  0.36905777  0.34479099  0.33687354  0.29849393  0.30601427  0.29104827  0.28367583  0.22716939  0.32903882  0.32903882  0.32903882  0.32128514  0.33687354  0.26914495  0.29849393  0.26914495  0.26198378  0.28367583  0.26914495  
6_23_0     0.21368404  0.21368404  0.22039640  0.16830859  0.24090176  0.22039640  0.22716939  0.24786343  0.23400413  0.19390022  0.24786343  0.26198378  0.31361082  0.30601427  0.33687354  0.33687354  0.24090176  0.25489036  0.24786343  0.07387488  0.07944100  0.00000000  0.07387488  0.30601427  0.38568328  0.37732444  0.36088125  0.35279296  0.31361082  0.32128514  0.32128514  0.32903882  0.27637518  0.32128514  0.32128514  0.36088125  0.36905777  0.36905777  0.35279296  0.29104827  0.29104827  0.26914495  0.29104827  0.29104827  
3_23_0     0.24090176  0.22716939  0.23400413  0.21368404  0.26198378  0.24090176  0.23400413  0.25489036  0.24090176  0.22039640  0.26198378  0.26198378  0.34479099  0.32128514  0.35279296  0.35279296  0.24090176  0.25489036  0.23400413  0.11960584  0.12552344  0.07387488  0.00000000  0.32128514  0.41133397  0.40268586  0.33687354  0.32903882  0.33687354  0.32903882  0.31361082  0.30601427  0.26914495  0.35279296  0.35279296  0.35279296  0.34479099  0.36088125  0.29849393  0.32903882  0.31361082  0.32128514  0.32903882  0.31361082  
7_11_0     0.22039640  0.20703126  0.29849393  0.22716939  0.26198378  0.26198378  0.25489036  0.29104827  0.30601427  0.22716939  0.22716939  0.29849393  0.37732444  0.37732444  0.34479099  0.35279296  0.26198378  0.26914495  0.27637518  0.29104827  0.27637518  0.30601427  0.32128514  0.00000000  0.23400413  0.27637518  0.32128514  0.31361082  0.31361082  0.30601427  0.29849393  0.28367583  0.29104827  0.29849393  0.29849393  0.33687354  0.32128514  0.32128514  0.29849393  0.35279296  0.26198378  0.29104827  0.30601427  0.26914495  
7_14_0     0.30601427  0.30601427  0.30601427  0.32128514  0.31361082  0.32128514  0.32903882  0.34479099  0.37732444  0.32128514  0.36905777  0.32903882  0.42008301  0.40268586  0.36088125  0.36905777  0.32903882  0.30601427  0.31361082  0.37732444  0.36088125  0.38568328  0.41133397  0.23400413  0.00000000  0.10212821  0.37732444  0.38568328  0.35279296  0.36088125  0.36905777  0.33687354  0.43789348  0.48436369  0.48436369  0.42008301  0.35279296  0.36905777  0.36905777  0.42893536  0.36905777  0.38568328  0.38568328  0.36905777  
7_13_0     0.32128514  0.33687354  0.33687354  0.34479099  0.32903882  0.33687354  0.34479099  0.34479099  0.37732444  0.32128514  0.35279296  0.31361082  0.41133397  0.40268586  0.37732444  0.38568328  0.34479099  0.32128514  0.32903882  0.37732444  0.36905777  0.37732444  0.40268586  0.27637518  0.10212821  0.00000000  0.41133397  0.42008301  0.42008301  0.42893536  0.37732444  0.36088125  0.44695994  0.51369444  0.51369444  0.42893536  0.37732444  0.39413637  0.36088125  0.46542857  0.37732444  0.41133397  0.39413637  0.37732444  
2_1_0      0.34479099  0.32903882  0.32128514  0.32903882  0.38568328  0.32903882  0.32128514  0.35279296  0.35279296  0.33687354  0.33687354  0.36088125  0.38568328  0.39413637  0.38568328  0.36905777  0.30601427  0.27637518  0.26914495  0.39413637  0.34479099  0.36088125  0.33687354  0.32128514  0.37732444  0.41133397  0.00000000  0.00504204  0.13750066  0.13148814  0.17462507  0.13750066  0.22039640  0.27637518  0.27637518  0.23400413  0.24090176  0.24090176  0.29849393  0.32903882  0.24786343  0.26198378  0.22716939  0.26914495  
12_1_0     0.33687354  0.32128514  0.31361082  0.32128514  0.39413637  0.32128514  0.31361082  0.34479099  0.34479099  0.32903882  0.32903882  0.35279296  0.39413637  0.40268586  0.39413637  0.37732444  0.29849393  0.26914495  0.26198378  0.38568328  0.33687354  0.35279296  0.32903882  0.31361082  0.38568328  0.42008301  0.00504204  0.00000000  0.14356180  0.13750066  0.16830859  0.14356180  0.21368404  0.26914495  0.26914495  0.22716939  0.24786343  0.24786343  0.29104827  0.32128514  0.24090176  0.25489036  0.23400413  0.26198378  
5_1_0      0.31361082  0.31361082  0.30601427  0.29104827  0.37732444  0.27637518  0.28367583  0.36088125  0.36088125  0.32903882  0.32128514  0.31361082  0.38568328  0.34479099  0.34479099  0.32903882  0.33687354  0.29104827  0.29849393  0.32903882  0.29849393  0.31361082  0.33687354  0.31361082  0.35279296  0.42008301  0.13750066  0.14356180  0.00000000  0.00504204  0.13750066  0.11373457  0.16830859  0.24090176  0.24090176  0.23400413  0.25489036  0.25489036  0.31361082  0.31361082  0.24090176  0.26198378  0.22716939  0.26914495  
5_17_0     0.32128514  0.30601427  0.31361082  0.29849393  0.38568328  0.28367583  0.27637518  0.36905777  0.36905777  0.33687354  0.32903882  0.32128514  0.37732444  0.33687354  0.33687354  0.32128514  0.32903882  0.28367583  0.29104827  0.33687354  0.30601427  0.32128514  0.32903882  0.30601427  0.36088125  0.42893536  0.13148814  0.13750066  0.00504204  0.00000000  0.13148814  0.10790893  0.16204489  0.23400413  0.23400413  0.22716939  0.26198378  0.26198378  0.30601427  0.32128514  0.23400413  0.26914495  0.23400413  0.26198378  
8_1_0      0.26914495  0.25489036  0.26198378  0.27637518  0.36088125  0.24090176  0.23400413  0.29849393  0.32903882  0.28367583  0.29104827  0.29849393  0.32128514  0.32128514  0.29849393  0.31361082  0.26914495  0.27637518  0.27637518  0.35279296  0.29104827  0.32128514  0.31361082  0.29849393  0.36905777  0.37732444  0.17462507  0.16830859  0.13750066  0.13148814  0.00000000  0.03077380  0.14356180  0.20703126  0.20703126  0.18741995  0.24786343  0.26198378  0.23400413  0.26198378  0.18741995  0.24786343  0.24090176  0.26198378  
1_1_0      0.25489036  0.24090176  0.27637518  0.27637518  0.33687354  0.24090176  0.23400413  0.29849393  0.31361082  0.29849393  0.29104827  0.29849393  0.31361082  0.29849393  0.29104827  0.30601427  0.27637518  0.26914495  0.26914495  0.34479099  0.28367583  0.32903882  0.30601427  0.28367583  0.33687354  0.36088125  0.13750066  0.14356180  0.11373457  0.10790893  0.03077380  0.00000000  0.13148814  0.20703126  0.20703126  0.17462507  0.23400413  0.24786343  0.23400413  0.26914495  0.18741995  0.26198378  0.24090176  0.24786343  
10_18_0    0.29849393  0.26914495  0.24786343  0.22039640  0.36088125  0.25489036  0.24786343  0.29104827  0.29849393  0.28367583  0.24786343  0.25489036  0.36905777  0.37732444  0.34479099  0.36088125  0.27637518  0.30601427  0.30601427  0.26198378  0.22716939  0.27637518  0.26914495  0.29104827  0.43789348  0.44695994  0.22039640  0.21368404  0.16830859  0.16204489  0.14356180  0.13148814  0.00000000  0.17462507  0.17462507  0.18741995  0.25489036  0.25489036  0.24090176  0.26914495  0.21368404  0.24786343  0.25489036  0.24090176  
10_21_0    0.31361082  0.28367583  0.35279296  0.30601427  0.42008301  0.31361082  0.30601427  0.39413637  0.40268586  0.32903882  0.31361082  0.33687354  0.45613739  0.48436369  0.41133397  0.39413637  0.30601427  0.29849393  0.29849393  0.36088125  0.32903882  0.32128514  0.35279296  0.29849393  0.48436369  0.51369444  0.27637518  0.26914495  0.24090176  0.23400413  0.20703126  0.20703126  0.17462507  0.00000000  0.00000000  0.14967234  0.29104827  0.29104827  0.31361082  0.32903882  0.27637518  0.30601427  0.29849393  0.32903882  
10_20_0    0.31361082  0.28367583  0.35279296  0.30601427  0.42008301  0.31361082  0.30601427  0.39413637  0.40268586  0.32903882  0.31361082  0.33687354  0.45613739  0.48436369  0.41133397  0.39413637  0.30601427  0.29849393  0.29849393  0.36088125  0.32903882  0.32128514  0.35279296  0.29849393  0.48436369  0.51369444  0.27637518  0.26914495  0.24090176  0.23400413  0.20703126  0.20703126  0.17462507  0.00000000  0.00000000  0.14967234  0.29104827  0.29104827  0.31361082  0.32903882  0.27637518  0.30601427  0.29849393  0.32903882  
10_1_0     0.32128514  0.29104827  0.31361082  0.32903882  0.38568328  0.29849393  0.29104827  0.33687354  0.34479099  0.35279296  0.32903882  0.35279296  0.42893536  0.43789348  0.40268586  0.40268586  0.32903882  0.34479099  0.32903882  0.36088125  0.32903882  0.36088125  0.35279296  0.33687354  0.42008301  0.42893536  0.23400413  0.22716939  0.23400413  0.22716939  0.18741995  0.17462507  0.18741995  0.14967234  0.14967234  0.00000000  0.28367583  0.29849393  0.29849393  0.33687354  0.26914495  0.31361082  0.29104827  0.32128514  
6_1_0      0.32128514  0.30601427  0.33687354  0.29849393  0.30601427  0.28367583  0.29104827  0.29104827  0.32128514  0.30601427  0.32903882  0.36088125  0.40268586  0.39413637  0.36905777  0.35279296  0.32903882  0.29849393  0.30601427  0.38568328  0.32128514  0.36905777  0.34479099  0.32128514  0.35279296  0.37732444  0.24090176  0.24786343  0.25489036  0.26198378  0.24786343  0.23400413  0.25489036  0.29104827  0.29104827  0.28367583  0.00000000  0.02555631  0.09639172  0.34479099  0.29104827  0.28367583  0.27637518  0.26198378  
3_1_0      0.35279296  0.33687354  0.35279296  0.31361082  0.33687354  0.31361082  0.32128514  0.30601427  0.33687354  0.33687354  0.34479099  0.36088125  0.42008301  0.39413637  0.38568328  0.36905777  0.34479099  0.31361082  0.32128514  0.40268586  0.33687354  0.36905777  0.36088125  0.32128514  0.36905777  0.39413637  0.24090176  0.24786343  0.25489036  0.26198378  0.26198378  0.24786343  0.25489036  0.29104827  0.29104827  0.29849393  0.02555631  0.00000000  0.11373457  0.34479099  0.29104827  0.28367583  0.27637518  0.27637518  
9_1_0      0.31361082  0.28367583  0.29849393  0.26198378  0.32128514  0.26914495  0.26198378  0.29104827  0.29104827  0.30601427  0.32903882  0.32903882  0.38568328  0.37732444  0.35279296  0.35279296  0.31361082  0.28367583  0.29104827  0.32128514  0.26914495  0.35279296  0.29849393  0.29849393  0.36905777  0.36088125  0.29849393  0.29104827  0.31361082  0.30601427  0.23400413  0.23400413  0.24090176  0.31361082  0.31361082  0.29849393  0.09639172  0.11373457  0.00000000  0.32128514  0.24786343  0.26914495  0.27637518  0.30601427  
7_5_0      0.32128514  0.32128514  0.32128514  0.29104827  0.36905777  0.31361082  0.32128514  0.32903882  0.32128514  0.29849393  0.32903882  0.32903882  0.35279296  0.33687354  0.36088125  0.37732444  0.36905777  0.35279296  0.34479099  0.32128514  0.29849393  0.29104827  0.32903882  0.35279296  0.42893536  0.46542857  0.32903882  0.32128514  0.31361082  0.32128514  0.26198378  0.26914495  0.26914495  0.32903882  0.32903882  0.33687354  0.34479099  0.34479099  0.32128514  0.00000000  0.20703126  0.26198378  0.30601427  0.25489036  
7_6_0      0.24786343  0.23400413  0.25489036  0.22716939  0.26914495  0.22716939  0.22039640  0.23400413  0.26198378  0.23400413  0.31361082  0.26914495  0.34479099  0.31361082  0.32128514  0.32128514  0.28367583  0.28367583  0.29104827  0.30601427  0.26914495  0.29104827  0.31361082  0.26198378  0.36905777  0.37732444  0.24786343  0.24090176  0.24090176  0.23400413  0.18741995  0.18741995  0.21368404  0.27637518  0.27637518  0.26914495  0.29104827  0.29104827  0.24786343  0.20703126  0.00000000  0.16204489  0.15583309  0.21368404  
7_1_0      0.34479099  0.34479099  0.30601427  0.29104827  0.34479099  0.29104827  0.29849393  0.31361082  0.31361082  0.29849393  0.32903882  0.36905777  0.42893536  0.42893536  0.45613739  0.45613739  0.35279296  0.34479099  0.35279296  0.28367583  0.26198378  0.26914495  0.32128514  0.29104827  0.38568328  0.41133397  0.26198378  0.25489036  0.26198378  0.26914495  0.24786343  0.26198378  0.24786343  0.30601427  0.30601427  0.31361082  0.28367583  0.28367583  0.26914495  0.26198378  0.16204489  0.00000000  0.04664775  0.28367583  
7_8_0      0.33687354  0.33687354  0.29849393  0.28367583  0.33687354  0.28367583  0.29104827  0.32128514  0.32128514  0.29104827  0.33687354  0.32903882  0.41133397  0.39413637  0.42008301  0.40268586  0.34479099  0.33687354  0.34479099  0.30601427  0.28367583  0.29104827  0.32903882  0.30601427  0.38568328  0.39413637  0.22716939  0.23400413  0.22716939  0.23400413  0.24090176  0.24090176  0.25489036  0.29849393  0.29849393  0.29104827  0.27637518  0.27637518  0.27637518  0.30601427  0.15583309  0.04664775  0.00000000  0.29104827  
7_3_0      0.27637518  0.26198378  0.30601427  0.24090176  0.32903882  0.27637518  0.26914495  0.30601427  0.32128514  0.26914495  0.33687354  0.29104827  0.32903882  0.33687354  0.32903882  0.34479099  0.28367583  0.28367583  0.30601427  0.27637518  0.26914495  0.29104827  0.31361082  0.26914495  0.36905777  0.37732444  0.26914495  0.26198378  0.26914495  0.26198378  0.26198378  0.24786343  0.24090176  0.32903882  0.32903882  0.32128514  0.26198378  0.27637518  0.30601427  0.25489036  0.21368404  0.28367583  0.29104827  0.00000000  

