37
56_13_0    0.00000000  0.03773554  0.16447610  0.11537908  0.14623334  0.20240817  0.17377361  0.18319262  0.17377361  0.17377361  0.16910986  0.17377361  0.30140788  0.27940585  0.30140788  0.23222759  0.24244800  0.23222759  0.23222759  0.22215008  0.25281544  0.23731968  0.25281544  0.23731968  0.30140788  0.31266601  0.32988994  0.31836171  0.29032291  0.28484371  0.25281544  0.25805562  0.60195157  0.61047690  0.64562391  0.63667517  0.63667517  
92_13_0    0.03773554  0.00000000  0.16447610  0.11537908  0.13728224  0.18319262  0.16447610  0.16447610  0.15529700  0.16447610  0.15987194  0.16910986  0.26333418  0.24244800  0.25805562  0.22215008  0.22215008  0.23222759  0.23222759  0.20240817  0.23731968  0.21716367  0.23222759  0.21716367  0.29584409  0.28484371  0.32988994  0.32410278  0.28484371  0.26865168  0.23731968  0.23222759  0.56077498  0.57696443  0.61047690  0.58519760  0.58519760  
61_22_0    0.16447610  0.16447610  0.00000000  0.06136313  0.11970679  0.17377361  0.15529700  0.16447610  0.15529700  0.15529700  0.15075092  0.17846773  0.23731968  0.22717122  0.26333418  0.17377361  0.21221153  0.22215008  0.22215008  0.16447610  0.22215008  0.19755604  0.20240817  0.18794869  0.26333418  0.28484371  0.32410278  0.29584409  0.24244800  0.24761308  0.22717122  0.23222759  0.56077498  0.59352590  0.54494120  0.53715287  0.53715287  
70_13_0    0.11537908  0.11537908  0.06136313  0.00000000  0.08994476  0.15075092  0.12406063  0.13284803  0.12406063  0.12406063  0.11970679  0.14623334  0.23222759  0.20240817  0.26865168  0.15987194  0.18794869  0.19755604  0.19755604  0.15075092  0.21716367  0.18319262  0.19755604  0.17377361  0.24761308  0.26865168  0.29584409  0.27400871  0.23731968  0.23222759  0.21221153  0.21716367  0.56077498  0.59352590  0.55281461  0.54494120  0.54494120  
44_13_0    0.14623334  0.13728224  0.11970679  0.08994476  0.00000000  0.06941431  0.04552565  0.05340089  0.04552565  0.04552565  0.04162007  0.15075092  0.23731968  0.19273636  0.23222759  0.19273636  0.17377361  0.22215008  0.22215008  0.17377361  0.21221153  0.21716367  0.22717122  0.19755604  0.22215008  0.24244800  0.26865168  0.28484371  0.23731968  0.22215008  0.19273636  0.19755604  0.59352590  0.62783618  0.57696443  0.56882425  0.56882425  
55_20_0    0.20240817  0.18319262  0.17377361  0.15075092  0.06941431  0.00000000  0.02240343  0.03773554  0.03773554  0.03002872  0.02620599  0.21221153  0.29584409  0.21716367  0.26333418  0.22215008  0.22215008  0.23222759  0.23222759  0.18319262  0.24761308  0.21716367  0.23222759  0.19755604  0.25281544  0.27400871  0.29584409  0.32410278  0.26865168  0.25281544  0.24244800  0.22717122  0.65468515  0.69211417  0.61910428  0.59352590  0.57696443  
58_20_0    0.17377361  0.16447610  0.15529700  0.12406063  0.04552565  0.02240343  0.00000000  0.01485798  0.01485798  0.00739071  0.00368588  0.19273636  0.27940585  0.22215008  0.27400871  0.22215008  0.21221153  0.22215008  0.22215008  0.19273636  0.24244800  0.22717122  0.24244800  0.20729318  0.25805562  0.27940585  0.29584409  0.31836171  0.26333418  0.24761308  0.23222759  0.22717122  0.63667517  0.67315672  0.61910428  0.61047690  0.59352590  
58_13_0    0.18319262  0.16447610  0.16447610  0.13284803  0.05340089  0.03773554  0.01485798  0.00000000  0.00739071  0.02240343  0.01862083  0.20240817  0.27940585  0.21221153  0.26333418  0.24244800  0.23222759  0.24244800  0.24244800  0.21221153  0.26333418  0.24761308  0.26333418  0.22717122  0.26865168  0.29032291  0.30701496  0.32988994  0.27400871  0.25805562  0.23222759  0.22717122  0.63667517  0.67315672  0.62783618  0.61910428  0.61910428  
55_13_0    0.17377361  0.15529700  0.15529700  0.12406063  0.04552565  0.03773554  0.01485798  0.00739071  0.00000000  0.02240343  0.01862083  0.19273636  0.26865168  0.20240817  0.25281544  0.23222759  0.22215008  0.23222759  0.23222759  0.20240817  0.25281544  0.24761308  0.26333418  0.22717122  0.25805562  0.27940585  0.29584409  0.31836171  0.26333418  0.24761308  0.22215008  0.22717122  0.63667517  0.67315672  0.61047690  0.60195157  0.60195157  
55_21_0    0.17377361  0.16447610  0.15529700  0.12406063  0.04552565  0.03002872  0.00739071  0.02240343  0.02240343  0.00000000  0.00368588  0.19273636  0.27940585  0.22215008  0.27400871  0.22215008  0.21221153  0.23222759  0.23222759  0.19273636  0.24244800  0.22717122  0.24244800  0.20729318  0.25805562  0.27940585  0.30140788  0.31836171  0.26333418  0.24761308  0.23222759  0.22717122  0.62783618  0.66386176  0.61047690  0.60195157  0.58519760  
58_21_0    0.16910986  0.15987194  0.15075092  0.11970679  0.04162007  0.02620599  0.00368588  0.01862083  0.01862083  0.00368588  0.00000000  0.18794869  0.27400871  0.21716367  0.26865168  0.21716367  0.20729318  0.22717122  0.22717122  0.18794869  0.23731968  0.22215008  0.23731968  0.20240817  0.25281544  0.27400871  0.29584409  0.31266601  0.25805562  0.24244800  0.22717122  0.22215008  0.63667517  0.67315672  0.61910428  0.61047690  0.59352590  
74_27_0    0.17377361  0.16910986  0.17846773  0.14623334  0.15075092  0.21221153  0.19273636  0.20240817  0.19273636  0.19273636  0.18794869  0.00000000  0.23222759  0.21221153  0.25805562  0.16447610  0.19755604  0.19755604  0.19755604  0.15987194  0.21221153  0.20240817  0.21716367  0.18319262  0.24761308  0.29032291  0.30140788  0.25281544  0.27400871  0.24761308  0.19755604  0.20240817  0.55281461  0.58519760  0.58519760  0.57696443  0.59352590  
43_13_0    0.30140788  0.26333418  0.23731968  0.23222759  0.23731968  0.29584409  0.27940585  0.27940585  0.26865168  0.27940585  0.27400871  0.23222759  0.00000000  0.11537908  0.15075092  0.25805562  0.28484371  0.29584409  0.29584409  0.24244800  0.26865168  0.28484371  0.30140788  0.25805562  0.32988994  0.34160557  0.37175592  0.37175592  0.31836171  0.30140788  0.26865168  0.27400871  0.68257312  0.72151938  0.69211417  0.67315672  0.68257312  
100_13_0   0.27940585  0.24244800  0.22717122  0.20240817  0.19273636  0.21716367  0.22215008  0.21221153  0.20240817  0.22215008  0.21716367  0.21221153  0.11537908  0.00000000  0.11537908  0.24244800  0.25805562  0.27400871  0.27400871  0.21221153  0.26865168  0.26333418  0.27940585  0.22717122  0.30701496  0.32410278  0.32988994  0.35351479  0.30701496  0.30140788  0.26333418  0.26865168  0.71158374  0.75217549  0.69211417  0.67315672  0.68257312  
45_13_0    0.30140788  0.25805562  0.26333418  0.26865168  0.23222759  0.26333418  0.27400871  0.26333418  0.25281544  0.27400871  0.26865168  0.25805562  0.15075092  0.11537908  0.00000000  0.23222759  0.24761308  0.28484371  0.28484371  0.20240817  0.25281544  0.23222759  0.25805562  0.19755604  0.32410278  0.31836171  0.31836171  0.35954402  0.32988994  0.33572395  0.25805562  0.25805562  0.60195157  0.60195157  0.61910428  0.59352590  0.60195157  
79_29_0    0.23222759  0.22215008  0.17377361  0.15987194  0.19273636  0.22215008  0.22215008  0.24244800  0.23222759  0.22215008  0.21716367  0.16447610  0.25805562  0.24244800  0.23222759  0.00000000  0.11970679  0.14623334  0.14623334  0.07347389  0.16910986  0.11970679  0.15075092  0.09412197  0.27400871  0.30140788  0.30701496  0.31266601  0.30140788  0.29584409  0.27400871  0.26865168  0.54494120  0.56077498  0.56882425  0.54494120  0.55281461  
100_29_0   0.24244800  0.22215008  0.21221153  0.18794869  0.17377361  0.22215008  0.21221153  0.23222759  0.22215008  0.21221153  0.20729318  0.19755604  0.28484371  0.25805562  0.24761308  0.11970679  0.00000000  0.15987194  0.15987194  0.11537908  0.20729318  0.15987194  0.17377361  0.13728224  0.26865168  0.28484371  0.29584409  0.33572395  0.30701496  0.29032291  0.26333418  0.26865168  0.56882425  0.58519760  0.56077498  0.53715287  0.52944780  
91_29_0    0.23222759  0.23222759  0.22215008  0.19755604  0.22215008  0.23222759  0.22215008  0.24244800  0.23222759  0.23222759  0.22717122  0.19755604  0.29584409  0.27400871  0.28484371  0.14623334  0.15987194  0.00000000  0.00000000  0.12406063  0.21716367  0.16447610  0.16910986  0.13728224  0.30140788  0.33572395  0.34160557  0.32988994  0.34160557  0.33572395  0.30701496  0.29032291  0.61910428  0.65468515  0.58519760  0.56077498  0.56882425  
40_29_0    0.23222759  0.23222759  0.22215008  0.19755604  0.22215008  0.23222759  0.22215008  0.24244800  0.23222759  0.23222759  0.22717122  0.19755604  0.29584409  0.27400871  0.28484371  0.14623334  0.15987194  0.00000000  0.00000000  0.12406063  0.21716367  0.16447610  0.16910986  0.13728224  0.30140788  0.33572395  0.34160557  0.32988994  0.34160557  0.33572395  0.30701496  0.29032291  0.61910428  0.65468515  0.58519760  0.56077498  0.56882425  
67_29_0    0.22215008  0.20240817  0.16447610  0.15075092  0.17377361  0.18319262  0.19273636  0.21221153  0.20240817  0.19273636  0.18794869  0.15987194  0.24244800  0.21221153  0.20240817  0.07347389  0.11537908  0.12406063  0.12406063  0.00000000  0.09832354  0.04945252  0.07755645  0.01862083  0.24244800  0.25805562  0.27400871  0.26865168  0.27940585  0.27400871  0.22215008  0.21716367  0.57696443  0.59352590  0.55281461  0.54494120  0.53715287  
99_29_0    0.25281544  0.23731968  0.22215008  0.21716367  0.21221153  0.24761308  0.24244800  0.26333418  0.25281544  0.24244800  0.23731968  0.21221153  0.26865168  0.26865168  0.25281544  0.16910986  0.20729318  0.21716367  0.21716367  0.09832354  0.00000000  0.11537908  0.14623334  0.09412197  0.29584409  0.31266601  0.30140788  0.30140788  0.31836171  0.31266601  0.28484371  0.29032291  0.60195157  0.61910428  0.61910428  0.61047690  0.59352590  
36_29_0    0.23731968  0.21716367  0.19755604  0.18319262  0.21716367  0.21716367  0.22717122  0.24761308  0.24761308  0.22717122  0.22215008  0.20240817  0.28484371  0.26333418  0.23222759  0.11970679  0.15987194  0.16447610  0.16447610  0.04945252  0.11537908  0.00000000  0.03387183  0.03002872  0.25805562  0.27400871  0.29032291  0.27400871  0.27400871  0.26865168  0.24761308  0.24244800  0.58519760  0.58519760  0.59352590  0.58519760  0.56077498  
36_30_0    0.25281544  0.23222759  0.20240817  0.19755604  0.22717122  0.23222759  0.24244800  0.26333418  0.26333418  0.24244800  0.23731968  0.21716367  0.30140788  0.27940585  0.25805562  0.15075092  0.17377361  0.16910986  0.16910986  0.07755645  0.14623334  0.03387183  0.00000000  0.05737102  0.29032291  0.31266601  0.32410278  0.30140788  0.29032291  0.29584409  0.27400871  0.26865168  0.61047690  0.61047690  0.60195157  0.59352590  0.56882425  
52_29_0    0.23731968  0.21716367  0.18794869  0.17377361  0.19755604  0.19755604  0.20729318  0.22717122  0.22717122  0.20729318  0.20240817  0.18319262  0.25805562  0.22717122  0.19755604  0.09412197  0.13728224  0.13728224  0.13728224  0.01862083  0.09412197  0.03002872  0.05737102  0.00000000  0.25805562  0.26333418  0.26865168  0.27400871  0.29584409  0.29032291  0.23731968  0.22215008  0.57696443  0.57696443  0.56882425  0.56077498  0.55281461  
43_23_0    0.30140788  0.29584409  0.26333418  0.24761308  0.22215008  0.25281544  0.25805562  0.26865168  0.25805562  0.25805562  0.25281544  0.24761308  0.32988994  0.30701496  0.32410278  0.27400871  0.26865168  0.30140788  0.30140788  0.24244800  0.29584409  0.25805562  0.29032291  0.25805562  0.00000000  0.03002872  0.13284803  0.10680086  0.08166227  0.06537748  0.09412197  0.08994476  0.60195157  0.61910428  0.55281461  0.52944780  0.51428046  
43_31_0    0.31266601  0.28484371  0.28484371  0.26865168  0.24244800  0.27400871  0.27940585  0.29032291  0.27940585  0.27940585  0.27400871  0.29032291  0.34160557  0.32410278  0.31836171  0.30140788  0.28484371  0.33572395  0.33572395  0.25805562  0.31266601  0.27400871  0.31266601  0.26333418  0.03002872  0.00000000  0.14623334  0.13284803  0.10680086  0.08994476  0.10254973  0.09832354  0.60195157  0.60195157  0.58519760  0.56077498  0.54494120  
100_23_0   0.32988994  0.32988994  0.32410278  0.29584409  0.26865168  0.29584409  0.29584409  0.30701496  0.29584409  0.30140788  0.29584409  0.30140788  0.37175592  0.32988994  0.31836171  0.30701496  0.29584409  0.34160557  0.34160557  0.27400871  0.30140788  0.29032291  0.32410278  0.26865168  0.13284803  0.14623334  0.00000000  0.18319262  0.15987194  0.15075092  0.14623334  0.15529700  0.66386176  0.66386176  0.59352590  0.58519760  0.56882425  
79_36_0    0.31836171  0.32410278  0.29584409  0.27400871  0.28484371  0.32410278  0.31836171  0.32988994  0.31836171  0.31836171  0.31266601  0.25281544  0.37175592  0.35351479  0.35954402  0.31266601  0.33572395  0.32988994  0.32988994  0.26865168  0.30140788  0.27400871  0.30140788  0.27400871  0.10680086  0.13284803  0.18319262  0.00000000  0.13728224  0.12844094  0.15987194  0.15529700  0.65468515  0.66386176  0.56882425  0.56077498  0.56882425  
45_23_0    0.29032291  0.28484371  0.24244800  0.23731968  0.23731968  0.26865168  0.26333418  0.27400871  0.26333418  0.26333418  0.25805562  0.27400871  0.31836171  0.30701496  0.32988994  0.30140788  0.30701496  0.34160557  0.34160557  0.27940585  0.31836171  0.27400871  0.29032291  0.29584409  0.08166227  0.10680086  0.15987194  0.13728224  0.00000000  0.03002872  0.09832354  0.10254973  0.60195157  0.61910428  0.56077498  0.55281461  0.53715287  
45_32_0    0.28484371  0.26865168  0.24761308  0.23222759  0.22215008  0.25281544  0.24761308  0.25805562  0.24761308  0.24761308  0.24244800  0.24761308  0.30140788  0.30140788  0.33572395  0.29584409  0.29032291  0.33572395  0.33572395  0.27400871  0.31266601  0.26865168  0.29584409  0.29032291  0.06537748  0.08994476  0.15075092  0.12844094  0.03002872  0.00000000  0.08166227  0.08579162  0.58519760  0.60195157  0.54494120  0.53715287  0.52182424  
52_23_0    0.25281544  0.23731968  0.22717122  0.21221153  0.19273636  0.24244800  0.23222759  0.23222759  0.22215008  0.23222759  0.22717122  0.19755604  0.26865168  0.26333418  0.25805562  0.27400871  0.26333418  0.30701496  0.30701496  0.22215008  0.28484371  0.24761308  0.27400871  0.23731968  0.09412197  0.10254973  0.14623334  0.15987194  0.09832354  0.08166227  0.00000000  0.01862083  0.56882425  0.56882425  0.54494120  0.53715287  0.53715287  
46_23_0    0.25805562  0.23222759  0.23222759  0.21716367  0.19755604  0.22717122  0.22717122  0.22717122  0.22717122  0.22717122  0.22215008  0.20240817  0.27400871  0.26865168  0.25805562  0.26865168  0.26865168  0.29032291  0.29032291  0.21716367  0.29032291  0.24244800  0.26865168  0.22215008  0.08994476  0.09832354  0.15529700  0.15529700  0.10254973  0.08579162  0.01862083  0.00000000  0.56077498  0.57696443  0.55281461  0.52944780  0.54494120  
29_6_0     0.60195157  0.56077498  0.56077498  0.56077498  0.59352590  0.65468515  0.63667517  0.63667517  0.63667517  0.62783618  0.63667517  0.55281461  0.68257312  0.71158374  0.60195157  0.54494120  0.56882425  0.61910428  0.61910428  0.57696443  0.60195157  0.58519760  0.61047690  0.57696443  0.60195157  0.60195157  0.66386176  0.65468515  0.60195157  0.58519760  0.56882425  0.56077498  0.00000000  0.02240343  0.15987194  0.14623334  0.15075092  
29_5_0     0.61047690  0.57696443  0.59352590  0.59352590  0.62783618  0.69211417  0.67315672  0.67315672  0.67315672  0.66386176  0.67315672  0.58519760  0.72151938  0.75217549  0.60195157  0.56077498  0.58519760  0.65468515  0.65468515  0.59352590  0.61910428  0.58519760  0.61047690  0.57696443  0.61910428  0.60195157  0.66386176  0.66386176  0.61910428  0.60195157  0.56882425  0.57696443  0.02240343  0.00000000  0.17846773  0.16447610  0.16910986  
29_4_0     0.64562391  0.61047690  0.54494120  0.55281461  0.57696443  0.61910428  0.61910428  0.62783618  0.61047690  0.61047690  0.61910428  0.58519760  0.69211417  0.69211417  0.61910428  0.56882425  0.56077498  0.58519760  0.58519760  0.55281461  0.61910428  0.59352590  0.60195157  0.56882425  0.55281461  0.58519760  0.59352590  0.56882425  0.56077498  0.54494120  0.54494120  0.55281461  0.15987194  0.17846773  0.00000000  0.01862083  0.02620599  
29_7_0     0.63667517  0.58519760  0.53715287  0.54494120  0.56882425  0.59352590  0.61047690  0.61910428  0.60195157  0.60195157  0.61047690  0.57696443  0.67315672  0.67315672  0.59352590  0.54494120  0.53715287  0.56077498  0.56077498  0.54494120  0.61047690  0.58519760  0.59352590  0.56077498  0.52944780  0.56077498  0.58519760  0.56077498  0.55281461  0.53715287  0.53715287  0.52944780  0.14623334  0.16447610  0.01862083  0.00000000  0.01485798  
29_8_0     0.63667517  0.58519760  0.53715287  0.54494120  0.56882425  0.57696443  0.59352590  0.61910428  0.60195157  0.58519760  0.59352590  0.59352590  0.68257312  0.68257312  0.60195157  0.55281461  0.52944780  0.56882425  0.56882425  0.53715287  0.59352590  0.56077498  0.56882425  0.55281461  0.51428046  0.54494120  0.56882425  0.56882425  0.53715287  0.52182424  0.53715287  0.54494120  0.15075092  0.16910986  0.02620599  0.01485798  0.00000000  

