11
3_4_0      0.00000000  0.17762391  0.18509793  0.31626759  0.24777713  0.24777713  0.21577339  0.22364536  0.24777713  0.23160207  0.29854092  
2_9_0      0.17762391  0.00000000  0.01775540  0.23160207  0.14134703  0.14134703  0.17022472  0.13430050  0.15564487  0.17022472  0.20798436  
2_4_0      0.18509793  0.01775540  0.00000000  0.23160207  0.13430050  0.13430050  0.16289885  0.14134703  0.16289885  0.16289885  0.19264828  
3_10_0     0.31626759  0.23160207  0.23160207  0.00000000  0.17022472  0.17022472  0.19264828  0.19264828  0.21577339  0.20798436  0.24777713  
2_0_0      0.24777713  0.14134703  0.13430050  0.17022472  0.00000000  0.01178942  0.13430050  0.10676747  0.11355519  0.14134703  0.23160207  
1_0_0      0.24777713  0.14134703  0.13430050  0.17022472  0.01178942  0.00000000  0.13430050  0.12040581  0.12732051  0.14134703  0.22364536  
3_6_0      0.21577339  0.17022472  0.16289885  0.19264828  0.13430050  0.13430050  0.00000000  0.12732051  0.13430050  0.14134703  0.20798436  
3_12_0     0.22364536  0.13430050  0.14134703  0.19264828  0.10676747  0.12040581  0.12732051  0.00000000  0.01775540  0.06092244  0.20798436  
3_5_0      0.24777713  0.15564487  0.16289885  0.21577339  0.11355519  0.12732051  0.13430050  0.01775540  0.00000000  0.08022324  0.23160207  
3_11_0     0.23160207  0.17022472  0.16289885  0.20798436  0.14134703  0.14134703  0.14134703  0.06092244  0.08022324  0.00000000  0.23160207  
3_2_0      0.29854092  0.20798436  0.19264828  0.24777713  0.23160207  0.22364536  0.20798436  0.20798436  0.23160207  0.23160207  0.00000000  

