33
97_0_0     0.00000000  0.03596118  0.02377574  0.08029132  0.08685037  0.10688959  0.09346903  0.09346903  0.10688959  0.10014840  0.11369378  0.11369378  0.11369378  0.11369378  0.11369378  0.10688959  0.12056213  0.12749588  0.10014840  0.14156464  0.15591055  0.15591055  0.15591055  0.16319090  0.15591055  0.15591055  0.10688959  0.10014840  0.10688959  0.10688959  0.11369378  0.11369378  0.11369378  
99_0_0     0.03596118  0.00000000  0.04835399  0.09346903  0.10014840  0.12749588  0.11369378  0.11369378  0.12749588  0.12056213  0.13449629  0.13449629  0.13449629  0.13449629  0.13449629  0.12749588  0.15591055  0.16319090  0.13449629  0.16319090  0.16319090  0.16319090  0.17797364  0.18547909  0.17797364  0.17797364  0.14156464  0.13449629  0.14156464  0.14156464  0.14870227  0.14870227  0.14870227  
99_12_0    0.02377574  0.04835399  0.00000000  0.07379082  0.08029132  0.10014840  0.10014840  0.10014840  0.11369378  0.10688959  0.12056213  0.12056213  0.12056213  0.12056213  0.12056213  0.11369378  0.12749588  0.13449629  0.10688959  0.14870227  0.14870227  0.14870227  0.14870227  0.15591055  0.14870227  0.14870227  0.10014840  0.09346903  0.10014840  0.10014840  0.10688959  0.10688959  0.10688959  
97_14_0    0.08029132  0.09346903  0.07379082  0.00000000  0.00587156  0.15591055  0.14870227  0.14870227  0.15591055  0.14870227  0.17054476  0.17054476  0.17054476  0.15591055  0.15591055  0.14870227  0.13449629  0.15591055  0.12749588  0.18547909  0.17054476  0.17054476  0.16319090  0.17054476  0.16319090  0.16319090  0.15591055  0.14870227  0.15591055  0.15591055  0.16319090  0.16319090  0.16319090  
97_13_0    0.08685037  0.10014840  0.08029132  0.00587156  0.00000000  0.16319090  0.15591055  0.15591055  0.16319090  0.15591055  0.17797364  0.17797364  0.17797364  0.16319090  0.16319090  0.15591055  0.14156464  0.16319090  0.13449629  0.19306269  0.17797364  0.17797364  0.17054476  0.17797364  0.17054476  0.17054476  0.16319090  0.15591055  0.16319090  0.16319090  0.17054476  0.17054476  0.17054476  
82_1_0     0.10688959  0.12749588  0.10014840  0.15591055  0.16319090  0.00000000  0.01179085  0.01179085  0.02984297  0.02377574  0.04213122  0.04213122  0.04213122  0.05463039  0.05463039  0.04835399  0.07379082  0.06096135  0.06096135  0.08029132  0.09346903  0.09346903  0.08685037  0.09346903  0.08685037  0.08685037  0.06734783  0.06096135  0.06734783  0.05463039  0.06096135  0.06096135  0.06096135  
72_1_0     0.09346903  0.11369378  0.10014840  0.14870227  0.15591055  0.01179085  0.00000000  0.00000000  0.01775864  0.01179085  0.02984297  0.02984297  0.02984297  0.04213122  0.04213122  0.03596118  0.06096135  0.04835399  0.04835399  0.06734783  0.08029132  0.08029132  0.08685037  0.09346903  0.08685037  0.08685037  0.06734783  0.06096135  0.06734783  0.05463039  0.06096135  0.06096135  0.06096135  
67_1_0     0.09346903  0.11369378  0.10014840  0.14870227  0.15591055  0.01179085  0.00000000  0.00000000  0.01775864  0.01179085  0.02984297  0.02984297  0.02984297  0.04213122  0.04213122  0.03596118  0.06096135  0.04835399  0.04835399  0.06734783  0.08029132  0.08029132  0.08685037  0.09346903  0.08685037  0.08685037  0.06734783  0.06096135  0.06734783  0.05463039  0.06096135  0.06096135  0.06096135  
3_10_0     0.10688959  0.12749588  0.11369378  0.15591055  0.16319090  0.02984297  0.01775864  0.01775864  0.00000000  0.00587156  0.03596118  0.03596118  0.03596118  0.04835399  0.04835399  0.04213122  0.06734783  0.05463039  0.06734783  0.07379082  0.08685037  0.08685037  0.10688959  0.11369378  0.10688959  0.10688959  0.08685037  0.08029132  0.08685037  0.07379082  0.08029132  0.08029132  0.08029132  
3_11_0     0.10014840  0.12056213  0.10688959  0.14870227  0.15591055  0.02377574  0.01179085  0.01179085  0.00587156  0.00000000  0.02984297  0.02984297  0.02984297  0.04213122  0.04213122  0.03596118  0.06096135  0.04835399  0.06096135  0.06734783  0.08029132  0.08029132  0.10014840  0.10688959  0.10014840  0.10014840  0.08029132  0.07379082  0.08029132  0.06734783  0.07379082  0.07379082  0.07379082  
86_1_0     0.11369378  0.13449629  0.12056213  0.17054476  0.17797364  0.04213122  0.02984297  0.02984297  0.03596118  0.02984297  0.00000000  0.00000000  0.00000000  0.04835399  0.04835399  0.04213122  0.06734783  0.06734783  0.06734783  0.07379082  0.08685037  0.08685037  0.10688959  0.11369378  0.10688959  0.09346903  0.07379082  0.06734783  0.07379082  0.06096135  0.06734783  0.06734783  0.06734783  
73_1_0     0.11369378  0.13449629  0.12056213  0.17054476  0.17797364  0.04213122  0.02984297  0.02984297  0.03596118  0.02984297  0.00000000  0.00000000  0.00000000  0.04835399  0.04835399  0.04213122  0.06734783  0.06734783  0.06734783  0.07379082  0.08685037  0.08685037  0.10688959  0.11369378  0.10688959  0.09346903  0.07379082  0.06734783  0.07379082  0.06096135  0.06734783  0.06734783  0.06734783  
19_1_0     0.11369378  0.13449629  0.12056213  0.17054476  0.17797364  0.04213122  0.02984297  0.02984297  0.03596118  0.02984297  0.00000000  0.00000000  0.00000000  0.04835399  0.04835399  0.04213122  0.06734783  0.06734783  0.06734783  0.07379082  0.08685037  0.08685037  0.10688959  0.11369378  0.10688959  0.09346903  0.07379082  0.06734783  0.07379082  0.06096135  0.06734783  0.06734783  0.06734783  
73_8_0     0.11369378  0.13449629  0.12056213  0.15591055  0.16319090  0.05463039  0.04213122  0.04213122  0.04835399  0.04213122  0.04835399  0.04835399  0.04835399  0.00000000  0.01179085  0.00587156  0.06734783  0.08029132  0.08029132  0.08685037  0.08685037  0.08685037  0.12056213  0.12749588  0.12056213  0.12056213  0.10014840  0.09346903  0.10014840  0.08685037  0.09346903  0.09346903  0.09346903  
19_8_0     0.11369378  0.13449629  0.12056213  0.15591055  0.16319090  0.05463039  0.04213122  0.04213122  0.04835399  0.04213122  0.04835399  0.04835399  0.04835399  0.01179085  0.00000000  0.00587156  0.06734783  0.08029132  0.08029132  0.08685037  0.08685037  0.08685037  0.12056213  0.12749588  0.12056213  0.12056213  0.10014840  0.09346903  0.10014840  0.08685037  0.09346903  0.09346903  0.09346903  
86_8_0     0.10688959  0.12749588  0.11369378  0.14870227  0.15591055  0.04835399  0.03596118  0.03596118  0.04213122  0.03596118  0.04213122  0.04213122  0.04213122  0.00587156  0.00587156  0.00000000  0.06096135  0.07379082  0.07379082  0.08029132  0.08029132  0.08029132  0.11369378  0.12056213  0.11369378  0.11369378  0.09346903  0.08685037  0.09346903  0.08029132  0.08685037  0.08685037  0.08685037  
51_4_0     0.12056213  0.15591055  0.12749588  0.13449629  0.14156464  0.07379082  0.06096135  0.06096135  0.06734783  0.06096135  0.06734783  0.06734783  0.06734783  0.06734783  0.06734783  0.06096135  0.00000000  0.02377574  0.03596118  0.04213122  0.04213122  0.04213122  0.10014840  0.09346903  0.10014840  0.10014840  0.08029132  0.07379082  0.08029132  0.06734783  0.07379082  0.07379082  0.07379082  
49_4_0     0.12749588  0.16319090  0.13449629  0.15591055  0.16319090  0.06096135  0.04835399  0.04835399  0.05463039  0.04835399  0.06734783  0.06734783  0.06734783  0.08029132  0.08029132  0.07379082  0.02377574  0.00000000  0.04835399  0.04213122  0.06734783  0.06734783  0.10014840  0.09346903  0.10014840  0.10014840  0.09346903  0.08685037  0.09346903  0.08029132  0.08685037  0.08685037  0.08685037  
49_5_0     0.10014840  0.13449629  0.10688959  0.12749588  0.13449629  0.06096135  0.04835399  0.04835399  0.06734783  0.06096135  0.06734783  0.06734783  0.06734783  0.08029132  0.08029132  0.07379082  0.03596118  0.04835399  0.00000000  0.06734783  0.06734783  0.06734783  0.08685037  0.09346903  0.08685037  0.08685037  0.05463039  0.04835399  0.05463039  0.05463039  0.06096135  0.06096135  0.06096135  
49_1_0     0.14156464  0.16319090  0.14870227  0.18547909  0.19306269  0.08029132  0.06734783  0.06734783  0.07379082  0.06734783  0.07379082  0.07379082  0.07379082  0.08685037  0.08685037  0.08029132  0.04213122  0.04213122  0.06734783  0.00000000  0.06096135  0.06096135  0.10688959  0.10014840  0.09346903  0.10688959  0.10014840  0.09346903  0.10014840  0.08685037  0.09346903  0.09346903  0.09346903  
51_1_0     0.15591055  0.16319090  0.14870227  0.17054476  0.17797364  0.09346903  0.08029132  0.08029132  0.08685037  0.08029132  0.08685037  0.08685037  0.08685037  0.08685037  0.08685037  0.08029132  0.04213122  0.06734783  0.06734783  0.06096135  0.00000000  0.00000000  0.12056213  0.12749588  0.10688959  0.12056213  0.11369378  0.10688959  0.11369378  0.10014840  0.10688959  0.10688959  0.10688959  
44_1_0     0.15591055  0.16319090  0.14870227  0.17054476  0.17797364  0.09346903  0.08029132  0.08029132  0.08685037  0.08029132  0.08685037  0.08685037  0.08685037  0.08685037  0.08685037  0.08029132  0.04213122  0.06734783  0.06734783  0.06096135  0.00000000  0.00000000  0.12056213  0.12749588  0.10688959  0.12056213  0.11369378  0.10688959  0.11369378  0.10014840  0.10688959  0.10688959  0.10688959  
44_7_0     0.15591055  0.17797364  0.14870227  0.16319090  0.17054476  0.08685037  0.08685037  0.08685037  0.10688959  0.10014840  0.10688959  0.10688959  0.10688959  0.12056213  0.12056213  0.11369378  0.10014840  0.10014840  0.08685037  0.10688959  0.12056213  0.12056213  0.00000000  0.02377574  0.01775864  0.01775864  0.06734783  0.06096135  0.06734783  0.05463039  0.06096135  0.06096135  0.06096135  
51_7_0     0.16319090  0.18547909  0.15591055  0.17054476  0.17797364  0.09346903  0.09346903  0.09346903  0.11369378  0.10688959  0.11369378  0.11369378  0.11369378  0.12749588  0.12749588  0.12056213  0.09346903  0.09346903  0.09346903  0.10014840  0.12749588  0.12749588  0.02377574  0.00000000  0.01775864  0.01775864  0.07379082  0.06734783  0.07379082  0.06096135  0.06734783  0.06734783  0.06734783  
51_3_0     0.15591055  0.17797364  0.14870227  0.16319090  0.17054476  0.08685037  0.08685037  0.08685037  0.10688959  0.10014840  0.10688959  0.10688959  0.10688959  0.12056213  0.12056213  0.11369378  0.10014840  0.10014840  0.08685037  0.09346903  0.10688959  0.10688959  0.01775864  0.01775864  0.00000000  0.01179085  0.06734783  0.06096135  0.06734783  0.05463039  0.06096135  0.06096135  0.06096135  
44_3_0     0.15591055  0.17797364  0.14870227  0.16319090  0.17054476  0.08685037  0.08685037  0.08685037  0.10688959  0.10014840  0.09346903  0.09346903  0.09346903  0.12056213  0.12056213  0.11369378  0.10014840  0.10014840  0.08685037  0.10688959  0.12056213  0.12056213  0.01775864  0.01775864  0.01179085  0.00000000  0.05463039  0.04835399  0.05463039  0.04213122  0.04835399  0.04835399  0.04835399  
67_3_0     0.10688959  0.14156464  0.10014840  0.15591055  0.16319090  0.06734783  0.06734783  0.06734783  0.08685037  0.08029132  0.07379082  0.07379082  0.07379082  0.10014840  0.10014840  0.09346903  0.08029132  0.09346903  0.05463039  0.10014840  0.11369378  0.11369378  0.06734783  0.07379082  0.06734783  0.05463039  0.00000000  0.00587156  0.01179085  0.01179085  0.01775864  0.01775864  0.01775864  
72_3_0     0.10014840  0.13449629  0.09346903  0.14870227  0.15591055  0.06096135  0.06096135  0.06096135  0.08029132  0.07379082  0.06734783  0.06734783  0.06734783  0.09346903  0.09346903  0.08685037  0.07379082  0.08685037  0.04835399  0.09346903  0.10688959  0.10688959  0.06096135  0.06734783  0.06096135  0.04835399  0.00587156  0.00000000  0.00587156  0.00587156  0.01179085  0.01179085  0.01179085  
82_3_0     0.10688959  0.14156464  0.10014840  0.15591055  0.16319090  0.06734783  0.06734783  0.06734783  0.08685037  0.08029132  0.07379082  0.07379082  0.07379082  0.10014840  0.10014840  0.09346903  0.08029132  0.09346903  0.05463039  0.10014840  0.11369378  0.11369378  0.06734783  0.07379082  0.06734783  0.05463039  0.01179085  0.00587156  0.00000000  0.01179085  0.01775864  0.01775864  0.01775864  
3_3_0      0.10688959  0.14156464  0.10014840  0.15591055  0.16319090  0.05463039  0.05463039  0.05463039  0.07379082  0.06734783  0.06096135  0.06096135  0.06096135  0.08685037  0.08685037  0.08029132  0.06734783  0.08029132  0.05463039  0.08685037  0.10014840  0.10014840  0.05463039  0.06096135  0.05463039  0.04213122  0.01179085  0.00587156  0.01179085  0.00000000  0.00587156  0.00587156  0.00587156  
86_3_0     0.11369378  0.14870227  0.10688959  0.16319090  0.17054476  0.06096135  0.06096135  0.06096135  0.08029132  0.07379082  0.06734783  0.06734783  0.06734783  0.09346903  0.09346903  0.08685037  0.07379082  0.08685037  0.06096135  0.09346903  0.10688959  0.10688959  0.06096135  0.06734783  0.06096135  0.04835399  0.01775864  0.01179085  0.01775864  0.00587156  0.00000000  0.00000000  0.00000000  
73_3_0     0.11369378  0.14870227  0.10688959  0.16319090  0.17054476  0.06096135  0.06096135  0.06096135  0.08029132  0.07379082  0.06734783  0.06734783  0.06734783  0.09346903  0.09346903  0.08685037  0.07379082  0.08685037  0.06096135  0.09346903  0.10688959  0.10688959  0.06096135  0.06734783  0.06096135  0.04835399  0.01775864  0.01179085  0.01775864  0.00587156  0.00000000  0.00000000  0.00000000  
19_3_0     0.11369378  0.14870227  0.10688959  0.16319090  0.17054476  0.06096135  0.06096135  0.06096135  0.08029132  0.07379082  0.06734783  0.06734783  0.06734783  0.09346903  0.09346903  0.08685037  0.07379082  0.08685037  0.06096135  0.09346903  0.10688959  0.10688959  0.06096135  0.06734783  0.06096135  0.04835399  0.01775864  0.01179085  0.01775864  0.00587156  0.00000000  0.00000000  0.00000000  

