26
16_0_0     0.00000000  0.21410677  0.16190823  0.15190325  0.16190823  0.14203395  0.35717063  0.37046597  0.37046597  0.38400875  0.35717063  0.35717063  0.44085036  0.44085036  0.44085036  0.35717063  0.37046597  0.35717063  0.45578265  0.45578265  0.47102779  0.48659915  0.47102779  0.47102779  0.45578265  0.44085036  
20_0_0     0.21410677  0.00000000  0.29411046  0.24732319  0.28212862  0.23608174  0.47102779  0.53541813  0.53541813  0.55244709  0.51877857  0.51877857  0.64413722  0.60606400  0.60606400  0.53541813  0.58774923  0.56988411  0.58774923  0.58774923  0.60606400  0.58774923  0.60606400  0.56988411  0.56988411  0.60606400  
15_0_0     0.16190823  0.29411046  0.00000000  0.05007086  0.07646046  0.05876150  0.47102779  0.48659915  0.48659915  0.47102779  0.50251100  0.50251100  0.48659915  0.45578265  0.45578265  0.50251100  0.45578265  0.47102779  0.58774923  0.55244709  0.56988411  0.55244709  0.56988411  0.56988411  0.56988411  0.56988411  
17_0_0     0.15190325  0.24732319  0.05007086  0.00000000  0.02460487  0.00810954  0.41187470  0.42621832  0.42621832  0.44085036  0.44085036  0.44085036  0.45578265  0.42621832  0.42621832  0.47102779  0.39780835  0.41187470  0.58774923  0.55244709  0.60606400  0.58774923  0.60606400  0.50251100  0.58774923  0.50251100  
19_0_0     0.16190823  0.28212862  0.07646046  0.02460487  0.00000000  0.03299490  0.44085036  0.42621832  0.42621832  0.44085036  0.44085036  0.44085036  0.44085036  0.44085036  0.44085036  0.45578265  0.38400875  0.39780835  0.60606400  0.56988411  0.62485164  0.64413722  0.62485164  0.51877857  0.60606400  0.51877857  
18_0_0     0.14203395  0.23608174  0.05876150  0.00810954  0.03299490  0.00000000  0.41187470  0.42621832  0.42621832  0.44085036  0.44085036  0.44085036  0.45578265  0.42621832  0.42621832  0.47102779  0.39780835  0.41187470  0.58774923  0.55244709  0.60606400  0.58774923  0.60606400  0.50251100  0.58774923  0.50251100  
11_1_0     0.35717063  0.47102779  0.47102779  0.41187470  0.44085036  0.41187470  0.00000000  0.03299490  0.03299490  0.06755717  0.05876150  0.05876150  0.18234057  0.16190823  0.16190823  0.17205269  0.14203395  0.13229672  0.39780835  0.39780835  0.41187470  0.42621832  0.41187470  0.39780835  0.42621832  0.41187470  
14_1_0     0.37046597  0.53541813  0.48659915  0.42621832  0.42621832  0.42621832  0.03299490  0.00000000  0.00000000  0.05007086  0.04148280  0.04148280  0.16190823  0.16190823  0.16190823  0.17205269  0.12268806  0.11320463  0.38400875  0.38400875  0.39780835  0.44085036  0.39780835  0.35717063  0.41187470  0.37046597  
2_1_0      0.37046597  0.53541813  0.48659915  0.42621832  0.42621832  0.42621832  0.03299490  0.00000000  0.00000000  0.05007086  0.04148280  0.04148280  0.16190823  0.16190823  0.16190823  0.17205269  0.12268806  0.11320463  0.38400875  0.38400875  0.39780835  0.44085036  0.39780835  0.35717063  0.41187470  0.37046597  
13_1_0     0.38400875  0.55244709  0.47102779  0.44085036  0.44085036  0.44085036  0.06755717  0.05007086  0.05007086  0.00000000  0.02460487  0.02460487  0.14203395  0.14203395  0.14203395  0.15190325  0.12268806  0.11320463  0.35717063  0.35717063  0.37046597  0.41187470  0.37046597  0.33128720  0.38400875  0.37046597  
3_1_0      0.35717063  0.51877857  0.50251100  0.44085036  0.44085036  0.44085036  0.05876150  0.04148280  0.04148280  0.02460487  0.00000000  0.00000000  0.13229672  0.13229672  0.13229672  0.14203395  0.09460065  0.08547403  0.35717063  0.35717063  0.37046597  0.41187470  0.37046597  0.33128720  0.38400875  0.37046597  
6_1_0      0.35717063  0.51877857  0.50251100  0.44085036  0.44085036  0.44085036  0.05876150  0.04148280  0.04148280  0.02460487  0.00000000  0.00000000  0.13229672  0.13229672  0.13229672  0.14203395  0.09460065  0.08547403  0.35717063  0.35717063  0.37046597  0.41187470  0.37046597  0.33128720  0.38400875  0.37046597  
11_0_0     0.44085036  0.64413722  0.48659915  0.45578265  0.44085036  0.45578265  0.18234057  0.16190823  0.16190823  0.14203395  0.13229672  0.13229672  0.00000000  0.01631046  0.01631046  0.14203395  0.11320463  0.10384319  0.47102779  0.44085036  0.48659915  0.53541813  0.48659915  0.47102779  0.50251100  0.39780835  
2_0_0      0.44085036  0.60606400  0.45578265  0.42621832  0.44085036  0.42621832  0.16190823  0.16190823  0.16190823  0.14203395  0.13229672  0.13229672  0.01631046  0.00000000  0.00000000  0.14203395  0.11320463  0.10384319  0.47102779  0.44085036  0.48659915  0.50251100  0.48659915  0.47102779  0.50251100  0.39780835  
14_0_0     0.44085036  0.60606400  0.45578265  0.42621832  0.44085036  0.42621832  0.16190823  0.16190823  0.16190823  0.14203395  0.13229672  0.13229672  0.01631046  0.00000000  0.00000000  0.14203395  0.11320463  0.10384319  0.47102779  0.44085036  0.48659915  0.50251100  0.48659915  0.47102779  0.50251100  0.39780835  
13_0_0     0.35717063  0.53541813  0.50251100  0.47102779  0.45578265  0.47102779  0.17205269  0.17205269  0.17205269  0.15190325  0.14203395  0.14203395  0.14203395  0.14203395  0.14203395  0.00000000  0.05876150  0.05007086  0.45578265  0.42621832  0.47102779  0.48659915  0.47102779  0.48659915  0.48659915  0.44085036  
6_0_0      0.37046597  0.58774923  0.45578265  0.39780835  0.38400875  0.39780835  0.14203395  0.12268806  0.12268806  0.12268806  0.09460065  0.09460065  0.11320463  0.11320463  0.11320463  0.05876150  0.00000000  0.00810954  0.42621832  0.39780835  0.44085036  0.45578265  0.44085036  0.39780835  0.45578265  0.39780835  
3_0_0      0.35717063  0.56988411  0.47102779  0.41187470  0.39780835  0.41187470  0.13229672  0.11320463  0.11320463  0.11320463  0.08547403  0.08547403  0.10384319  0.10384319  0.10384319  0.05007086  0.00810954  0.00000000  0.44085036  0.41187470  0.45578265  0.47102779  0.45578265  0.41187470  0.47102779  0.41187470  
8_0_0      0.45578265  0.58774923  0.58774923  0.58774923  0.60606400  0.58774923  0.39780835  0.38400875  0.38400875  0.35717063  0.35717063  0.35717063  0.47102779  0.47102779  0.47102779  0.45578265  0.42621832  0.44085036  0.00000000  0.01631046  0.00810954  0.03299490  0.00810954  0.11320463  0.02460487  0.18234057  
1_0_0      0.45578265  0.58774923  0.55244709  0.55244709  0.56988411  0.55244709  0.39780835  0.38400875  0.38400875  0.35717063  0.35717063  0.35717063  0.44085036  0.44085036  0.44085036  0.42621832  0.39780835  0.41187470  0.01631046  0.00000000  0.02460487  0.05007086  0.02460487  0.11320463  0.04148280  0.18234057  
7_0_0      0.47102779  0.60606400  0.56988411  0.60606400  0.62485164  0.60606400  0.41187470  0.39780835  0.39780835  0.37046597  0.37046597  0.37046597  0.48659915  0.48659915  0.48659915  0.47102779  0.44085036  0.45578265  0.00810954  0.02460487  0.00000000  0.02460487  0.00000000  0.12268806  0.03299490  0.19277598  
10_0_0     0.48659915  0.58774923  0.55244709  0.58774923  0.64413722  0.58774923  0.42621832  0.44085036  0.44085036  0.41187470  0.41187470  0.41187470  0.53541813  0.50251100  0.50251100  0.48659915  0.45578265  0.47102779  0.03299490  0.05007086  0.02460487  0.00000000  0.02460487  0.15190325  0.05876150  0.22501131  
5_0_0      0.47102779  0.60606400  0.56988411  0.60606400  0.62485164  0.60606400  0.41187470  0.39780835  0.39780835  0.37046597  0.37046597  0.37046597  0.48659915  0.48659915  0.48659915  0.47102779  0.44085036  0.45578265  0.00810954  0.02460487  0.00000000  0.02460487  0.00000000  0.12268806  0.03299490  0.19277598  
12_0_0     0.47102779  0.56988411  0.56988411  0.50251100  0.51877857  0.50251100  0.39780835  0.35717063  0.35717063  0.33128720  0.33128720  0.33128720  0.47102779  0.47102779  0.47102779  0.48659915  0.39780835  0.41187470  0.11320463  0.11320463  0.12268806  0.15190325  0.12268806  0.00000000  0.14203395  0.18234057  
4_0_0      0.45578265  0.56988411  0.56988411  0.58774923  0.60606400  0.58774923  0.42621832  0.41187470  0.41187470  0.38400875  0.38400875  0.38400875  0.50251100  0.50251100  0.50251100  0.48659915  0.45578265  0.47102779  0.02460487  0.04148280  0.03299490  0.05876150  0.03299490  0.14203395  0.00000000  0.21410677  
9_0_0      0.44085036  0.60606400  0.56988411  0.50251100  0.51877857  0.50251100  0.41187470  0.37046597  0.37046597  0.37046597  0.37046597  0.37046597  0.39780835  0.39780835  0.39780835  0.44085036  0.39780835  0.41187470  0.18234057  0.18234057  0.19277598  0.22501131  0.19277598  0.18234057  0.21410677  0.00000000  

