16
82_0_0     0.00000000  0.02932653  0.02270852  0.14026763  0.14026763  0.14026763  0.08810113  0.08451175  0.08810113  0.08451175  0.08451175  0.08810113  0.09170798  0.08451175  0.08093966  0.08810113  
41_0_0     0.02932653  0.00000000  0.01942154  0.14802896  0.14802896  0.14802896  0.08451175  0.08093966  0.08451175  0.08093966  0.08093966  0.08451175  0.08810113  0.08093966  0.08451175  0.08451175  
77_0_0     0.02270852  0.01942154  0.00000000  0.14802896  0.14802896  0.14802896  0.07738470  0.08093966  0.08451175  0.08093966  0.08093966  0.08451175  0.08810113  0.08093966  0.08451175  0.08451175  
35_0_0     0.14026763  0.14802896  0.14802896  0.00000000  0.00000000  0.00320179  0.15587242  0.15194032  0.15587242  0.15194032  0.15194032  0.14802896  0.15982549  0.15194032  0.14802896  0.15587242  
59_0_0     0.14026763  0.14802896  0.14802896  0.00000000  0.00000000  0.00320179  0.15587242  0.15194032  0.15587242  0.15194032  0.15194032  0.14802896  0.15982549  0.15194032  0.14802896  0.15587242  
65_0_0     0.14026763  0.14802896  0.14802896  0.00320179  0.00320179  0.00000000  0.15982549  0.15587242  0.15982549  0.15587242  0.15587242  0.14413814  0.15587242  0.14802896  0.14413814  0.15194032  
57_0_0     0.08810113  0.08451175  0.07738470  0.15587242  0.15587242  0.15982549  0.00000000  0.00320179  0.00641748  0.00320179  0.01614908  0.04274248  0.04613475  0.03936566  0.04274248  0.04274248  
33_0_0     0.08451175  0.08093966  0.08093966  0.15194032  0.15194032  0.15587242  0.00320179  0.00000000  0.00320179  0.00000000  0.01289099  0.03936566  0.04274248  0.03600415  0.03936566  0.03936566  
46_0_0     0.08810113  0.08451175  0.08451175  0.15587242  0.15587242  0.15982549  0.00641748  0.00320179  0.00000000  0.00320179  0.01614908  0.04274248  0.04613475  0.03936566  0.04274248  0.04274248  
60_0_0     0.08451175  0.08093966  0.08093966  0.15194032  0.15194032  0.15587242  0.00320179  0.00000000  0.00320179  0.00000000  0.01289099  0.03936566  0.04274248  0.03600415  0.03936566  0.03936566  
79_0_0     0.08451175  0.08093966  0.08093966  0.15194032  0.15194032  0.15587242  0.01614908  0.01289099  0.01614908  0.01289099  0.00000000  0.03936566  0.04274248  0.03600415  0.03936566  0.03936566  
60_1_0     0.08810113  0.08451175  0.08451175  0.14802896  0.14802896  0.14413814  0.04274248  0.03936566  0.04274248  0.03936566  0.03936566  0.00000000  0.00964717  0.00320179  0.00641748  0.01289099  
57_1_0     0.09170798  0.08810113  0.08810113  0.15982549  0.15982549  0.15587242  0.04613475  0.04274248  0.04613475  0.04274248  0.04274248  0.00964717  0.00000000  0.00641748  0.00964717  0.00964717  
33_1_0     0.08451175  0.08093966  0.08093966  0.15194032  0.15194032  0.14802896  0.03936566  0.03600415  0.03936566  0.03600415  0.03600415  0.00320179  0.00641748  0.00000000  0.00320179  0.00964717  
46_1_0     0.08093966  0.08451175  0.08451175  0.14802896  0.14802896  0.14413814  0.04274248  0.03936566  0.04274248  0.03936566  0.03936566  0.00641748  0.00964717  0.00320179  0.00000000  0.01289099  
79_1_0     0.08810113  0.08451175  0.08451175  0.15587242  0.15587242  0.15194032  0.04274248  0.03936566  0.04274248  0.03936566  0.03936566  0.01289099  0.00964717  0.00964717  0.01289099  0.00000000  

