26
2_2_0      0.00000000  0.00700148  0.01406948  0.05794843  0.05419138  0.06172456  0.12079458  0.12490446  0.12903718  0.21226348  0.27006886  0.24543524  0.25519103  0.26011732  0.26011732  0.25519103  0.22159117  0.22159117  0.22159117  0.19848761  0.21691271  0.22629924  0.27006886  0.26507645  0.27509499  0.27509499  
3_2_0      0.00700148  0.00000000  0.01406948  0.05794843  0.05045320  0.06172456  0.12079458  0.12490446  0.12903718  0.20764312  0.26011732  0.23580572  0.24543524  0.25029714  0.25029714  0.24543524  0.21226348  0.21226348  0.21226348  0.18944340  0.20764312  0.22629924  0.26507645  0.26011732  0.27006886  0.27006886  
1_2_0      0.01406948  0.01406948  0.00000000  0.05045320  0.05419138  0.05419138  0.11264230  0.11670727  0.12079458  0.21226348  0.26507645  0.23580572  0.23580572  0.24060490  0.24060490  0.23580572  0.20764312  0.20764312  0.20764312  0.20764312  0.21691271  0.21691271  0.26011732  0.26011732  0.26507645  0.25519103  
1_0_0      0.05794843  0.05794843  0.05045320  0.00000000  0.01052709  0.00349251  0.10457838  0.10859941  0.11264230  0.21226348  0.25519103  0.23580572  0.22159117  0.22629924  0.22629924  0.22159117  0.22629924  0.22629924  0.22629924  0.19395176  0.20764312  0.20764312  0.26011732  0.26011732  0.26507645  0.27006886  
3_0_0      0.05419138  0.05045320  0.05419138  0.01052709  0.00000000  0.01406948  0.10859941  0.11264230  0.11670727  0.21226348  0.25519103  0.23580572  0.22159117  0.22629924  0.22629924  0.22159117  0.22629924  0.22629924  0.22629924  0.18496219  0.20305128  0.21226348  0.25519103  0.25519103  0.26507645  0.26507645  
2_0_0      0.06172456  0.06172456  0.05419138  0.00349251  0.01406948  0.00000000  0.10859941  0.11264230  0.11670727  0.20764312  0.25029714  0.23103730  0.22629924  0.23103730  0.23103730  0.22629924  0.22159117  0.22159117  0.22159117  0.19848761  0.20305128  0.21226348  0.26507645  0.26507645  0.27006886  0.26507645  
1_1_0      0.12079458  0.12079458  0.11264230  0.10457838  0.10859941  0.10859941  0.00000000  0.00349251  0.00700148  0.22629924  0.24543524  0.23103730  0.22159117  0.22159117  0.22159117  0.23103730  0.22159117  0.22629924  0.22629924  0.20764312  0.21226348  0.23580572  0.24543524  0.23580572  0.22629924  0.27509499  
2_1_0      0.12490446  0.12490446  0.11670727  0.10859941  0.11264230  0.11264230  0.00349251  0.00000000  0.00349251  0.23103730  0.25029714  0.23580572  0.22629924  0.22629924  0.22629924  0.23580572  0.22629924  0.22159117  0.22159117  0.20305128  0.20764312  0.23103730  0.25029714  0.24060490  0.23103730  0.28015531  
3_1_0      0.12903718  0.12903718  0.12079458  0.11264230  0.11670727  0.11670727  0.00700148  0.00349251  0.00000000  0.23580572  0.25519103  0.24060490  0.23103730  0.23103730  0.23103730  0.24060490  0.23103730  0.22629924  0.22629924  0.19848761  0.20305128  0.23580572  0.25519103  0.24543524  0.23103730  0.27509499  
20_0_0     0.21226348  0.20764312  0.21226348  0.21226348  0.21226348  0.20764312  0.22629924  0.23103730  0.23580572  0.00000000  0.18496219  0.18496219  0.19395176  0.19848761  0.19848761  0.19395176  0.19848761  0.21691271  0.21691271  0.22629924  0.22629924  0.23103730  0.24543524  0.22159117  0.21226348  0.23103730  
17_0_0     0.27006886  0.26011732  0.26507645  0.25519103  0.25519103  0.25029714  0.24543524  0.25029714  0.25519103  0.18496219  0.00000000  0.02479900  0.10057896  0.10457838  0.10457838  0.10859941  0.18496219  0.20305128  0.20305128  0.21691271  0.22159117  0.21226348  0.20305128  0.18050781  0.19395176  0.22159117  
11_0_0     0.24543524  0.23580572  0.23580572  0.23580572  0.23580572  0.23103730  0.23103730  0.23580572  0.24060490  0.18496219  0.02479900  0.00000000  0.10859941  0.11264230  0.11264230  0.10859941  0.18050781  0.19848761  0.19848761  0.20305128  0.20764312  0.19848761  0.19395176  0.18050781  0.18496219  0.20305128  
4_0_0      0.25519103  0.24543524  0.23580572  0.22159117  0.22159117  0.22629924  0.22159117  0.22629924  0.23103730  0.19395176  0.10057896  0.10859941  0.00000000  0.00349251  0.00349251  0.00700148  0.16730249  0.17607995  0.17607995  0.21691271  0.22159117  0.21691271  0.19395176  0.18050781  0.18496219  0.23103730  
12_0_0     0.26011732  0.25029714  0.24060490  0.22629924  0.22629924  0.23103730  0.22159117  0.22629924  0.23103730  0.19848761  0.10457838  0.11264230  0.00349251  0.00000000  0.00000000  0.01052709  0.17167827  0.18050781  0.18050781  0.22159117  0.22629924  0.22159117  0.19848761  0.18496219  0.18944340  0.23580572  
10_0_0     0.26011732  0.25029714  0.24060490  0.22629924  0.22629924  0.23103730  0.22159117  0.22629924  0.23103730  0.19848761  0.10457838  0.11264230  0.00349251  0.00000000  0.00000000  0.01052709  0.17167827  0.18050781  0.18050781  0.22159117  0.22629924  0.22159117  0.19848761  0.18496219  0.18944340  0.23580572  
5_0_0      0.25519103  0.24543524  0.23580572  0.22159117  0.22159117  0.22629924  0.23103730  0.23580572  0.24060490  0.19395176  0.10859941  0.10859941  0.00700148  0.01052709  0.01052709  0.00000000  0.17167827  0.18050781  0.18050781  0.22159117  0.22629924  0.22159117  0.19395176  0.18050781  0.19395176  0.23103730  
7_0_0      0.22159117  0.21226348  0.20764312  0.22629924  0.22629924  0.22159117  0.22159117  0.22629924  0.23103730  0.19848761  0.18496219  0.18050781  0.16730249  0.17167827  0.17167827  0.17167827  0.00000000  0.01762882  0.01762882  0.15005227  0.14580150  0.14580150  0.21226348  0.19848761  0.19848761  0.21691271  
9_0_0      0.22159117  0.21226348  0.20764312  0.22629924  0.22629924  0.22159117  0.22629924  0.22159117  0.22629924  0.21691271  0.20305128  0.19848761  0.17607995  0.18050781  0.18050781  0.18050781  0.01762882  0.00000000  0.00000000  0.13319298  0.13737212  0.12903718  0.22159117  0.19848761  0.19848761  0.21691271  
13_0_0     0.22159117  0.21226348  0.20764312  0.22629924  0.22629924  0.22159117  0.22629924  0.22159117  0.22629924  0.21691271  0.20305128  0.19848761  0.17607995  0.18050781  0.18050781  0.18050781  0.01762882  0.00000000  0.00000000  0.13319298  0.13737212  0.12903718  0.22159117  0.19848761  0.19848761  0.21691271  
18_0_0     0.19848761  0.18944340  0.20764312  0.19395176  0.18496219  0.19848761  0.20764312  0.20305128  0.19848761  0.22629924  0.21691271  0.20305128  0.21691271  0.22159117  0.22159117  0.22159117  0.15005227  0.13319298  0.13319298  0.00000000  0.01762882  0.09660093  0.22629924  0.20764312  0.20305128  0.22629924  
8_0_0      0.21691271  0.20764312  0.21691271  0.20764312  0.20305128  0.20305128  0.21226348  0.20764312  0.20305128  0.22629924  0.22159117  0.20764312  0.22159117  0.22629924  0.22629924  0.22629924  0.14580150  0.13737212  0.13737212  0.01762882  0.00000000  0.10859941  0.23580572  0.21691271  0.22159117  0.22629924  
19_0_0     0.22629924  0.22629924  0.21691271  0.20764312  0.21226348  0.21226348  0.23580572  0.23103730  0.23580572  0.23103730  0.21226348  0.19848761  0.21691271  0.22159117  0.22159117  0.22159117  0.14580150  0.12903718  0.12903718  0.09660093  0.10859941  0.00000000  0.20305128  0.18944340  0.20764312  0.22629924  
14_0_0     0.27006886  0.26507645  0.26011732  0.26011732  0.25519103  0.26507645  0.24543524  0.25029714  0.25519103  0.24543524  0.20305128  0.19395176  0.19395176  0.19848761  0.19848761  0.19395176  0.21226348  0.22159117  0.22159117  0.22629924  0.23580572  0.20305128  0.00000000  0.05045320  0.08479288  0.17607995  
6_0_0      0.26507645  0.26011732  0.26011732  0.26011732  0.25519103  0.26507645  0.23580572  0.24060490  0.24543524  0.22159117  0.18050781  0.18050781  0.18050781  0.18496219  0.18496219  0.18050781  0.19848761  0.19848761  0.19848761  0.20764312  0.21691271  0.18944340  0.05045320  0.00000000  0.08479288  0.17607995  
15_0_0     0.27509499  0.27006886  0.26507645  0.26507645  0.26507645  0.27006886  0.22629924  0.23103730  0.23103730  0.21226348  0.19395176  0.18496219  0.18496219  0.18944340  0.18944340  0.19395176  0.19848761  0.19848761  0.19848761  0.20305128  0.22159117  0.20764312  0.08479288  0.08479288  0.00000000  0.18496219  
16_0_0     0.27509499  0.27006886  0.25519103  0.27006886  0.26507645  0.26507645  0.27509499  0.28015531  0.27509499  0.23103730  0.22159117  0.20305128  0.23103730  0.23580572  0.23580572  0.23103730  0.21691271  0.21691271  0.21691271  0.22629924  0.22629924  0.22629924  0.17607995  0.17607995  0.18496219  0.00000000  

