20
16_0_0     0.00000000  0.38419344  0.31847097  0.36641955  0.34631003  0.36922902  0.36641955  0.35496748  0.33775414  0.29336364  0.26417612  0.59769225  0.59769225  0.58100665  0.58100665  0.62747338  0.58100665  0.61497523  0.54211157  0.54211157  
6_0_0      0.38419344  0.00000000  0.35870170  0.43408868  0.46387909  0.45037976  0.46034249  0.47402494  0.39066345  0.38802399  0.39986745  0.66630180  0.66630180  0.68559826  0.64774704  0.66081382  0.68559826  0.68559826  0.64018866  0.64018866  
20_0_0     0.31847097  0.35870170  0.00000000  0.47141932  0.46131005  0.52043672  0.50049118  0.51571108  0.43780656  0.43425759  0.44759436  0.62747338  0.62747338  0.64572241  0.60988909  0.62229236  0.62747338  0.62747338  0.54533252  0.54533252  
15_0_0     0.36641955  0.43408868  0.47141932  0.00000000  0.07931602  0.10650257  0.10597963  0.09908977  0.08640613  0.19617690  0.20455958  0.73411319  0.73411319  0.71210179  0.71210179  0.79743546  0.78139661  0.78139661  0.62586413  0.62586413  
5_0_0      0.34631003  0.46387909  0.46131005  0.07931602  0.00000000  0.04802569  0.05405337  0.04774309  0.07349468  0.16495317  0.18906801  0.65757513  0.65757513  0.63857720  0.67735137  0.69105032  0.65757513  0.69797242  0.59572969  0.59572969  
10_0_0     0.36922902  0.45037976  0.52043672  0.10650257  0.04802569  0.00000000  0.01737261  0.01152123  0.08690458  0.13456650  0.17285837  0.71951369  0.71951369  0.74206116  0.74206116  0.71210179  0.67735137  0.71951369  0.61336893  0.61336893  
4_0_0      0.36641955  0.46034249  0.50049118  0.10597963  0.05405337  0.01737261  0.00000000  0.00574837  0.09320313  0.14125098  0.17186831  0.71210179  0.71210179  0.73411319  0.71210179  0.70501354  0.67087855  0.71210179  0.64451084  0.64451084  
12_0_0     0.35496748  0.47402494  0.51571108  0.09908977  0.04774309  0.01152123  0.00574837  0.00000000  0.08640613  0.13389070  0.16403003  0.71210179  0.71210179  0.73411319  0.71210179  0.70501354  0.67087855  0.71210179  0.64451084  0.64451084  
19_0_0     0.33775414  0.39066345  0.43780656  0.08640613  0.07349468  0.08690458  0.09320313  0.08640613  0.00000000  0.17392323  0.18203039  0.77464255  0.77464255  0.75037014  0.80020016  0.79058445  0.77464255  0.82718670  0.72064485  0.72064485  
11_0_0     0.29336364  0.38802399  0.43425759  0.19617690  0.16495317  0.13456650  0.14125098  0.13389070  0.17392323  0.00000000  0.05437926  0.70501354  0.70501354  0.72651378  0.72651378  0.60503581  0.62747338  0.66468843  0.67735137  0.67735137  
17_0_0     0.26417612  0.39986745  0.44759436  0.20455958  0.18906801  0.17285837  0.17186831  0.16403003  0.18203039  0.05437926  0.00000000  0.72651378  0.72651378  0.74901630  0.70501354  0.65877397  0.68443009  0.72651378  0.65757513  0.65757513  
13_0_0     0.59769225  0.66630180  0.62747338  0.73411319  0.65757513  0.71951369  0.71210179  0.71210179  0.77464255  0.70501354  0.72651378  0.00000000  0.00000000  0.00574837  0.01745461  0.06692687  0.06081756  0.04802569  0.20950014  0.20950014  
9_0_0      0.59769225  0.66630180  0.62747338  0.73411319  0.65757513  0.71951369  0.71210179  0.71210179  0.77464255  0.70501354  0.72651378  0.00000000  0.00000000  0.00574837  0.01745461  0.06692687  0.06081756  0.04802569  0.20950014  0.20950014  
14_0_0     0.58100665  0.68559826  0.64572241  0.71210179  0.63857720  0.74206116  0.73411319  0.73411319  0.75037014  0.72651378  0.74901630  0.00574837  0.00574837  0.00000000  0.02341592  0.07349468  0.06734289  0.05437926  0.21794674  0.21794674  
7_0_0      0.58100665  0.64774704  0.60988909  0.71210179  0.67735137  0.74206116  0.71210179  0.71210179  0.80020016  0.72651378  0.70501354  0.01745461  0.01745461  0.02341592  0.00000000  0.08015307  0.06734289  0.05437926  0.23529662  0.23529662  
3_0_0      0.62747338  0.66081382  0.62229236  0.79743546  0.69105032  0.71210179  0.70501354  0.70501354  0.79058445  0.60503581  0.65877397  0.06692687  0.06692687  0.07349468  0.08015307  0.00000000  0.02329579  0.03536472  0.24285691  0.24285691  
2_0_0      0.58100665  0.68559826  0.62747338  0.78139661  0.65757513  0.67735137  0.67087855  0.67087855  0.77464255  0.62747338  0.68443009  0.06081756  0.06081756  0.06734289  0.06734289  0.02329579  0.00000000  0.02341592  0.25329332  0.25329332  
1_0_0      0.61497523  0.68559826  0.62747338  0.78139661  0.69797242  0.71951369  0.71210179  0.71210179  0.82718670  0.66468843  0.72651378  0.04802569  0.04802569  0.05437926  0.05437926  0.03536472  0.02341592  0.00000000  0.23529662  0.23529662  
18_0_0     0.54211157  0.64018866  0.54533252  0.62586413  0.59572969  0.61336893  0.64451084  0.64451084  0.72064485  0.67735137  0.65757513  0.20950014  0.20950014  0.21794674  0.23529662  0.24285691  0.25329332  0.23529662  0.00000000  0.00000000  
8_0_0      0.54211157  0.64018866  0.54533252  0.62586413  0.59572969  0.61336893  0.64451084  0.64451084  0.72064485  0.67735137  0.65757513  0.20950014  0.20950014  0.21794674  0.23529662  0.24285691  0.25329332  0.23529662  0.00000000  0.00000000  

