22
7_0_0      0.00000000  0.00804352  0.04962598  0.01617534  0.02439744  0.01617534  0.02439744  0.02439744  0.05823013  0.04962598  0.04112063  0.06693541  0.04962598  0.20095363  0.16012600  0.19053381  0.24416372  0.21152213  0.20095363  0.20095363  0.20095363  0.20095363  
11_0_0     0.00804352  0.00000000  0.05823013  0.02439744  0.03271184  0.02439744  0.03271184  0.03271184  0.06693541  0.05823013  0.04962598  0.05823013  0.05823013  0.19053381  0.17012387  0.18025854  0.25537195  0.20095363  0.19053381  0.19053381  0.19053381  0.19053381  
10_0_0     0.04962598  0.05823013  0.00000000  0.06693541  0.07574422  0.06693541  0.07574422  0.07574422  0.11206604  0.10281724  0.09368251  0.11206604  0.10281724  0.21152213  0.16012600  0.20095363  0.22224362  0.20095363  0.19053381  0.19053381  0.21152213  0.21152213  
6_0_0      0.01617534  0.02439744  0.06693541  0.00000000  0.02439744  0.01617534  0.02439744  0.02439744  0.05823013  0.04962598  0.04112063  0.06693541  0.04962598  0.19053381  0.16012600  0.18025854  0.24416372  0.21152213  0.20095363  0.20095363  0.18025854  0.18025854  
1_0_0      0.02439744  0.03271184  0.07574422  0.02439744  0.00000000  0.00804352  0.01617534  0.01617534  0.06693541  0.04112063  0.03271184  0.07574422  0.05823013  0.19053381  0.17012387  0.18025854  0.22224362  0.20095363  0.19053381  0.19053381  0.19053381  0.19053381  
9_0_0      0.01617534  0.02439744  0.06693541  0.01617534  0.00804352  0.00000000  0.00804352  0.00804352  0.05823013  0.04962598  0.04112063  0.06693541  0.04962598  0.20095363  0.16012600  0.19053381  0.23312258  0.21152213  0.20095363  0.20095363  0.20095363  0.20095363  
2_0_0      0.02439744  0.03271184  0.07574422  0.02439744  0.01617534  0.00804352  0.00000000  0.00000000  0.06693541  0.05823013  0.04962598  0.07574422  0.05823013  0.21152213  0.17012387  0.20095363  0.24416372  0.22224362  0.21152213  0.21152213  0.21152213  0.21152213  
8_0_0      0.02439744  0.03271184  0.07574422  0.02439744  0.01617534  0.00804352  0.00000000  0.00000000  0.06693541  0.05823013  0.04962598  0.07574422  0.05823013  0.21152213  0.17012387  0.20095363  0.24416372  0.22224362  0.21152213  0.21152213  0.21152213  0.21152213  
5_0_0      0.05823013  0.06693541  0.11206604  0.05823013  0.06693541  0.05823013  0.06693541  0.06693541  0.00000000  0.05823013  0.04962598  0.07574422  0.05823013  0.22224362  0.19053381  0.22224362  0.27831041  0.24416372  0.23312258  0.23312258  0.23312258  0.23312258  
3_1_0      0.04962598  0.05823013  0.10281724  0.04962598  0.04112063  0.04962598  0.05823013  0.05823013  0.05823013  0.00000000  0.00804352  0.04962598  0.03271184  0.22224362  0.20095363  0.21152213  0.24416372  0.21152213  0.22224362  0.22224362  0.20095363  0.20095363  
4_1_0      0.04112063  0.04962598  0.09368251  0.04112063  0.03271184  0.04112063  0.04962598  0.04962598  0.04962598  0.00804352  0.00000000  0.04112063  0.02439744  0.21152213  0.19053381  0.20095363  0.25537195  0.22224362  0.21152213  0.21152213  0.21152213  0.21152213  
4_0_0      0.06693541  0.05823013  0.11206604  0.06693541  0.07574422  0.06693541  0.07574422  0.07574422  0.07574422  0.04962598  0.04112063  0.00000000  0.01617534  0.22224362  0.18025854  0.21152213  0.26675238  0.23312258  0.22224362  0.22224362  0.22224362  0.22224362  
3_0_0      0.04962598  0.05823013  0.10281724  0.04962598  0.05823013  0.04962598  0.05823013  0.05823013  0.05823013  0.03271184  0.02439744  0.01617534  0.00000000  0.22224362  0.18025854  0.21152213  0.26675238  0.23312258  0.22224362  0.22224362  0.22224362  0.22224362  
16_0_0     0.20095363  0.19053381  0.21152213  0.19053381  0.19053381  0.20095363  0.21152213  0.21152213  0.22224362  0.22224362  0.21152213  0.22224362  0.22224362  0.00000000  0.06693541  0.08465906  0.14052624  0.11206604  0.10281724  0.10281724  0.13091749  0.13091749  
17_0_0     0.16012600  0.17012387  0.16012600  0.16012600  0.17012387  0.16012600  0.17012387  0.17012387  0.19053381  0.20095363  0.19053381  0.18025854  0.18025854  0.06693541  0.00000000  0.11206604  0.12143179  0.13091749  0.12143179  0.12143179  0.14052624  0.14052624  
15_0_0     0.19053381  0.18025854  0.20095363  0.18025854  0.18025854  0.19053381  0.20095363  0.20095363  0.22224362  0.21152213  0.20095363  0.21152213  0.21152213  0.08465906  0.11206604  0.00000000  0.15026129  0.10281724  0.09368251  0.09368251  0.12143179  0.12143179  
13_0_0     0.24416372  0.25537195  0.22224362  0.24416372  0.22224362  0.23312258  0.24416372  0.24416372  0.27831041  0.24416372  0.25537195  0.26675238  0.26675238  0.14052624  0.12143179  0.15026129  0.00000000  0.04112063  0.04962598  0.04962598  0.08465906  0.08465906  
20_0_0     0.21152213  0.20095363  0.20095363  0.21152213  0.20095363  0.21152213  0.22224362  0.22224362  0.24416372  0.21152213  0.22224362  0.23312258  0.23312258  0.11206604  0.13091749  0.10281724  0.04112063  0.00000000  0.00804352  0.00804352  0.04112063  0.04112063  
19_0_0     0.20095363  0.19053381  0.19053381  0.20095363  0.19053381  0.20095363  0.21152213  0.21152213  0.23312258  0.22224362  0.21152213  0.22224362  0.22224362  0.10281724  0.12143179  0.09368251  0.04962598  0.00804352  0.00000000  0.00000000  0.04962598  0.04962598  
12_0_0     0.20095363  0.19053381  0.19053381  0.20095363  0.19053381  0.20095363  0.21152213  0.21152213  0.23312258  0.22224362  0.21152213  0.22224362  0.22224362  0.10281724  0.12143179  0.09368251  0.04962598  0.00804352  0.00000000  0.00000000  0.04962598  0.04962598  
14_0_0     0.20095363  0.19053381  0.21152213  0.18025854  0.19053381  0.20095363  0.21152213  0.21152213  0.23312258  0.20095363  0.21152213  0.22224362  0.22224362  0.13091749  0.14052624  0.12143179  0.08465906  0.04112063  0.04962598  0.04962598  0.00000000  0.00000000  
18_0_0     0.20095363  0.19053381  0.21152213  0.18025854  0.19053381  0.20095363  0.21152213  0.21152213  0.23312258  0.20095363  0.21152213  0.22224362  0.22224362  0.13091749  0.14052624  0.12143179  0.08465906  0.04112063  0.04962598  0.04962598  0.00000000  0.00000000  

