20
16_0_0     0.00000000  0.09036756  0.13490363  0.11976079  0.18772314  0.18226961  0.19321685  0.18772314  0.18772314  0.18772314  0.22705723  0.22705723  0.22705723  0.22705723  0.25050197  0.25050197  0.25050197  0.25050197  0.25050197  0.25648018  
15_0_0     0.09036756  0.00000000  0.09518668  0.07139665  0.17148077  0.18772314  0.18772314  0.17148077  0.17148077  0.17148077  0.20432721  0.22130944  0.22130944  0.22130944  0.26250669  0.26250669  0.26250669  0.26858232  0.26858232  0.28088412  
6_0_0      0.13490363  0.09518668  0.00000000  0.04834222  0.18772314  0.19321685  0.18772314  0.16614432  0.16614432  0.16614432  0.19321685  0.23868746  0.23868746  0.23868746  0.27470785  0.27470785  0.27470785  0.29972594  0.29972594  0.28711197  
14_0_0     0.11976079  0.07139665  0.04834222  0.00000000  0.17685568  0.18226961  0.16084580  0.14517245  0.14517245  0.14517245  0.19321685  0.24457132  0.24457132  0.24457132  0.26858232  0.26858232  0.26858232  0.30611385  0.30611385  0.29972594  
11_0_0     0.18772314  0.17148077  0.18772314  0.17685568  0.00000000  0.01287650  0.05747864  0.04381566  0.04381566  0.04381566  0.21560561  0.25648018  0.25648018  0.26250669  0.23284967  0.23284967  0.22705723  0.23284967  0.23284967  0.25648018  
17_0_0     0.18226961  0.18772314  0.19321685  0.18226961  0.01287650  0.00000000  0.06208917  0.04834222  0.04834222  0.04834222  0.22130944  0.26250669  0.26250669  0.26858232  0.23868746  0.23868746  0.23284967  0.23868746  0.23868746  0.26250669  
5_0_0      0.19321685  0.18772314  0.18772314  0.16084580  0.05747864  0.06208917  0.00000000  0.02158605  0.02158605  0.02158605  0.20994508  0.26250669  0.26250669  0.26858232  0.22705723  0.22705723  0.23284967  0.22705723  0.23284967  0.25050197  
10_0_0     0.18772314  0.17148077  0.16614432  0.14517245  0.04381566  0.04834222  0.02158605  0.00000000  0.00000000  0.00000000  0.20432721  0.25050197  0.25050197  0.25648018  0.22705723  0.22705723  0.23284967  0.23284967  0.23868746  0.23868746  
4_0_0      0.18772314  0.17148077  0.16614432  0.14517245  0.04381566  0.04834222  0.02158605  0.00000000  0.00000000  0.00000000  0.20432721  0.25050197  0.25050197  0.25648018  0.22705723  0.22705723  0.23284967  0.23284967  0.23868746  0.23868746  
12_0_0     0.18772314  0.17148077  0.16614432  0.14517245  0.04381566  0.04834222  0.02158605  0.00000000  0.00000000  0.00000000  0.20432721  0.25050197  0.25050197  0.25648018  0.22705723  0.22705723  0.23284967  0.23284967  0.23868746  0.23868746  
20_0_0     0.22705723  0.20432721  0.19321685  0.19321685  0.21560561  0.22130944  0.20994508  0.20432721  0.20432721  0.20432721  0.00000000  0.25050197  0.25050197  0.25648018  0.28088412  0.28088412  0.28088412  0.25648018  0.25648018  0.31905623  
2_0_0      0.22705723  0.22130944  0.23868746  0.24457132  0.25648018  0.26250669  0.26250669  0.25050197  0.25050197  0.25050197  0.25050197  0.00000000  0.00000000  0.00426751  0.17148077  0.17148077  0.16614432  0.17148077  0.17148077  0.18226961  
3_0_0      0.22705723  0.22130944  0.23868746  0.24457132  0.25648018  0.26250669  0.26250669  0.25050197  0.25050197  0.25050197  0.25050197  0.00000000  0.00000000  0.00426751  0.17148077  0.17148077  0.16614432  0.17148077  0.17148077  0.18226961  
1_0_0      0.22705723  0.22130944  0.23868746  0.24457132  0.26250669  0.26858232  0.26858232  0.25648018  0.25648018  0.25648018  0.25648018  0.00426751  0.00426751  0.00000000  0.16614432  0.16614432  0.16084580  0.16614432  0.16614432  0.18772314  
9_0_0      0.25050197  0.26250669  0.27470785  0.26858232  0.23284967  0.23868746  0.22705723  0.22705723  0.22705723  0.22705723  0.28088412  0.17148077  0.17148077  0.16614432  0.00000000  0.00000000  0.00426751  0.08082178  0.08557939  0.10491936  
13_0_0     0.25050197  0.26250669  0.27470785  0.26858232  0.23284967  0.23868746  0.22705723  0.22705723  0.22705723  0.22705723  0.28088412  0.17148077  0.17148077  0.16614432  0.00000000  0.00000000  0.00426751  0.08082178  0.08557939  0.10491936  
7_0_0      0.25050197  0.26250669  0.27470785  0.26858232  0.22705723  0.23284967  0.23284967  0.23284967  0.23284967  0.23284967  0.28088412  0.16614432  0.16614432  0.16084580  0.00426751  0.00426751  0.00000000  0.08557939  0.08557939  0.10983375  
8_0_0      0.25050197  0.26858232  0.29972594  0.30611385  0.23284967  0.23868746  0.22705723  0.23284967  0.23284967  0.23284967  0.25648018  0.17148077  0.17148077  0.16614432  0.08082178  0.08082178  0.08557939  0.00000000  0.00426751  0.10983375  
18_0_0     0.25050197  0.26858232  0.29972594  0.30611385  0.23284967  0.23868746  0.23284967  0.23868746  0.23868746  0.23868746  0.25648018  0.17148077  0.17148077  0.16614432  0.08557939  0.08557939  0.08557939  0.00426751  0.00000000  0.11478075  
19_0_0     0.25648018  0.28088412  0.28711197  0.29972594  0.25648018  0.26250669  0.25050197  0.23868746  0.23868746  0.23868746  0.31905623  0.18226961  0.18226961  0.18772314  0.10491936  0.10491936  0.10983375  0.10983375  0.11478075  0.00000000  

