36
33_0_0     0.00000000  0.05747663  0.05747663  0.03298286  0.07767312  0.11440134  0.11440134  0.14179964  0.05747663  0.07767312  0.07767312  0.17025234  0.17607666  0.16447354  0.15873955  0.16447354  0.19984383  0.11980039  0.14179964  0.14179964  0.17025234  0.24336827  0.22440040  0.15304969  0.15304969  0.18194722  0.21202018  0.26944022  0.26944022  0.18786476  0.18194722  0.22440040  0.14179964  0.14179964  0.14740327  0.24336827  
17_0_0     0.05747663  0.00000000  0.00000000  0.07257205  0.12523915  0.15304969  0.15304969  0.18194722  0.09843678  0.11980039  0.11980039  0.19383004  0.22440040  0.19984383  0.19383004  0.18786476  0.23699143  0.14179964  0.16447354  0.16447354  0.17607666  0.21818438  0.21202018  0.18786476  0.18786476  0.23066911  0.24980058  0.31035728  0.31035728  0.22440040  0.23066911  0.24980058  0.16447354  0.17607666  0.15873955  0.23699143  
4_0_0      0.05747663  0.00000000  0.00000000  0.07257205  0.12523915  0.15304969  0.15304969  0.18194722  0.09843678  0.11980039  0.11980039  0.19383004  0.22440040  0.19984383  0.19383004  0.18786476  0.23699143  0.14179964  0.16447354  0.16447354  0.17607666  0.21818438  0.21202018  0.18786476  0.18786476  0.23066911  0.24980058  0.31035728  0.31035728  0.22440040  0.23066911  0.24980058  0.16447354  0.17607666  0.15873955  0.23699143  
32_0_0     0.03298286  0.07257205  0.07257205  0.00000000  0.09843678  0.12523915  0.12523915  0.15304969  0.07767312  0.09843678  0.09843678  0.18786476  0.19383004  0.18194722  0.17607666  0.18194722  0.21818438  0.13623817  0.14740327  0.14740327  0.17607666  0.23699143  0.21818438  0.17025234  0.17607666  0.19984383  0.21818438  0.27610442  0.27610442  0.20590694  0.19984383  0.22440040  0.15873955  0.15873955  0.16447354  0.23699143  
33_2_0     0.07767312  0.12523915  0.12523915  0.09843678  0.00000000  0.05251253  0.05251253  0.07257205  0.07767312  0.08798207  0.08798207  0.21202018  0.20590694  0.19383004  0.18786476  0.18786476  0.21818438  0.11980039  0.15304969  0.15304969  0.18194722  0.21818438  0.21202018  0.15873955  0.15873955  0.20590694  0.23699143  0.26944022  0.26944022  0.19984383  0.20590694  0.23699143  0.14740327  0.14740327  0.15304969  0.26283554  
17_2_0     0.11440134  0.15304969  0.15304969  0.12523915  0.05251253  0.00000000  0.00000000  0.09843678  0.12523915  0.14740327  0.14740327  0.23066911  0.22440040  0.22440040  0.21818438  0.20590694  0.24980058  0.15873955  0.17025234  0.17025234  0.19984383  0.24980058  0.24336827  0.19984383  0.19984383  0.24980058  0.28282923  0.31740246  0.31740246  0.23066911  0.22440040  0.25628934  0.18786476  0.18786476  0.18194722  0.26944022  
4_2_0      0.11440134  0.15304969  0.15304969  0.12523915  0.05251253  0.00000000  0.00000000  0.09843678  0.12523915  0.14740327  0.14740327  0.23066911  0.22440040  0.22440040  0.21818438  0.20590694  0.24980058  0.15873955  0.17025234  0.17025234  0.19984383  0.24980058  0.24336827  0.19984383  0.19984383  0.24980058  0.28282923  0.31740246  0.31740246  0.23066911  0.22440040  0.25628934  0.18786476  0.18786476  0.18194722  0.26944022  
32_2_0     0.14179964  0.18194722  0.18194722  0.15304969  0.07257205  0.09843678  0.09843678  0.00000000  0.14179964  0.16447354  0.16447354  0.24336827  0.23699143  0.22440040  0.21818438  0.21818438  0.24980058  0.19984383  0.21818438  0.21818438  0.24980058  0.26283554  0.25628934  0.21818438  0.21818438  0.26944022  0.28961576  0.30337860  0.30337860  0.22440040  0.24336827  0.28961576  0.21818438  0.21818438  0.21202018  0.31035728  
33_1_0     0.05747663  0.09843678  0.09843678  0.07767312  0.07767312  0.12523915  0.12523915  0.14179964  0.00000000  0.01866683  0.01866683  0.19383004  0.18786476  0.17607666  0.17025234  0.18786476  0.19984383  0.09319095  0.13623817  0.13623817  0.15873955  0.20590694  0.19984383  0.13623817  0.13623817  0.16447354  0.19383004  0.24336827  0.24336827  0.17025234  0.16447354  0.20590694  0.11440134  0.11440134  0.11980039  0.22440040  
17_1_0     0.07767312  0.11980039  0.11980039  0.09843678  0.08798207  0.14740327  0.14740327  0.16447354  0.01866683  0.00000000  0.00000000  0.20590694  0.19984383  0.18786476  0.18194722  0.19984383  0.21202018  0.09319095  0.13623817  0.13623817  0.15873955  0.21202018  0.19383004  0.13071821  0.13071821  0.15873955  0.18786476  0.23699143  0.23699143  0.16447354  0.15873955  0.18786476  0.10904143  0.10904143  0.11440134  0.23066911  
4_1_0      0.07767312  0.11980039  0.11980039  0.09843678  0.08798207  0.14740327  0.14740327  0.16447354  0.01866683  0.00000000  0.00000000  0.20590694  0.19984383  0.18786476  0.18194722  0.19984383  0.21202018  0.09319095  0.13623817  0.13623817  0.15873955  0.21202018  0.19383004  0.13071821  0.13071821  0.15873955  0.18786476  0.23699143  0.23699143  0.16447354  0.15873955  0.18786476  0.10904143  0.10904143  0.11440134  0.23066911  
9_0_0      0.17025234  0.19383004  0.19383004  0.18786476  0.21202018  0.23066911  0.23066911  0.24336827  0.19383004  0.20590694  0.20590694  0.00000000  0.02340811  0.02340811  0.01866683  0.03298286  0.05251253  0.20590694  0.19984383  0.19984383  0.21818438  0.32451541  0.32451541  0.23699143  0.23066911  0.28282923  0.30337860  0.33894993  0.33894993  0.28961576  0.28282923  0.31035728  0.23066911  0.21818438  0.22440040  0.30337860  
11_0_0     0.17607666  0.22440040  0.22440040  0.19383004  0.20590694  0.22440040  0.22440040  0.23699143  0.18786476  0.19984383  0.19984383  0.02340811  0.00000000  0.02817999  0.02340811  0.04758155  0.05747663  0.21202018  0.20590694  0.20590694  0.22440040  0.33169745  0.33169745  0.24336827  0.23699143  0.28961576  0.31035728  0.35367185  0.35367185  0.29646516  0.28961576  0.30337860  0.22440040  0.21202018  0.21818438  0.32451541  
55_0_0     0.16447354  0.19984383  0.19984383  0.18194722  0.19383004  0.22440040  0.22440040  0.22440040  0.17607666  0.18786476  0.18786476  0.02340811  0.02817999  0.00000000  0.00462271  0.02817999  0.04758155  0.19984383  0.19383004  0.19383004  0.21202018  0.31740246  0.31740246  0.23066911  0.22440040  0.27610442  0.29646516  0.33894993  0.33894993  0.28282923  0.27610442  0.27610442  0.21202018  0.19984383  0.20590694  0.29646516  
40_0_0     0.15873955  0.19383004  0.19383004  0.17607666  0.18786476  0.21818438  0.21818438  0.21818438  0.17025234  0.18194722  0.18194722  0.01866683  0.02340811  0.00462271  0.00000000  0.02340811  0.04268322  0.19383004  0.18786476  0.18786476  0.20590694  0.31035728  0.31035728  0.22440040  0.21818438  0.26944022  0.28961576  0.33169745  0.33169745  0.27610442  0.26944022  0.28282923  0.20590694  0.19383004  0.19984383  0.30337860  
52_0_0     0.16447354  0.18786476  0.18786476  0.18194722  0.18786476  0.20590694  0.20590694  0.21818438  0.18786476  0.19984383  0.19984383  0.03298286  0.04758155  0.02817999  0.02340811  0.00000000  0.06750592  0.17607666  0.19383004  0.19383004  0.21202018  0.30337860  0.30337860  0.24336827  0.23699143  0.28961576  0.31035728  0.33169745  0.33169745  0.29646516  0.28961576  0.30337860  0.22440040  0.22440040  0.20590694  0.31035728  
39_0_0     0.19984383  0.23699143  0.23699143  0.21818438  0.21818438  0.24980058  0.24980058  0.24980058  0.19984383  0.21202018  0.21202018  0.05251253  0.05747663  0.04758155  0.04268322  0.06750592  0.00000000  0.22440040  0.23066911  0.23066911  0.24980058  0.34627425  0.34627425  0.26944022  0.26283554  0.31740246  0.33894993  0.36869285  0.36869285  0.31035728  0.31740246  0.33169745  0.24980058  0.23699143  0.25628934  0.32451541  
26_0_0     0.11980039  0.14179964  0.14179964  0.13623817  0.11980039  0.15873955  0.15873955  0.19984383  0.09319095  0.09319095  0.09319095  0.20590694  0.21202018  0.19984383  0.19383004  0.17607666  0.22440040  0.00000000  0.04758155  0.04758155  0.06750592  0.15304969  0.14740327  0.08798207  0.09319095  0.12523915  0.15304969  0.19383004  0.19383004  0.13071821  0.12523915  0.15873955  0.04758155  0.04758155  0.04268322  0.17025234  
13_0_0     0.14179964  0.16447354  0.16447354  0.14740327  0.15304969  0.17025234  0.17025234  0.21818438  0.13623817  0.13623817  0.13623817  0.19984383  0.20590694  0.19383004  0.18786476  0.19383004  0.23066911  0.04758155  0.00000000  0.00927451  0.03298286  0.17607666  0.15873955  0.09843678  0.10372010  0.13071821  0.15304969  0.18786476  0.18786476  0.15304969  0.13623817  0.13623817  0.06750592  0.05747663  0.06247427  0.18194722  
24_0_0     0.14179964  0.16447354  0.16447354  0.14740327  0.15304969  0.17025234  0.17025234  0.21818438  0.13623817  0.13623817  0.13623817  0.19984383  0.20590694  0.19383004  0.18786476  0.19383004  0.23066911  0.04758155  0.00927451  0.00000000  0.03298286  0.17607666  0.15873955  0.09843678  0.10372010  0.13623817  0.15873955  0.19984383  0.19984383  0.15304969  0.13623817  0.13623817  0.06750592  0.05747663  0.06247427  0.19383004  
51_0_0     0.17025234  0.17607666  0.17607666  0.17607666  0.18194722  0.19984383  0.19984383  0.24980058  0.15873955  0.15873955  0.15873955  0.21818438  0.22440040  0.21202018  0.20590694  0.21202018  0.24980058  0.06750592  0.03298286  0.03298286  0.00000000  0.18194722  0.17025234  0.11980039  0.12523915  0.15873955  0.18194722  0.21202018  0.21202018  0.17607666  0.15873955  0.15304969  0.07257205  0.07257205  0.07767312  0.21202018  
10_0_0     0.24336827  0.21818438  0.21818438  0.23699143  0.21818438  0.24980058  0.24980058  0.26283554  0.20590694  0.21202018  0.21202018  0.32451541  0.33169745  0.31740246  0.31035728  0.30337860  0.34627425  0.15304969  0.17607666  0.17607666  0.18194722  0.00000000  0.02340811  0.11440134  0.11980039  0.14740327  0.16447354  0.19984383  0.19984383  0.15304969  0.14740327  0.18194722  0.15304969  0.15304969  0.14740327  0.25628934  
16_0_0     0.22440040  0.21202018  0.21202018  0.21818438  0.21202018  0.24336827  0.24336827  0.25628934  0.19984383  0.19383004  0.19383004  0.32451541  0.33169745  0.31740246  0.31035728  0.30337860  0.34627425  0.14740327  0.15873955  0.15873955  0.17025234  0.02340811  0.00000000  0.09843678  0.10372010  0.13071821  0.14740327  0.18194722  0.18194722  0.13623817  0.13071821  0.15304969  0.14740327  0.14740327  0.14179964  0.23699143  
31_0_0     0.15304969  0.18786476  0.18786476  0.17025234  0.15873955  0.19984383  0.19984383  0.21818438  0.13623817  0.13071821  0.13071821  0.23699143  0.24336827  0.23066911  0.22440040  0.24336827  0.26944022  0.08798207  0.09843678  0.09843678  0.11980039  0.11440134  0.09843678  0.00000000  0.00462271  0.06750592  0.09319095  0.13623817  0.13623817  0.07257205  0.05747663  0.12523915  0.05747663  0.05747663  0.06247427  0.20590694  
37_0_0     0.15304969  0.18786476  0.18786476  0.17607666  0.15873955  0.19984383  0.19984383  0.21818438  0.13623817  0.13071821  0.13071821  0.23066911  0.23699143  0.22440040  0.21818438  0.23699143  0.26283554  0.09319095  0.10372010  0.10372010  0.12523915  0.11980039  0.10372010  0.00462271  0.00000000  0.07257205  0.09843678  0.14179964  0.14179964  0.07767312  0.06247427  0.11980039  0.06247427  0.06247427  0.06750592  0.21202018  
49_0_0     0.18194722  0.23066911  0.23066911  0.19984383  0.20590694  0.24980058  0.24980058  0.26944022  0.16447354  0.15873955  0.15873955  0.28282923  0.28961576  0.27610442  0.26944022  0.28961576  0.31740246  0.12523915  0.13071821  0.13623817  0.15873955  0.14740327  0.13071821  0.06750592  0.07257205  0.00000000  0.02340811  0.09843678  0.09843678  0.04268322  0.02817999  0.15873955  0.09319095  0.09319095  0.09843678  0.23066911  
34_0_0     0.21202018  0.24980058  0.24980058  0.21818438  0.23699143  0.28282923  0.28282923  0.28961576  0.19383004  0.18786476  0.18786476  0.30337860  0.31035728  0.29646516  0.28961576  0.31035728  0.33894993  0.15304969  0.15304969  0.15873955  0.18194722  0.16447354  0.14740327  0.09319095  0.09843678  0.02340811  0.00000000  0.09843678  0.09843678  0.05747663  0.04268322  0.17607666  0.11980039  0.11980039  0.12523915  0.24980058  
22_0_0     0.26944022  0.31035728  0.31035728  0.27610442  0.26944022  0.31740246  0.31740246  0.30337860  0.24336827  0.23699143  0.23699143  0.33894993  0.35367185  0.33894993  0.33169745  0.33169745  0.36869285  0.19383004  0.18786476  0.19984383  0.21202018  0.19984383  0.18194722  0.13623817  0.14179964  0.09843678  0.09843678  0.00000000  0.00000000  0.09319095  0.08798207  0.20590694  0.17607666  0.17607666  0.18194722  0.26944022  
54_0_0     0.26944022  0.31035728  0.31035728  0.27610442  0.26944022  0.31740246  0.31740246  0.30337860  0.24336827  0.23699143  0.23699143  0.33894993  0.35367185  0.33894993  0.33169745  0.33169745  0.36869285  0.19383004  0.18786476  0.19984383  0.21202018  0.19984383  0.18194722  0.13623817  0.14179964  0.09843678  0.09843678  0.00000000  0.00000000  0.09319095  0.08798207  0.20590694  0.17607666  0.17607666  0.18194722  0.26944022  
43_0_0     0.18786476  0.22440040  0.22440040  0.20590694  0.19984383  0.23066911  0.23066911  0.22440040  0.17025234  0.16447354  0.16447354  0.28961576  0.29646516  0.28282923  0.27610442  0.29646516  0.31035728  0.13071821  0.15304969  0.15304969  0.17607666  0.15304969  0.13623817  0.07257205  0.07767312  0.04268322  0.05747663  0.09319095  0.09319095  0.00000000  0.01395576  0.17025234  0.10904143  0.10904143  0.10372010  0.21818438  
41_0_0     0.18194722  0.23066911  0.23066911  0.19984383  0.20590694  0.22440040  0.22440040  0.24336827  0.16447354  0.15873955  0.15873955  0.28282923  0.28961576  0.27610442  0.26944022  0.28961576  0.31740246  0.12523915  0.13623817  0.13623817  0.15873955  0.14740327  0.13071821  0.05747663  0.06247427  0.02817999  0.04268322  0.08798207  0.08798207  0.01395576  0.00000000  0.15304969  0.09319095  0.09319095  0.09843678  0.22440040  
48_0_0     0.22440040  0.24980058  0.24980058  0.22440040  0.23699143  0.25628934  0.25628934  0.28961576  0.20590694  0.18786476  0.18786476  0.31035728  0.30337860  0.27610442  0.28282923  0.30337860  0.33169745  0.15873955  0.13623817  0.13623817  0.15304969  0.18194722  0.15304969  0.12523915  0.11980039  0.15873955  0.17607666  0.20590694  0.20590694  0.17025234  0.15304969  0.00000000  0.12523915  0.13623817  0.14179964  0.21818438  
23_0_0     0.14179964  0.16447354  0.16447354  0.15873955  0.14740327  0.18786476  0.18786476  0.21818438  0.11440134  0.10904143  0.10904143  0.23066911  0.22440040  0.21202018  0.20590694  0.22440040  0.24980058  0.04758155  0.06750592  0.06750592  0.07257205  0.15304969  0.14740327  0.05747663  0.06247427  0.09319095  0.11980039  0.17607666  0.17607666  0.10904143  0.09319095  0.12523915  0.00000000  0.00927451  0.02340811  0.16447354  
46_0_0     0.14179964  0.17607666  0.17607666  0.15873955  0.14740327  0.18786476  0.18786476  0.21818438  0.11440134  0.10904143  0.10904143  0.21818438  0.21202018  0.19984383  0.19383004  0.22440040  0.23699143  0.04758155  0.05747663  0.05747663  0.07257205  0.15304969  0.14740327  0.05747663  0.06247427  0.09319095  0.11980039  0.17607666  0.17607666  0.10904143  0.09319095  0.13623817  0.00927451  0.00000000  0.02340811  0.17025234  
35_0_0     0.14740327  0.15873955  0.15873955  0.16447354  0.15304969  0.18194722  0.18194722  0.21202018  0.11980039  0.11440134  0.11440134  0.22440040  0.21818438  0.20590694  0.19984383  0.20590694  0.25628934  0.04268322  0.06247427  0.06247427  0.07767312  0.14740327  0.14179964  0.06247427  0.06750592  0.09843678  0.12523915  0.18194722  0.18194722  0.10372010  0.09843678  0.14179964  0.02340811  0.02340811  0.00000000  0.16447354  
2_0_0      0.24336827  0.23699143  0.23699143  0.23699143  0.26283554  0.26944022  0.26944022  0.31035728  0.22440040  0.23066911  0.23066911  0.30337860  0.32451541  0.29646516  0.30337860  0.31035728  0.32451541  0.17025234  0.18194722  0.19383004  0.21202018  0.25628934  0.23699143  0.20590694  0.21202018  0.23066911  0.24980058  0.26944022  0.26944022  0.21818438  0.22440040  0.21818438  0.16447354  0.17025234  0.16447354  0.00000000  

