20
2_0_0      0.00000000  0.01132148  0.22067125  0.74726074  0.73210972  0.71726046  0.81114529  0.76272605  0.74726074  0.71726046  0.84526495  0.74726074  0.70270119  0.71726046  0.71726046  0.68842080  0.57089053  0.59545404  0.62085447  0.60804609  
1_0_0      0.01132148  0.00000000  0.20571616  0.71726046  0.70270119  0.68842080  0.77851897  0.73210972  0.71726046  0.71726046  0.81114529  0.74726074  0.70270119  0.71726046  0.71726046  0.68842080  0.54711055  0.59545404  0.59545404  0.58307113  
3_0_0      0.22067125  0.20571616  0.00000000  0.70270119  0.73210972  0.64715088  0.73210972  0.67440879  0.66065527  0.71726046  0.70270119  0.67440879  0.68842080  0.70270119  0.71726046  0.60804609  0.60804609  0.59545404  0.58307113  0.54711055  
8_0_0      0.74726074  0.71726046  0.70270119  0.00000000  0.07686304  0.04040097  0.12843047  0.09578533  0.09578533  0.16959046  0.10220101  0.81114529  0.77851897  0.82800995  0.82800995  0.84526495  0.68842080  0.79465367  0.73210972  0.70270119  
20_0_0     0.73210972  0.70270119  0.73210972  0.07686304  0.00000000  0.07066084  0.16257073  0.14189956  0.14189956  0.20571616  0.14872647  0.81114529  0.77851897  0.81114529  0.82800995  0.82800995  0.66065527  0.81114529  0.73210972  0.68842080  
15_0_0     0.71726046  0.68842080  0.64715088  0.04040097  0.07066084  0.00000000  0.12178609  0.10220101  0.10220101  0.16257073  0.10867237  0.79465367  0.76272605  0.81114529  0.81114529  0.82800995  0.67440879  0.77851897  0.71726046  0.68842080  
9_0_0      0.81114529  0.77851897  0.73210972  0.12843047  0.16257073  0.12178609  0.00000000  0.14189956  0.12178609  0.15561646  0.14872647  0.74726074  0.70270119  0.71726046  0.73210972  0.74726074  0.68842080  0.79465367  0.76272605  0.73210972  
16_0_0     0.76272605  0.73210972  0.67440879  0.09578533  0.14189956  0.10220101  0.14189956  0.00000000  0.07066084  0.14189956  0.10220101  0.81114529  0.77851897  0.82800995  0.82800995  0.77851897  0.67440879  0.73210972  0.71726046  0.71726046  
7_0_0      0.74726074  0.71726046  0.66065527  0.09578533  0.14189956  0.10220101  0.12178609  0.07066084  0.00000000  0.09578533  0.10220101  0.76272605  0.73210972  0.76272605  0.73210972  0.73210972  0.63388675  0.73210972  0.70270119  0.70270119  
18_0_0     0.71726046  0.71726046  0.71726046  0.16959046  0.20571616  0.16257073  0.15561646  0.14189956  0.09578533  0.00000000  0.15561646  0.74726074  0.74726074  0.74726074  0.71726046  0.76272605  0.59545404  0.63388675  0.63388675  0.66065527  
19_0_0     0.84526495  0.81114529  0.70270119  0.10220101  0.14872647  0.10867237  0.14872647  0.10220101  0.10220101  0.15561646  0.00000000  0.77851897  0.74726074  0.82800995  0.82800995  0.82800995  0.66065527  0.70270119  0.68842080  0.67440879  
6_0_0      0.74726074  0.74726074  0.67440879  0.81114529  0.81114529  0.79465367  0.74726074  0.81114529  0.76272605  0.74726074  0.77851897  0.00000000  0.03449363  0.08311726  0.06450982  0.14872647  0.59545404  0.63388675  0.71726046  0.70270119  
11_0_0     0.70270119  0.70270119  0.68842080  0.77851897  0.77851897  0.76272605  0.70270119  0.77851897  0.73210972  0.74726074  0.74726074  0.03449363  0.00000000  0.08311726  0.07686304  0.14872647  0.58307113  0.62085447  0.70270119  0.66065527  
17_0_0     0.71726046  0.71726046  0.70270119  0.82800995  0.81114529  0.81114529  0.71726046  0.82800995  0.76272605  0.74726074  0.82800995  0.08311726  0.08311726  0.00000000  0.02863272  0.18383139  0.52406565  0.60804609  0.66065527  0.60804609  
14_0_0     0.71726046  0.71726046  0.71726046  0.82800995  0.82800995  0.81114529  0.73210972  0.82800995  0.73210972  0.71726046  0.82800995  0.06450982  0.07686304  0.02863272  0.00000000  0.18383139  0.51280493  0.57089053  0.64715088  0.60804609  
5_0_0      0.68842080  0.68842080  0.60804609  0.84526495  0.82800995  0.82800995  0.74726074  0.77851897  0.73210972  0.76272605  0.82800995  0.14872647  0.14872647  0.18383139  0.18383139  0.00000000  0.58307113  0.52406565  0.60804609  0.59545404  
4_0_0      0.57089053  0.54711055  0.60804609  0.68842080  0.66065527  0.67440879  0.68842080  0.67440879  0.63388675  0.59545404  0.66065527  0.59545404  0.58307113  0.52406565  0.51280493  0.58307113  0.00000000  0.10220101  0.10867237  0.11520040  
13_0_0     0.59545404  0.59545404  0.59545404  0.79465367  0.81114529  0.77851897  0.79465367  0.73210972  0.73210972  0.63388675  0.70270119  0.63388675  0.62085447  0.60804609  0.57089053  0.52406565  0.10220101  0.00000000  0.07686304  0.09578533  
10_0_0     0.62085447  0.59545404  0.58307113  0.73210972  0.73210972  0.71726046  0.76272605  0.71726046  0.70270119  0.63388675  0.68842080  0.71726046  0.70270119  0.66065527  0.64715088  0.60804609  0.10867237  0.07686304  0.00000000  0.04040097  
12_0_0     0.60804609  0.58307113  0.54711055  0.70270119  0.68842080  0.68842080  0.73210972  0.71726046  0.70270119  0.66065527  0.67440879  0.70270119  0.66065527  0.60804609  0.60804609  0.59545404  0.11520040  0.09578533  0.04040097  0.00000000  

