43
18_3_0     0.00000000  0.04992838  0.02811536  0.02811536  0.03531492  0.11952787  0.16123484  0.10348381  0.09559079  0.70813211  0.72637019  0.72637019  0.72637019  0.67295564  0.63938082  0.34550508  0.36787606  0.36787606  0.40275871  0.40275871  0.36787606  0.36787606  0.37932127  0.37932127  0.46483385  0.40275871  0.40275871  0.45199380  0.32379274  0.34550508  0.40275871  0.39094689  0.41476279  0.45199380  0.53261786  0.60726814  0.57649555  0.40275871  0.42696548  0.39094689  0.40275871  0.40275871  0.39094689  
14_3_0     0.04992838  0.00000000  0.06483725  0.06483725  0.07240625  0.14426800  0.18744021  0.11952787  0.11146221  0.72637019  0.74507074  0.74507074  0.74507074  0.69033417  0.65597719  0.35660575  0.40275871  0.40275871  0.40275871  0.40275871  0.39094689  0.39094689  0.36787606  0.36787606  0.46483385  0.40275871  0.40275871  0.42696548  0.32379274  0.36787606  0.40275871  0.39094689  0.41476279  0.40275871  0.53261786  0.59172136  0.59172136  0.40275871  0.42696548  0.41476279  0.42696548  0.42696548  0.41476279  
17_8_0     0.02811536  0.06483725  0.00000000  0.00000000  0.00692900  0.13592874  0.16123484  0.10348381  0.09559079  0.69033417  0.70813211  0.70813211  0.70813211  0.69033417  0.67295564  0.36787606  0.37932127  0.37932127  0.41476279  0.41476279  0.37932127  0.37932127  0.39094689  0.39094689  0.47790141  0.41476279  0.41476279  0.45199380  0.32379274  0.33456901  0.39094689  0.37932127  0.40275871  0.43937348  0.54695565  0.62314972  0.59172136  0.37932127  0.40275871  0.39094689  0.40275871  0.39094689  0.40275871  
17_3_0     0.02811536  0.06483725  0.00000000  0.00000000  0.00692900  0.13592874  0.16123484  0.10348381  0.09559079  0.69033417  0.70813211  0.70813211  0.70813211  0.69033417  0.67295564  0.36787606  0.37932127  0.37932127  0.41476279  0.41476279  0.37932127  0.37932127  0.39094689  0.39094689  0.47790141  0.41476279  0.41476279  0.45199380  0.32379274  0.33456901  0.39094689  0.37932127  0.40275871  0.43937348  0.54695565  0.62314972  0.59172136  0.37932127  0.40275871  0.39094689  0.40275871  0.39094689  0.40275871  
15_3_0     0.03531492  0.07240625  0.00692900  0.00692900  0.00000000  0.14426800  0.16986692  0.11146221  0.10348381  0.70813211  0.72637019  0.72637019  0.72637019  0.70813211  0.69033417  0.37932127  0.39094689  0.39094689  0.42696548  0.42696548  0.39094689  0.39094689  0.40275871  0.40275871  0.47790141  0.42696548  0.42696548  0.46483385  0.33456901  0.34550508  0.40275871  0.39094689  0.41476279  0.43937348  0.56157771  0.63938082  0.60726814  0.39094689  0.41476279  0.40275871  0.41476279  0.40275871  0.41476279  
16_3_0     0.11952787  0.14426800  0.13592874  0.13592874  0.14426800  0.00000000  0.12768272  0.11952787  0.11146221  0.70813211  0.72637019  0.72637019  0.72637019  0.67295564  0.63938082  0.37932127  0.40275871  0.40275871  0.45199380  0.49120468  0.45199380  0.45199380  0.43937348  0.43937348  0.47790141  0.41476279  0.41476279  0.46483385  0.37932127  0.39094689  0.39094689  0.37932127  0.43937348  0.42696548  0.49120468  0.56157771  0.51855350  0.32379274  0.36787606  0.37932127  0.36787606  0.36787606  0.35660575  
20_3_0     0.16123484  0.18744021  0.16123484  0.16123484  0.16986692  0.12768272  0.00000000  0.11952787  0.12768272  0.69033417  0.70813211  0.70813211  0.74507074  0.74507074  0.70813211  0.43937348  0.42696548  0.42696548  0.45199380  0.42696548  0.42696548  0.42696548  0.43937348  0.43937348  0.45199380  0.42696548  0.42696548  0.46483385  0.36787606  0.41476279  0.40275871  0.41476279  0.43937348  0.43937348  0.67295564  0.63938082  0.63938082  0.42696548  0.45199380  0.43937348  0.45199380  0.42696548  0.43937348  
19_3_0     0.10348381  0.11952787  0.10348381  0.10348381  0.11146221  0.11952787  0.11952787  0.00000000  0.01392371  0.67295564  0.69033417  0.69033417  0.69033417  0.67295564  0.63938082  0.35660575  0.40275871  0.40275871  0.40275871  0.39094689  0.37932127  0.37932127  0.41476279  0.41476279  0.45199380  0.36787606  0.36787606  0.49120468  0.34550508  0.40275871  0.41476279  0.40275871  0.42696548  0.45199380  0.57649555  0.62314972  0.59172136  0.42696548  0.46483385  0.46483385  0.45199380  0.42696548  0.43937348  
13_3_0     0.09559079  0.11146221  0.09559079  0.09559079  0.10348381  0.11146221  0.12768272  0.01392371  0.00000000  0.70813211  0.72637019  0.72637019  0.72637019  0.70813211  0.67295564  0.37932127  0.41476279  0.41476279  0.42696548  0.41476279  0.39094689  0.39094689  0.42696548  0.42696548  0.47790141  0.39094689  0.39094689  0.47790141  0.35660575  0.39094689  0.42696548  0.41476279  0.43937348  0.46483385  0.57649555  0.62314972  0.59172136  0.41476279  0.45199380  0.45199380  0.43937348  0.41476279  0.42696548  
18_0_0     0.70813211  0.72637019  0.69033417  0.69033417  0.70813211  0.70813211  0.69033417  0.67295564  0.70813211  0.00000000  0.00692900  0.00692900  0.02098540  0.04258545  0.04258545  0.45199380  0.42696548  0.42696548  0.40275871  0.39094689  0.45199380  0.45199380  0.43937348  0.43937348  0.36787606  0.43937348  0.43937348  0.40275871  0.49120468  0.51855350  0.54695565  0.56157771  0.53261786  0.54695565  0.69033417  0.69033417  0.69033417  0.56157771  0.50475233  0.54695565  0.54695565  0.51855350  0.53261786  
14_10_0    0.72637019  0.74507074  0.70813211  0.70813211  0.72637019  0.72637019  0.70813211  0.69033417  0.72637019  0.00692900  0.00000000  0.00000000  0.01392371  0.04992838  0.04992838  0.46483385  0.43937348  0.43937348  0.41476279  0.40275871  0.46483385  0.46483385  0.45199380  0.45199380  0.37932127  0.45199380  0.45199380  0.41476279  0.47790141  0.50475233  0.53261786  0.54695565  0.51855350  0.56157771  0.70813211  0.70813211  0.70813211  0.54695565  0.49120468  0.53261786  0.53261786  0.50475233  0.51855350  
14_0_0     0.72637019  0.74507074  0.70813211  0.70813211  0.72637019  0.72637019  0.70813211  0.69033417  0.72637019  0.00692900  0.00000000  0.00000000  0.01392371  0.04992838  0.04992838  0.46483385  0.43937348  0.43937348  0.41476279  0.40275871  0.46483385  0.46483385  0.45199380  0.45199380  0.37932127  0.45199380  0.45199380  0.41476279  0.47790141  0.50475233  0.53261786  0.54695565  0.51855350  0.56157771  0.70813211  0.70813211  0.70813211  0.54695565  0.49120468  0.53261786  0.53261786  0.50475233  0.51855350  
14_9_0     0.72637019  0.74507074  0.70813211  0.70813211  0.72637019  0.72637019  0.74507074  0.69033417  0.72637019  0.02098540  0.01392371  0.01392371  0.00000000  0.06483725  0.06483725  0.46483385  0.43937348  0.43937348  0.43937348  0.42696548  0.49120468  0.49120468  0.47790141  0.47790141  0.40275871  0.45199380  0.45199380  0.43937348  0.47790141  0.50475233  0.56157771  0.54695565  0.54695565  0.57649555  0.70813211  0.74507074  0.74507074  0.57649555  0.51855350  0.56157771  0.56157771  0.53261786  0.54695565  
17_0_0     0.67295564  0.69033417  0.69033417  0.69033417  0.70813211  0.67295564  0.74507074  0.67295564  0.70813211  0.04258545  0.04992838  0.04992838  0.06483725  0.00000000  0.01392371  0.42696548  0.43937348  0.43937348  0.41476279  0.37932127  0.46483385  0.46483385  0.45199380  0.45199380  0.37932127  0.42696548  0.42696548  0.41476279  0.51855350  0.57649555  0.49120468  0.50475233  0.47790141  0.59172136  0.62314972  0.69033417  0.63938082  0.56157771  0.50475233  0.46483385  0.46483385  0.49120468  0.47790141  
15_0_0     0.63938082  0.65597719  0.67295564  0.67295564  0.69033417  0.63938082  0.70813211  0.63938082  0.67295564  0.04258545  0.04992838  0.04992838  0.06483725  0.01392371  0.00000000  0.40275871  0.41476279  0.41476279  0.39094689  0.35660575  0.43937348  0.43937348  0.42696548  0.42696548  0.35660575  0.40275871  0.40275871  0.41476279  0.51855350  0.54695565  0.50475233  0.51855350  0.49120468  0.59172136  0.63938082  0.70813211  0.65597719  0.56157771  0.53261786  0.49120468  0.49120468  0.49120468  0.47790141  
14_4_0     0.34550508  0.35660575  0.36787606  0.36787606  0.37932127  0.37932127  0.43937348  0.35660575  0.37932127  0.45199380  0.46483385  0.46483385  0.46483385  0.42696548  0.40275871  0.00000000  0.07240625  0.07240625  0.11952787  0.16123484  0.13592874  0.13592874  0.16123484  0.16123484  0.13592874  0.12768272  0.12768272  0.16986692  0.32379274  0.41476279  0.43937348  0.42696548  0.46483385  0.46483385  0.47790141  0.54695565  0.56157771  0.40275871  0.45199380  0.39094689  0.40275871  0.39094689  0.37932127  
15_4_0     0.36787606  0.40275871  0.37932127  0.37932127  0.39094689  0.40275871  0.42696548  0.40275871  0.41476279  0.42696548  0.43937348  0.43937348  0.43937348  0.43937348  0.41476279  0.07240625  0.00000000  0.00000000  0.13592874  0.17860123  0.16123484  0.16123484  0.18744021  0.18744021  0.17860123  0.16123484  0.16123484  0.16986692  0.35660575  0.37932127  0.40275871  0.39094689  0.42696548  0.43937348  0.47790141  0.51855350  0.51855350  0.36787606  0.36787606  0.39094689  0.40275871  0.35660575  0.35660575  
17_4_0     0.36787606  0.40275871  0.37932127  0.37932127  0.39094689  0.40275871  0.42696548  0.40275871  0.41476279  0.42696548  0.43937348  0.43937348  0.43937348  0.43937348  0.41476279  0.07240625  0.00000000  0.00000000  0.13592874  0.17860123  0.16123484  0.16123484  0.18744021  0.18744021  0.17860123  0.16123484  0.16123484  0.16986692  0.35660575  0.37932127  0.40275871  0.39094689  0.42696548  0.43937348  0.47790141  0.51855350  0.51855350  0.36787606  0.36787606  0.39094689  0.40275871  0.35660575  0.35660575  
16_4_0     0.40275871  0.40275871  0.41476279  0.41476279  0.42696548  0.45199380  0.45199380  0.40275871  0.42696548  0.40275871  0.41476279  0.41476279  0.43937348  0.41476279  0.39094689  0.11952787  0.13592874  0.13592874  0.00000000  0.08778135  0.08005373  0.08005373  0.09559079  0.09559079  0.13592874  0.09559079  0.09559079  0.11952787  0.35660575  0.40275871  0.42696548  0.43937348  0.47790141  0.49120468  0.49120468  0.56157771  0.56157771  0.34550508  0.34550508  0.34550508  0.35660575  0.31317166  0.31317166  
20_4_0     0.40275871  0.40275871  0.41476279  0.41476279  0.42696548  0.49120468  0.42696548  0.39094689  0.41476279  0.39094689  0.40275871  0.40275871  0.42696548  0.37932127  0.35660575  0.16123484  0.17860123  0.17860123  0.08778135  0.00000000  0.07240625  0.07240625  0.07240625  0.07240625  0.11146221  0.11146221  0.11146221  0.15270263  0.34550508  0.40275871  0.47790141  0.49120468  0.47790141  0.49120468  0.53261786  0.57649555  0.59172136  0.40275871  0.40275871  0.40275871  0.41476279  0.39094689  0.39094689  
13_6_0     0.36787606  0.39094689  0.37932127  0.37932127  0.39094689  0.45199380  0.42696548  0.37932127  0.39094689  0.45199380  0.46483385  0.46483385  0.49120468  0.46483385  0.43937348  0.13592874  0.16123484  0.16123484  0.08005373  0.07240625  0.00000000  0.00000000  0.04258545  0.04258545  0.12768272  0.11952787  0.11952787  0.13592874  0.37932127  0.37932127  0.50475233  0.51855350  0.50475233  0.47790141  0.53261786  0.57649555  0.62314972  0.41476279  0.43937348  0.39094689  0.40275871  0.37932127  0.37932127  
19_6_0     0.36787606  0.39094689  0.37932127  0.37932127  0.39094689  0.45199380  0.42696548  0.37932127  0.39094689  0.45199380  0.46483385  0.46483385  0.49120468  0.46483385  0.43937348  0.13592874  0.16123484  0.16123484  0.08005373  0.07240625  0.00000000  0.00000000  0.04258545  0.04258545  0.12768272  0.11952787  0.11952787  0.13592874  0.37932127  0.37932127  0.50475233  0.51855350  0.50475233  0.47790141  0.53261786  0.57649555  0.62314972  0.41476279  0.43937348  0.39094689  0.40275871  0.37932127  0.37932127  
19_4_0     0.37932127  0.36787606  0.39094689  0.39094689  0.40275871  0.43937348  0.43937348  0.41476279  0.42696548  0.43937348  0.45199380  0.45199380  0.47790141  0.45199380  0.42696548  0.16123484  0.18744021  0.18744021  0.09559079  0.07240625  0.04258545  0.04258545  0.00000000  0.00000000  0.12768272  0.11952787  0.11952787  0.13592874  0.35660575  0.35660575  0.50475233  0.51855350  0.50475233  0.45199380  0.53261786  0.57649555  0.62314972  0.36787606  0.39094689  0.39094689  0.40275871  0.37932127  0.37932127  
13_4_0     0.37932127  0.36787606  0.39094689  0.39094689  0.40275871  0.43937348  0.43937348  0.41476279  0.42696548  0.43937348  0.45199380  0.45199380  0.47790141  0.45199380  0.42696548  0.16123484  0.18744021  0.18744021  0.09559079  0.07240625  0.04258545  0.04258545  0.00000000  0.00000000  0.12768272  0.11952787  0.11952787  0.13592874  0.35660575  0.35660575  0.50475233  0.51855350  0.50475233  0.45199380  0.53261786  0.57649555  0.62314972  0.36787606  0.39094689  0.39094689  0.40275871  0.37932127  0.37932127  
16_5_0     0.46483385  0.46483385  0.47790141  0.47790141  0.47790141  0.47790141  0.45199380  0.45199380  0.47790141  0.36787606  0.37932127  0.37932127  0.40275871  0.37932127  0.35660575  0.13592874  0.17860123  0.17860123  0.13592874  0.11146221  0.12768272  0.12768272  0.12768272  0.12768272  0.00000000  0.11146221  0.11146221  0.12768272  0.36787606  0.37932127  0.47790141  0.49120468  0.50475233  0.46483385  0.51855350  0.57649555  0.62314972  0.42696548  0.42696548  0.42696548  0.43937348  0.42696548  0.42696548  
19_5_0     0.40275871  0.40275871  0.41476279  0.41476279  0.42696548  0.41476279  0.42696548  0.36787606  0.39094689  0.43937348  0.45199380  0.45199380  0.45199380  0.42696548  0.40275871  0.12768272  0.16123484  0.16123484  0.09559079  0.11146221  0.11952787  0.11952787  0.11952787  0.11952787  0.11146221  0.00000000  0.00000000  0.09559079  0.29237764  0.31317166  0.42696548  0.41476279  0.43937348  0.43937348  0.47790141  0.60726814  0.57649555  0.36787606  0.37932127  0.35660575  0.36787606  0.36787606  0.36787606  
13_5_0     0.40275871  0.40275871  0.41476279  0.41476279  0.42696548  0.41476279  0.42696548  0.36787606  0.39094689  0.43937348  0.45199380  0.45199380  0.45199380  0.42696548  0.40275871  0.12768272  0.16123484  0.16123484  0.09559079  0.11146221  0.11952787  0.11952787  0.11952787  0.11952787  0.11146221  0.00000000  0.00000000  0.09559079  0.29237764  0.31317166  0.42696548  0.41476279  0.43937348  0.43937348  0.47790141  0.60726814  0.57649555  0.36787606  0.37932127  0.35660575  0.36787606  0.36787606  0.36787606  
20_5_0     0.45199380  0.42696548  0.45199380  0.45199380  0.46483385  0.46483385  0.46483385  0.49120468  0.47790141  0.40275871  0.41476279  0.41476279  0.43937348  0.41476279  0.41476279  0.16986692  0.16986692  0.16986692  0.11952787  0.15270263  0.13592874  0.13592874  0.13592874  0.13592874  0.12768272  0.09559079  0.09559079  0.00000000  0.31317166  0.33456901  0.46483385  0.47790141  0.49120468  0.40275871  0.43937348  0.53261786  0.54695565  0.34550508  0.34550508  0.32379274  0.33456901  0.37932127  0.37932127  
7_1_0      0.32379274  0.32379274  0.32379274  0.32379274  0.33456901  0.37932127  0.36787606  0.34550508  0.35660575  0.49120468  0.47790141  0.47790141  0.47790141  0.51855350  0.51855350  0.32379274  0.35660575  0.35660575  0.35660575  0.34550508  0.37932127  0.37932127  0.35660575  0.35660575  0.36787606  0.29237764  0.29237764  0.31317166  0.00000000  0.20544247  0.28219642  0.27215385  0.28219642  0.32379274  0.39094689  0.50475233  0.51855350  0.31317166  0.33456901  0.29237764  0.30270137  0.33456901  0.34550508  
7_2_0      0.34550508  0.36787606  0.33456901  0.33456901  0.34550508  0.39094689  0.41476279  0.40275871  0.39094689  0.51855350  0.50475233  0.50475233  0.50475233  0.57649555  0.54695565  0.41476279  0.37932127  0.37932127  0.40275871  0.40275871  0.37932127  0.37932127  0.35660575  0.35660575  0.37932127  0.31317166  0.31317166  0.33456901  0.20544247  0.00000000  0.29237764  0.28219642  0.29237764  0.41476279  0.43937348  0.51855350  0.53261786  0.30270137  0.32379274  0.30270137  0.31317166  0.31317166  0.32379274  
6_1_0      0.40275871  0.40275871  0.39094689  0.39094689  0.40275871  0.39094689  0.40275871  0.41476279  0.42696548  0.54695565  0.53261786  0.53261786  0.56157771  0.49120468  0.50475233  0.43937348  0.40275871  0.40275871  0.42696548  0.47790141  0.50475233  0.50475233  0.50475233  0.50475233  0.47790141  0.42696548  0.42696548  0.46483385  0.28219642  0.29237764  0.00000000  0.00692900  0.03531492  0.39094689  0.45199380  0.49120468  0.46483385  0.30270137  0.30270137  0.30270137  0.31317166  0.29237764  0.30270137  
3_1_0      0.39094689  0.39094689  0.37932127  0.37932127  0.39094689  0.37932127  0.41476279  0.40275871  0.41476279  0.56157771  0.54695565  0.54695565  0.54695565  0.50475233  0.51855350  0.42696548  0.39094689  0.39094689  0.43937348  0.49120468  0.51855350  0.51855350  0.51855350  0.51855350  0.49120468  0.41476279  0.41476279  0.47790141  0.27215385  0.28219642  0.00692900  0.00000000  0.04258545  0.39094689  0.43937348  0.50475233  0.47790141  0.31317166  0.31317166  0.31317166  0.32379274  0.30270137  0.31317166  
9_1_0      0.41476279  0.41476279  0.40275871  0.40275871  0.41476279  0.43937348  0.43937348  0.42696548  0.43937348  0.53261786  0.51855350  0.51855350  0.54695565  0.47790141  0.49120468  0.46483385  0.42696548  0.42696548  0.47790141  0.47790141  0.50475233  0.50475233  0.50475233  0.50475233  0.50475233  0.43937348  0.43937348  0.49120468  0.28219642  0.29237764  0.03531492  0.04258545  0.00000000  0.45199380  0.46483385  0.50475233  0.46483385  0.34550508  0.32379274  0.32379274  0.33456901  0.31317166  0.32379274  
7_0_0      0.45199380  0.40275871  0.43937348  0.43937348  0.43937348  0.42696548  0.43937348  0.45199380  0.46483385  0.54695565  0.56157771  0.56157771  0.57649555  0.59172136  0.59172136  0.46483385  0.43937348  0.43937348  0.49120468  0.49120468  0.47790141  0.47790141  0.45199380  0.45199380  0.46483385  0.43937348  0.43937348  0.40275871  0.32379274  0.41476279  0.39094689  0.39094689  0.45199380  0.00000000  0.49120468  0.53261786  0.54695565  0.35660575  0.40275871  0.39094689  0.37932127  0.42696548  0.42696548  
9_0_0      0.53261786  0.53261786  0.54695565  0.54695565  0.56157771  0.49120468  0.67295564  0.57649555  0.57649555  0.69033417  0.70813211  0.70813211  0.70813211  0.62314972  0.63938082  0.47790141  0.47790141  0.47790141  0.49120468  0.53261786  0.53261786  0.53261786  0.53261786  0.53261786  0.51855350  0.47790141  0.47790141  0.43937348  0.39094689  0.43937348  0.45199380  0.43937348  0.46483385  0.49120468  0.00000000  0.11952787  0.11146221  0.32379274  0.35660575  0.30270137  0.29237764  0.33456901  0.33456901  
3_0_0      0.60726814  0.59172136  0.62314972  0.62314972  0.63938082  0.56157771  0.63938082  0.62314972  0.62314972  0.69033417  0.70813211  0.70813211  0.74507074  0.69033417  0.70813211  0.54695565  0.51855350  0.51855350  0.56157771  0.57649555  0.57649555  0.57649555  0.57649555  0.57649555  0.57649555  0.60726814  0.60726814  0.53261786  0.50475233  0.51855350  0.49120468  0.50475233  0.50475233  0.53261786  0.11952787  0.00000000  0.07240625  0.37932127  0.41476279  0.40275871  0.39094689  0.39094689  0.39094689  
6_0_0      0.57649555  0.59172136  0.59172136  0.59172136  0.60726814  0.51855350  0.63938082  0.59172136  0.59172136  0.69033417  0.70813211  0.70813211  0.74507074  0.63938082  0.65597719  0.56157771  0.51855350  0.51855350  0.56157771  0.59172136  0.62314972  0.62314972  0.62314972  0.62314972  0.62314972  0.57649555  0.57649555  0.54695565  0.51855350  0.53261786  0.46483385  0.47790141  0.46483385  0.54695565  0.11146221  0.07240625  0.00000000  0.36787606  0.36787606  0.34550508  0.33456901  0.34550508  0.34550508  
1_0_0      0.40275871  0.40275871  0.37932127  0.37932127  0.39094689  0.32379274  0.42696548  0.42696548  0.41476279  0.56157771  0.54695565  0.54695565  0.57649555  0.56157771  0.56157771  0.40275871  0.36787606  0.36787606  0.34550508  0.40275871  0.41476279  0.41476279  0.36787606  0.36787606  0.42696548  0.36787606  0.36787606  0.34550508  0.31317166  0.30270137  0.30270137  0.31317166  0.34550508  0.35660575  0.32379274  0.37932127  0.36787606  0.00000000  0.04258545  0.13592874  0.12768272  0.13592874  0.14426800  
8_0_0      0.42696548  0.42696548  0.40275871  0.40275871  0.41476279  0.36787606  0.45199380  0.46483385  0.45199380  0.50475233  0.49120468  0.49120468  0.51855350  0.50475233  0.53261786  0.45199380  0.36787606  0.36787606  0.34550508  0.40275871  0.43937348  0.43937348  0.39094689  0.39094689  0.42696548  0.37932127  0.37932127  0.34550508  0.33456901  0.32379274  0.30270137  0.31317166  0.32379274  0.40275871  0.35660575  0.41476279  0.36787606  0.04258545  0.00000000  0.11952787  0.11146221  0.10348381  0.11146221  
11_0_0     0.39094689  0.41476279  0.39094689  0.39094689  0.40275871  0.37932127  0.43937348  0.46483385  0.45199380  0.54695565  0.53261786  0.53261786  0.56157771  0.46483385  0.49120468  0.39094689  0.39094689  0.39094689  0.34550508  0.40275871  0.39094689  0.39094689  0.39094689  0.39094689  0.42696548  0.35660575  0.35660575  0.32379274  0.29237764  0.30270137  0.30270137  0.31317166  0.32379274  0.39094689  0.30270137  0.40275871  0.34550508  0.13592874  0.11952787  0.00000000  0.00692900  0.04258545  0.03531492  
4_0_0      0.40275871  0.42696548  0.40275871  0.40275871  0.41476279  0.36787606  0.45199380  0.45199380  0.43937348  0.54695565  0.53261786  0.53261786  0.56157771  0.46483385  0.49120468  0.40275871  0.40275871  0.40275871  0.35660575  0.41476279  0.40275871  0.40275871  0.40275871  0.40275871  0.43937348  0.36787606  0.36787606  0.33456901  0.30270137  0.31317166  0.31317166  0.32379274  0.33456901  0.37932127  0.29237764  0.39094689  0.33456901  0.12768272  0.11146221  0.00692900  0.00000000  0.03531492  0.02811536  
12_0_0     0.40275871  0.42696548  0.39094689  0.39094689  0.40275871  0.36787606  0.42696548  0.42696548  0.41476279  0.51855350  0.50475233  0.50475233  0.53261786  0.49120468  0.49120468  0.39094689  0.35660575  0.35660575  0.31317166  0.39094689  0.37932127  0.37932127  0.37932127  0.37932127  0.42696548  0.36787606  0.36787606  0.37932127  0.33456901  0.31317166  0.29237764  0.30270137  0.31317166  0.42696548  0.33456901  0.39094689  0.34550508  0.13592874  0.10348381  0.04258545  0.03531492  0.00000000  0.00692900  
2_0_0      0.39094689  0.41476279  0.40275871  0.40275871  0.41476279  0.35660575  0.43937348  0.43937348  0.42696548  0.53261786  0.51855350  0.51855350  0.54695565  0.47790141  0.47790141  0.37932127  0.35660575  0.35660575  0.31317166  0.39094689  0.37932127  0.37932127  0.37932127  0.37932127  0.42696548  0.36787606  0.36787606  0.37932127  0.34550508  0.32379274  0.30270137  0.31317166  0.32379274  0.42696548  0.33456901  0.39094689  0.34550508  0.14426800  0.11146221  0.03531492  0.02811536  0.00692900  0.00000000  

