20
18_0_0     0.00000000  0.02913185  0.18735000  0.28946636  0.29793111  0.29793111  0.49114117  0.54839965  0.50224732  0.50224732  0.53659166  0.51352099  0.57259045  0.53659166  0.57259045  0.56039718  0.50224732  0.58498593  0.57259045  0.58498593  
8_0_0      0.02913185  0.00000000  0.18735000  0.29793111  0.28946636  0.28946636  0.49114117  0.54839965  0.52496731  0.52496731  0.56039718  0.53659166  0.62345569  0.57259045  0.59759045  0.57259045  0.51352099  0.61041119  0.59759045  0.61041119  
19_0_0     0.18735000  0.18735000  0.00000000  0.32391621  0.32391621  0.32391621  0.57259045  0.56039718  0.52496731  0.52496731  0.53659166  0.51352099  0.57259045  0.52496731  0.63673189  0.57259045  0.52496731  0.54839965  0.53659166  0.54839965  
7_0_0      0.28946636  0.29793111  0.32391621  0.00000000  0.02321393  0.02321393  0.53659166  0.54839965  0.59759045  0.58498593  0.59759045  0.59759045  0.53659166  0.49114117  0.48019764  0.57259045  0.52496731  0.61041119  0.62345569  0.61041119  
13_0_0     0.29793111  0.28946636  0.32391621  0.02321393  0.00000000  0.00000000  0.53659166  0.54839965  0.59759045  0.57259045  0.58498593  0.58498593  0.56039718  0.51352099  0.50224732  0.58498593  0.54839965  0.65024819  0.66401342  0.65024819  
9_0_0      0.29793111  0.28946636  0.32391621  0.02321393  0.00000000  0.00000000  0.53659166  0.54839965  0.59759045  0.57259045  0.58498593  0.58498593  0.56039718  0.51352099  0.50224732  0.58498593  0.54839965  0.65024819  0.66401342  0.65024819  
11_0_0     0.49114117  0.49114117  0.57259045  0.53659166  0.53659166  0.53659166  0.00000000  0.03509699  0.16564192  0.13764506  0.14454657  0.14454657  0.53659166  0.46941203  0.45877984  0.42776170  0.46941203  0.53659166  0.54839965  0.53659166  
17_0_0     0.54839965  0.54839965  0.56039718  0.54839965  0.54839965  0.54839965  0.03509699  0.00000000  0.16564192  0.12403031  0.13080669  0.13080669  0.51352099  0.44829678  0.45877984  0.40777576  0.46941203  0.51352099  0.52496731  0.51352099  
5_0_0      0.50224732  0.52496731  0.52496731  0.59759045  0.59759045  0.59759045  0.16564192  0.16564192  0.00000000  0.05944536  0.05328350  0.05328350  0.49114117  0.45877984  0.48019764  0.51352099  0.51352099  0.52496731  0.51352099  0.52496731  
4_0_0      0.50224732  0.52496731  0.52496731  0.58498593  0.57259045  0.57259045  0.13764506  0.12403031  0.05944536  0.00000000  0.01734251  0.01734251  0.52496731  0.46941203  0.46941203  0.48019764  0.53659166  0.52496731  0.53659166  0.52496731  
12_0_0     0.53659166  0.56039718  0.53659166  0.59759045  0.58498593  0.58498593  0.14454657  0.13080669  0.05328350  0.01734251  0.00000000  0.01151685  0.51352099  0.45877984  0.48019764  0.46941203  0.52496731  0.52496731  0.53659166  0.52496731  
10_0_0     0.51352099  0.53659166  0.51352099  0.59759045  0.58498593  0.58498593  0.14454657  0.13080669  0.05328350  0.01734251  0.01151685  0.00000000  0.53659166  0.48019764  0.50224732  0.49114117  0.54839965  0.52496731  0.53659166  0.52496731  
14_0_0     0.57259045  0.62345569  0.57259045  0.53659166  0.56039718  0.56039718  0.53659166  0.51352099  0.49114117  0.52496731  0.51352099  0.53659166  0.00000000  0.13764506  0.18004370  0.31515375  0.42776170  0.45877984  0.44829678  0.45877984  
6_0_0      0.53659166  0.57259045  0.52496731  0.49114117  0.51352099  0.51352099  0.46941203  0.44829678  0.45877984  0.46941203  0.45877984  0.48019764  0.13764506  0.00000000  0.17280813  0.32391621  0.34175547  0.45877984  0.46941203  0.45877984  
15_0_0     0.57259045  0.59759045  0.63673189  0.48019764  0.50224732  0.50224732  0.45877984  0.45877984  0.48019764  0.46941203  0.48019764  0.50224732  0.18004370  0.17280813  0.00000000  0.33278262  0.42776170  0.46941203  0.48019764  0.46941203  
16_0_0     0.56039718  0.57259045  0.57259045  0.57259045  0.58498593  0.58498593  0.42776170  0.40777576  0.51352099  0.48019764  0.46941203  0.49114117  0.31515375  0.32391621  0.33278262  0.00000000  0.42776170  0.44829678  0.45877984  0.44829678  
20_0_0     0.50224732  0.51352099  0.52496731  0.52496731  0.54839965  0.54839965  0.46941203  0.46941203  0.51352099  0.53659166  0.52496731  0.54839965  0.42776170  0.34175547  0.42776170  0.42776170  0.00000000  0.45877984  0.46941203  0.45877984  
3_0_0      0.58498593  0.61041119  0.54839965  0.61041119  0.65024819  0.65024819  0.53659166  0.51352099  0.52496731  0.52496731  0.52496731  0.52496731  0.45877984  0.45877984  0.46941203  0.44829678  0.45877984  0.00000000  0.00573624  0.00000000  
2_0_0      0.57259045  0.59759045  0.53659166  0.62345569  0.66401342  0.66401342  0.54839965  0.52496731  0.51352099  0.53659166  0.53659166  0.53659166  0.44829678  0.46941203  0.48019764  0.45877984  0.46941203  0.00573624  0.00000000  0.00573624  
1_0_0      0.58498593  0.61041119  0.54839965  0.61041119  0.65024819  0.65024819  0.53659166  0.51352099  0.52496731  0.52496731  0.52496731  0.52496731  0.45877984  0.45877984  0.46941203  0.44829678  0.45877984  0.00000000  0.00573624  0.00000000  

