18
100_3_0    0.00000000  0.25643272  0.19915208  0.23134137  0.22316239  0.22316239  0.22316239  0.22316239  0.23134137  0.26498836  0.26498836  0.23961138  0.23134137  0.22316239  0.24797445  0.48349454  0.48349454  0.58213336  
100_0_0    0.25643272  0.00000000  0.14597244  0.22316239  0.23134137  0.21507245  0.23134137  0.23134137  0.22316239  0.26498836  0.27364366  0.26498836  0.25643272  0.23134137  0.16829940  0.36623912  0.42789444  0.54359346  
100_4_0    0.19915208  0.14597244  0.00000000  0.18356563  0.20706963  0.19131799  0.20706963  0.20706963  0.19915208  0.22316239  0.21507245  0.19131799  0.18356563  0.17589332  0.15334048  0.39642754  0.37616629  0.43868664  
98_0_0     0.23134137  0.22316239  0.18356563  0.00000000  0.03074792  0.03074792  0.03074792  0.03074792  0.03705317  0.04341238  0.03705317  0.03074792  0.02449571  0.00604865  0.21507245  0.42789444  0.49513177  0.50695414  
99_0_0     0.22316239  0.23134137  0.20706963  0.03074792  0.00000000  0.01214693  0.01214693  0.01214693  0.01829567  0.06282319  0.05629643  0.04982648  0.04341238  0.03705317  0.22316239  0.43868664  0.50695414  0.51896764  
94_0_0     0.22316239  0.21507245  0.19131799  0.03074792  0.01214693  0.00000000  0.01214693  0.01214693  0.01829567  0.06282319  0.05629643  0.04982648  0.04341238  0.03705317  0.20706963  0.43868664  0.50695414  0.49513177  
94_7_0     0.22316239  0.23134137  0.20706963  0.03074792  0.01214693  0.01214693  0.00000000  0.00000000  0.00604865  0.06282319  0.05629643  0.04982648  0.04341238  0.03705317  0.22316239  0.43868664  0.53117855  0.49513177  
99_7_0     0.22316239  0.23134137  0.20706963  0.03074792  0.01214693  0.01214693  0.00000000  0.00000000  0.00604865  0.06282319  0.05629643  0.04982648  0.04341238  0.03705317  0.22316239  0.43868664  0.53117855  0.49513177  
99_8_0     0.23134137  0.22316239  0.19915208  0.03705317  0.01829567  0.01829567  0.00604865  0.00604865  0.00000000  0.06940779  0.06282319  0.05629643  0.04982648  0.04341238  0.23134137  0.43868664  0.54359346  0.48349454  
99_5_0     0.26498836  0.26498836  0.22316239  0.04341238  0.06282319  0.06282319  0.06282319  0.06282319  0.06940779  0.00000000  0.02449571  0.04982648  0.04341238  0.03705317  0.25643272  0.46075292  0.55621930  0.53117855  
94_5_0     0.26498836  0.27364366  0.21507245  0.03705317  0.05629643  0.05629643  0.05629643  0.05629643  0.06282319  0.02449571  0.00000000  0.04341238  0.03705317  0.03074792  0.23134137  0.44963788  0.54359346  0.51896764  
99_6_0     0.23961138  0.26498836  0.19131799  0.03074792  0.04982648  0.04982648  0.04982648  0.04982648  0.05629643  0.04982648  0.04341238  0.00000000  0.01829567  0.02449571  0.20706963  0.42789444  0.51896764  0.53117855  
94_6_0     0.23134137  0.25643272  0.18356563  0.02449571  0.04341238  0.04341238  0.04341238  0.04341238  0.04982648  0.04341238  0.03705317  0.01829567  0.00000000  0.01829567  0.19915208  0.43868664  0.51896764  0.50695414  
95_0_0     0.22316239  0.23134137  0.17589332  0.00604865  0.03705317  0.03705317  0.03705317  0.03705317  0.04341238  0.03705317  0.03074792  0.02449571  0.01829567  0.00000000  0.20706963  0.42789444  0.49513177  0.50695414  
97_0_0     0.24797445  0.16829940  0.15334048  0.21507245  0.22316239  0.20706963  0.22316239  0.22316239  0.23134137  0.25643272  0.23134137  0.20706963  0.19915208  0.20706963  0.00000000  0.46075292  0.44963788  0.59543733  
20_0_0     0.48349454  0.36623912  0.39642754  0.42789444  0.43868664  0.43868664  0.43868664  0.43868664  0.43868664  0.46075292  0.44963788  0.42789444  0.43868664  0.42789444  0.46075292  0.00000000  0.25643272  0.29126268  
9_0_0      0.48349454  0.42789444  0.37616629  0.49513177  0.50695414  0.50695414  0.53117855  0.53117855  0.54359346  0.55621930  0.54359346  0.51896764  0.51896764  0.49513177  0.44963788  0.25643272  0.00000000  0.24797445  
80_0_0     0.58213336  0.54359346  0.43868664  0.50695414  0.51896764  0.49513177  0.49513177  0.49513177  0.48349454  0.53117855  0.51896764  0.53117855  0.50695414  0.50695414  0.59543733  0.29126268  0.24797445  0.00000000  

