37
90_0_0     0.00000000  0.47961271  0.36653623  0.71908949  0.71908949  0.87697421  0.88883002  0.86530912  0.97773709  0.96434900  0.97773709  0.92560685  0.90088290  0.83139921  0.85382872  1.45821534  1.33774158  1.43246607  0.87697421  0.85382872  0.95120361  0.93829229  0.79900444  0.83139921  0.85382872  0.88883002  0.93829229  0.92560685  0.76799521  0.75794663  0.87697421  0.83139921  0.90088290  0.92560685  0.83139921  0.86530912  1.09479662  
85_0_0     0.47961271  0.00000000  0.53614683  1.04865704  0.97773709  1.06371304  1.03390729  1.04865704  1.00527845  1.09479662  1.16127136  1.00527845  1.16127136  1.03390729  1.14407270  1.70573070  1.70573070  1.78350768  1.00527845  0.93829229  1.11085278  1.07908829  1.03390729  1.01945160  1.04865704  1.17888786  1.03390729  0.99137702  1.11085278  1.07908829  0.97773709  0.99137702  1.06371304  1.11085278  1.06371304  1.06371304  1.19694302  
76_0_0     0.36653623  0.53614683  0.00000000  0.73825782  0.70969205  0.97773709  0.97773709  0.96434900  1.12727252  1.11085278  1.03390729  1.09479662  1.19694302  0.97773709  1.06371304  1.31587501  1.31587501  1.38355820  0.85382872  0.83139921  0.85382872  0.83139921  0.86530912  0.86530912  0.86530912  1.19694302  0.84252724  0.83139921  0.77818499  0.87697421  0.84252724  0.84252724  0.95120361  0.88883002  0.85382872  0.80964270  1.06371304  
81_0_0     0.71908949  1.04865704  0.73825782  0.00000000  0.04711184  0.59746407  0.56615753  0.56615753  0.59746407  0.52883429  0.55853761  0.47284607  0.55853761  0.56615753  0.48644309  0.97773709  0.80964270  0.90088290  0.45291694  0.48644309  0.42087259  0.45291694  0.39018457  0.45949931  0.40844111  0.86530912  0.50732896  0.49333842  0.45291694  0.36653623  0.42087259  0.37826400  0.45949931  0.42087259  0.40844111  0.37826400  0.69125482  
80_0_0     0.71908949  0.97773709  0.70969205  0.04711184  0.00000000  0.57385836  0.54353387  0.55099694  0.55099694  0.48644309  0.52883429  0.50029995  0.52883429  0.56615753  0.43992879  0.96434900  0.79900444  0.87697421  0.45949931  0.47961271  0.45291694  0.50029995  0.42087259  0.47961271  0.40844111  0.84252724  0.50029995  0.48644309  0.45949931  0.36074272  0.40230438  0.37237641  0.45291694  0.42716918  0.40230438  0.38419979  0.67327477  
82_5_0     0.87697421  1.06371304  0.97773709  0.59746407  0.57385836  0.00000000  0.06224589  0.18257421  0.26873708  0.23400265  0.25864203  0.40844111  0.42716918  0.47284607  0.32143460  0.93829229  0.97773709  1.09479662  0.73825782  0.68220907  0.71908949  0.70041484  0.56615753  0.59746407  0.63859928  1.04865704  0.64711395  0.63018344  0.61363923  0.55853761  0.57385836  0.61363923  0.62186415  0.63018344  0.64711395  0.66444921  0.71908949  
84_5_0     0.88883002  1.03390729  0.97773709  0.56615753  0.54353387  0.06224589  0.00000000  0.16035138  0.31598914  0.28935885  0.26367199  0.42716918  0.42087259  0.49333842  0.37237641  1.03390729  1.00527845  1.07908829  0.75794663  0.73825782  0.71908949  0.70041484  0.56615753  0.59746407  0.64711395  1.06371304  0.66444921  0.64711395  0.61363923  0.55853761  0.59746407  0.62186415  0.63018344  0.61363923  0.64711395  0.70041484  0.69125482  
86_5_0     0.86530912  1.04865704  0.96434900  0.56615753  0.55099694  0.18257421  0.16035138  0.00000000  0.37826400  0.36074272  0.34929273  0.44639379  0.49333842  0.53614683  0.43352092  1.01945160  0.87697421  1.12727252  0.69125482  0.70041484  0.65572978  0.71908949  0.63018344  0.66444921  0.67327477  1.01945160  0.71908949  0.73825782  0.66444921  0.59746407  0.58164186  0.60550655  0.70041484  0.68220907  0.73825782  0.71908949  0.76799521  
84_0_0     0.97773709  1.00527845  1.12727252  0.59746407  0.55099694  0.26873708  0.31598914  0.37826400  0.00000000  0.07770253  0.16474180  0.32143460  0.34929273  0.37237641  0.25364672  1.06371304  1.00527845  1.33774158  0.76799521  0.69125482  0.65572978  0.69125482  0.56615753  0.59746407  0.66444921  1.06371304  0.72861032  0.69125482  0.66444921  0.58164186  0.61363923  0.61363923  0.72861032  0.75794663  0.69125482  0.65572978  0.86530912  
86_0_0     0.96434900  1.09479662  1.11085278  0.52883429  0.48644309  0.23400265  0.28935885  0.36074272  0.07770253  0.00000000  0.15164950  0.31058427  0.32692126  0.35499512  0.22437664  1.01945160  0.91313951  1.25397344  0.68220907  0.67327477  0.61363923  0.60550655  0.47961271  0.55853761  0.60550655  0.99137702  0.72861032  0.70969205  0.63018344  0.53614683  0.55099694  0.57385836  0.68220907  0.67327477  0.64711395  0.59746407  0.78852000  
82_0_0     0.97773709  1.16127136  1.03390729  0.55853761  0.52883429  0.25864203  0.26367199  0.34929273  0.16474180  0.15164950  0.00000000  0.31598914  0.36653623  0.37237641  0.24868559  1.11085278  1.03390729  1.14407270  0.76799521  0.72861032  0.65572978  0.67327477  0.55853761  0.61363923  0.60550655  1.06371304  0.69125482  0.70969205  0.63859928  0.58164186  0.59746407  0.64711395  0.67327477  0.67327477  0.70041484  0.65572978  0.79900444  
94_0_0     0.92560685  1.00527845  1.09479662  0.47284607  0.50029995  0.40844111  0.42716918  0.44639379  0.32143460  0.31058427  0.31598914  0.00000000  0.19624234  0.39018457  0.27383781  1.19694302  1.04865704  1.40759988  0.67327477  0.68220907  0.70969205  0.71908949  0.63018344  0.67327477  0.63859928  1.07908829  0.73825782  0.73825782  0.68220907  0.57385836  0.61363923  0.59746407  0.73825782  0.67327477  0.69125482  0.70041484  0.91313951  
99_0_0     0.90088290  1.16127136  1.19694302  0.55853761  0.52883429  0.42716918  0.42087259  0.49333842  0.34929273  0.32692126  0.36653623  0.19624234  0.00000000  0.35499512  0.25864203  1.45821534  1.12727252  1.51263070  0.71908949  0.84252724  0.87697421  0.85382872  0.72861032  0.76799521  0.70969205  1.04865704  0.75794663  0.77818499  0.79900444  0.64711395  0.70969205  0.72861032  0.70969205  0.70041484  0.72861032  0.76799521  0.86530912  
99_6_0     0.83139921  1.03390729  0.97773709  0.56615753  0.56615753  0.47284607  0.49333842  0.53614683  0.37237641  0.35499512  0.37237641  0.39018457  0.35499512  0.00000000  0.26367199  1.33774158  1.12727252  1.29464857  0.77818499  0.76799521  0.75794663  0.71908949  0.65572978  0.70969205  0.71908949  1.00527845  0.80964270  0.79900444  0.73825782  0.71908949  0.67327477  0.80964270  0.73825782  0.64711395  0.66444921  0.66444921  0.78852000  
94_6_0     0.85382872  1.14407270  1.06371304  0.48644309  0.43992879  0.32143460  0.37237641  0.43352092  0.25364672  0.22437664  0.24868559  0.27383781  0.25864203  0.26367199  0.00000000  1.17888786  1.09479662  1.27402585  0.69125482  0.70041484  0.71908949  0.69125482  0.56615753  0.61363923  0.60550655  0.93829229  0.71908949  0.71908949  0.61363923  0.55853761  0.52159475  0.57385836  0.74803540  0.73825782  0.70969205  0.69125482  0.83139921  
93_7_0     1.45821534  1.70573070  1.31587501  0.97773709  0.96434900  0.93829229  1.03390729  1.01945160  1.06371304  1.01945160  1.11085278  1.19694302  1.45821534  1.33774158  1.17888786  0.00000000  0.47961271  0.72861032  1.06371304  0.96434900  0.99137702  0.92560685  1.14407270  1.14407270  1.07908829  1.57146317  1.03390729  1.06371304  1.12727252  1.19694302  1.07908829  1.01945160  0.96434900  1.04865704  0.96434900  0.99137702  1.14407270  
93_8_0     1.33774158  1.70573070  1.31587501  0.80964270  0.79900444  0.97773709  1.00527845  0.87697421  1.00527845  0.91313951  1.03390729  1.04865704  1.12727252  1.12727252  1.09479662  0.47961271  0.00000000  0.56615753  0.95120361  0.91313951  0.92560685  0.96434900  0.86530912  0.84252724  0.95120361  1.38355820  1.06371304  1.00527845  0.90088290  0.91313951  0.83139921  0.82043936  0.97773709  0.95120361  0.91313951  0.93829229  1.00527845  
93_0_0     1.43246607  1.78350768  1.38355820  0.90088290  0.87697421  1.09479662  1.07908829  1.12727252  1.33774158  1.25397344  1.14407270  1.40759988  1.51263070  1.29464857  1.27402585  0.72861032  0.56615753  0.00000000  1.03390729  1.03390729  1.17888786  1.19694302  0.97773709  0.99137702  1.07908829  1.27402585  0.91313951  0.95120361  1.04865704  0.97773709  1.06371304  1.04865704  0.93829229  1.03390729  0.92560685  0.95120361  1.27402585  
77_3_0     0.87697421  1.00527845  0.85382872  0.45291694  0.45949931  0.73825782  0.75794663  0.69125482  0.76799521  0.68220907  0.76799521  0.67327477  0.71908949  0.77818499  0.69125482  1.06371304  0.95120361  1.03390729  0.00000000  0.14305081  0.38419979  0.40844111  0.37237641  0.42087259  0.38419979  0.86530912  0.44639379  0.48644309  0.46614198  0.38419979  0.37237641  0.40230438  0.42087259  0.42716918  0.43352092  0.45291694  0.58164186  
97_3_0     0.85382872  0.93829229  0.83139921  0.48644309  0.47961271  0.68220907  0.73825782  0.70041484  0.69125482  0.67327477  0.72861032  0.68220907  0.84252724  0.76799521  0.70041484  0.96434900  0.91313951  1.03390729  0.14305081  0.00000000  0.42087259  0.43352092  0.37237641  0.40844111  0.43992879  0.93829229  0.47961271  0.50732896  0.50029995  0.45291694  0.42087259  0.42087259  0.47961271  0.46614198  0.44639379  0.45949931  0.65572978  
97_1_0     0.95120361  1.11085278  0.85382872  0.42087259  0.45291694  0.71908949  0.71908949  0.65572978  0.65572978  0.61363923  0.65572978  0.70969205  0.87697421  0.75794663  0.71908949  0.99137702  0.92560685  1.17888786  0.38419979  0.42087259  0.00000000  0.08161873  0.38419979  0.43352092  0.39621916  0.88883002  0.48644309  0.51442678  0.39018457  0.39018457  0.37237641  0.38419979  0.60550655  0.53614683  0.50732896  0.49333842  0.64711395  
77_1_0     0.93829229  1.07908829  0.83139921  0.45291694  0.50029995  0.70041484  0.70041484  0.71908949  0.69125482  0.60550655  0.67327477  0.71908949  0.85382872  0.71908949  0.69125482  0.92560685  0.96434900  1.19694302  0.40844111  0.43352092  0.08161873  0.00000000  0.37237641  0.43992879  0.40230438  0.84252724  0.52883429  0.54353387  0.45949931  0.40844111  0.41463021  0.43352092  0.59746407  0.53614683  0.48644309  0.47284607  0.64711395  
89_1_0     0.79900444  1.03390729  0.86530912  0.39018457  0.42087259  0.56615753  0.56615753  0.63018344  0.56615753  0.47961271  0.55853761  0.63018344  0.72861032  0.65572978  0.56615753  1.14407270  0.86530912  0.97773709  0.37237641  0.37237641  0.38419979  0.37237641  0.00000000  0.11785009  0.35499512  0.85382872  0.42087259  0.44639379  0.32143460  0.24868559  0.27383781  0.31058427  0.45949931  0.43992879  0.39018457  0.37826400  0.58950981  
92_1_0     0.83139921  1.01945160  0.86530912  0.45949931  0.47961271  0.59746407  0.59746407  0.66444921  0.59746407  0.55853761  0.61363923  0.67327477  0.76799521  0.70969205  0.61363923  1.14407270  0.84252724  0.99137702  0.42087259  0.40844111  0.43352092  0.43992879  0.11785009  0.00000000  0.37826400  0.93829229  0.39018457  0.41463021  0.37237641  0.33802072  0.29989390  0.32143460  0.44639379  0.45291694  0.40230438  0.42716918  0.68220907  
96_1_0     0.85382872  1.04865704  0.86530912  0.40844111  0.40844111  0.63859928  0.64711395  0.67327477  0.66444921  0.60550655  0.60550655  0.63859928  0.70969205  0.71908949  0.60550655  1.07908829  0.95120361  1.07908829  0.38419979  0.43992879  0.39621916  0.40230438  0.35499512  0.37826400  0.00000000  0.78852000  0.34363482  0.34363482  0.39621916  0.31598914  0.33244976  0.31598914  0.45949931  0.42087259  0.45949931  0.39621916  0.61363923  
96_2_0     0.88883002  1.17888786  1.19694302  0.86530912  0.84252724  1.04865704  1.06371304  1.01945160  1.06371304  0.99137702  1.06371304  1.07908829  1.04865704  1.00527845  0.93829229  1.57146317  1.38355820  1.27402585  0.86530912  0.93829229  0.88883002  0.84252724  0.85382872  0.93829229  0.78852000  0.00000000  0.82043936  0.82043936  0.78852000  0.74803540  0.76799521  0.82043936  0.92560685  0.90088290  0.90088290  0.82043936  1.11085278  
89_2_0     0.93829229  1.03390729  0.84252724  0.50732896  0.50029995  0.64711395  0.66444921  0.71908949  0.72861032  0.72861032  0.69125482  0.73825782  0.75794663  0.80964270  0.71908949  1.03390729  1.06371304  0.91313951  0.44639379  0.47961271  0.48644309  0.52883429  0.42087259  0.39018457  0.34363482  0.82043936  0.00000000  0.04337717  0.42716918  0.35499512  0.32143460  0.36074272  0.50732896  0.52883429  0.44639379  0.41463021  0.70041484  
92_2_0     0.92560685  0.99137702  0.83139921  0.49333842  0.48644309  0.63018344  0.64711395  0.73825782  0.69125482  0.70969205  0.70969205  0.73825782  0.77818499  0.79900444  0.71908949  1.06371304  1.00527845  0.95120361  0.48644309  0.50732896  0.51442678  0.54353387  0.44639379  0.41463021  0.34363482  0.82043936  0.04337717  0.00000000  0.43352092  0.37826400  0.36653623  0.38419979  0.50029995  0.52159475  0.46614198  0.44639379  0.69125482  
77_2_0     0.76799521  1.11085278  0.77818499  0.45291694  0.45949931  0.61363923  0.61363923  0.66444921  0.66444921  0.63018344  0.63859928  0.68220907  0.79900444  0.73825782  0.61363923  1.12727252  0.90088290  1.04865704  0.46614198  0.50029995  0.39018457  0.45949931  0.32143460  0.37237641  0.39621916  0.78852000  0.42716918  0.43352092  0.00000000  0.20549968  0.28414817  0.28414817  0.54353387  0.52159475  0.46614198  0.50029995  0.67327477  
97_2_0     0.75794663  1.07908829  0.87697421  0.36653623  0.36074272  0.55853761  0.55853761  0.59746407  0.58164186  0.53614683  0.58164186  0.57385836  0.64711395  0.71908949  0.55853761  1.19694302  0.91313951  0.97773709  0.38419979  0.45291694  0.39018457  0.40844111  0.24868559  0.33802072  0.31598914  0.74803540  0.35499512  0.37826400  0.20549968  0.00000000  0.22437664  0.20085624  0.42716918  0.43352092  0.39018457  0.41463021  0.60550655  
97_4_0     0.87697421  0.97773709  0.84252724  0.42087259  0.40230438  0.57385836  0.59746407  0.58164186  0.61363923  0.55099694  0.59746407  0.61363923  0.70969205  0.67327477  0.52159475  1.07908829  0.83139921  1.06371304  0.37237641  0.42087259  0.37237641  0.41463021  0.27383781  0.29989390  0.33244976  0.76799521  0.32143460  0.36653623  0.28414817  0.22437664  0.00000000  0.13878940  0.44639379  0.42087259  0.38419979  0.36653623  0.64711395  
77_4_0     0.83139921  0.99137702  0.84252724  0.37826400  0.37237641  0.61363923  0.62186415  0.60550655  0.61363923  0.57385836  0.64711395  0.59746407  0.72861032  0.80964270  0.57385836  1.01945160  0.82043936  1.04865704  0.40230438  0.42087259  0.38419979  0.43352092  0.31058427  0.32143460  0.31598914  0.82043936  0.36074272  0.38419979  0.28414817  0.20085624  0.13878940  0.00000000  0.43992879  0.44639379  0.43352092  0.43352092  0.71908949  
89_0_0     0.90088290  1.06371304  0.95120361  0.45949931  0.45291694  0.62186415  0.63018344  0.70041484  0.72861032  0.68220907  0.67327477  0.73825782  0.70969205  0.73825782  0.74803540  0.96434900  0.97773709  0.93829229  0.42087259  0.47961271  0.60550655  0.59746407  0.45949931  0.44639379  0.45949931  0.92560685  0.50732896  0.50029995  0.54353387  0.42716918  0.44639379  0.43992879  0.00000000  0.08161873  0.13455289  0.16915896  0.52883429  
92_0_0     0.92560685  1.11085278  0.88883002  0.42087259  0.42716918  0.63018344  0.61363923  0.68220907  0.75794663  0.67327477  0.67327477  0.67327477  0.70041484  0.64711395  0.73825782  1.04865704  0.95120361  1.03390729  0.42716918  0.46614198  0.53614683  0.53614683  0.43992879  0.45291694  0.42087259  0.90088290  0.52883429  0.52159475  0.52159475  0.43352092  0.42087259  0.44639379  0.08161873  0.00000000  0.10152338  0.13455289  0.56615753  
97_0_0     0.83139921  1.06371304  0.85382872  0.40844111  0.40230438  0.64711395  0.64711395  0.73825782  0.69125482  0.64711395  0.70041484  0.69125482  0.72861032  0.66444921  0.70969205  0.96434900  0.91313951  0.92560685  0.43352092  0.44639379  0.50732896  0.48644309  0.39018457  0.40230438  0.45949931  0.90088290  0.44639379  0.46614198  0.46614198  0.39018457  0.38419979  0.43352092  0.13455289  0.10152338  0.00000000  0.06607927  0.52883429  
77_0_0     0.86530912  1.06371304  0.80964270  0.37826400  0.38419979  0.66444921  0.70041484  0.71908949  0.65572978  0.59746407  0.65572978  0.70041484  0.76799521  0.66444921  0.69125482  0.99137702  0.93829229  0.95120361  0.45291694  0.45949931  0.49333842  0.47284607  0.37826400  0.42716918  0.39621916  0.82043936  0.41463021  0.44639379  0.50029995  0.41463021  0.36653623  0.43352092  0.16915896  0.13455289  0.06607927  0.00000000  0.55099694  
96_0_0     1.09479662  1.19694302  1.06371304  0.69125482  0.67327477  0.71908949  0.69125482  0.76799521  0.86530912  0.78852000  0.79900444  0.91313951  0.86530912  0.78852000  0.83139921  1.14407270  1.00527845  1.27402585  0.58164186  0.65572978  0.64711395  0.64711395  0.58950981  0.68220907  0.61363923  1.11085278  0.70041484  0.69125482  0.67327477  0.60550655  0.64711395  0.71908949  0.52883429  0.56615753  0.52883429  0.55099694  0.00000000  

