14
13_1_0     0.00000000  0.00480007  0.00480007  0.01449370  0.01449370  0.01938808  0.14183230  0.13606999  0.14763939  0.14183230  0.14183230  0.14183230  0.14183230  0.14763939  
3_1_0      0.00480007  0.00000000  0.00000000  0.00963117  0.00963117  0.01449370  0.14763939  0.14183230  0.15349195  0.14763939  0.14763939  0.14763939  0.14763939  0.15349195  
6_1_0      0.00480007  0.00000000  0.00000000  0.00963117  0.00963117  0.01449370  0.14763939  0.14183230  0.15349195  0.14763939  0.14763939  0.14763939  0.14763939  0.15349195  
14_1_0     0.01449370  0.00963117  0.00963117  0.00000000  0.00000000  0.00480007  0.14763939  0.14183230  0.15349195  0.14763939  0.14763939  0.14763939  0.14763939  0.14183230  
2_1_0      0.01449370  0.00963117  0.00963117  0.00000000  0.00000000  0.00480007  0.14763939  0.14183230  0.15349195  0.14763939  0.14763939  0.14763939  0.14763939  0.14183230  
11_1_0     0.01938808  0.01449370  0.01449370  0.00480007  0.00480007  0.00000000  0.15349195  0.14763939  0.15939070  0.15349195  0.15349195  0.15349195  0.15349195  0.14763939  
9_0_0      0.14183230  0.14763939  0.14763939  0.14763939  0.14763939  0.15349195  0.00000000  0.07545424  0.07545424  0.05974165  0.05974165  0.05974165  0.05974165  0.06494256  
4_0_0      0.13606999  0.14183230  0.14183230  0.14183230  0.14183230  0.14763939  0.07545424  0.00000000  0.03929254  0.02431471  0.02431471  0.02431471  0.02431471  0.02927405  
12_0_0     0.14763939  0.15349195  0.15349195  0.15349195  0.15349195  0.15939070  0.07545424  0.03929254  0.00000000  0.01449370  0.01449370  0.01449370  0.01449370  0.02927405  
1_0_0      0.14183230  0.14763939  0.14763939  0.14763939  0.14763939  0.15349195  0.05974165  0.02431471  0.01449370  0.00000000  0.00000000  0.00000000  0.00000000  0.01449370  
5_0_0      0.14183230  0.14763939  0.14763939  0.14763939  0.14763939  0.15349195  0.05974165  0.02431471  0.01449370  0.00000000  0.00000000  0.00000000  0.00000000  0.01449370  
10_0_0     0.14183230  0.14763939  0.14763939  0.14763939  0.14763939  0.15349195  0.05974165  0.02431471  0.01449370  0.00000000  0.00000000  0.00000000  0.00000000  0.01449370  
7_0_0      0.14183230  0.14763939  0.14763939  0.14763939  0.14763939  0.15349195  0.05974165  0.02431471  0.01449370  0.00000000  0.00000000  0.00000000  0.00000000  0.01449370  
8_0_0      0.14763939  0.15349195  0.15349195  0.14183230  0.14183230  0.14763939  0.06494256  0.02927405  0.02927405  0.01449370  0.01449370  0.01449370  0.01449370  0.00000000  

