20
17_0_0     0.00000000  0.02439499  0.16999630  0.19037228  0.16999630  0.16999630  0.25507288  0.23287595  0.16999630  0.40423931  0.43228453  0.39060283  0.39060283  0.39060283  0.39060283  0.36405641  0.33842324  0.37721141  0.32592990  0.33842324  
16_0_0     0.02439499  0.00000000  0.18011465  0.20077309  0.18011465  0.18011465  0.26642432  0.24389177  0.20077309  0.36405641  0.39060283  0.35112961  0.35112961  0.35112961  0.37721141  0.35112961  0.32592990  0.36405641  0.32592990  0.33842324  
13_0_0     0.16999630  0.18011465  0.00000000  0.09364515  0.07572000  0.07572000  0.15016268  0.13084329  0.27795136  0.37721141  0.41812999  0.40423931  0.36405641  0.36405641  0.37721141  0.39060283  0.41812999  0.44671314  0.39060283  0.40423931  
20_0_0     0.19037228  0.20077309  0.09364515  0.00000000  0.01617427  0.01617427  0.10277206  0.08462868  0.23287595  0.35112961  0.39060283  0.43228453  0.35112961  0.35112961  0.36405641  0.39060283  0.39060283  0.43228453  0.39060283  0.40423931  
19_0_0     0.16999630  0.18011465  0.07572000  0.01617427  0.00000000  0.00000000  0.10277206  0.08462868  0.23287595  0.37721141  0.41812999  0.40423931  0.37721141  0.37721141  0.39060283  0.41812999  0.41812999  0.43228453  0.39060283  0.40423931  
12_0_0     0.16999630  0.18011465  0.07572000  0.01617427  0.00000000  0.00000000  0.10277206  0.08462868  0.23287595  0.37721141  0.41812999  0.40423931  0.37721141  0.37721141  0.39060283  0.41812999  0.41812999  0.43228453  0.39060283  0.40423931  
18_0_0     0.25507288  0.26642432  0.15016268  0.10277206  0.10277206  0.10277206  0.00000000  0.01617427  0.22202060  0.35112961  0.39060283  0.39060283  0.37721141  0.37721141  0.37721141  0.40423931  0.40423931  0.40423931  0.43228453  0.44671314  
14_0_0     0.23287595  0.24389177  0.13084329  0.08462868  0.08462868  0.08462868  0.01617427  0.00000000  0.20077309  0.36405641  0.40423931  0.40423931  0.39060283  0.39060283  0.39060283  0.41812999  0.41812999  0.39060283  0.41812999  0.43228453  
15_0_0     0.16999630  0.20077309  0.27795136  0.23287595  0.23287595  0.23287595  0.22202060  0.20077309  0.00000000  0.36405641  0.40423931  0.40423931  0.40423931  0.40423931  0.36405641  0.37721141  0.33842324  0.36405641  0.40423931  0.41812999  
9_0_0      0.40423931  0.36405641  0.37721141  0.35112961  0.37721141  0.37721141  0.35112961  0.36405641  0.36405641  0.00000000  0.08462868  0.19037228  0.15016268  0.15016268  0.13084329  0.16001351  0.16001351  0.20077309  0.23287595  0.22202060  
1_0_0      0.43228453  0.39060283  0.41812999  0.39060283  0.41812999  0.41812999  0.39060283  0.40423931  0.40423931  0.08462868  0.00000000  0.16999630  0.15016268  0.15016268  0.12136823  0.13084329  0.13084329  0.18011465  0.20077309  0.19037228  
6_0_0      0.39060283  0.35112961  0.40423931  0.43228453  0.40423931  0.40423931  0.39060283  0.40423931  0.40423931  0.19037228  0.16999630  0.00000000  0.18011465  0.18011465  0.21132111  0.19037228  0.18011465  0.27795136  0.26642432  0.25507288  
2_0_0      0.39060283  0.35112961  0.36405641  0.35112961  0.37721141  0.37721141  0.37721141  0.39060283  0.40423931  0.15016268  0.15016268  0.18011465  0.00000000  0.00000000  0.13084329  0.15016268  0.15016268  0.19037228  0.16999630  0.16001351  
8_0_0      0.39060283  0.35112961  0.36405641  0.35112961  0.37721141  0.37721141  0.37721141  0.39060283  0.40423931  0.15016268  0.15016268  0.18011465  0.00000000  0.00000000  0.13084329  0.15016268  0.15016268  0.19037228  0.16999630  0.16001351  
5_0_0      0.39060283  0.37721141  0.37721141  0.36405641  0.39060283  0.39060283  0.37721141  0.39060283  0.36405641  0.13084329  0.12136823  0.21132111  0.13084329  0.13084329  0.00000000  0.04961570  0.05821593  0.16001351  0.15016268  0.14044038  
4_0_0      0.36405641  0.35112961  0.39060283  0.39060283  0.41812999  0.41812999  0.40423931  0.41812999  0.37721141  0.16001351  0.13084329  0.19037228  0.15016268  0.15016268  0.04961570  0.00000000  0.02439499  0.16999630  0.18011465  0.16999630  
3_0_0      0.33842324  0.32592990  0.41812999  0.39060283  0.41812999  0.41812999  0.40423931  0.41812999  0.33842324  0.16001351  0.13084329  0.18011465  0.15016268  0.15016268  0.05821593  0.02439499  0.00000000  0.19037228  0.20077309  0.19037228  
10_0_0     0.37721141  0.36405641  0.44671314  0.43228453  0.43228453  0.43228453  0.40423931  0.39060283  0.36405641  0.20077309  0.18011465  0.27795136  0.19037228  0.19037228  0.16001351  0.16999630  0.19037228  0.00000000  0.14044038  0.13084329  
11_0_0     0.32592990  0.32592990  0.39060283  0.39060283  0.39060283  0.39060283  0.43228453  0.41812999  0.40423931  0.23287595  0.20077309  0.26642432  0.16999630  0.16999630  0.15016268  0.18011465  0.20077309  0.14044038  0.00000000  0.00804325  
7_0_0      0.33842324  0.33842324  0.40423931  0.40423931  0.40423931  0.40423931  0.44671314  0.43228453  0.41812999  0.22202060  0.19037228  0.25507288  0.16001351  0.16001351  0.14044038  0.16999630  0.19037228  0.13084329  0.00804325  0.00000000  

