51
84_9_0     0.00000000  0.02857804  0.02857804  0.11061672  0.08924555  0.04825721  0.06846981  0.05829503  0.03835271  0.07878533  0.06846981  0.15528911  0.15528911  0.19064216  0.21517768  0.17867062  0.19064216  0.32228898  0.21517768  0.17867062  0.16688823  0.16688823  0.16688823  0.16688823  0.17867062  0.17867062  0.15528911  0.15528911  0.19064216  0.19064216  0.15528911  0.15528911  0.14386764  0.15528911  0.15528911  0.15528911  0.16688823  0.17867062  0.20280902  0.20280902  0.15528911  0.13261846  0.13261846  0.36678501  0.36678501  0.17867062  0.17867062  0.13261846  0.16688823  0.15528911  0.15528911  
80_9_0     0.02857804  0.00000000  0.00000000  0.09985458  0.07878533  0.03835271  0.05829503  0.02857804  0.02857804  0.06846981  0.05829503  0.16688823  0.16688823  0.17867062  0.20280902  0.17867062  0.19064216  0.30802803  0.20280902  0.16688823  0.15528911  0.15528911  0.15528911  0.15528911  0.19064216  0.19064216  0.16688823  0.16688823  0.20280902  0.20280902  0.16688823  0.16688823  0.15528911  0.16688823  0.16688823  0.16688823  0.17867062  0.19064216  0.24054800  0.24054800  0.14386764  0.12153645  0.12153645  0.32228898  0.32228898  0.14386764  0.14386764  0.09985458  0.15528911  0.14386764  0.14386764  
80_12_0    0.02857804  0.00000000  0.00000000  0.09985458  0.07878533  0.03835271  0.05829503  0.02857804  0.02857804  0.06846981  0.05829503  0.16688823  0.16688823  0.17867062  0.20280902  0.17867062  0.19064216  0.30802803  0.20280902  0.16688823  0.15528911  0.15528911  0.15528911  0.15528911  0.19064216  0.19064216  0.16688823  0.16688823  0.20280902  0.20280902  0.16688823  0.16688823  0.15528911  0.16688823  0.16688823  0.16688823  0.17867062  0.19064216  0.24054800  0.24054800  0.14386764  0.12153645  0.12153645  0.32228898  0.32228898  0.14386764  0.14386764  0.09985458  0.15528911  0.14386764  0.14386764  
84_10_0    0.11061672  0.09985458  0.09985458  0.00000000  0.01892983  0.05829503  0.07878533  0.11061672  0.08924555  0.08924555  0.09985458  0.19064216  0.16688823  0.20280902  0.20280902  0.22775495  0.24054800  0.30802803  0.22775495  0.19064216  0.17867062  0.17867062  0.17867062  0.17867062  0.21517768  0.21517768  0.16688823  0.16688823  0.19064216  0.19064216  0.14386764  0.14386764  0.15528911  0.16688823  0.14386764  0.14386764  0.17867062  0.16688823  0.19064216  0.19064216  0.16688823  0.16688823  0.16688823  0.32228898  0.32228898  0.19064216  0.19064216  0.14386764  0.15528911  0.16688823  0.16688823  
84_8_0     0.08924555  0.07878533  0.07878533  0.01892983  0.00000000  0.03835271  0.05829503  0.08924555  0.06846981  0.06846981  0.07878533  0.19064216  0.16688823  0.20280902  0.20280902  0.22775495  0.24054800  0.33682798  0.22775495  0.19064216  0.17867062  0.17867062  0.17867062  0.17867062  0.21517768  0.21517768  0.16688823  0.16688823  0.20280902  0.20280902  0.14386764  0.14386764  0.15528911  0.16688823  0.14386764  0.14386764  0.17867062  0.16688823  0.21517768  0.21517768  0.16688823  0.16688823  0.16688823  0.29403468  0.29403468  0.16688823  0.16688823  0.12153645  0.13261846  0.14386764  0.14386764  
80_8_0     0.04825721  0.03835271  0.03835271  0.05829503  0.03835271  0.00000000  0.01892983  0.04825721  0.02857804  0.06846981  0.05829503  0.16688823  0.16688823  0.17867062  0.17867062  0.17867062  0.19064216  0.30802803  0.20280902  0.16688823  0.15528911  0.15528911  0.15528911  0.15528911  0.19064216  0.19064216  0.14386764  0.14386764  0.17867062  0.17867062  0.14386764  0.14386764  0.13261846  0.14386764  0.14386764  0.14386764  0.17867062  0.16688823  0.21517768  0.21517768  0.14386764  0.12153645  0.12153645  0.29403468  0.29403468  0.14386764  0.14386764  0.09985458  0.15528911  0.14386764  0.14386764  
90_8_0     0.06846981  0.05829503  0.05829503  0.07878533  0.05829503  0.01892983  0.00000000  0.06846981  0.04825721  0.08924555  0.07878533  0.19064216  0.19064216  0.20280902  0.20280902  0.17867062  0.21517768  0.33682798  0.22775495  0.19064216  0.17867062  0.17867062  0.17867062  0.17867062  0.21517768  0.21517768  0.16688823  0.16688823  0.20280902  0.20280902  0.16688823  0.16688823  0.15528911  0.16688823  0.16688823  0.16688823  0.20280902  0.19064216  0.21517768  0.21517768  0.14386764  0.14386764  0.14386764  0.29403468  0.29403468  0.16688823  0.16688823  0.12153645  0.17867062  0.16688823  0.16688823  
80_5_0     0.05829503  0.02857804  0.02857804  0.11061672  0.08924555  0.04825721  0.06846981  0.00000000  0.03835271  0.07878533  0.06846981  0.17867062  0.17867062  0.16688823  0.19064216  0.19064216  0.20280902  0.29403468  0.21517768  0.17867062  0.16688823  0.16688823  0.16688823  0.16688823  0.20280902  0.20280902  0.15528911  0.15528911  0.19064216  0.19064216  0.17867062  0.17867062  0.14386764  0.15528911  0.15528911  0.15528911  0.16688823  0.17867062  0.22775495  0.22775495  0.13261846  0.11061672  0.11061672  0.28029908  0.28029908  0.13261846  0.13261846  0.08924555  0.16688823  0.15528911  0.15528911  
80_11_0    0.03835271  0.02857804  0.02857804  0.08924555  0.06846981  0.02857804  0.04825721  0.03835271  0.00000000  0.05829503  0.04825721  0.15528911  0.15528911  0.16688823  0.19064216  0.16688823  0.17867062  0.26681191  0.19064216  0.15528911  0.14386764  0.14386764  0.14386764  0.14386764  0.17867062  0.17867062  0.15528911  0.15528911  0.19064216  0.19064216  0.13261846  0.13261846  0.14386764  0.15528911  0.15528911  0.15528911  0.16688823  0.17867062  0.21517768  0.21517768  0.15528911  0.11061672  0.11061672  0.30802803  0.30802803  0.15528911  0.15528911  0.11061672  0.14386764  0.13261846  0.13261846  
75_7_0     0.07878533  0.06846981  0.06846981  0.08924555  0.06846981  0.06846981  0.08924555  0.07878533  0.05829503  0.00000000  0.02857804  0.17867062  0.15528911  0.16688823  0.19064216  0.16688823  0.17867062  0.29403468  0.21517768  0.17867062  0.16688823  0.16688823  0.16688823  0.16688823  0.21517768  0.21517768  0.16688823  0.16688823  0.20280902  0.20280902  0.16688823  0.16688823  0.15528911  0.16688823  0.16688823  0.16688823  0.17867062  0.19064216  0.24054800  0.24054800  0.16688823  0.12153645  0.12153645  0.32228898  0.32228898  0.15528911  0.15528911  0.13261846  0.12153645  0.13261846  0.13261846  
75_14_0    0.06846981  0.05829503  0.05829503  0.09985458  0.07878533  0.05829503  0.07878533  0.06846981  0.04825721  0.02857804  0.00000000  0.14386764  0.12153645  0.15528911  0.15528911  0.13261846  0.14386764  0.25356434  0.17867062  0.14386764  0.13261846  0.13261846  0.13261846  0.13261846  0.17867062  0.17867062  0.13261846  0.13261846  0.16688823  0.16688823  0.13261846  0.13261846  0.12153645  0.13261846  0.13261846  0.13261846  0.14386764  0.15528911  0.20280902  0.20280902  0.13261846  0.08924555  0.08924555  0.33682798  0.30802803  0.14386764  0.14386764  0.09985458  0.11061672  0.09985458  0.09985458  
95_17_0    0.15528911  0.16688823  0.16688823  0.19064216  0.19064216  0.16688823  0.19064216  0.17867062  0.15528911  0.17867062  0.14386764  0.00000000  0.01892983  0.11061672  0.11061672  0.11061672  0.12153645  0.16688823  0.11061672  0.07878533  0.06846981  0.06846981  0.06846981  0.06846981  0.12153645  0.12153645  0.05829503  0.05829503  0.06846981  0.06846981  0.07878533  0.07878533  0.06846981  0.07878533  0.07878533  0.07878533  0.06846981  0.07878533  0.14386764  0.14386764  0.09985458  0.07878533  0.07878533  0.44740737  0.41410540  0.21517768  0.24054800  0.19064216  0.17867062  0.16688823  0.16688823  
95_20_0    0.15528911  0.16688823  0.16688823  0.16688823  0.16688823  0.16688823  0.19064216  0.17867062  0.15528911  0.15528911  0.12153645  0.01892983  0.00000000  0.11061672  0.11061672  0.11061672  0.12153645  0.16688823  0.11061672  0.07878533  0.08924555  0.08924555  0.08924555  0.08924555  0.12153645  0.12153645  0.07878533  0.07878533  0.08924555  0.08924555  0.07878533  0.07878533  0.06846981  0.07878533  0.07878533  0.07878533  0.08924555  0.09985458  0.14386764  0.14386764  0.09985458  0.07878533  0.07878533  0.44740737  0.41410540  0.21517768  0.24054800  0.19064216  0.15528911  0.14386764  0.14386764  
79_38_0    0.19064216  0.17867062  0.17867062  0.20280902  0.20280902  0.17867062  0.20280902  0.16688823  0.16688823  0.16688823  0.15528911  0.11061672  0.11061672  0.00000000  0.03835271  0.12153645  0.11061672  0.19064216  0.07878533  0.06846981  0.09985458  0.09985458  0.08924555  0.09985458  0.17867062  0.17867062  0.13261846  0.13261846  0.16688823  0.16688823  0.13261846  0.13261846  0.12153645  0.13261846  0.13261846  0.13261846  0.14386764  0.15528911  0.16688823  0.16688823  0.15528911  0.08924555  0.08924555  0.43057051  0.39799599  0.15528911  0.17867062  0.15528911  0.16688823  0.15528911  0.15528911  
97_41_0    0.21517768  0.20280902  0.20280902  0.20280902  0.20280902  0.17867062  0.20280902  0.19064216  0.19064216  0.19064216  0.15528911  0.11061672  0.11061672  0.03835271  0.00000000  0.12153645  0.11061672  0.19064216  0.08924555  0.06846981  0.12153645  0.12153645  0.11061672  0.12153645  0.16688823  0.16688823  0.09985458  0.09985458  0.13261846  0.13261846  0.09985458  0.09985458  0.08924555  0.09985458  0.09985458  0.09985458  0.13261846  0.12153645  0.13261846  0.13261846  0.14386764  0.09985458  0.09985458  0.41410540  0.38222723  0.17867062  0.20280902  0.15528911  0.19064216  0.17867062  0.17867062  
99_41_0    0.17867062  0.17867062  0.17867062  0.22775495  0.22775495  0.17867062  0.17867062  0.19064216  0.16688823  0.16688823  0.13261846  0.11061672  0.11061672  0.12153645  0.12153645  0.00000000  0.02857804  0.21517768  0.14386764  0.13261846  0.12153645  0.12153645  0.12153645  0.12153645  0.19064216  0.19064216  0.14386764  0.14386764  0.17867062  0.17867062  0.14386764  0.14386764  0.13261846  0.14386764  0.14386764  0.14386764  0.15528911  0.16688823  0.20280902  0.20280902  0.16688823  0.07878533  0.07878533  0.48226629  0.44740737  0.22775495  0.25356434  0.20280902  0.19064216  0.17867062  0.17867062  
99_43_0    0.19064216  0.19064216  0.19064216  0.24054800  0.24054800  0.19064216  0.21517768  0.20280902  0.17867062  0.17867062  0.14386764  0.12153645  0.12153645  0.11061672  0.11061672  0.02857804  0.00000000  0.22775495  0.15528911  0.14386764  0.13261846  0.13261846  0.13261846  0.13261846  0.20280902  0.20280902  0.15528911  0.15528911  0.19064216  0.19064216  0.15528911  0.15528911  0.14386764  0.15528911  0.15528911  0.15528911  0.16688823  0.17867062  0.19064216  0.19064216  0.17867062  0.08924555  0.08924555  0.43057051  0.39799599  0.21517768  0.24054800  0.19064216  0.20280902  0.19064216  0.19064216  
99_37_0    0.32228898  0.30802803  0.30802803  0.30802803  0.33682798  0.30802803  0.33682798  0.29403468  0.26681191  0.29403468  0.25356434  0.16688823  0.16688823  0.19064216  0.19064216  0.21517768  0.22775495  0.00000000  0.11061672  0.15528911  0.21517768  0.21517768  0.20280902  0.21517768  0.28029908  0.28029908  0.20280902  0.20280902  0.21517768  0.21517768  0.22775495  0.22775495  0.21517768  0.20280902  0.22775495  0.22775495  0.21517768  0.22775495  0.25356434  0.25356434  0.26681191  0.17867062  0.17867062  0.44740737  0.41410540  0.28029908  0.30802803  0.30802803  0.21517768  0.20280902  0.20280902  
97_37_0    0.21517768  0.20280902  0.20280902  0.22775495  0.22775495  0.20280902  0.22775495  0.21517768  0.19064216  0.21517768  0.17867062  0.11061672  0.11061672  0.07878533  0.08924555  0.14386764  0.15528911  0.11061672  0.00000000  0.05829503  0.12153645  0.12153645  0.11061672  0.12153645  0.19064216  0.19064216  0.14386764  0.14386764  0.16688823  0.16688823  0.14386764  0.14386764  0.13261846  0.14386764  0.14386764  0.14386764  0.15528911  0.16688823  0.20280902  0.20280902  0.16688823  0.11061672  0.11061672  0.41410540  0.38222723  0.20280902  0.22775495  0.20280902  0.16688823  0.15528911  0.15528911  
70_37_0    0.17867062  0.16688823  0.16688823  0.19064216  0.19064216  0.16688823  0.19064216  0.17867062  0.15528911  0.17867062  0.14386764  0.07878533  0.07878533  0.06846981  0.06846981  0.13261846  0.14386764  0.15528911  0.05829503  0.00000000  0.08924555  0.08924555  0.07878533  0.08924555  0.14386764  0.14386764  0.09985458  0.09985458  0.13261846  0.13261846  0.09985458  0.09985458  0.08924555  0.09985458  0.09985458  0.09985458  0.09985458  0.11061672  0.15528911  0.15528911  0.14386764  0.07878533  0.07878533  0.44740737  0.41410540  0.16688823  0.19064216  0.16688823  0.17867062  0.16688823  0.16688823  
100_27_0   0.16688823  0.15528911  0.15528911  0.17867062  0.17867062  0.15528911  0.17867062  0.16688823  0.14386764  0.16688823  0.13261846  0.06846981  0.08924555  0.09985458  0.12153645  0.12153645  0.13261846  0.21517768  0.12153645  0.08924555  0.00000000  0.00000000  0.01892983  0.00000000  0.12153645  0.12153645  0.08924555  0.08924555  0.12153645  0.12153645  0.11061672  0.11061672  0.09985458  0.11061672  0.11061672  0.11061672  0.09985458  0.11061672  0.17867062  0.17867062  0.13261846  0.06846981  0.06846981  0.39799599  0.39799599  0.20280902  0.22775495  0.17867062  0.15528911  0.14386764  0.14386764  
100_34_0   0.16688823  0.15528911  0.15528911  0.17867062  0.17867062  0.15528911  0.17867062  0.16688823  0.14386764  0.16688823  0.13261846  0.06846981  0.08924555  0.09985458  0.12153645  0.12153645  0.13261846  0.21517768  0.12153645  0.08924555  0.00000000  0.00000000  0.01892983  0.00000000  0.12153645  0.12153645  0.08924555  0.08924555  0.12153645  0.12153645  0.11061672  0.11061672  0.09985458  0.11061672  0.11061672  0.11061672  0.09985458  0.11061672  0.17867062  0.17867062  0.13261846  0.06846981  0.06846981  0.39799599  0.39799599  0.20280902  0.22775495  0.17867062  0.15528911  0.14386764  0.14386764  
100_36_0   0.16688823  0.15528911  0.15528911  0.17867062  0.17867062  0.15528911  0.17867062  0.16688823  0.14386764  0.16688823  0.13261846  0.06846981  0.08924555  0.08924555  0.11061672  0.12153645  0.13261846  0.20280902  0.11061672  0.07878533  0.01892983  0.01892983  0.00000000  0.01892983  0.14386764  0.14386764  0.08924555  0.08924555  0.12153645  0.12153645  0.11061672  0.11061672  0.09985458  0.11061672  0.11061672  0.11061672  0.09985458  0.11061672  0.17867062  0.17867062  0.13261846  0.06846981  0.06846981  0.43057051  0.43057051  0.19064216  0.21517768  0.16688823  0.15528911  0.14386764  0.14386764  
100_33_0   0.16688823  0.15528911  0.15528911  0.17867062  0.17867062  0.15528911  0.17867062  0.16688823  0.14386764  0.16688823  0.13261846  0.06846981  0.08924555  0.09985458  0.12153645  0.12153645  0.13261846  0.21517768  0.12153645  0.08924555  0.00000000  0.00000000  0.01892983  0.00000000  0.12153645  0.12153645  0.08924555  0.08924555  0.12153645  0.12153645  0.11061672  0.11061672  0.09985458  0.11061672  0.11061672  0.11061672  0.09985458  0.11061672  0.17867062  0.17867062  0.13261846  0.06846981  0.06846981  0.39799599  0.39799599  0.20280902  0.22775495  0.17867062  0.15528911  0.14386764  0.14386764  
86_2_0     0.17867062  0.19064216  0.19064216  0.21517768  0.21517768  0.19064216  0.21517768  0.20280902  0.17867062  0.21517768  0.17867062  0.12153645  0.12153645  0.17867062  0.16688823  0.19064216  0.20280902  0.28029908  0.19064216  0.14386764  0.12153645  0.12153645  0.14386764  0.12153645  0.00000000  0.00000000  0.09985458  0.09985458  0.13261846  0.13261846  0.11061672  0.11061672  0.08924555  0.09985458  0.09985458  0.09985458  0.11061672  0.12153645  0.16688823  0.16688823  0.14386764  0.12153645  0.12153645  0.44740737  0.39799599  0.29403468  0.29403468  0.24054800  0.22775495  0.21517768  0.21517768  
83_2_0     0.17867062  0.19064216  0.19064216  0.21517768  0.21517768  0.19064216  0.21517768  0.20280902  0.17867062  0.21517768  0.17867062  0.12153645  0.12153645  0.17867062  0.16688823  0.19064216  0.20280902  0.28029908  0.19064216  0.14386764  0.12153645  0.12153645  0.14386764  0.12153645  0.00000000  0.00000000  0.09985458  0.09985458  0.13261846  0.13261846  0.11061672  0.11061672  0.08924555  0.09985458  0.09985458  0.09985458  0.11061672  0.12153645  0.16688823  0.16688823  0.14386764  0.12153645  0.12153645  0.44740737  0.39799599  0.29403468  0.29403468  0.24054800  0.22775495  0.21517768  0.21517768  
78_21_0    0.15528911  0.16688823  0.16688823  0.16688823  0.16688823  0.14386764  0.16688823  0.15528911  0.15528911  0.16688823  0.13261846  0.05829503  0.07878533  0.13261846  0.09985458  0.14386764  0.15528911  0.20280902  0.14386764  0.09985458  0.08924555  0.08924555  0.08924555  0.08924555  0.09985458  0.09985458  0.00000000  0.00000000  0.02857804  0.02857804  0.04825721  0.04825721  0.00940485  0.01892983  0.01892983  0.01892983  0.02857804  0.01892983  0.07878533  0.07878533  0.05829503  0.05829503  0.05829503  0.39799599  0.36678501  0.21517768  0.21517768  0.16688823  0.20280902  0.19064216  0.19064216  
94_21_0    0.15528911  0.16688823  0.16688823  0.16688823  0.16688823  0.14386764  0.16688823  0.15528911  0.15528911  0.16688823  0.13261846  0.05829503  0.07878533  0.13261846  0.09985458  0.14386764  0.15528911  0.20280902  0.14386764  0.09985458  0.08924555  0.08924555  0.08924555  0.08924555  0.09985458  0.09985458  0.00000000  0.00000000  0.02857804  0.02857804  0.04825721  0.04825721  0.00940485  0.01892983  0.01892983  0.01892983  0.02857804  0.01892983  0.07878533  0.07878533  0.05829503  0.05829503  0.05829503  0.39799599  0.36678501  0.21517768  0.21517768  0.16688823  0.20280902  0.19064216  0.19064216  
82_21_0    0.19064216  0.20280902  0.20280902  0.19064216  0.20280902  0.17867062  0.20280902  0.19064216  0.19064216  0.20280902  0.16688823  0.06846981  0.08924555  0.16688823  0.13261846  0.17867062  0.19064216  0.21517768  0.16688823  0.13261846  0.12153645  0.12153645  0.12153645  0.12153645  0.13261846  0.13261846  0.02857804  0.02857804  0.00000000  0.00000000  0.07878533  0.07878533  0.03835271  0.04825721  0.04825721  0.04825721  0.05829503  0.04825721  0.09985458  0.09985458  0.06846981  0.08924555  0.08924555  0.41410540  0.38222723  0.25356434  0.25356434  0.20280902  0.24054800  0.22775495  0.22775495  
67_21_0    0.19064216  0.20280902  0.20280902  0.19064216  0.20280902  0.17867062  0.20280902  0.19064216  0.19064216  0.20280902  0.16688823  0.06846981  0.08924555  0.16688823  0.13261846  0.17867062  0.19064216  0.21517768  0.16688823  0.13261846  0.12153645  0.12153645  0.12153645  0.12153645  0.13261846  0.13261846  0.02857804  0.02857804  0.00000000  0.00000000  0.07878533  0.07878533  0.03835271  0.04825721  0.04825721  0.04825721  0.05829503  0.04825721  0.09985458  0.09985458  0.06846981  0.08924555  0.08924555  0.41410540  0.38222723  0.25356434  0.25356434  0.20280902  0.24054800  0.22775495  0.22775495  
67_23_0    0.15528911  0.16688823  0.16688823  0.14386764  0.14386764  0.14386764  0.16688823  0.17867062  0.13261846  0.16688823  0.13261846  0.07878533  0.07878533  0.13261846  0.09985458  0.14386764  0.15528911  0.22775495  0.14386764  0.09985458  0.11061672  0.11061672  0.11061672  0.11061672  0.11061672  0.11061672  0.04825721  0.04825721  0.07878533  0.07878533  0.00000000  0.00000000  0.03835271  0.04825721  0.02857804  0.02857804  0.05829503  0.04825721  0.07878533  0.07878533  0.08924555  0.08924555  0.08924555  0.35165608  0.32228898  0.19064216  0.19064216  0.14386764  0.20280902  0.19064216  0.19064216  
82_23_0    0.15528911  0.16688823  0.16688823  0.14386764  0.14386764  0.14386764  0.16688823  0.17867062  0.13261846  0.16688823  0.13261846  0.07878533  0.07878533  0.13261846  0.09985458  0.14386764  0.15528911  0.22775495  0.14386764  0.09985458  0.11061672  0.11061672  0.11061672  0.11061672  0.11061672  0.11061672  0.04825721  0.04825721  0.07878533  0.07878533  0.00000000  0.00000000  0.03835271  0.04825721  0.02857804  0.02857804  0.05829503  0.04825721  0.07878533  0.07878533  0.08924555  0.08924555  0.08924555  0.35165608  0.32228898  0.19064216  0.19064216  0.14386764  0.20280902  0.19064216  0.19064216  
94_23_0    0.14386764  0.15528911  0.15528911  0.15528911  0.15528911  0.13261846  0.15528911  0.14386764  0.14386764  0.15528911  0.12153645  0.06846981  0.06846981  0.12153645  0.08924555  0.13261846  0.14386764  0.21517768  0.13261846  0.08924555  0.09985458  0.09985458  0.09985458  0.09985458  0.08924555  0.08924555  0.00940485  0.00940485  0.03835271  0.03835271  0.03835271  0.03835271  0.00000000  0.00940485  0.00940485  0.00940485  0.03835271  0.02857804  0.06846981  0.06846981  0.04825721  0.04825721  0.04825721  0.38222723  0.35165608  0.20280902  0.20280902  0.15528911  0.19064216  0.17867062  0.17867062  
78_23_0    0.15528911  0.16688823  0.16688823  0.16688823  0.16688823  0.14386764  0.16688823  0.15528911  0.15528911  0.16688823  0.13261846  0.07878533  0.07878533  0.13261846  0.09985458  0.14386764  0.15528911  0.20280902  0.14386764  0.09985458  0.11061672  0.11061672  0.11061672  0.11061672  0.09985458  0.09985458  0.01892983  0.01892983  0.04825721  0.04825721  0.04825721  0.04825721  0.00940485  0.00000000  0.01892983  0.01892983  0.04825721  0.03835271  0.07878533  0.07878533  0.05829503  0.05829503  0.05829503  0.36678501  0.36678501  0.19064216  0.19064216  0.16688823  0.17867062  0.16688823  0.16688823  
78_24_0    0.15528911  0.16688823  0.16688823  0.14386764  0.14386764  0.14386764  0.16688823  0.15528911  0.15528911  0.16688823  0.13261846  0.07878533  0.07878533  0.13261846  0.09985458  0.14386764  0.15528911  0.22775495  0.14386764  0.09985458  0.11061672  0.11061672  0.11061672  0.11061672  0.09985458  0.09985458  0.01892983  0.01892983  0.04825721  0.04825721  0.02857804  0.02857804  0.00940485  0.01892983  0.00000000  0.00000000  0.02857804  0.01892983  0.05829503  0.05829503  0.05829503  0.05829503  0.05829503  0.36678501  0.33682798  0.19064216  0.19064216  0.14386764  0.20280902  0.19064216  0.19064216  
78_2_0     0.15528911  0.16688823  0.16688823  0.14386764  0.14386764  0.14386764  0.16688823  0.15528911  0.15528911  0.16688823  0.13261846  0.07878533  0.07878533  0.13261846  0.09985458  0.14386764  0.15528911  0.22775495  0.14386764  0.09985458  0.11061672  0.11061672  0.11061672  0.11061672  0.09985458  0.09985458  0.01892983  0.01892983  0.04825721  0.04825721  0.02857804  0.02857804  0.00940485  0.01892983  0.00000000  0.00000000  0.02857804  0.01892983  0.05829503  0.05829503  0.05829503  0.05829503  0.05829503  0.36678501  0.33682798  0.19064216  0.19064216  0.14386764  0.20280902  0.19064216  0.19064216  
94_2_0     0.16688823  0.17867062  0.17867062  0.17867062  0.17867062  0.17867062  0.20280902  0.16688823  0.16688823  0.17867062  0.14386764  0.06846981  0.08924555  0.14386764  0.13261846  0.15528911  0.16688823  0.21517768  0.15528911  0.09985458  0.09985458  0.09985458  0.09985458  0.09985458  0.11061672  0.11061672  0.02857804  0.02857804  0.05829503  0.05829503  0.05829503  0.05829503  0.03835271  0.04825721  0.02857804  0.02857804  0.00000000  0.00940485  0.08924555  0.08924555  0.08924555  0.06846981  0.06846981  0.41410540  0.38222723  0.22775495  0.22775495  0.17867062  0.21517768  0.20280902  0.20280902  
94_25_0    0.17867062  0.19064216  0.19064216  0.16688823  0.16688823  0.16688823  0.19064216  0.17867062  0.17867062  0.19064216  0.15528911  0.07878533  0.09985458  0.15528911  0.12153645  0.16688823  0.17867062  0.22775495  0.16688823  0.11061672  0.11061672  0.11061672  0.11061672  0.11061672  0.12153645  0.12153645  0.01892983  0.01892983  0.04825721  0.04825721  0.04825721  0.04825721  0.02857804  0.03835271  0.01892983  0.01892983  0.00940485  0.00000000  0.07878533  0.07878533  0.07878533  0.07878533  0.07878533  0.39799599  0.36678501  0.21517768  0.21517768  0.16688823  0.22775495  0.21517768  0.21517768  
82_2_0     0.20280902  0.24054800  0.24054800  0.19064216  0.21517768  0.21517768  0.21517768  0.22775495  0.21517768  0.24054800  0.20280902  0.14386764  0.14386764  0.16688823  0.13261846  0.20280902  0.19064216  0.25356434  0.20280902  0.15528911  0.17867062  0.17867062  0.17867062  0.17867062  0.16688823  0.16688823  0.07878533  0.07878533  0.09985458  0.09985458  0.07878533  0.07878533  0.06846981  0.07878533  0.05829503  0.05829503  0.08924555  0.07878533  0.00000000  0.00000000  0.09985458  0.12153645  0.12153645  0.38222723  0.35165608  0.26681191  0.26681191  0.21517768  0.28029908  0.26681191  0.26681191  
67_2_0     0.20280902  0.24054800  0.24054800  0.19064216  0.21517768  0.21517768  0.21517768  0.22775495  0.21517768  0.24054800  0.20280902  0.14386764  0.14386764  0.16688823  0.13261846  0.20280902  0.19064216  0.25356434  0.20280902  0.15528911  0.17867062  0.17867062  0.17867062  0.17867062  0.16688823  0.16688823  0.07878533  0.07878533  0.09985458  0.09985458  0.07878533  0.07878533  0.06846981  0.07878533  0.05829503  0.05829503  0.08924555  0.07878533  0.00000000  0.00000000  0.09985458  0.12153645  0.12153645  0.38222723  0.35165608  0.26681191  0.26681191  0.21517768  0.28029908  0.26681191  0.26681191  
94_22_0    0.15528911  0.14386764  0.14386764  0.16688823  0.16688823  0.14386764  0.14386764  0.13261846  0.15528911  0.16688823  0.13261846  0.09985458  0.09985458  0.15528911  0.14386764  0.16688823  0.17867062  0.26681191  0.16688823  0.14386764  0.13261846  0.13261846  0.13261846  0.13261846  0.14386764  0.14386764  0.05829503  0.05829503  0.06846981  0.06846981  0.08924555  0.08924555  0.04825721  0.05829503  0.05829503  0.05829503  0.08924555  0.07878533  0.09985458  0.09985458  0.00000000  0.07878533  0.07878533  0.30802803  0.28029908  0.19064216  0.19064216  0.14386764  0.20280902  0.19064216  0.19064216  
70_39_0    0.13261846  0.12153645  0.12153645  0.16688823  0.16688823  0.12153645  0.14386764  0.11061672  0.11061672  0.12153645  0.08924555  0.07878533  0.07878533  0.08924555  0.09985458  0.07878533  0.08924555  0.17867062  0.11061672  0.07878533  0.06846981  0.06846981  0.06846981  0.06846981  0.12153645  0.12153645  0.05829503  0.05829503  0.08924555  0.08924555  0.08924555  0.08924555  0.04825721  0.05829503  0.05829503  0.05829503  0.06846981  0.07878533  0.12153645  0.12153645  0.07878533  0.00000000  0.00000000  0.36678501  0.33682798  0.16688823  0.19064216  0.14386764  0.15528911  0.14386764  0.14386764  
70_2_0     0.13261846  0.12153645  0.12153645  0.16688823  0.16688823  0.12153645  0.14386764  0.11061672  0.11061672  0.12153645  0.08924555  0.07878533  0.07878533  0.08924555  0.09985458  0.07878533  0.08924555  0.17867062  0.11061672  0.07878533  0.06846981  0.06846981  0.06846981  0.06846981  0.12153645  0.12153645  0.05829503  0.05829503  0.08924555  0.08924555  0.08924555  0.08924555  0.04825721  0.05829503  0.05829503  0.05829503  0.06846981  0.07878533  0.12153645  0.12153645  0.07878533  0.00000000  0.00000000  0.36678501  0.33682798  0.16688823  0.19064216  0.14386764  0.15528911  0.14386764  0.14386764  
89_53_0    0.36678501  0.32228898  0.32228898  0.32228898  0.29403468  0.29403468  0.29403468  0.28029908  0.30802803  0.32228898  0.33682798  0.44740737  0.44740737  0.43057051  0.41410540  0.48226629  0.43057051  0.44740737  0.41410540  0.44740737  0.39799599  0.39799599  0.43057051  0.39799599  0.44740737  0.44740737  0.39799599  0.39799599  0.41410540  0.41410540  0.35165608  0.35165608  0.38222723  0.36678501  0.36678501  0.36678501  0.41410540  0.39799599  0.38222723  0.38222723  0.30802803  0.36678501  0.36678501  0.00000000  0.03835271  0.26681191  0.26681191  0.26681191  0.36678501  0.38222723  0.38222723  
89_51_0    0.36678501  0.32228898  0.32228898  0.32228898  0.29403468  0.29403468  0.29403468  0.28029908  0.30802803  0.32228898  0.30802803  0.41410540  0.41410540  0.39799599  0.38222723  0.44740737  0.39799599  0.41410540  0.38222723  0.41410540  0.39799599  0.39799599  0.43057051  0.39799599  0.39799599  0.39799599  0.36678501  0.36678501  0.38222723  0.38222723  0.32228898  0.32228898  0.35165608  0.36678501  0.33682798  0.33682798  0.38222723  0.36678501  0.35165608  0.35165608  0.28029908  0.33682798  0.33682798  0.03835271  0.00000000  0.26681191  0.26681191  0.24054800  0.33682798  0.35165608  0.35165608  
89_64_0    0.17867062  0.14386764  0.14386764  0.19064216  0.16688823  0.14386764  0.16688823  0.13261846  0.15528911  0.15528911  0.14386764  0.21517768  0.21517768  0.15528911  0.17867062  0.22775495  0.21517768  0.28029908  0.20280902  0.16688823  0.20280902  0.20280902  0.19064216  0.20280902  0.29403468  0.29403468  0.21517768  0.21517768  0.25356434  0.25356434  0.19064216  0.19064216  0.20280902  0.19064216  0.19064216  0.19064216  0.22775495  0.21517768  0.26681191  0.26681191  0.19064216  0.16688823  0.16688823  0.26681191  0.26681191  0.00000000  0.01892983  0.03835271  0.17867062  0.16688823  0.16688823  
89_68_0    0.17867062  0.14386764  0.14386764  0.19064216  0.16688823  0.14386764  0.16688823  0.13261846  0.15528911  0.15528911  0.14386764  0.24054800  0.24054800  0.17867062  0.20280902  0.25356434  0.24054800  0.30802803  0.22775495  0.19064216  0.22775495  0.22775495  0.21517768  0.22775495  0.29403468  0.29403468  0.21517768  0.21517768  0.25356434  0.25356434  0.19064216  0.19064216  0.20280902  0.19064216  0.19064216  0.19064216  0.22775495  0.21517768  0.26681191  0.26681191  0.19064216  0.19064216  0.19064216  0.26681191  0.26681191  0.01892983  0.00000000  0.03835271  0.20280902  0.19064216  0.19064216  
89_66_0    0.13261846  0.09985458  0.09985458  0.14386764  0.12153645  0.09985458  0.12153645  0.08924555  0.11061672  0.13261846  0.09985458  0.19064216  0.19064216  0.15528911  0.15528911  0.20280902  0.19064216  0.30802803  0.20280902  0.16688823  0.17867062  0.17867062  0.16688823  0.17867062  0.24054800  0.24054800  0.16688823  0.16688823  0.20280902  0.20280902  0.14386764  0.14386764  0.15528911  0.16688823  0.14386764  0.14386764  0.17867062  0.16688823  0.21517768  0.21517768  0.14386764  0.14386764  0.14386764  0.26681191  0.24054800  0.03835271  0.03835271  0.00000000  0.17867062  0.16688823  0.16688823  
89_67_0    0.16688823  0.15528911  0.15528911  0.15528911  0.13261846  0.15528911  0.17867062  0.16688823  0.14386764  0.12153645  0.11061672  0.17867062  0.15528911  0.16688823  0.19064216  0.19064216  0.20280902  0.21517768  0.16688823  0.17867062  0.15528911  0.15528911  0.15528911  0.15528911  0.22775495  0.22775495  0.20280902  0.20280902  0.24054800  0.24054800  0.20280902  0.20280902  0.19064216  0.17867062  0.20280902  0.20280902  0.21517768  0.22775495  0.28029908  0.28029908  0.20280902  0.15528911  0.15528911  0.36678501  0.33682798  0.17867062  0.20280902  0.17867062  0.00000000  0.00940485  0.00940485  
89_69_0    0.15528911  0.14386764  0.14386764  0.16688823  0.14386764  0.14386764  0.16688823  0.15528911  0.13261846  0.13261846  0.09985458  0.16688823  0.14386764  0.15528911  0.17867062  0.17867062  0.19064216  0.20280902  0.15528911  0.16688823  0.14386764  0.14386764  0.14386764  0.14386764  0.21517768  0.21517768  0.19064216  0.19064216  0.22775495  0.22775495  0.19064216  0.19064216  0.17867062  0.16688823  0.19064216  0.19064216  0.20280902  0.21517768  0.26681191  0.26681191  0.19064216  0.14386764  0.14386764  0.38222723  0.35165608  0.16688823  0.19064216  0.16688823  0.00940485  0.00000000  0.00000000  
89_57_0    0.15528911  0.14386764  0.14386764  0.16688823  0.14386764  0.14386764  0.16688823  0.15528911  0.13261846  0.13261846  0.09985458  0.16688823  0.14386764  0.15528911  0.17867062  0.17867062  0.19064216  0.20280902  0.15528911  0.16688823  0.14386764  0.14386764  0.14386764  0.14386764  0.21517768  0.21517768  0.19064216  0.19064216  0.22775495  0.22775495  0.19064216  0.19064216  0.17867062  0.16688823  0.19064216  0.19064216  0.20280902  0.21517768  0.26681191  0.26681191  0.19064216  0.14386764  0.14386764  0.38222723  0.35165608  0.16688823  0.19064216  0.16688823  0.00940485  0.00000000  0.00000000  

