20
3_0_0      0.00000000  0.10392478  0.09698479  0.24142939  0.20859356  0.21666719  0.19270537  0.22482971  0.23308309  0.18488716  0.21666719  0.16949381  0.20859356  0.17715054  0.18488716  0.18488716  0.20060691  0.21666719  0.16191536  0.20060691  
2_0_0      0.10392478  0.00000000  0.01840848  0.17715054  0.17715054  0.18488716  0.15441358  0.18488716  0.16949381  0.18488716  0.16949381  0.23308309  0.17715054  0.20859356  0.20859356  0.20859356  0.17715054  0.22482971  0.20859356  0.20060691  
1_0_0      0.09698479  0.01840848  0.00000000  0.18488716  0.18488716  0.19270537  0.14698696  0.19270537  0.17715054  0.17715054  0.16191536  0.22482971  0.18488716  0.20060691  0.20060691  0.20060691  0.15441358  0.21666719  0.20060691  0.19270537  
20_0_0     0.24142939  0.17715054  0.18488716  0.00000000  0.02464763  0.03728569  0.05014292  0.05014292  0.05014292  0.09010916  0.05014292  0.20060691  0.17715054  0.16949381  0.18488716  0.18488716  0.23308309  0.18488716  0.21666719  0.20859356  
8_0_0      0.20859356  0.17715054  0.18488716  0.02464763  0.00000000  0.01840848  0.06322707  0.05014292  0.05014292  0.08329671  0.05014292  0.19270537  0.19270537  0.18488716  0.20060691  0.20060691  0.21666719  0.17715054  0.19270537  0.18488716  
15_0_0     0.21666719  0.18488716  0.19270537  0.03728569  0.01840848  0.00000000  0.07654628  0.05665613  0.04368644  0.07654628  0.05665613  0.17715054  0.19270537  0.18488716  0.20060691  0.20060691  0.23308309  0.19270537  0.21666719  0.19270537  
19_0_0     0.19270537  0.15441358  0.14698696  0.05014292  0.06322707  0.07654628  0.00000000  0.05665613  0.06322707  0.06322707  0.06322707  0.22482971  0.20060691  0.19270537  0.20859356  0.20859356  0.20859356  0.20859356  0.20859356  0.21666719  
9_0_0      0.22482971  0.18488716  0.19270537  0.05014292  0.05014292  0.05665613  0.05665613  0.00000000  0.02464763  0.06322707  0.02464763  0.19270537  0.20060691  0.20859356  0.20859356  0.20859356  0.21666719  0.21666719  0.24142939  0.24142939  
16_0_0     0.23308309  0.16949381  0.17715054  0.05014292  0.05014292  0.04368644  0.06322707  0.02464763  0.00000000  0.05665613  0.02464763  0.20060691  0.19270537  0.20060691  0.20060691  0.20060691  0.21666719  0.20060691  0.23308309  0.20859356  
18_0_0     0.18488716  0.18488716  0.17715054  0.09010916  0.08329671  0.07654628  0.06322707  0.06322707  0.05665613  0.00000000  0.05665613  0.19270537  0.20060691  0.20060691  0.18488716  0.18488716  0.21666719  0.21666719  0.20859356  0.20060691  
7_0_0      0.21666719  0.16949381  0.16191536  0.05014292  0.05014292  0.05665613  0.06322707  0.02464763  0.02464763  0.05665613  0.00000000  0.18488716  0.19270537  0.18488716  0.18488716  0.18488716  0.20060691  0.18488716  0.21666719  0.20859356  
5_0_0      0.16949381  0.23308309  0.22482971  0.20060691  0.19270537  0.17715054  0.22482971  0.19270537  0.20060691  0.19270537  0.18488716  0.00000000  0.07654628  0.04368644  0.06985677  0.07654628  0.29358219  0.25840927  0.24987072  0.24142939  
11_0_0     0.20859356  0.17715054  0.18488716  0.17715054  0.19270537  0.19270537  0.20060691  0.20060691  0.19270537  0.20060691  0.19270537  0.07654628  0.00000000  0.03093973  0.03728569  0.04368644  0.28463129  0.27578717  0.28463129  0.25840927  
6_0_0      0.17715054  0.20859356  0.20060691  0.16949381  0.18488716  0.18488716  0.19270537  0.20859356  0.20060691  0.20060691  0.18488716  0.04368644  0.03093973  0.00000000  0.03093973  0.03728569  0.30264248  0.24142939  0.24987072  0.24142939  
14_0_0     0.18488716  0.20859356  0.20060691  0.18488716  0.20060691  0.20060691  0.20859356  0.20859356  0.20060691  0.18488716  0.18488716  0.06985677  0.03728569  0.03093973  0.00000000  0.00608551  0.27578717  0.23308309  0.24987072  0.24142939  
17_0_0     0.18488716  0.20859356  0.20060691  0.18488716  0.20060691  0.20060691  0.20859356  0.20859356  0.20060691  0.18488716  0.18488716  0.07654628  0.04368644  0.03728569  0.00608551  0.00000000  0.27578717  0.23308309  0.24987072  0.24142939  
4_0_0      0.20060691  0.17715054  0.15441358  0.23308309  0.21666719  0.23308309  0.20859356  0.21666719  0.21666719  0.21666719  0.20060691  0.29358219  0.28463129  0.30264248  0.27578717  0.27578717  0.00000000  0.07654628  0.08329671  0.08329671  
13_0_0     0.21666719  0.22482971  0.21666719  0.18488716  0.17715054  0.19270537  0.20859356  0.21666719  0.20060691  0.21666719  0.18488716  0.25840927  0.27578717  0.24142939  0.23308309  0.23308309  0.07654628  0.00000000  0.05014292  0.05014292  
12_0_0     0.16191536  0.20859356  0.20060691  0.21666719  0.19270537  0.21666719  0.20859356  0.24142939  0.23308309  0.20859356  0.21666719  0.24987072  0.28463129  0.24987072  0.24987072  0.24987072  0.08329671  0.05014292  0.00000000  0.05014292  
10_0_0     0.20060691  0.20060691  0.19270537  0.20859356  0.18488716  0.19270537  0.21666719  0.24142939  0.20859356  0.20060691  0.20859356  0.24142939  0.25840927  0.24142939  0.24142939  0.24142939  0.08329671  0.05014292  0.05014292  0.00000000  

