20
2_0_0      0.00000000  0.00000000  0.00000000  0.23127956  0.25024422  0.29989753  0.24070115  0.25991196  0.25991196  0.25991196  0.28969679  0.27963474  0.25991196  0.23127956  0.24070115  0.23127956  0.28969679  0.28969679  0.28969679  0.21278874  
3_0_0      0.00000000  0.00000000  0.00000000  0.23127956  0.25024422  0.29989753  0.24070115  0.25991196  0.25991196  0.25991196  0.28969679  0.27963474  0.25991196  0.23127956  0.24070115  0.23127956  0.28969679  0.28969679  0.28969679  0.21278874  
1_0_0      0.00000000  0.00000000  0.00000000  0.23127956  0.25024422  0.29989753  0.24070115  0.25991196  0.25991196  0.25991196  0.28969679  0.27963474  0.25991196  0.23127956  0.24070115  0.23127956  0.28969679  0.28969679  0.28969679  0.21278874  
14_0_0     0.23127956  0.23127956  0.23127956  0.00000000  0.04228094  0.09486984  0.00688121  0.08712446  0.07187272  0.07187272  0.11060809  0.08712446  0.06436311  0.04228094  0.04956870  0.05692894  0.12668830  0.12668830  0.12668830  0.13486135  
6_0_0      0.25024422  0.25024422  0.25024422  0.04228094  0.00000000  0.12668830  0.04956870  0.13486135  0.11860453  0.11860453  0.15993640  0.13486135  0.11060809  0.08712446  0.09486984  0.07187272  0.17713786  0.17713786  0.17713786  0.18589088  
15_0_0     0.29989753  0.29989753  0.29989753  0.09486984  0.12668830  0.00000000  0.08712446  0.12668830  0.14312566  0.14312566  0.16848716  0.14312566  0.11860453  0.09486984  0.10269713  0.09486984  0.15148330  0.15148330  0.15148330  0.17713786  
16_0_0     0.24070115  0.24070115  0.24070115  0.00688121  0.04956870  0.08712446  0.00000000  0.09486984  0.07945930  0.07945930  0.10269713  0.07945930  0.05692894  0.03506424  0.04228094  0.04956870  0.11860453  0.11860453  0.11860453  0.14312566  
4_0_0      0.25991196  0.25991196  0.25991196  0.08712446  0.13486135  0.12668830  0.09486984  0.00000000  0.01382699  0.01382699  0.04956870  0.10269713  0.08712446  0.06436311  0.07187272  0.07945930  0.11860453  0.11860453  0.11860453  0.12668830  
12_0_0     0.25991196  0.25991196  0.25991196  0.07187272  0.11860453  0.14312566  0.07945930  0.01382699  0.00000000  0.00000000  0.03506424  0.08712446  0.07187272  0.04956870  0.05692894  0.06436311  0.11860453  0.11860453  0.11860453  0.14312566  
10_0_0     0.25991196  0.25991196  0.25991196  0.07187272  0.11860453  0.14312566  0.07945930  0.01382699  0.00000000  0.00000000  0.03506424  0.08712446  0.07187272  0.04956870  0.05692894  0.06436311  0.11860453  0.11860453  0.11860453  0.14312566  
5_0_0      0.28969679  0.28969679  0.28969679  0.11060809  0.15993640  0.16848716  0.10269713  0.04956870  0.03506424  0.03506424  0.00000000  0.07945930  0.09486984  0.07187272  0.07945930  0.08712446  0.12668830  0.12668830  0.12668830  0.16848716  
17_0_0     0.27963474  0.27963474  0.27963474  0.08712446  0.13486135  0.14312566  0.07945930  0.10269713  0.08712446  0.08712446  0.07945930  0.00000000  0.02791723  0.04956870  0.05692894  0.06436311  0.11860453  0.11860453  0.11860453  0.14312566  
11_0_0     0.25991196  0.25991196  0.25991196  0.06436311  0.11060809  0.11860453  0.05692894  0.08712446  0.07187272  0.07187272  0.09486984  0.02791723  0.00000000  0.02083858  0.02791723  0.03506424  0.10269713  0.10269713  0.10269713  0.12668830  
18_0_0     0.23127956  0.23127956  0.23127956  0.04228094  0.08712446  0.09486984  0.03506424  0.06436311  0.04956870  0.04956870  0.07187272  0.04956870  0.02083858  0.00000000  0.00688121  0.01382699  0.07945930  0.07945930  0.07945930  0.10269713  
8_0_0      0.24070115  0.24070115  0.24070115  0.04956870  0.09486984  0.10269713  0.04228094  0.07187272  0.05692894  0.05692894  0.07945930  0.05692894  0.02791723  0.00688121  0.00000000  0.02083858  0.08712446  0.08712446  0.08712446  0.11060809  
19_0_0     0.23127956  0.23127956  0.23127956  0.05692894  0.07187272  0.09486984  0.04956870  0.07945930  0.06436311  0.06436311  0.08712446  0.06436311  0.03506424  0.01382699  0.02083858  0.00000000  0.09486984  0.09486984  0.09486984  0.11860453  
7_0_0      0.28969679  0.28969679  0.28969679  0.12668830  0.17713786  0.15148330  0.11860453  0.11860453  0.11860453  0.11860453  0.12668830  0.11860453  0.10269713  0.07945930  0.08712446  0.09486984  0.00000000  0.00000000  0.00000000  0.15993640  
13_0_0     0.28969679  0.28969679  0.28969679  0.12668830  0.17713786  0.15148330  0.11860453  0.11860453  0.11860453  0.11860453  0.12668830  0.11860453  0.10269713  0.07945930  0.08712446  0.09486984  0.00000000  0.00000000  0.00000000  0.15993640  
9_0_0      0.28969679  0.28969679  0.28969679  0.12668830  0.17713786  0.15148330  0.11860453  0.11860453  0.11860453  0.11860453  0.12668830  0.11860453  0.10269713  0.07945930  0.08712446  0.09486984  0.00000000  0.00000000  0.00000000  0.15993640  
20_0_0     0.21278874  0.21278874  0.21278874  0.13486135  0.18589088  0.17713786  0.14312566  0.12668830  0.14312566  0.14312566  0.16848716  0.14312566  0.12668830  0.10269713  0.11060809  0.11860453  0.15993640  0.15993640  0.15993640  0.00000000  

