23
1_0_0      0.00000000  0.00000000  0.00000000  0.03511360  0.03511360  0.02914326  0.27394462  0.27394462  0.28229615  0.29074395  0.29074395  0.29929026  0.29929026  0.23355748  0.30793741  0.29074395  0.30793741  0.31668780  0.31668780  0.30793741  0.30793741  0.30793741  0.29929026  
2_0_0      0.00000000  0.00000000  0.00000000  0.03511360  0.03511360  0.02914326  0.27394462  0.27394462  0.28229615  0.29074395  0.29074395  0.29929026  0.29929026  0.23355748  0.30793741  0.29074395  0.30793741  0.31668780  0.31668780  0.30793741  0.30793741  0.30793741  0.29929026  
3_0_0      0.00000000  0.00000000  0.00000000  0.03511360  0.03511360  0.02914326  0.27394462  0.27394462  0.28229615  0.29074395  0.29074395  0.29929026  0.29929026  0.23355748  0.30793741  0.29074395  0.30793741  0.31668780  0.31668780  0.30793741  0.30793741  0.30793741  0.29929026  
2_3_0      0.03511360  0.03511360  0.03511360  0.00000000  0.00000000  0.00573668  0.24944628  0.24944628  0.25752174  0.26568718  0.29074395  0.24944628  0.24944628  0.21800585  0.27394462  0.25752174  0.29074395  0.29929026  0.29929026  0.29074395  0.29074395  0.29074395  0.28229615  
3_3_0      0.03511360  0.03511360  0.03511360  0.00000000  0.00000000  0.00573668  0.24944628  0.24944628  0.25752174  0.26568718  0.29074395  0.24944628  0.24944628  0.21800585  0.27394462  0.25752174  0.29074395  0.29929026  0.29929026  0.29074395  0.29074395  0.29074395  0.28229615  
1_3_0      0.02914326  0.02914326  0.02914326  0.00573668  0.00573668  0.00000000  0.24944628  0.24944628  0.25752174  0.26568718  0.29929026  0.25752174  0.25752174  0.21035206  0.28229615  0.26568718  0.29929026  0.30793741  0.30793741  0.29929026  0.29929026  0.29929026  0.29074395  
9_8_0      0.27394462  0.27394462  0.27394462  0.24944628  0.24944628  0.24944628  0.00000000  0.00000000  0.00573668  0.01151862  0.12424663  0.11750773  0.11750773  0.12424663  0.24944628  0.24944628  0.29074395  0.28229615  0.29929026  0.29074395  0.29074395  0.29074395  0.29929026  
13_8_0     0.27394462  0.27394462  0.27394462  0.24944628  0.24944628  0.24944628  0.00000000  0.00000000  0.00573668  0.01151862  0.12424663  0.11750773  0.11750773  0.12424663  0.24944628  0.24944628  0.29074395  0.28229615  0.29929026  0.29074395  0.29074395  0.29074395  0.29929026  
7_9_0      0.28229615  0.28229615  0.28229615  0.25752174  0.25752174  0.25752174  0.00573668  0.00573668  0.00000000  0.01734653  0.13104807  0.12424663  0.12424663  0.13104807  0.24145882  0.25752174  0.29929026  0.29074395  0.30793741  0.29929026  0.29929026  0.29929026  0.30793741  
7_8_0      0.29074395  0.29074395  0.29074395  0.26568718  0.26568718  0.26568718  0.01151862  0.01151862  0.01734653  0.00000000  0.12424663  0.13104807  0.13104807  0.13791322  0.24944628  0.24944628  0.29074395  0.28229615  0.29929026  0.29074395  0.29074395  0.29074395  0.29929026  
19_8_0     0.29074395  0.29074395  0.29074395  0.29074395  0.29074395  0.29929026  0.12424663  0.12424663  0.13104807  0.12424663  0.00000000  0.11083023  0.11083023  0.14484328  0.23355748  0.21800585  0.21800585  0.21035206  0.22574042  0.21800585  0.21800585  0.21800585  0.22574042  
8_10_0     0.29929026  0.29929026  0.29929026  0.24944628  0.24944628  0.25752174  0.11750773  0.11750773  0.12424663  0.13104807  0.11083023  0.00000000  0.00000000  0.09115518  0.24944628  0.23355748  0.22574042  0.21800585  0.23355748  0.22574042  0.22574042  0.22574042  0.21800585  
18_10_0    0.29929026  0.29929026  0.29929026  0.24944628  0.24944628  0.25752174  0.11750773  0.11750773  0.12424663  0.13104807  0.11083023  0.00000000  0.00000000  0.09115518  0.24944628  0.23355748  0.22574042  0.21800585  0.23355748  0.22574042  0.22574042  0.22574042  0.21800585  
19_7_0     0.23355748  0.23355748  0.23355748  0.21800585  0.21800585  0.21035206  0.12424663  0.12424663  0.13104807  0.13791322  0.14484328  0.09115518  0.09115518  0.00000000  0.25752174  0.24145882  0.24145882  0.24944628  0.24944628  0.24145882  0.24145882  0.24145882  0.24145882  
11_4_0     0.30793741  0.30793741  0.30793741  0.27394462  0.27394462  0.28229615  0.24944628  0.24944628  0.24145882  0.24944628  0.23355748  0.24944628  0.24944628  0.25752174  0.00000000  0.01151862  0.09115518  0.08471249  0.09765502  0.09115518  0.09115518  0.09115518  0.08471249  
17_4_0     0.29074395  0.29074395  0.29074395  0.25752174  0.25752174  0.26568718  0.24944628  0.24944628  0.25752174  0.24944628  0.21800585  0.23355748  0.23355748  0.24145882  0.01151862  0.00000000  0.07832593  0.07199455  0.08471249  0.07832593  0.07832593  0.07832593  0.07199455  
5_4_0      0.30793741  0.30793741  0.30793741  0.29074395  0.29074395  0.29929026  0.29074395  0.29074395  0.29929026  0.29074395  0.21800585  0.22574042  0.22574042  0.24145882  0.09115518  0.07832593  0.00000000  0.00573668  0.00573668  0.00000000  0.00000000  0.00000000  0.01151862  
10_6_0     0.31668780  0.31668780  0.31668780  0.29929026  0.29929026  0.30793741  0.28229615  0.28229615  0.29074395  0.28229615  0.21035206  0.21800585  0.21800585  0.24944628  0.08471249  0.07199455  0.00573668  0.00000000  0.01151862  0.00573668  0.00573668  0.00573668  0.01734653  
4_6_0      0.31668780  0.31668780  0.31668780  0.29929026  0.29929026  0.30793741  0.29929026  0.29929026  0.30793741  0.29929026  0.22574042  0.23355748  0.23355748  0.24944628  0.09765502  0.08471249  0.00573668  0.01151862  0.00000000  0.00573668  0.00573668  0.00573668  0.01734653  
12_6_0     0.30793741  0.30793741  0.30793741  0.29074395  0.29074395  0.29929026  0.29074395  0.29074395  0.29929026  0.29074395  0.21800585  0.22574042  0.22574042  0.24145882  0.09115518  0.07832593  0.00000000  0.00573668  0.00573668  0.00000000  0.00000000  0.00000000  0.01151862  
4_4_0      0.30793741  0.30793741  0.30793741  0.29074395  0.29074395  0.29929026  0.29074395  0.29074395  0.29929026  0.29074395  0.21800585  0.22574042  0.22574042  0.24145882  0.09115518  0.07832593  0.00000000  0.00573668  0.00573668  0.00000000  0.00000000  0.00000000  0.01151862  
12_4_0     0.30793741  0.30793741  0.30793741  0.29074395  0.29074395  0.29929026  0.29074395  0.29074395  0.29929026  0.29074395  0.21800585  0.22574042  0.22574042  0.24145882  0.09115518  0.07832593  0.00000000  0.00573668  0.00573668  0.00000000  0.00000000  0.00000000  0.01151862  
10_4_0     0.29929026  0.29929026  0.29929026  0.28229615  0.28229615  0.29074395  0.29929026  0.29929026  0.30793741  0.29929026  0.22574042  0.21800585  0.21800585  0.24145882  0.08471249  0.07199455  0.01151862  0.01734653  0.01734653  0.01151862  0.01151862  0.01151862  0.00000000  

