22
15_0_0     0.00000000  0.03344890  0.03835210  0.04328774  0.04328774  0.04825624  0.06846783  0.04328774  0.05829361  0.07360744  0.05829361  0.04825624  0.04825624  0.06336338  0.06336338  0.05829361  0.04825624  0.04328774  0.05325805  0.05325805  0.04328774  0.04825624  
16_0_0     0.03344890  0.00000000  0.00468759  0.01892968  0.01892968  0.02373810  0.07360744  0.04328774  0.05325805  0.05829361  0.07360744  0.05325805  0.04328774  0.05829361  0.05829361  0.05829361  0.05325805  0.05325805  0.05829361  0.05829361  0.04825624  0.05325805  
28_0_0     0.03835210  0.00468759  0.00000000  0.02373810  0.02373810  0.02857770  0.07360744  0.04328774  0.05325805  0.05829361  0.07360744  0.05325805  0.04328774  0.05829361  0.05829361  0.05829361  0.05325805  0.05325805  0.05829361  0.05829361  0.04825624  0.05325805  
5_0_0      0.04328774  0.01892968  0.02373810  0.00000000  0.01892968  0.02373810  0.07878270  0.04825624  0.04825624  0.06336338  0.07878270  0.05829361  0.04825624  0.06336338  0.06336338  0.06336338  0.05829361  0.06336338  0.06336338  0.06336338  0.05325805  0.05829361  
39_0_0     0.04328774  0.01892968  0.02373810  0.01892968  0.00000000  0.01415205  0.06846783  0.03835210  0.04825624  0.05325805  0.06846783  0.04825624  0.03835210  0.05325805  0.05325805  0.05325805  0.04825624  0.05325805  0.05325805  0.05325805  0.05325805  0.04825624  
29_0_0     0.04825624  0.02373810  0.02857770  0.02373810  0.01415205  0.00000000  0.07360744  0.04328774  0.05325805  0.05829361  0.06336338  0.05325805  0.04328774  0.05829361  0.05829361  0.05829361  0.05325805  0.05829361  0.05829361  0.05829361  0.05829361  0.05325805  
15_2_0     0.06846783  0.07360744  0.07360744  0.07878270  0.06846783  0.07360744  0.00000000  0.02857770  0.02857770  0.03344890  0.02857770  0.02857770  0.02857770  0.02857770  0.02857770  0.02857770  0.02857770  0.03344890  0.02373810  0.02373810  0.02373810  0.01892968  
5_4_0      0.04328774  0.04328774  0.04328774  0.04825624  0.03835210  0.04328774  0.02857770  0.00000000  0.01892968  0.03344890  0.02857770  0.01892968  0.00940481  0.02373810  0.02373810  0.01892968  0.01892968  0.01892968  0.01415205  0.01415205  0.01415205  0.00940481  
5_6_0      0.05829361  0.05325805  0.05325805  0.04825624  0.04825624  0.05325805  0.02857770  0.01892968  0.00000000  0.02373810  0.03835210  0.01892968  0.00940481  0.01415205  0.01415205  0.01415205  0.00940481  0.02857770  0.01415205  0.01415205  0.01415205  0.00940481  
5_2_0      0.07360744  0.05829361  0.05829361  0.06336338  0.05325805  0.05829361  0.03344890  0.03344890  0.02373810  0.00000000  0.04328774  0.03344890  0.02373810  0.02857770  0.02857770  0.02857770  0.02373810  0.04328774  0.02857770  0.02857770  0.02857770  0.02373810  
5_5_0      0.05829361  0.07360744  0.07360744  0.07878270  0.06846783  0.06336338  0.02857770  0.02857770  0.03835210  0.04328774  0.00000000  0.01892968  0.02857770  0.03835210  0.03835210  0.03835210  0.02857770  0.03835210  0.03344890  0.03344890  0.03344890  0.02857770  
28_2_0     0.04825624  0.05325805  0.05325805  0.05829361  0.04825624  0.05325805  0.02857770  0.01892968  0.01892968  0.03344890  0.01892968  0.00000000  0.00940481  0.01892968  0.01892968  0.02373810  0.00940481  0.02857770  0.02373810  0.02373810  0.02373810  0.01892968  
16_2_0     0.04825624  0.04328774  0.04328774  0.04825624  0.03835210  0.04328774  0.02857770  0.00940481  0.00940481  0.02373810  0.02857770  0.00940481  0.00000000  0.01415205  0.01415205  0.01415205  0.00940481  0.02857770  0.01415205  0.01415205  0.01415205  0.00940481  
28_3_0     0.06336338  0.05829361  0.05829361  0.06336338  0.05325805  0.05829361  0.02857770  0.02373810  0.01415205  0.02857770  0.03835210  0.01892968  0.01415205  0.00000000  0.00000000  0.00940481  0.01415205  0.03344890  0.01892968  0.01892968  0.01892968  0.01415205  
16_3_0     0.06336338  0.05829361  0.05829361  0.06336338  0.05325805  0.05829361  0.02857770  0.02373810  0.01415205  0.02857770  0.03835210  0.01892968  0.01415205  0.00000000  0.00000000  0.00940481  0.01415205  0.03344890  0.01892968  0.01892968  0.01892968  0.01415205  
5_3_0      0.05829361  0.05829361  0.05829361  0.06336338  0.05325805  0.05829361  0.02857770  0.01892968  0.01415205  0.02857770  0.03835210  0.02373810  0.01415205  0.00940481  0.00940481  0.00000000  0.01415205  0.02857770  0.01415205  0.01415205  0.01415205  0.00940481  
15_3_0     0.04825624  0.05325805  0.05325805  0.05829361  0.04825624  0.05325805  0.02857770  0.01892968  0.00940481  0.02373810  0.02857770  0.00940481  0.00940481  0.01415205  0.01415205  0.01415205  0.00000000  0.01892968  0.01415205  0.01415205  0.01415205  0.00940481  
39_3_0     0.04328774  0.05325805  0.05325805  0.06336338  0.05325805  0.05829361  0.03344890  0.01892968  0.02857770  0.04328774  0.03835210  0.02857770  0.02857770  0.03344890  0.03344890  0.02857770  0.01892968  0.00000000  0.02373810  0.02373810  0.02373810  0.01892968  
29_8_0     0.05325805  0.05829361  0.05829361  0.06336338  0.05325805  0.05829361  0.02373810  0.01415205  0.01415205  0.02857770  0.03344890  0.02373810  0.01415205  0.01892968  0.01892968  0.01415205  0.01415205  0.02373810  0.00000000  0.00000000  0.00940481  0.00468759  
29_3_0     0.05325805  0.05829361  0.05829361  0.06336338  0.05325805  0.05829361  0.02373810  0.01415205  0.01415205  0.02857770  0.03344890  0.02373810  0.01415205  0.01892968  0.01892968  0.01415205  0.01415205  0.02373810  0.00000000  0.00000000  0.00940481  0.00468759  
39_7_0     0.04328774  0.04825624  0.04825624  0.05325805  0.05325805  0.05829361  0.02373810  0.01415205  0.01415205  0.02857770  0.03344890  0.02373810  0.01415205  0.01892968  0.01892968  0.01415205  0.01415205  0.02373810  0.00940481  0.00940481  0.00000000  0.00468759  
29_7_0     0.04825624  0.05325805  0.05325805  0.05829361  0.04825624  0.05325805  0.01892968  0.00940481  0.00940481  0.02373810  0.02857770  0.01892968  0.00940481  0.01415205  0.01415205  0.00940481  0.00940481  0.01892968  0.00468759  0.00468759  0.00468759  0.00000000  

