20
8_0_0      0.00000000  0.00000000  0.12111107  0.12711919  0.14544340  0.13928452  0.15791789  0.12711919  0.15791789  0.14544340  0.16423529  0.29587942  0.28833160  0.29587942  0.29587942  0.29587942  0.30350541  0.35922047  0.28086037  0.27346418  
2_0_0      0.00000000  0.00000000  0.12111107  0.12711919  0.14544340  0.13928452  0.15791789  0.12711919  0.15791789  0.14544340  0.16423529  0.29587942  0.28833160  0.29587942  0.29587942  0.29587942  0.30350541  0.35922047  0.28086037  0.27346418  
9_0_0      0.12111107  0.12111107  0.00000000  0.03110469  0.08605689  0.06358152  0.09178458  0.05259598  0.11515159  0.10337540  0.12111107  0.23058248  0.22367219  0.29587942  0.29587942  0.29587942  0.25889103  0.27346418  0.23755824  0.25171121  
1_0_0      0.12711919  0.12711919  0.03110469  0.00000000  0.09755718  0.07473345  0.10337540  0.06358152  0.13928452  0.12711919  0.13317673  0.24460072  0.23755824  0.29587942  0.29587942  0.29587942  0.25889103  0.28833160  0.22367219  0.23755824  
6_0_0      0.14544340  0.14544340  0.08605689  0.09755718  0.00000000  0.10923995  0.13928452  0.09755718  0.15791789  0.15791789  0.13928452  0.25889103  0.25171121  0.35922047  0.35922047  0.35922047  0.29587942  0.35922047  0.26614155  0.26614155  
4_0_0      0.13928452  0.13928452  0.06358152  0.07473345  0.10923995  0.00000000  0.03641899  0.06358152  0.12711919  0.11515159  0.14544340  0.25171121  0.24460072  0.28086037  0.28086037  0.28086037  0.28833160  0.28833160  0.25171121  0.23755824  
3_0_0      0.15791789  0.15791789  0.09178458  0.10337540  0.13928452  0.03641899  0.00000000  0.08605689  0.13928452  0.12711919  0.15791789  0.27346418  0.26614155  0.28833160  0.28833160  0.28833160  0.31121121  0.30350541  0.28086037  0.26614155  
5_0_0      0.12711919  0.12711919  0.05259598  0.06358152  0.09755718  0.06358152  0.08605689  0.00000000  0.12111107  0.10923995  0.12711919  0.25171121  0.24460072  0.28833160  0.28833160  0.28833160  0.27346418  0.28086037  0.25889103  0.24460072  
7_0_0      0.15791789  0.15791789  0.11515159  0.13928452  0.15791789  0.12711919  0.13928452  0.12111107  0.00000000  0.01022292  0.08037340  0.29587942  0.27346418  0.32686905  0.32686905  0.32686905  0.31121121  0.26614155  0.25889103  0.25889103  
11_0_0     0.14544340  0.14544340  0.10337540  0.12711919  0.15791789  0.11515159  0.12711919  0.10923995  0.01022292  0.00000000  0.08037340  0.29587942  0.27346418  0.31121121  0.31121121  0.31121121  0.31121121  0.26614155  0.27346418  0.27346418  
10_0_0     0.16423529  0.16423529  0.12111107  0.13317673  0.13928452  0.14544340  0.15791789  0.12711919  0.08037340  0.08037340  0.00000000  0.28833160  0.28086037  0.28086037  0.28086037  0.28086037  0.25171121  0.25171121  0.22367219  0.21682615  
18_0_0     0.29587942  0.29587942  0.23058248  0.24460072  0.25889103  0.25171121  0.27346418  0.25171121  0.29587942  0.29587942  0.28833160  0.00000000  0.01538811  0.18351937  0.18351937  0.18351937  0.14544340  0.18351937  0.15791789  0.16423529  
14_0_0     0.28833160  0.28833160  0.22367219  0.23755824  0.25171121  0.24460072  0.26614155  0.24460072  0.27346418  0.27346418  0.28086037  0.01538811  0.00000000  0.17703506  0.17703506  0.17703506  0.13928452  0.17703506  0.15165422  0.15791789  
20_0_0     0.29587942  0.29587942  0.29587942  0.29587942  0.35922047  0.28086037  0.28833160  0.28833160  0.32686905  0.31121121  0.28086037  0.18351937  0.17703506  0.00000000  0.00000000  0.00000000  0.08605689  0.12111107  0.15791789  0.16423529  
19_0_0     0.29587942  0.29587942  0.29587942  0.29587942  0.35922047  0.28086037  0.28833160  0.28833160  0.32686905  0.31121121  0.28086037  0.18351937  0.17703506  0.00000000  0.00000000  0.00000000  0.08605689  0.12111107  0.15791789  0.16423529  
12_0_0     0.29587942  0.29587942  0.29587942  0.29587942  0.35922047  0.28086037  0.28833160  0.28833160  0.32686905  0.31121121  0.28086037  0.18351937  0.17703506  0.00000000  0.00000000  0.00000000  0.08605689  0.12111107  0.15791789  0.16423529  
13_0_0     0.30350541  0.30350541  0.25889103  0.25889103  0.29587942  0.28833160  0.31121121  0.27346418  0.31121121  0.31121121  0.25171121  0.14544340  0.13928452  0.08605689  0.08605689  0.08605689  0.00000000  0.15791789  0.12111107  0.12111107  
15_0_0     0.35922047  0.35922047  0.27346418  0.28833160  0.35922047  0.28833160  0.30350541  0.28086037  0.26614155  0.26614155  0.25171121  0.18351937  0.17703506  0.12111107  0.12111107  0.12111107  0.15791789  0.00000000  0.16423529  0.19666185  
17_0_0     0.28086037  0.28086037  0.23755824  0.22367219  0.26614155  0.25171121  0.28086037  0.25889103  0.25889103  0.27346418  0.22367219  0.15791789  0.15165422  0.15791789  0.15791789  0.15791789  0.12111107  0.16423529  0.00000000  0.05259598  
16_0_0     0.27346418  0.27346418  0.25171121  0.23755824  0.26614155  0.23755824  0.26614155  0.24460072  0.25889103  0.27346418  0.21682615  0.16423529  0.15791789  0.16423529  0.16423529  0.16423529  0.12111107  0.19666185  0.05259598  0.00000000  

