31
14_0_0     0.00000000  0.00000000  0.31817911  0.23871297  0.23871297  0.23871297  0.23871297  0.23871297  0.24501465  0.25778355  0.24501465  0.22012781  0.22627046  0.19606128  0.20799540  0.20799540  0.20799540  0.25137119  0.22627046  0.23871297  0.24501465  0.27736557  0.23871297  0.23246521  0.23871297  0.23871297  0.23871297  0.23871297  0.24501465  0.24501465  0.23871297  
59_0_0     0.00000000  0.00000000  0.31817911  0.23871297  0.23871297  0.23871297  0.23871297  0.23871297  0.24501465  0.25778355  0.24501465  0.22012781  0.22627046  0.19606128  0.20799540  0.20799540  0.20799540  0.25137119  0.22627046  0.23871297  0.24501465  0.27736557  0.23871297  0.23246521  0.23871297  0.23871297  0.23871297  0.23871297  0.24501465  0.24501465  0.23871297  
6_3_0      0.31817911  0.31817911  0.00000000  0.10702059  0.12828369  0.13915203  0.15018458  0.15018458  0.15576400  0.20799540  0.15576400  0.15018458  0.14464747  0.12290959  0.13369764  0.13369764  0.13369764  0.12828369  0.10702059  0.10702059  0.19016657  0.19606128  0.16705239  0.17276270  0.15576400  0.15576400  0.15576400  0.15576400  0.15018458  0.15018458  0.16705239  
52_3_0     0.23871297  0.23871297  0.10702059  0.00000000  0.02766690  0.04671159  0.03712716  0.03712716  0.04190365  0.08635917  0.06132833  0.04671159  0.04190365  0.03238171  0.03238171  0.02298234  0.02298234  0.06132833  0.06626632  0.07624364  0.08635917  0.13369764  0.09661680  0.10180017  0.07624364  0.07624364  0.07624364  0.07624364  0.07123794  0.07123794  0.07624364  
54_3_0     0.23871297  0.23871297  0.12828369  0.02766690  0.00000000  0.06626632  0.06626632  0.06626632  0.07123794  0.11757475  0.08635917  0.07123794  0.06626632  0.05155140  0.06132833  0.05155140  0.05155140  0.09146998  0.08635917  0.09661680  0.11757475  0.13915203  0.11227860  0.10702059  0.09146998  0.09146998  0.09146998  0.09146998  0.08635917  0.08635917  0.09146998  
54_5_0     0.23871297  0.23871297  0.13915203  0.04671159  0.06626632  0.00000000  0.01370242  0.01370242  0.01832764  0.07123794  0.06626632  0.06132833  0.05642350  0.03712716  0.03712716  0.03712716  0.03712716  0.09146998  0.09146998  0.09661680  0.09146998  0.12828369  0.09146998  0.09661680  0.09146998  0.09146998  0.09146998  0.09146998  0.08635917  0.08635917  0.09146998  
5_5_0      0.23871297  0.23871297  0.15018458  0.03712716  0.06626632  0.01370242  0.00000000  0.00000000  0.00453896  0.05642350  0.06132833  0.04671159  0.04190365  0.03238171  0.02298234  0.02298234  0.02298234  0.07624364  0.08635917  0.09146998  0.07624364  0.12828369  0.09146998  0.09661680  0.09146998  0.09146998  0.09146998  0.09146998  0.08635917  0.08635917  0.09146998  
20_5_0     0.23871297  0.23871297  0.15018458  0.03712716  0.06626632  0.01370242  0.00000000  0.00000000  0.00453896  0.05642350  0.06132833  0.04671159  0.04190365  0.03238171  0.02298234  0.02298234  0.02298234  0.07624364  0.08635917  0.09146998  0.07624364  0.12828369  0.09146998  0.09661680  0.09146998  0.09146998  0.09146998  0.09146998  0.08635917  0.08635917  0.09146998  
52_5_0     0.24501465  0.24501465  0.15576400  0.04190365  0.07123794  0.01832764  0.00453896  0.00453896  0.00000000  0.06132833  0.06626632  0.05155140  0.04671159  0.03712716  0.02766690  0.02766690  0.02766690  0.08128389  0.09146998  0.09661680  0.08128389  0.12290959  0.09661680  0.10180017  0.09661680  0.09661680  0.09661680  0.09661680  0.09146998  0.09146998  0.09661680  
6_5_0      0.25778355  0.25778355  0.20799540  0.08635917  0.11757475  0.07123794  0.05642350  0.05642350  0.06132833  0.00000000  0.09146998  0.08635917  0.08128389  0.08128389  0.07123794  0.07123794  0.07123794  0.11227860  0.12828369  0.13369764  0.11757475  0.16138638  0.12290959  0.12290959  0.12290959  0.12290959  0.12290959  0.12290959  0.11757475  0.11757475  0.12290959  
54_8_0     0.24501465  0.24501465  0.15576400  0.06132833  0.08635917  0.06626632  0.06132833  0.06132833  0.06626632  0.09146998  0.00000000  0.02298234  0.01832764  0.05642350  0.05642350  0.04671159  0.04671159  0.09146998  0.10180017  0.10702059  0.08128389  0.16138638  0.12290959  0.12290959  0.11227860  0.11227860  0.11227860  0.11227860  0.10702059  0.10702059  0.11227860  
20_8_0     0.22012781  0.22012781  0.15018458  0.04671159  0.07123794  0.06132833  0.04671159  0.04671159  0.05155140  0.08635917  0.02298234  0.00000000  0.00453896  0.04190365  0.04190365  0.03238171  0.03238171  0.08635917  0.09661680  0.10180017  0.06626632  0.15576400  0.12290959  0.12290959  0.11227860  0.11227860  0.11227860  0.11227860  0.10702059  0.10702059  0.11227860  
5_8_0      0.22627046  0.22627046  0.14464747  0.04190365  0.06626632  0.05642350  0.04190365  0.04190365  0.04671159  0.08128389  0.01832764  0.00453896  0.00000000  0.03712716  0.03712716  0.02766690  0.02766690  0.08128389  0.09146998  0.09661680  0.07123794  0.15018458  0.11757475  0.11757475  0.10702059  0.10702059  0.10702059  0.10702059  0.10180017  0.10180017  0.10702059  
52_10_0    0.19606128  0.19606128  0.12290959  0.03238171  0.05155140  0.03712716  0.03238171  0.03238171  0.03712716  0.08128389  0.05642350  0.04190365  0.03712716  0.00000000  0.00910632  0.00910632  0.00910632  0.07123794  0.06132833  0.06626632  0.07123794  0.12290959  0.07624364  0.08128389  0.07624364  0.07624364  0.07624364  0.07624364  0.07123794  0.07123794  0.07624364  
5_13_0     0.20799540  0.20799540  0.13369764  0.03238171  0.06132833  0.03712716  0.02298234  0.02298234  0.02766690  0.07123794  0.05642350  0.04190365  0.03712716  0.00910632  0.00000000  0.00910632  0.00910632  0.07123794  0.07123794  0.07624364  0.07123794  0.12290959  0.08635917  0.09146998  0.08635917  0.08635917  0.08635917  0.08635917  0.08128389  0.08128389  0.08635917  
5_10_0     0.20799540  0.20799540  0.13369764  0.02298234  0.05155140  0.03712716  0.02298234  0.02298234  0.02766690  0.07123794  0.04671159  0.03238171  0.02766690  0.00910632  0.00910632  0.00000000  0.00000000  0.06132833  0.06132833  0.06626632  0.06132833  0.13369764  0.08635917  0.09146998  0.07624364  0.07624364  0.07624364  0.07624364  0.07123794  0.07123794  0.07624364  
20_10_0    0.20799540  0.20799540  0.13369764  0.02298234  0.05155140  0.03712716  0.02298234  0.02298234  0.02766690  0.07123794  0.04671159  0.03238171  0.02766690  0.00910632  0.00910632  0.00000000  0.00000000  0.06132833  0.06132833  0.06626632  0.06132833  0.13369764  0.08635917  0.09146998  0.07624364  0.07624364  0.07624364  0.07624364  0.07123794  0.07123794  0.07624364  
6_17_0     0.25137119  0.25137119  0.12828369  0.06132833  0.09146998  0.09146998  0.07624364  0.07624364  0.08128389  0.11227860  0.09146998  0.08635917  0.08128389  0.07123794  0.07123794  0.06132833  0.06132833  0.00000000  0.02766690  0.04190365  0.11757475  0.13915203  0.11757475  0.12290959  0.10702059  0.10702059  0.10702059  0.10702059  0.10180017  0.10180017  0.10702059  
6_10_0     0.22627046  0.22627046  0.10702059  0.06626632  0.08635917  0.09146998  0.08635917  0.08635917  0.09146998  0.12828369  0.10180017  0.09661680  0.09146998  0.06132833  0.07123794  0.06132833  0.06132833  0.02766690  0.00000000  0.03238171  0.10702059  0.15018458  0.11757475  0.12290959  0.09661680  0.09661680  0.09661680  0.09661680  0.09146998  0.09146998  0.09661680  
6_16_0     0.23871297  0.23871297  0.10702059  0.07624364  0.09661680  0.09661680  0.09146998  0.09146998  0.09661680  0.13369764  0.10702059  0.10180017  0.09661680  0.06626632  0.07624364  0.06626632  0.06626632  0.04190365  0.03238171  0.00000000  0.11227860  0.15576400  0.11227860  0.11757475  0.10180017  0.10180017  0.10180017  0.10180017  0.09661680  0.09661680  0.11227860  
6_9_0      0.24501465  0.24501465  0.19016657  0.08635917  0.11757475  0.09146998  0.07624364  0.07624364  0.08128389  0.11757475  0.08128389  0.06626632  0.07123794  0.07123794  0.07123794  0.06132833  0.06132833  0.11757475  0.10702059  0.11227860  0.00000000  0.18431907  0.15018458  0.15018458  0.13915203  0.13915203  0.13915203  0.13915203  0.13369764  0.13369764  0.13915203  
6_1_0      0.27736557  0.27736557  0.19606128  0.13369764  0.13915203  0.12828369  0.12828369  0.12828369  0.12290959  0.16138638  0.16138638  0.15576400  0.15018458  0.12290959  0.12290959  0.13369764  0.13369764  0.13915203  0.15018458  0.15576400  0.18431907  0.00000000  0.09661680  0.09146998  0.08635917  0.08635917  0.08635917  0.08635917  0.08128389  0.08128389  0.08635917  
54_1_0     0.23871297  0.23871297  0.16705239  0.09661680  0.11227860  0.09146998  0.09146998  0.09146998  0.09661680  0.12290959  0.12290959  0.12290959  0.11757475  0.07624364  0.08635917  0.08635917  0.08635917  0.11757475  0.11757475  0.11227860  0.15018458  0.09661680  0.00000000  0.01370242  0.02766690  0.02766690  0.02766690  0.02766690  0.03238171  0.03238171  0.03712716  
54_14_0    0.23246521  0.23246521  0.17276270  0.10180017  0.10702059  0.09661680  0.09661680  0.09661680  0.10180017  0.12290959  0.12290959  0.12290959  0.11757475  0.08128389  0.09146998  0.09146998  0.09146998  0.12290959  0.12290959  0.11757475  0.15018458  0.09146998  0.01370242  0.00000000  0.03238171  0.03238171  0.03238171  0.03238171  0.03712716  0.03712716  0.04190365  
5_11_0     0.23871297  0.23871297  0.15576400  0.07624364  0.09146998  0.09146998  0.09146998  0.09146998  0.09661680  0.12290959  0.11227860  0.11227860  0.10702059  0.07624364  0.08635917  0.07624364  0.07624364  0.10702059  0.09661680  0.10180017  0.13915203  0.08635917  0.02766690  0.03238171  0.00000000  0.00000000  0.00000000  0.00000000  0.00453896  0.00453896  0.00910632  
20_11_0    0.23871297  0.23871297  0.15576400  0.07624364  0.09146998  0.09146998  0.09146998  0.09146998  0.09661680  0.12290959  0.11227860  0.11227860  0.10702059  0.07624364  0.08635917  0.07624364  0.07624364  0.10702059  0.09661680  0.10180017  0.13915203  0.08635917  0.02766690  0.03238171  0.00000000  0.00000000  0.00000000  0.00000000  0.00453896  0.00453896  0.00910632  
5_12_0     0.23871297  0.23871297  0.15576400  0.07624364  0.09146998  0.09146998  0.09146998  0.09146998  0.09661680  0.12290959  0.11227860  0.11227860  0.10702059  0.07624364  0.08635917  0.07624364  0.07624364  0.10702059  0.09661680  0.10180017  0.13915203  0.08635917  0.02766690  0.03238171  0.00000000  0.00000000  0.00000000  0.00000000  0.00453896  0.00453896  0.00910632  
20_12_0    0.23871297  0.23871297  0.15576400  0.07624364  0.09146998  0.09146998  0.09146998  0.09146998  0.09661680  0.12290959  0.11227860  0.11227860  0.10702059  0.07624364  0.08635917  0.07624364  0.07624364  0.10702059  0.09661680  0.10180017  0.13915203  0.08635917  0.02766690  0.03238171  0.00000000  0.00000000  0.00000000  0.00000000  0.00453896  0.00453896  0.00910632  
20_1_0     0.24501465  0.24501465  0.15018458  0.07123794  0.08635917  0.08635917  0.08635917  0.08635917  0.09146998  0.11757475  0.10702059  0.10702059  0.10180017  0.07123794  0.08128389  0.07123794  0.07123794  0.10180017  0.09146998  0.09661680  0.13369764  0.08128389  0.03238171  0.03712716  0.00453896  0.00453896  0.00453896  0.00453896  0.00000000  0.00000000  0.01370242  
5_1_0      0.24501465  0.24501465  0.15018458  0.07123794  0.08635917  0.08635917  0.08635917  0.08635917  0.09146998  0.11757475  0.10702059  0.10702059  0.10180017  0.07123794  0.08128389  0.07123794  0.07123794  0.10180017  0.09146998  0.09661680  0.13369764  0.08128389  0.03238171  0.03712716  0.00453896  0.00453896  0.00453896  0.00453896  0.00000000  0.00000000  0.01370242  
52_1_0     0.23871297  0.23871297  0.16705239  0.07624364  0.09146998  0.09146998  0.09146998  0.09146998  0.09661680  0.12290959  0.11227860  0.11227860  0.10702059  0.07624364  0.08635917  0.07624364  0.07624364  0.10702059  0.09661680  0.11227860  0.13915203  0.08635917  0.03712716  0.04190365  0.00910632  0.00910632  0.00910632  0.00910632  0.01370242  0.01370242  0.00000000  

