9
99_11_0    0.00000000  0.00000000  0.07428068  0.12625410  0.12029746  0.13831179  0.14441442  0.13831179  0.16302723  
93_11_0    0.00000000  0.00000000  0.07428068  0.12625410  0.12029746  0.13831179  0.14441442  0.13831179  0.16302723  
92_11_0    0.07428068  0.07428068  0.00000000  0.07428068  0.06872289  0.11438794  0.12029746  0.11438794  0.13831179  
93_16_0    0.12625410  0.12625410  0.07428068  0.00000000  0.00506766  0.15677129  0.16302723  0.16933601  0.17569852  
99_16_0    0.12029746  0.12029746  0.06872289  0.00506766  0.00000000  0.15056731  0.15677129  0.16302723  0.16933601  
96_7_0     0.13831179  0.13831179  0.11438794  0.15677129  0.15056731  0.00000000  0.00506766  0.04689622  0.07988013  
96_9_0     0.14441442  0.14441442  0.12029746  0.16302723  0.15677129  0.00506766  0.00000000  0.05229339  0.08552187  
96_6_0     0.13831179  0.13831179  0.11438794  0.16933601  0.16302723  0.04689622  0.05229339  0.00000000  0.07428068  
96_8_0     0.16302723  0.16302723  0.13831179  0.17569852  0.16933601  0.07988013  0.08552187  0.07428068  0.00000000  

