47
1_0_0      0.00000000  0.21832422  0.28322166  0.29461079  0.30037146  0.27759186  0.23933352  0.25548950  0.26095380  0.26095380  0.22875466  0.20294789  0.20294789  0.22875466  0.22352115  0.21832422  0.21832422  0.22875466  0.23402528  0.21316336  0.20294789  0.21832422  0.21832422  0.23933352  0.19287088  0.22352115  0.20803808  0.26095380  0.26645855  0.26095380  0.20294789  0.19789232  0.20803808  0.25548950  0.25006507  0.37962932  0.28889442  0.28889442  0.32387112  0.31792620  0.29461079  0.27759186  0.30037146  0.28889442  0.28322166  0.26645855  0.25548950  
2_8_0      0.21832422  0.00000000  0.15387553  0.26645855  0.26095380  0.25548950  0.21832422  0.23402528  0.22875466  0.23402528  0.22875466  0.21316336  0.20803808  0.23933352  0.25006507  0.24467993  0.24467993  0.21832422  0.30617711  0.25006507  0.25548950  0.28889442  0.28322166  0.30037146  0.25548950  0.25548950  0.23933352  0.26645855  0.26095380  0.26095380  0.22352115  0.21832422  0.21832422  0.27759186  0.25006507  0.39260914  0.28889442  0.28889442  0.35433033  0.31792620  0.31202845  0.29461079  0.32387112  0.33590548  0.30617711  0.30037146  0.28322166  
3_8_0      0.28322166  0.15387553  0.00000000  0.27200437  0.26095380  0.27759186  0.22875466  0.24467993  0.21832422  0.24467993  0.28889442  0.29461079  0.28889442  0.26095380  0.27759186  0.28322166  0.28322166  0.28322166  0.32986395  0.26095380  0.25548950  0.30037146  0.31792620  0.30037146  0.26645855  0.26645855  0.26645855  0.25548950  0.26095380  0.26095380  0.24467993  0.23933352  0.25006507  0.35433033  0.27200437  0.35433033  0.31202845  0.31792620  0.40581959  0.31792620  0.32986395  0.30617711  0.32387112  0.34813784  0.29461079  0.28889442  0.32986395  
3_0_0      0.29461079  0.26645855  0.27200437  0.00000000  0.13511894  0.21832422  0.19287088  0.21832422  0.19287088  0.19789232  0.28889442  0.30037146  0.29461079  0.30617711  0.29461079  0.30037146  0.30037146  0.31202845  0.32387112  0.30617711  0.31202845  0.34813784  0.36687223  0.33590548  0.31792620  0.32986395  0.31202845  0.32986395  0.32387112  0.33590548  0.30037146  0.29461079  0.29461079  0.40581959  0.39260914  0.43991063  0.41926901  0.39260914  0.46835567  0.41251389  0.39260914  0.37322341  0.39260914  0.41251389  0.33590548  0.31792620  0.33590548  
3_9_0      0.30037146  0.26095380  0.26095380  0.13511894  0.00000000  0.17800692  0.11231965  0.13511894  0.11231965  0.11682392  0.30617711  0.29461079  0.28889442  0.27759186  0.28889442  0.28322166  0.28322166  0.28322166  0.34199651  0.31792620  0.33590548  0.34813784  0.34199651  0.34813784  0.34199651  0.32986395  0.34813784  0.31792620  0.32387112  0.32387112  0.31792620  0.32387112  0.31202845  0.36687223  0.34199651  0.44692052  0.40581959  0.34813784  0.39918502  0.39260914  0.37322341  0.39260914  0.39918502  0.38609090  0.36057483  0.36687223  0.38609090  
2_0_0      0.27759186  0.25548950  0.27759186  0.21832422  0.17800692  0.00000000  0.08153144  0.11682392  0.10339215  0.11682392  0.31202845  0.30037146  0.29461079  0.30037146  0.33590548  0.32986395  0.32986395  0.30037146  0.28322166  0.31202845  0.32986395  0.36057483  0.35433033  0.36057483  0.30617711  0.28889442  0.31792620  0.32986395  0.33590548  0.32387112  0.31202845  0.31792620  0.30617711  0.37322341  0.37962932  0.44692052  0.46114173  0.40581959  0.46114173  0.37962932  0.38609090  0.37962932  0.36057483  0.37322341  0.34813784  0.35433033  0.34813784  
43_0_0     0.23933352  0.21832422  0.22875466  0.19287088  0.11231965  0.08153144  0.00000000  0.05196765  0.02353461  0.03558730  0.29461079  0.28322166  0.27200437  0.28322166  0.28322166  0.27759186  0.27759186  0.27200437  0.26645855  0.26645855  0.28322166  0.31792620  0.31202845  0.31792620  0.27200437  0.28889442  0.27200437  0.30037146  0.30037146  0.29461079  0.29461079  0.30037146  0.28889442  0.34813784  0.32986395  0.42608607  0.39260914  0.32986395  0.40581959  0.36057483  0.36057483  0.35433033  0.33590548  0.32986395  0.31202845  0.31792620  0.32387112  
7_0_0      0.25548950  0.23402528  0.24467993  0.21832422  0.13511894  0.11682392  0.05196765  0.00000000  0.05196765  0.06449418  0.27759186  0.27759186  0.27200437  0.28322166  0.26645855  0.27200437  0.27200437  0.30617711  0.28322166  0.28322166  0.28889442  0.30617711  0.31202845  0.31792620  0.28889442  0.33590548  0.28889442  0.34813784  0.34199651  0.34199651  0.30037146  0.30617711  0.29461079  0.32986395  0.32387112  0.44692052  0.38609090  0.34199651  0.41926901  0.34199651  0.33590548  0.34199651  0.33590548  0.36057483  0.32986395  0.32387112  0.32986395  
48_0_0     0.26095380  0.22875466  0.21832422  0.19287088  0.11231965  0.10339215  0.02353461  0.05196765  0.00000000  0.01956008  0.28322166  0.28322166  0.27759186  0.28889442  0.27200437  0.27759186  0.27759186  0.28889442  0.26645855  0.25548950  0.27200437  0.30617711  0.31202845  0.31792620  0.27200437  0.30617711  0.27200437  0.30617711  0.30037146  0.30037146  0.30617711  0.31202845  0.30037146  0.32986395  0.30037146  0.41251389  0.38609090  0.31792620  0.40581959  0.36057483  0.35433033  0.34813784  0.34199651  0.33590548  0.32986395  0.33590548  0.35433033  
45_0_0     0.26095380  0.23402528  0.24467993  0.19789232  0.11682392  0.11682392  0.03558730  0.06449418  0.01956008  0.00000000  0.28889442  0.28889442  0.28322166  0.30617711  0.28889442  0.29461079  0.29461079  0.29461079  0.28889442  0.26095380  0.26645855  0.30037146  0.30617711  0.31202845  0.26645855  0.31202845  0.27759186  0.32387112  0.31792620  0.31792620  0.31202845  0.31792620  0.30617711  0.31792620  0.28889442  0.40581959  0.38609090  0.30617711  0.41926901  0.38609090  0.37962932  0.37322341  0.36687223  0.36057483  0.34199651  0.34813784  0.36687223  
23_0_0     0.22875466  0.22875466  0.28889442  0.28889442  0.30617711  0.31202845  0.29461079  0.27759186  0.28322166  0.28889442  0.00000000  0.13976391  0.13511894  0.17311758  0.16343430  0.16826018  0.16826018  0.18788314  0.21832422  0.20803808  0.20294789  0.16826018  0.18292863  0.18788314  0.19287088  0.18292863  0.18788314  0.30617711  0.30037146  0.30037146  0.27759186  0.27200437  0.27200437  0.36057483  0.30037146  0.43991063  0.34813784  0.36057483  0.42608607  0.31792620  0.31202845  0.30617711  0.33590548  0.36057483  0.28322166  0.26645855  0.26095380  
6_0_0      0.20294789  0.21316336  0.29461079  0.30037146  0.29461079  0.30037146  0.28322166  0.27759186  0.28322166  0.28889442  0.13976391  0.00000000  0.01167419  0.08585246  0.06871704  0.06449418  0.06449418  0.09896829  0.19287088  0.19789232  0.18292863  0.20803808  0.20294789  0.22875466  0.19287088  0.20294789  0.22352115  0.30037146  0.29461079  0.29461079  0.26645855  0.26095380  0.27200437  0.33590548  0.30617711  0.40581959  0.30617711  0.28322166  0.40581959  0.30617711  0.28889442  0.29461079  0.31792620  0.34199651  0.34199651  0.33590548  0.31792620  
24_0_0     0.20294789  0.20803808  0.28889442  0.29461079  0.28889442  0.29461079  0.27200437  0.27200437  0.27759186  0.28322166  0.13511894  0.01167419  0.00000000  0.07296401  0.06449418  0.06029518  0.06029518  0.08585246  0.19789232  0.19287088  0.17800692  0.20294789  0.19789232  0.22352115  0.18788314  0.19287088  0.21832422  0.28322166  0.28889442  0.27759186  0.26095380  0.25548950  0.26645855  0.34199651  0.30037146  0.38609090  0.30037146  0.26645855  0.39260914  0.31202845  0.28322166  0.28889442  0.31202845  0.34813784  0.33590548  0.32986395  0.31202845  
9_0_0      0.22875466  0.23933352  0.26095380  0.30617711  0.27759186  0.30037146  0.28322166  0.28322166  0.28889442  0.30617711  0.17311758  0.08585246  0.07296401  0.00000000  0.09019875  0.08585246  0.08585246  0.12135564  0.21316336  0.20294789  0.20803808  0.22875466  0.21316336  0.25006507  0.20803808  0.20294789  0.23402528  0.26645855  0.27200437  0.26095380  0.26095380  0.25548950  0.25548950  0.32387112  0.26645855  0.39260914  0.28889442  0.27200437  0.35433033  0.30037146  0.27200437  0.26095380  0.28889442  0.33590548  0.30617711  0.31202845  0.29461079  
14_0_0     0.22352115  0.25006507  0.27759186  0.29461079  0.28889442  0.33590548  0.28322166  0.26645855  0.27200437  0.28889442  0.16343430  0.06871704  0.06449418  0.09019875  0.00000000  0.00387106  0.00387106  0.12135564  0.20294789  0.21316336  0.20803808  0.21316336  0.21832422  0.23402528  0.21832422  0.25006507  0.21832422  0.30617711  0.30037146  0.30037146  0.26095380  0.25548950  0.26645855  0.32986395  0.30037146  0.39918502  0.30037146  0.30037146  0.37962932  0.30037146  0.28322166  0.27759186  0.30037146  0.31792620  0.32986395  0.32387112  0.31792620  
40_0_0     0.21832422  0.24467993  0.28322166  0.30037146  0.28322166  0.32986395  0.27759186  0.27200437  0.27759186  0.29461079  0.16826018  0.06449418  0.06029518  0.08585246  0.00387106  0.00000000  0.00000000  0.11682392  0.20803808  0.21832422  0.21316336  0.21832422  0.21316336  0.23933352  0.22352115  0.24467993  0.22352115  0.30037146  0.29461079  0.29461079  0.25548950  0.25006507  0.26095380  0.33590548  0.30617711  0.40581959  0.30617711  0.29461079  0.37322341  0.30617711  0.28889442  0.28322166  0.30617711  0.31792620  0.33590548  0.32986395  0.31202845  
21_0_0     0.21832422  0.24467993  0.28322166  0.30037146  0.28322166  0.32986395  0.27759186  0.27200437  0.27759186  0.29461079  0.16826018  0.06449418  0.06029518  0.08585246  0.00387106  0.00000000  0.00000000  0.11682392  0.20803808  0.21832422  0.21316336  0.21832422  0.21316336  0.23933352  0.22352115  0.24467993  0.22352115  0.30037146  0.29461079  0.29461079  0.25548950  0.25006507  0.26095380  0.33590548  0.30617711  0.40581959  0.30617711  0.29461079  0.37322341  0.30617711  0.28889442  0.28322166  0.30617711  0.31792620  0.33590548  0.32986395  0.31202845  
33_0_0     0.22875466  0.21832422  0.28322166  0.31202845  0.28322166  0.30037146  0.27200437  0.30617711  0.28889442  0.29461079  0.18788314  0.09896829  0.08585246  0.12135564  0.12135564  0.11682392  0.11682392  0.00000000  0.20803808  0.20803808  0.21316336  0.24467993  0.23933352  0.26645855  0.22352115  0.18788314  0.23402528  0.27200437  0.27759186  0.26645855  0.27200437  0.26645855  0.27759186  0.36057483  0.28322166  0.37962932  0.31792620  0.30037146  0.36057483  0.29461079  0.27759186  0.27200437  0.29461079  0.32387112  0.30037146  0.30617711  0.30037146  
25_0_0     0.23402528  0.30617711  0.32986395  0.32387112  0.34199651  0.28322166  0.26645855  0.28322166  0.26645855  0.28889442  0.21832422  0.19287088  0.19789232  0.21316336  0.20294789  0.20803808  0.20803808  0.20803808  0.00000000  0.23402528  0.22352115  0.25548950  0.27200437  0.26645855  0.20294789  0.23402528  0.24467993  0.32986395  0.31202845  0.32387112  0.30037146  0.29461079  0.30617711  0.36057483  0.34199651  0.38609090  0.37322341  0.38609090  0.41251389  0.34199651  0.34813784  0.31792620  0.32986395  0.32986395  0.32986395  0.33590548  0.32986395  
24_10_0    0.21316336  0.25006507  0.26095380  0.30617711  0.31792620  0.31202845  0.26645855  0.28322166  0.25548950  0.26095380  0.20803808  0.19789232  0.19287088  0.20294789  0.21316336  0.21832422  0.21832422  0.20803808  0.23402528  0.00000000  0.01956008  0.09019875  0.10339215  0.10784250  0.05196765  0.11682392  0.14914183  0.27200437  0.28322166  0.27759186  0.24467993  0.24467993  0.23933352  0.29461079  0.28322166  0.35433033  0.32387112  0.25548950  0.37322341  0.29461079  0.27759186  0.27759186  0.27200437  0.28889442  0.26645855  0.27200437  0.27759186  
6_10_0     0.20294789  0.25548950  0.25548950  0.31202845  0.33590548  0.32986395  0.28322166  0.28889442  0.27200437  0.26645855  0.20294789  0.18292863  0.17800692  0.20803808  0.20803808  0.21316336  0.21316336  0.21316336  0.22352115  0.01956008  0.00000000  0.07723539  0.09896829  0.09457059  0.03964868  0.10339215  0.14443809  0.26645855  0.26645855  0.27200437  0.23933352  0.23933352  0.24467993  0.30037146  0.28889442  0.36057483  0.32986395  0.25006507  0.40581959  0.30037146  0.29461079  0.29461079  0.28889442  0.30617711  0.27200437  0.27759186  0.28322166  
14_10_0    0.21832422  0.28889442  0.30037146  0.34813784  0.34813784  0.36057483  0.31792620  0.30617711  0.30617711  0.30037146  0.16826018  0.20803808  0.20294789  0.22875466  0.21316336  0.21832422  0.21832422  0.24467993  0.25548950  0.09019875  0.07723539  0.00000000  0.02753050  0.02353461  0.06029518  0.11682392  0.16826018  0.30617711  0.29461079  0.31202845  0.26095380  0.26095380  0.25548950  0.30037146  0.31202845  0.39918502  0.32387112  0.28889442  0.43296622  0.32986395  0.31792620  0.32387112  0.32986395  0.32387112  0.26645855  0.25548950  0.26095380  
21_10_0    0.21832422  0.28322166  0.31792620  0.36687223  0.34199651  0.35433033  0.31202845  0.31202845  0.31202845  0.30617711  0.18292863  0.20294789  0.19789232  0.21316336  0.21832422  0.21316336  0.21316336  0.23933352  0.27200437  0.10339215  0.09896829  0.02753050  0.00000000  0.03558730  0.08153144  0.13050280  0.16343430  0.30037146  0.28889442  0.29461079  0.25548950  0.25548950  0.25006507  0.27759186  0.30617711  0.38609090  0.30037146  0.28322166  0.39918502  0.32387112  0.31202845  0.31792620  0.32387112  0.31202845  0.29461079  0.28322166  0.26645855  
40_10_0    0.23933352  0.30037146  0.30037146  0.33590548  0.34813784  0.36057483  0.31792620  0.31792620  0.31792620  0.31202845  0.18788314  0.22875466  0.22352115  0.25006507  0.23402528  0.23933352  0.23933352  0.26645855  0.26645855  0.10784250  0.09457059  0.02353461  0.03558730  0.00000000  0.06871704  0.13511894  0.16826018  0.31792620  0.30617711  0.32387112  0.27200437  0.27200437  0.26645855  0.31202845  0.33590548  0.38609090  0.32387112  0.30037146  0.42608607  0.34199651  0.34199651  0.34813784  0.32387112  0.33590548  0.28889442  0.27759186  0.28322166  
9_10_0     0.19287088  0.25548950  0.26645855  0.31792620  0.34199651  0.30617711  0.27200437  0.28889442  0.27200437  0.26645855  0.19287088  0.19287088  0.18788314  0.20803808  0.21832422  0.22352115  0.22352115  0.22352115  0.20294789  0.05196765  0.03964868  0.06029518  0.08153144  0.06871704  0.00000000  0.07723539  0.13511894  0.26645855  0.26645855  0.27200437  0.22875466  0.22875466  0.22352115  0.26645855  0.27759186  0.34813784  0.29461079  0.26095380  0.39260914  0.31202845  0.30617711  0.29461079  0.28889442  0.28322166  0.26095380  0.26645855  0.27200437  
33_10_0    0.22352115  0.25548950  0.26645855  0.32986395  0.32986395  0.28889442  0.28889442  0.33590548  0.30617711  0.31202845  0.18292863  0.20294789  0.19287088  0.20294789  0.25006507  0.24467993  0.24467993  0.18788314  0.23402528  0.11682392  0.10339215  0.11682392  0.13050280  0.13511894  0.07723539  0.00000000  0.16343430  0.27759186  0.26095380  0.27200437  0.27200437  0.27200437  0.26645855  0.32986395  0.26095380  0.38609090  0.30617711  0.31202845  0.39918502  0.29461079  0.28322166  0.28322166  0.28889442  0.28889442  0.26645855  0.27200437  0.25548950  
23_10_0    0.20803808  0.23933352  0.26645855  0.31202845  0.34813784  0.31792620  0.27200437  0.28889442  0.27200437  0.27759186  0.18788314  0.22352115  0.21832422  0.23402528  0.21832422  0.22352115  0.22352115  0.23402528  0.24467993  0.14914183  0.14443809  0.16826018  0.16343430  0.16826018  0.13511894  0.16343430  0.00000000  0.26095380  0.26095380  0.25548950  0.25006507  0.25006507  0.24467993  0.29461079  0.29461079  0.37322341  0.32986395  0.32387112  0.38609090  0.31202845  0.30617711  0.30617711  0.28322166  0.30037146  0.27759186  0.27200437  0.27759186  
46_0_0     0.26095380  0.26645855  0.25548950  0.32986395  0.31792620  0.32986395  0.30037146  0.34813784  0.30617711  0.32387112  0.30617711  0.30037146  0.28322166  0.26645855  0.30617711  0.30037146  0.30037146  0.27200437  0.32986395  0.27200437  0.26645855  0.30617711  0.30037146  0.31792620  0.26645855  0.27759186  0.26095380  0.00000000  0.01560668  0.00387106  0.11231965  0.11682392  0.11682392  0.31792620  0.28889442  0.38609090  0.34813784  0.31202845  0.38609090  0.28889442  0.28322166  0.30037146  0.27759186  0.34199651  0.26095380  0.25548950  0.28322166  
11_0_0     0.26645855  0.26095380  0.26095380  0.32387112  0.32387112  0.33590548  0.30037146  0.34199651  0.30037146  0.31792620  0.30037146  0.29461079  0.28889442  0.27200437  0.30037146  0.29461079  0.29461079  0.27759186  0.31202845  0.28322166  0.26645855  0.29461079  0.28889442  0.30617711  0.26645855  0.26095380  0.26095380  0.01560668  0.00000000  0.01167419  0.11682392  0.12135564  0.12135564  0.31202845  0.28322166  0.40581959  0.34199651  0.31792620  0.38609090  0.28322166  0.28889442  0.30617711  0.28322166  0.33590548  0.26645855  0.26095380  0.27759186  
39_0_0     0.26095380  0.26095380  0.26095380  0.33590548  0.32387112  0.32387112  0.29461079  0.34199651  0.30037146  0.31792620  0.30037146  0.29461079  0.27759186  0.26095380  0.30037146  0.29461079  0.29461079  0.26645855  0.32387112  0.27759186  0.27200437  0.31202845  0.29461079  0.32387112  0.27200437  0.27200437  0.25548950  0.00387106  0.01167419  0.00000000  0.11682392  0.12135564  0.12135564  0.31202845  0.28322166  0.39260914  0.34199651  0.31792620  0.37962932  0.28322166  0.27759186  0.29461079  0.27200437  0.33590548  0.26645855  0.26095380  0.27759186  
39_3_0     0.20294789  0.22352115  0.24467993  0.30037146  0.31792620  0.31202845  0.29461079  0.30037146  0.30617711  0.31202845  0.27759186  0.26645855  0.26095380  0.26095380  0.26095380  0.25548950  0.25548950  0.27200437  0.30037146  0.24467993  0.23933352  0.26095380  0.25548950  0.27200437  0.22875466  0.27200437  0.25006507  0.11231965  0.11682392  0.11682392  0.00000000  0.00387106  0.00387106  0.27200437  0.24467993  0.32387112  0.30617711  0.27200437  0.32986395  0.25006507  0.26645855  0.25006507  0.26095380  0.29461079  0.23402528  0.22875466  0.23402528  
11_3_0     0.19789232  0.21832422  0.23933352  0.29461079  0.32387112  0.31792620  0.30037146  0.30617711  0.31202845  0.31792620  0.27200437  0.26095380  0.25548950  0.25548950  0.25548950  0.25006507  0.25006507  0.26645855  0.29461079  0.24467993  0.23933352  0.26095380  0.25548950  0.27200437  0.22875466  0.27200437  0.25006507  0.11682392  0.12135564  0.12135564  0.00387106  0.00000000  0.00776239  0.26645855  0.23933352  0.31792620  0.30037146  0.26645855  0.32387112  0.25548950  0.27200437  0.24467993  0.26645855  0.30037146  0.23933352  0.23402528  0.23933352  
46_3_0     0.20803808  0.21832422  0.25006507  0.29461079  0.31202845  0.30617711  0.28889442  0.29461079  0.30037146  0.30617711  0.27200437  0.27200437  0.26645855  0.25548950  0.26645855  0.26095380  0.26095380  0.27759186  0.30617711  0.23933352  0.24467993  0.25548950  0.25006507  0.26645855  0.22352115  0.26645855  0.24467993  0.11682392  0.12135564  0.12135564  0.00387106  0.00776239  0.00000000  0.26645855  0.23933352  0.32986395  0.30037146  0.26645855  0.32387112  0.25548950  0.26095380  0.24467993  0.25548950  0.28889442  0.22875466  0.22352115  0.22875466  
42_0_0     0.25548950  0.27759186  0.35433033  0.40581959  0.36687223  0.37322341  0.34813784  0.32986395  0.32986395  0.31792620  0.36057483  0.33590548  0.34199651  0.32387112  0.32986395  0.33590548  0.33590548  0.36057483  0.36057483  0.29461079  0.30037146  0.30037146  0.27759186  0.31202845  0.26645855  0.32986395  0.29461079  0.31792620  0.31202845  0.31202845  0.27200437  0.26645855  0.26645855  0.00000000  0.11231965  0.27759186  0.22352115  0.18788314  0.25006507  0.32387112  0.31202845  0.29461079  0.30617711  0.31202845  0.31202845  0.31792620  0.31202845  
16_0_0     0.25006507  0.25006507  0.27200437  0.39260914  0.34199651  0.37962932  0.32986395  0.32387112  0.30037146  0.28889442  0.30037146  0.30617711  0.30037146  0.26645855  0.30037146  0.30617711  0.30617711  0.28322166  0.34199651  0.28322166  0.28889442  0.31202845  0.30617711  0.33590548  0.27759186  0.26095380  0.29461079  0.28889442  0.28322166  0.28322166  0.24467993  0.23933352  0.23933352  0.11231965  0.00000000  0.22875466  0.16343430  0.14443809  0.20803808  0.27200437  0.25006507  0.24467993  0.27759186  0.28889442  0.27759186  0.28322166  0.27759186  
26_6_0     0.37962932  0.39260914  0.35433033  0.43991063  0.44692052  0.44692052  0.42608607  0.44692052  0.41251389  0.40581959  0.43991063  0.40581959  0.38609090  0.39260914  0.39918502  0.40581959  0.40581959  0.37962932  0.38609090  0.35433033  0.36057483  0.39918502  0.38609090  0.38609090  0.34813784  0.38609090  0.37322341  0.38609090  0.40581959  0.39260914  0.32387112  0.31792620  0.32986395  0.27759186  0.22875466  0.00000000  0.20294789  0.23402528  0.32986395  0.36057483  0.37322341  0.35433033  0.36057483  0.38609090  0.37322341  0.37962932  0.39918502  
26_5_0     0.28889442  0.28889442  0.31202845  0.41926901  0.40581959  0.46114173  0.39260914  0.38609090  0.38609090  0.38609090  0.34813784  0.30617711  0.30037146  0.28889442  0.30037146  0.30617711  0.30617711  0.31792620  0.37322341  0.32387112  0.32986395  0.32387112  0.30037146  0.32387112  0.29461079  0.30617711  0.32986395  0.34813784  0.34199651  0.34199651  0.30617711  0.30037146  0.30037146  0.22352115  0.16343430  0.20294789  0.00000000  0.19789232  0.31202845  0.33590548  0.31202845  0.31792620  0.34199651  0.34199651  0.34813784  0.32986395  0.32986395  
26_0_0     0.28889442  0.28889442  0.31792620  0.39260914  0.34813784  0.40581959  0.32986395  0.34199651  0.31792620  0.30617711  0.36057483  0.28322166  0.26645855  0.27200437  0.30037146  0.29461079  0.29461079  0.30037146  0.38609090  0.25548950  0.25006507  0.28889442  0.28322166  0.30037146  0.26095380  0.31202845  0.32387112  0.31202845  0.31792620  0.31792620  0.27200437  0.26645855  0.26645855  0.18788314  0.14443809  0.23402528  0.19789232  0.00000000  0.22352115  0.32986395  0.29461079  0.31202845  0.31202845  0.33590548  0.31792620  0.31202845  0.30617711  
26_4_0     0.32387112  0.35433033  0.40581959  0.46835567  0.39918502  0.46114173  0.40581959  0.41926901  0.40581959  0.41926901  0.42608607  0.40581959  0.39260914  0.35433033  0.37962932  0.37322341  0.37322341  0.36057483  0.41251389  0.37322341  0.40581959  0.43296622  0.39918502  0.42608607  0.39260914  0.39918502  0.38609090  0.38609090  0.38609090  0.37962932  0.32986395  0.32387112  0.32387112  0.25006507  0.20803808  0.32986395  0.31202845  0.22352115  0.00000000  0.38609090  0.36687223  0.34813784  0.36687223  0.39260914  0.38609090  0.39260914  0.37322341  
34_0_0     0.31792620  0.31792620  0.31792620  0.41251389  0.39260914  0.37962932  0.36057483  0.34199651  0.36057483  0.38609090  0.31792620  0.30617711  0.31202845  0.30037146  0.30037146  0.30617711  0.30617711  0.29461079  0.34199651  0.29461079  0.30037146  0.32986395  0.32387112  0.34199651  0.31202845  0.29461079  0.31202845  0.28889442  0.28322166  0.28322166  0.25006507  0.25548950  0.25548950  0.32387112  0.27200437  0.36057483  0.33590548  0.32986395  0.38609090  0.00000000  0.03964868  0.05196765  0.04373237  0.12135564  0.15863955  0.16343430  0.15863955  
17_2_0     0.29461079  0.31202845  0.32986395  0.39260914  0.37322341  0.38609090  0.36057483  0.33590548  0.35433033  0.37962932  0.31202845  0.28889442  0.28322166  0.27200437  0.28322166  0.28889442  0.28889442  0.27759186  0.34813784  0.27759186  0.29461079  0.31792620  0.31202845  0.34199651  0.30617711  0.28322166  0.30617711  0.28322166  0.28889442  0.27759186  0.26645855  0.27200437  0.26095380  0.31202845  0.25006507  0.37322341  0.31202845  0.29461079  0.36687223  0.03964868  0.00000000  0.01956008  0.02753050  0.11231965  0.14914183  0.14443809  0.13976391  
17_0_0     0.27759186  0.29461079  0.30617711  0.37322341  0.39260914  0.37962932  0.35433033  0.34199651  0.34813784  0.37322341  0.30617711  0.29461079  0.28889442  0.26095380  0.27759186  0.28322166  0.28322166  0.27200437  0.31792620  0.27759186  0.29461079  0.32387112  0.31792620  0.34813784  0.29461079  0.28322166  0.30617711  0.30037146  0.30617711  0.29461079  0.25006507  0.24467993  0.24467993  0.29461079  0.24467993  0.35433033  0.31792620  0.31202845  0.34813784  0.05196765  0.01956008  0.00000000  0.03154799  0.11682392  0.14443809  0.14914183  0.14443809  
44_0_0     0.30037146  0.32387112  0.32387112  0.39260914  0.39918502  0.36057483  0.33590548  0.33590548  0.34199651  0.36687223  0.33590548  0.31792620  0.31202845  0.28889442  0.30037146  0.30617711  0.30617711  0.29461079  0.32986395  0.27200437  0.28889442  0.32986395  0.32387112  0.32387112  0.28889442  0.28889442  0.28322166  0.27759186  0.28322166  0.27200437  0.26095380  0.26645855  0.25548950  0.30617711  0.27759186  0.36057483  0.34199651  0.31202845  0.36687223  0.04373237  0.02753050  0.03154799  0.00000000  0.10784250  0.14443809  0.14914183  0.14443809  
36_0_0     0.28889442  0.33590548  0.34813784  0.41251389  0.38609090  0.37322341  0.32986395  0.36057483  0.33590548  0.36057483  0.36057483  0.34199651  0.34813784  0.33590548  0.31792620  0.31792620  0.31792620  0.32387112  0.32986395  0.28889442  0.30617711  0.32387112  0.31202845  0.33590548  0.28322166  0.28889442  0.30037146  0.34199651  0.33590548  0.33590548  0.29461079  0.30037146  0.28889442  0.31202845  0.28889442  0.38609090  0.34199651  0.33590548  0.39260914  0.12135564  0.11231965  0.11682392  0.10784250  0.00000000  0.17800692  0.18292863  0.17800692  
34_1_0     0.28322166  0.30617711  0.29461079  0.33590548  0.36057483  0.34813784  0.31202845  0.32986395  0.32986395  0.34199651  0.28322166  0.34199651  0.33590548  0.30617711  0.32986395  0.33590548  0.33590548  0.30037146  0.32986395  0.26645855  0.27200437  0.26645855  0.29461079  0.28889442  0.26095380  0.26645855  0.27759186  0.26095380  0.26645855  0.26645855  0.23402528  0.23933352  0.22875466  0.31202845  0.27759186  0.37322341  0.34813784  0.31792620  0.38609090  0.15863955  0.14914183  0.14443809  0.14443809  0.17800692  0.00000000  0.01167419  0.03964868  
17_1_0     0.26645855  0.30037146  0.28889442  0.31792620  0.36687223  0.35433033  0.31792620  0.32387112  0.33590548  0.34813784  0.26645855  0.33590548  0.32986395  0.31202845  0.32387112  0.32986395  0.32986395  0.30617711  0.33590548  0.27200437  0.27759186  0.25548950  0.28322166  0.27759186  0.26645855  0.27200437  0.27200437  0.25548950  0.26095380  0.26095380  0.22875466  0.23402528  0.22352115  0.31792620  0.28322166  0.37962932  0.32986395  0.31202845  0.39260914  0.16343430  0.14443809  0.14914183  0.14914183  0.18292863  0.01167419  0.00000000  0.02753050  
44_1_0     0.25548950  0.28322166  0.32986395  0.33590548  0.38609090  0.34813784  0.32387112  0.32986395  0.35433033  0.36687223  0.26095380  0.31792620  0.31202845  0.29461079  0.31792620  0.31202845  0.31202845  0.30037146  0.32986395  0.27759186  0.28322166  0.26095380  0.26645855  0.28322166  0.27200437  0.25548950  0.27759186  0.28322166  0.27759186  0.27759186  0.23402528  0.23933352  0.22875466  0.31202845  0.27759186  0.39918502  0.32986395  0.30617711  0.37322341  0.15863955  0.13976391  0.14443809  0.14443809  0.17800692  0.03964868  0.02753050  0.00000000  

