48
2_30_0     0.00000000  0.00000000  0.12620087  0.12620087  0.09020287  0.09020287  0.08383958  0.08067808  0.13293587  0.08701447  0.08701447  0.15699675  0.15004303  0.16401560  0.15699675  0.17466868  0.16049796  0.18185581  0.18547538  0.17825363  0.19276741  0.15004303  0.15351183  0.15351183  0.16049796  0.17825363  0.17466868  0.15699675  0.15351183  0.18911253  0.18185581  0.16049796  0.17466868  0.18547538  0.17825363  0.18185581  0.19644020  0.12956081  0.13293587  0.12956081  0.16401560  0.17825363  0.17825363  0.21131404  0.18185581  0.18185581  0.17825363  0.19644020  
8_30_0     0.00000000  0.00000000  0.12620087  0.12620087  0.09020287  0.09020287  0.08383958  0.08067808  0.13293587  0.08701447  0.08701447  0.15699675  0.15004303  0.16401560  0.15699675  0.17466868  0.16049796  0.18185581  0.18547538  0.17825363  0.19276741  0.15004303  0.15351183  0.15351183  0.16049796  0.17825363  0.17466868  0.15699675  0.15351183  0.18911253  0.18185581  0.16049796  0.17466868  0.18547538  0.17825363  0.18185581  0.19644020  0.12956081  0.13293587  0.12956081  0.16401560  0.17825363  0.17825363  0.21131404  0.18185581  0.18185581  0.17825363  0.19644020  
2_31_0     0.12620087  0.12620087  0.00000000  0.00283823  0.06816377  0.06816377  0.13293587  0.12956081  0.12956081  0.11290977  0.11290977  0.16754983  0.17466868  0.16754983  0.17466868  0.18911253  0.17466868  0.20384022  0.20756782  0.21131404  0.21886315  0.18185581  0.18547538  0.18547538  0.17825363  0.21131404  0.20756782  0.19276741  0.18911253  0.21507909  0.20756782  0.20013108  0.20756782  0.21507909  0.20013108  0.21131404  0.21886315  0.17825363  0.17466868  0.17110080  0.20384022  0.21886315  0.19644020  0.21507909  0.20013108  0.19276741  0.21131404  0.21507909  
8_31_0     0.12620087  0.12620087  0.00283823  0.00000000  0.06506758  0.06506758  0.13293587  0.12956081  0.12620087  0.10962350  0.10962350  0.16754983  0.17466868  0.16754983  0.17466868  0.18911253  0.17466868  0.20384022  0.20756782  0.21131404  0.21886315  0.17825363  0.18185581  0.18185581  0.17825363  0.21131404  0.20756782  0.19276741  0.18911253  0.21131404  0.20384022  0.19644020  0.20384022  0.21131404  0.19644020  0.20756782  0.21507909  0.17825363  0.17466868  0.17110080  0.20013108  0.21886315  0.19644020  0.21507909  0.20013108  0.19276741  0.21131404  0.21507909  
8_16_0     0.09020287  0.09020287  0.06816377  0.06506758  0.00000000  0.00000000  0.09662066  0.09340490  0.10962350  0.06816377  0.07439480  0.15351183  0.15351183  0.16049796  0.17110080  0.19276741  0.17825363  0.19276741  0.19644020  0.17825363  0.18547538  0.15699675  0.16049796  0.16049796  0.16754983  0.20013108  0.19644020  0.17466868  0.17825363  0.19276741  0.17825363  0.15699675  0.17110080  0.20384022  0.18185581  0.19276741  0.20013108  0.16049796  0.15699675  0.15351183  0.17825363  0.21507909  0.19276741  0.20013108  0.21131404  0.18911253  0.19276741  0.19644020  
2_16_0     0.09020287  0.09020287  0.06816377  0.06506758  0.00000000  0.00000000  0.09662066  0.09340490  0.10962350  0.06816377  0.07439480  0.15351183  0.15351183  0.16049796  0.17110080  0.19276741  0.17825363  0.19276741  0.19644020  0.17825363  0.18547538  0.15699675  0.16049796  0.16049796  0.16754983  0.20013108  0.19644020  0.17466868  0.17825363  0.19276741  0.17825363  0.15699675  0.17110080  0.20384022  0.18185581  0.19276741  0.20013108  0.16049796  0.15699675  0.15351183  0.17825363  0.21507909  0.19276741  0.20013108  0.21131404  0.18911253  0.19276741  0.19644020  
8_26_0     0.08383958  0.08383958  0.13293587  0.13293587  0.09662066  0.09662066  0.00000000  0.00283823  0.09985028  0.06816377  0.05585501  0.15351183  0.15351183  0.15351183  0.15699675  0.18547538  0.15699675  0.17110080  0.17466868  0.18911253  0.20384022  0.16049796  0.16401560  0.16401560  0.17110080  0.19644020  0.19276741  0.16754983  0.17825363  0.17825363  0.18547538  0.17110080  0.18547538  0.20384022  0.18911253  0.20756782  0.19276741  0.14659022  0.14315324  0.13973195  0.17466868  0.18911253  0.16401560  0.17825363  0.16401560  0.16754983  0.17825363  0.19644020  
2_26_0     0.08067808  0.08067808  0.12956081  0.12956081  0.09340490  0.09340490  0.00283823  0.00000000  0.09662066  0.06506758  0.05280915  0.15004303  0.15004303  0.15004303  0.15351183  0.18185581  0.15351183  0.17466868  0.17825363  0.18547538  0.20013108  0.15699675  0.16049796  0.16049796  0.16754983  0.19276741  0.18911253  0.16401560  0.17466868  0.18185581  0.18185581  0.16754983  0.18185581  0.20013108  0.18547538  0.20384022  0.18911253  0.14315324  0.13973195  0.13632621  0.17110080  0.19276741  0.16754983  0.18185581  0.16754983  0.17110080  0.18185581  0.20013108  
6_4_0      0.13293587  0.13293587  0.12956081  0.12620087  0.10962350  0.10962350  0.09985028  0.09662066  0.00000000  0.06198412  0.05585501  0.19644020  0.19644020  0.18547538  0.20013108  0.20756782  0.20013108  0.21886315  0.22266641  0.22648908  0.22648908  0.18185581  0.18547538  0.18547538  0.20013108  0.23033134  0.22648908  0.20384022  0.20756782  0.20756782  0.20756782  0.21507909  0.20756782  0.24197774  0.21886315  0.23807546  0.22266641  0.18185581  0.18547538  0.18185581  0.20384022  0.22266641  0.20013108  0.21886315  0.20384022  0.20384022  0.22648908  0.23807546  
1_4_0      0.08701447  0.08701447  0.11290977  0.10962350  0.06816377  0.06816377  0.06816377  0.06506758  0.06198412  0.00000000  0.01719288  0.15351183  0.15351183  0.15699675  0.16401560  0.17825363  0.16401560  0.19276741  0.19644020  0.17466868  0.19644020  0.14659022  0.15004303  0.15004303  0.15699675  0.17825363  0.18185581  0.16049796  0.16401560  0.17825363  0.17110080  0.15699675  0.16401560  0.20384022  0.18911253  0.20013108  0.17825363  0.14659022  0.14315324  0.13973195  0.16049796  0.19644020  0.17466868  0.20013108  0.17825363  0.17825363  0.19276741  0.20384022  
9_4_0      0.08701447  0.08701447  0.11290977  0.10962350  0.07439480  0.07439480  0.05585501  0.05280915  0.05585501  0.01719288  0.00000000  0.15351183  0.15351183  0.15004303  0.15699675  0.17825363  0.15699675  0.19276741  0.19644020  0.18185581  0.18911253  0.14659022  0.15004303  0.15004303  0.16401560  0.19276741  0.18911253  0.17466868  0.17825363  0.17110080  0.16401560  0.15699675  0.15699675  0.18911253  0.17466868  0.19276741  0.17110080  0.14659022  0.14315324  0.13973195  0.16049796  0.20013108  0.17825363  0.19644020  0.17466868  0.18185581  0.18911253  0.20013108  
5_32_0     0.15699675  0.15699675  0.16754983  0.16754983  0.15351183  0.15351183  0.15351183  0.15004303  0.19644020  0.15351183  0.15351183  0.00000000  0.00568725  0.05891330  0.07439480  0.09662066  0.06816377  0.11621051  0.11952586  0.09985028  0.12956081  0.06198412  0.06506758  0.06506758  0.08383958  0.10309388  0.09985028  0.10635158  0.09985028  0.14315324  0.13973195  0.12956081  0.13632621  0.15004303  0.13973195  0.14315324  0.15351183  0.09020287  0.08067808  0.08383958  0.12285593  0.13973195  0.13632621  0.15004303  0.12956081  0.11290977  0.13973195  0.15004303  
5_34_0     0.15004303  0.15004303  0.17466868  0.17466868  0.15351183  0.15351183  0.15351183  0.15004303  0.19644020  0.15351183  0.15351183  0.00568725  0.00000000  0.05891330  0.07439480  0.09662066  0.06816377  0.12285593  0.12620087  0.09985028  0.12956081  0.06816377  0.07127281  0.07127281  0.09020287  0.10962350  0.10635158  0.11290977  0.10635158  0.15004303  0.14659022  0.13632621  0.13632621  0.15699675  0.14659022  0.15004303  0.16049796  0.09662066  0.08701447  0.09020287  0.12285593  0.13973195  0.13632621  0.15699675  0.13632621  0.11952586  0.13973195  0.15699675  
4_32_0     0.16401560  0.16401560  0.16754983  0.16754983  0.16049796  0.16049796  0.15351183  0.15004303  0.18547538  0.15699675  0.15004303  0.05891330  0.05891330  0.00000000  0.03182785  0.04074801  0.02009710  0.11290977  0.11621051  0.08701447  0.10635158  0.06198412  0.06506758  0.06506758  0.08383958  0.09662066  0.09340490  0.08383958  0.08067808  0.13293587  0.12285593  0.11952586  0.11952586  0.13293587  0.13632621  0.13973195  0.14315324  0.08067808  0.07127281  0.07439480  0.12285593  0.12620087  0.11952586  0.13293587  0.10635158  0.09662066  0.12285593  0.14659022  
3_32_0     0.15699675  0.15699675  0.17466868  0.17466868  0.17110080  0.17110080  0.15699675  0.15351183  0.20013108  0.16401560  0.15699675  0.07439480  0.07439480  0.03182785  0.00000000  0.05891330  0.02887791  0.12285593  0.12620087  0.09340490  0.11952586  0.07439480  0.07752985  0.07752985  0.10309388  0.10962350  0.10635158  0.09662066  0.08701447  0.13973195  0.12956081  0.12620087  0.12620087  0.12620087  0.13293587  0.12956081  0.12956081  0.08067808  0.07752985  0.08067808  0.13632621  0.13632621  0.12956081  0.16401560  0.11621051  0.11290977  0.13293587  0.15699675  
4_38_0     0.17466868  0.17466868  0.18911253  0.18911253  0.19276741  0.19276741  0.18547538  0.18185581  0.20756782  0.17825363  0.17825363  0.09662066  0.09662066  0.04074801  0.05891330  0.00000000  0.04374515  0.13632621  0.13973195  0.10309388  0.12285593  0.08383958  0.08701447  0.08701447  0.09985028  0.11952586  0.11621051  0.10635158  0.09662066  0.15699675  0.14659022  0.14315324  0.13632621  0.15699675  0.15351183  0.14315324  0.16049796  0.10309388  0.09985028  0.10309388  0.13632621  0.14315324  0.14315324  0.14315324  0.11621051  0.12620087  0.14659022  0.17110080  
3_38_0     0.16049796  0.16049796  0.17466868  0.17466868  0.17825363  0.17825363  0.15699675  0.15351183  0.20013108  0.16401560  0.15699675  0.06816377  0.06816377  0.02009710  0.02887791  0.04374515  0.00000000  0.10962350  0.11290977  0.09020287  0.11621051  0.07127281  0.07439480  0.07439480  0.09985028  0.10635158  0.10309388  0.09340490  0.08383958  0.14315324  0.13293587  0.12956081  0.12956081  0.13632621  0.13973195  0.13632621  0.14659022  0.07752985  0.07439480  0.07752985  0.12620087  0.14315324  0.12956081  0.15004303  0.11621051  0.11290977  0.13973195  0.16401560  
8_3_0      0.18185581  0.18185581  0.20384022  0.20384022  0.19276741  0.19276741  0.17110080  0.17466868  0.21886315  0.19276741  0.19276741  0.11621051  0.12285593  0.11290977  0.12285593  0.13632621  0.10962350  0.00000000  0.00283823  0.11290977  0.12620087  0.07439480  0.07752985  0.07752985  0.10962350  0.10309388  0.09985028  0.10962350  0.10962350  0.12956081  0.14659022  0.12956081  0.13632621  0.14315324  0.13293587  0.12956081  0.15351183  0.11621051  0.10962350  0.11290977  0.15351183  0.16049796  0.14315324  0.15351183  0.12956081  0.12620087  0.13973195  0.15699675  
2_3_0      0.18547538  0.18547538  0.20756782  0.20756782  0.19644020  0.19644020  0.17466868  0.17825363  0.22266641  0.19644020  0.19644020  0.11952586  0.12620087  0.11621051  0.12620087  0.13973195  0.11290977  0.00283823  0.00000000  0.11621051  0.12956081  0.07752985  0.08067808  0.08067808  0.11290977  0.10635158  0.10309388  0.11290977  0.11290977  0.13293587  0.15004303  0.13293587  0.13973195  0.14659022  0.13632621  0.13293587  0.15699675  0.11952586  0.11290977  0.11621051  0.15699675  0.16401560  0.14659022  0.15699675  0.13293587  0.12620087  0.13973195  0.15699675  
10_10_0    0.17825363  0.17825363  0.21131404  0.21131404  0.17825363  0.17825363  0.18911253  0.18547538  0.22648908  0.17466868  0.18185581  0.09985028  0.09985028  0.08701447  0.09340490  0.10309388  0.09020287  0.11290977  0.11621051  0.00000000  0.03478946  0.05891330  0.05585501  0.05585501  0.06816377  0.08067808  0.07752985  0.09985028  0.09340490  0.12956081  0.11952586  0.09985028  0.09985028  0.12956081  0.11290977  0.11621051  0.12620087  0.10962350  0.09985028  0.10309388  0.14315324  0.14659022  0.14315324  0.15351183  0.13632621  0.12620087  0.14659022  0.17110080  
10_15_0    0.19276741  0.19276741  0.21886315  0.21886315  0.18547538  0.18547538  0.20384022  0.20013108  0.22648908  0.19644020  0.18911253  0.12956081  0.12956081  0.10635158  0.11952586  0.12285593  0.11621051  0.12620087  0.12956081  0.03478946  0.00000000  0.08383958  0.08067808  0.08067808  0.09020287  0.11290977  0.10962350  0.12620087  0.11952586  0.15004303  0.13973195  0.11290977  0.11290977  0.14315324  0.12620087  0.12956081  0.14659022  0.14315324  0.13293587  0.13632621  0.17110080  0.15699675  0.16049796  0.16401560  0.15351183  0.15004303  0.16401560  0.18911253  
7_10_0     0.15004303  0.15004303  0.18185581  0.17825363  0.15699675  0.15699675  0.16049796  0.15699675  0.18185581  0.14659022  0.14659022  0.06198412  0.06816377  0.06198412  0.07439480  0.08383958  0.07127281  0.07439480  0.07752985  0.05891330  0.08383958  0.00000000  0.00283823  0.00283823  0.05585501  0.06198412  0.05891330  0.07439480  0.06816377  0.09985028  0.09662066  0.09340490  0.09340490  0.11290977  0.10309388  0.10635158  0.10962350  0.07752985  0.06816377  0.07127281  0.10309388  0.12285593  0.11290977  0.12956081  0.10635158  0.09020287  0.12285593  0.13973195  
11_10_0    0.15351183  0.15351183  0.18547538  0.18185581  0.16049796  0.16049796  0.16401560  0.16049796  0.18547538  0.15004303  0.15004303  0.06506758  0.07127281  0.06506758  0.07752985  0.08701447  0.07439480  0.07752985  0.08067808  0.05585501  0.08067808  0.00283823  0.00000000  0.00000000  0.05280915  0.06506758  0.06198412  0.07752985  0.07127281  0.10309388  0.09985028  0.09662066  0.09662066  0.11621051  0.09985028  0.10962350  0.11290977  0.08067808  0.07127281  0.07439480  0.10635158  0.12620087  0.11621051  0.13293587  0.10962350  0.09340490  0.12620087  0.14315324  
11_14_0    0.15351183  0.15351183  0.18547538  0.18185581  0.16049796  0.16049796  0.16401560  0.16049796  0.18547538  0.15004303  0.15004303  0.06506758  0.07127281  0.06506758  0.07752985  0.08701447  0.07439480  0.07752985  0.08067808  0.05585501  0.08067808  0.00283823  0.00000000  0.00000000  0.05280915  0.06506758  0.06198412  0.07752985  0.07127281  0.10309388  0.09985028  0.09662066  0.09662066  0.11621051  0.09985028  0.10962350  0.11290977  0.08067808  0.07127281  0.07439480  0.10635158  0.12620087  0.11621051  0.13293587  0.10962350  0.09340490  0.12620087  0.14315324  
10_9_0     0.16049796  0.16049796  0.17825363  0.17825363  0.16754983  0.16754983  0.17110080  0.16754983  0.20013108  0.15699675  0.16401560  0.08383958  0.09020287  0.08383958  0.10309388  0.09985028  0.09985028  0.10962350  0.11290977  0.06816377  0.09020287  0.05585501  0.05280915  0.05280915  0.00000000  0.09020287  0.08701447  0.09662066  0.09020287  0.12620087  0.12285593  0.11952586  0.12620087  0.15351183  0.13632621  0.13973195  0.13632621  0.09985028  0.09020287  0.09340490  0.13632621  0.12956081  0.12620087  0.14315324  0.11952586  0.10309388  0.12285593  0.13293587  
11_12_0    0.17825363  0.17825363  0.21131404  0.21131404  0.20013108  0.20013108  0.19644020  0.19276741  0.23033134  0.17825363  0.19276741  0.10309388  0.10962350  0.09662066  0.10962350  0.11952586  0.10635158  0.10309388  0.10635158  0.08067808  0.11290977  0.06198412  0.06506758  0.06506758  0.09020287  0.00000000  0.00283823  0.10962350  0.10309388  0.15004303  0.14659022  0.13632621  0.12956081  0.13973195  0.13973195  0.12956081  0.14659022  0.11290977  0.10309388  0.10635158  0.13293587  0.16401560  0.16049796  0.15004303  0.14659022  0.13632621  0.15699675  0.17466868  
7_12_0     0.17466868  0.17466868  0.20756782  0.20756782  0.19644020  0.19644020  0.19276741  0.18911253  0.22648908  0.18185581  0.18911253  0.09985028  0.10635158  0.09340490  0.10635158  0.11621051  0.10309388  0.09985028  0.10309388  0.07752985  0.10962350  0.05891330  0.06198412  0.06198412  0.08701447  0.00283823  0.00000000  0.10635158  0.09985028  0.14659022  0.14315324  0.13293587  0.12620087  0.13632621  0.13632621  0.12620087  0.14315324  0.10962350  0.09985028  0.10309388  0.12956081  0.16049796  0.15699675  0.14659022  0.14315324  0.13293587  0.15351183  0.17110080  
7_11_0     0.15699675  0.15699675  0.19276741  0.19276741  0.17466868  0.17466868  0.16754983  0.16401560  0.20384022  0.16049796  0.17466868  0.10635158  0.11290977  0.08383958  0.09662066  0.10635158  0.09340490  0.10962350  0.11290977  0.09985028  0.12620087  0.07439480  0.07752985  0.07752985  0.09662066  0.10962350  0.10635158  0.00000000  0.01719288  0.12285593  0.12620087  0.11621051  0.12285593  0.13632621  0.13973195  0.14315324  0.14659022  0.08067808  0.07127281  0.07439480  0.11952586  0.13973195  0.10635158  0.14315324  0.10635158  0.09662066  0.12956081  0.13973195  
7_13_0     0.15351183  0.15351183  0.18911253  0.18911253  0.17825363  0.17825363  0.17825363  0.17466868  0.20756782  0.16401560  0.17825363  0.09985028  0.10635158  0.08067808  0.08701447  0.09662066  0.08383958  0.10962350  0.11290977  0.09340490  0.11952586  0.06816377  0.07127281  0.07127281  0.09020287  0.10309388  0.09985028  0.01719288  0.00000000  0.11952586  0.12285593  0.11290977  0.11952586  0.13293587  0.13632621  0.13293587  0.14315324  0.07439480  0.07127281  0.07439480  0.10962350  0.12620087  0.09985028  0.13632621  0.09985028  0.09020287  0.12285593  0.13293587  
4_33_0     0.18911253  0.18911253  0.21507909  0.21131404  0.19276741  0.19276741  0.17825363  0.18185581  0.20756782  0.17825363  0.17110080  0.14315324  0.15004303  0.13293587  0.13973195  0.15699675  0.14315324  0.12956081  0.13293587  0.12956081  0.15004303  0.09985028  0.10309388  0.10309388  0.12620087  0.15004303  0.14659022  0.12285593  0.11952586  0.00000000  0.01429987  0.05891330  0.05280915  0.08383958  0.07439480  0.08383958  0.06198412  0.11952586  0.10962350  0.11290977  0.15351183  0.16049796  0.13293587  0.16401560  0.13293587  0.11621051  0.15004303  0.16754983  
3_33_0     0.18185581  0.18185581  0.20756782  0.20384022  0.17825363  0.17825363  0.18547538  0.18185581  0.20756782  0.17110080  0.16401560  0.13973195  0.14659022  0.12285593  0.12956081  0.14659022  0.13293587  0.14659022  0.15004303  0.11952586  0.13973195  0.09662066  0.09985028  0.09985028  0.12285593  0.14659022  0.14315324  0.12620087  0.12285593  0.01429987  0.00000000  0.04977562  0.04374515  0.06816377  0.06506758  0.07439480  0.05280915  0.11621051  0.10635158  0.10962350  0.15004303  0.16401560  0.13632621  0.17466868  0.12956081  0.11952586  0.15351183  0.17110080  
5_33_0     0.16049796  0.16049796  0.20013108  0.19644020  0.15699675  0.15699675  0.17110080  0.16754983  0.21507909  0.15699675  0.15699675  0.12956081  0.13632621  0.11952586  0.12620087  0.14315324  0.12956081  0.12956081  0.13293587  0.09985028  0.11290977  0.09340490  0.09662066  0.09662066  0.11952586  0.13632621  0.13293587  0.11621051  0.11290977  0.05891330  0.04977562  0.00000000  0.03478946  0.06506758  0.05585501  0.06506758  0.06198412  0.10635158  0.09662066  0.09985028  0.13293587  0.15004303  0.12285593  0.16049796  0.12285593  0.11290977  0.13973195  0.15699675  
4_8_0      0.17466868  0.17466868  0.20756782  0.20384022  0.17110080  0.17110080  0.18547538  0.18185581  0.20756782  0.16401560  0.15699675  0.13632621  0.13632621  0.11952586  0.12620087  0.13632621  0.12956081  0.13632621  0.13973195  0.09985028  0.11290977  0.09340490  0.09662066  0.09662066  0.12620087  0.12956081  0.12620087  0.12285593  0.11952586  0.05280915  0.04374515  0.03478946  0.00000000  0.05891330  0.05585501  0.05891330  0.05585501  0.11290977  0.10309388  0.10635158  0.13293587  0.15351183  0.13293587  0.15004303  0.12620087  0.11621051  0.13632621  0.15351183  
5_8_0      0.18547538  0.18547538  0.21507909  0.21131404  0.20384022  0.20384022  0.20384022  0.20013108  0.24197774  0.20384022  0.18911253  0.15004303  0.15699675  0.13293587  0.12620087  0.15699675  0.13632621  0.14315324  0.14659022  0.12956081  0.14315324  0.11290977  0.11621051  0.11621051  0.15351183  0.13973195  0.13632621  0.13632621  0.13293587  0.08383958  0.06816377  0.06506758  0.05891330  0.00000000  0.03776281  0.04074801  0.04977562  0.11290977  0.10309388  0.10635158  0.13973195  0.18185581  0.14659022  0.17466868  0.13293587  0.13632621  0.17110080  0.17466868  
5_37_0     0.17825363  0.17825363  0.20013108  0.19644020  0.18185581  0.18185581  0.18911253  0.18547538  0.21886315  0.18911253  0.17466868  0.13973195  0.14659022  0.13632621  0.13293587  0.15351183  0.13973195  0.13293587  0.13632621  0.11290977  0.12620087  0.10309388  0.09985028  0.09985028  0.13632621  0.13973195  0.13632621  0.13973195  0.13632621  0.07439480  0.06506758  0.05585501  0.05585501  0.03776281  0.00000000  0.02593952  0.04074801  0.11621051  0.10635158  0.10962350  0.15699675  0.17110080  0.14315324  0.16754983  0.14315324  0.12620087  0.16049796  0.17110080  
5_36_0     0.18185581  0.18185581  0.21131404  0.20756782  0.19276741  0.19276741  0.20756782  0.20384022  0.23807546  0.20013108  0.19276741  0.14315324  0.15004303  0.13973195  0.12956081  0.14315324  0.13632621  0.12956081  0.13293587  0.11621051  0.12956081  0.10635158  0.10962350  0.10962350  0.13973195  0.12956081  0.12620087  0.14315324  0.13293587  0.08383958  0.07439480  0.06506758  0.05891330  0.04074801  0.02593952  0.00000000  0.04977562  0.11290977  0.10962350  0.11290977  0.14659022  0.17466868  0.14659022  0.16401560  0.13293587  0.13632621  0.15699675  0.16754983  
5_35_0     0.19644020  0.19644020  0.21886315  0.21507909  0.20013108  0.20013108  0.19276741  0.18911253  0.22266641  0.17825363  0.17110080  0.15351183  0.16049796  0.14315324  0.12956081  0.16049796  0.14659022  0.15351183  0.15699675  0.12620087  0.14659022  0.10962350  0.11290977  0.11290977  0.13632621  0.14659022  0.14315324  0.14659022  0.14315324  0.06198412  0.05280915  0.06198412  0.05585501  0.04977562  0.04074801  0.04977562  0.00000000  0.12285593  0.11290977  0.11621051  0.15699675  0.17825363  0.15004303  0.18185581  0.14315324  0.13293587  0.16754983  0.17825363  
1_22_0     0.12956081  0.12956081  0.17825363  0.17825363  0.16049796  0.16049796  0.14659022  0.14315324  0.18185581  0.14659022  0.14659022  0.09020287  0.09662066  0.08067808  0.08067808  0.10309388  0.07752985  0.11621051  0.11952586  0.10962350  0.14315324  0.07752985  0.08067808  0.08067808  0.09985028  0.11290977  0.10962350  0.08067808  0.07439480  0.11952586  0.11621051  0.10635158  0.11290977  0.11290977  0.11621051  0.11290977  0.12285593  0.00000000  0.00854714  0.00568725  0.06506758  0.12285593  0.10309388  0.12620087  0.10309388  0.08701447  0.11290977  0.12285593  
1_21_0     0.13293587  0.13293587  0.17466868  0.17466868  0.15699675  0.15699675  0.14315324  0.13973195  0.18547538  0.14315324  0.14315324  0.08067808  0.08701447  0.07127281  0.07752985  0.09985028  0.07439480  0.10962350  0.11290977  0.09985028  0.13293587  0.06816377  0.07127281  0.07127281  0.09020287  0.10309388  0.09985028  0.07127281  0.07127281  0.10962350  0.10635158  0.09662066  0.10309388  0.10309388  0.10635158  0.10962350  0.11290977  0.00854714  0.00000000  0.00283823  0.06198412  0.11290977  0.09985028  0.11621051  0.09340490  0.07752985  0.10309388  0.11290977  
1_23_0     0.12956081  0.12956081  0.17110080  0.17110080  0.15351183  0.15351183  0.13973195  0.13632621  0.18185581  0.13973195  0.13973195  0.08383958  0.09020287  0.07439480  0.08067808  0.10309388  0.07752985  0.11290977  0.11621051  0.10309388  0.13632621  0.07127281  0.07439480  0.07439480  0.09340490  0.10635158  0.10309388  0.07439480  0.07439480  0.11290977  0.10962350  0.09985028  0.10635158  0.10635158  0.10962350  0.11290977  0.11621051  0.00568725  0.00283823  0.00000000  0.05891330  0.11621051  0.09662066  0.11952586  0.09662066  0.08067808  0.10635158  0.11621051  
9_17_0     0.16401560  0.16401560  0.20384022  0.20013108  0.17825363  0.17825363  0.17466868  0.17110080  0.20384022  0.16049796  0.16049796  0.12285593  0.12285593  0.12285593  0.13632621  0.13632621  0.12620087  0.15351183  0.15699675  0.14315324  0.17110080  0.10309388  0.10635158  0.10635158  0.13632621  0.13293587  0.12956081  0.11952586  0.10962350  0.15351183  0.15004303  0.13293587  0.13293587  0.13973195  0.15699675  0.14659022  0.15699675  0.06506758  0.06198412  0.05891330  0.00000000  0.16049796  0.13293587  0.15699675  0.13293587  0.14315324  0.15699675  0.15351183  
6_19_0     0.17825363  0.17825363  0.21886315  0.21886315  0.21507909  0.21507909  0.18911253  0.19276741  0.22266641  0.19644020  0.20013108  0.13973195  0.13973195  0.12620087  0.13632621  0.14315324  0.14315324  0.16049796  0.16401560  0.14659022  0.15699675  0.12285593  0.12620087  0.12620087  0.12956081  0.16401560  0.16049796  0.13973195  0.12620087  0.16049796  0.16401560  0.15004303  0.15351183  0.18185581  0.17110080  0.17466868  0.17825363  0.12285593  0.11290977  0.11621051  0.16049796  0.00000000  0.07127281  0.09020287  0.06506758  0.05585501  0.06816377  0.08383958  
6_18_0     0.17825363  0.17825363  0.19644020  0.19644020  0.19276741  0.19276741  0.16401560  0.16754983  0.20013108  0.17466868  0.17825363  0.13632621  0.13632621  0.11952586  0.12956081  0.14315324  0.12956081  0.14315324  0.14659022  0.14315324  0.16049796  0.11290977  0.11621051  0.11621051  0.12620087  0.16049796  0.15699675  0.10635158  0.09985028  0.13293587  0.13632621  0.12285593  0.13293587  0.14659022  0.14315324  0.14659022  0.15004303  0.10309388  0.09985028  0.09662066  0.13293587  0.07127281  0.00000000  0.08701447  0.03182785  0.03182785  0.07752985  0.08701447  
9_25_0     0.21131404  0.21131404  0.21507909  0.21507909  0.20013108  0.20013108  0.17825363  0.18185581  0.21886315  0.20013108  0.19644020  0.15004303  0.15699675  0.13293587  0.16401560  0.14315324  0.15004303  0.15351183  0.15699675  0.15351183  0.16401560  0.12956081  0.13293587  0.13293587  0.14315324  0.15004303  0.14659022  0.14315324  0.13632621  0.16401560  0.17466868  0.16049796  0.15004303  0.17466868  0.16754983  0.16401560  0.18185581  0.12620087  0.11621051  0.11952586  0.15699675  0.09020287  0.08701447  0.00000000  0.06506758  0.06506758  0.08701447  0.09662066  
1_20_0     0.18185581  0.18185581  0.20013108  0.20013108  0.21131404  0.21131404  0.16401560  0.16754983  0.20384022  0.17825363  0.17466868  0.12956081  0.13632621  0.10635158  0.11621051  0.11621051  0.11621051  0.12956081  0.13293587  0.13632621  0.15351183  0.10635158  0.10962350  0.10962350  0.11952586  0.14659022  0.14315324  0.10635158  0.09985028  0.13293587  0.12956081  0.12285593  0.12620087  0.13293587  0.14315324  0.13293587  0.14315324  0.10309388  0.09340490  0.09662066  0.13293587  0.06506758  0.03182785  0.06506758  0.00000000  0.03478946  0.06198412  0.07127281  
1_8_0      0.18185581  0.18185581  0.19276741  0.19276741  0.18911253  0.18911253  0.16754983  0.17110080  0.20384022  0.17825363  0.18185581  0.11290977  0.11952586  0.09662066  0.11290977  0.12620087  0.11290977  0.12620087  0.12620087  0.12620087  0.15004303  0.09020287  0.09340490  0.09340490  0.10309388  0.13632621  0.13293587  0.09662066  0.09020287  0.11621051  0.11952586  0.11290977  0.11621051  0.13632621  0.12620087  0.13632621  0.13293587  0.08701447  0.07752985  0.08067808  0.14315324  0.05585501  0.03182785  0.06506758  0.03478946  0.00000000  0.05280915  0.06816377  
9_8_0      0.17825363  0.17825363  0.21131404  0.21131404  0.19276741  0.19276741  0.17825363  0.18185581  0.22648908  0.19276741  0.18911253  0.13973195  0.13973195  0.12285593  0.13293587  0.14659022  0.13973195  0.13973195  0.13973195  0.14659022  0.16401560  0.12285593  0.12620087  0.12620087  0.12285593  0.15699675  0.15351183  0.12956081  0.12285593  0.15004303  0.15351183  0.13973195  0.13632621  0.17110080  0.16049796  0.15699675  0.16754983  0.11290977  0.10309388  0.10635158  0.15699675  0.06816377  0.07752985  0.08701447  0.06198412  0.05280915  0.00000000  0.02009710  
9_24_0     0.19644020  0.19644020  0.21507909  0.21507909  0.19644020  0.19644020  0.19644020  0.20013108  0.23807546  0.20384022  0.20013108  0.15004303  0.15699675  0.14659022  0.15699675  0.17110080  0.16401560  0.15699675  0.15699675  0.17110080  0.18911253  0.13973195  0.14315324  0.14315324  0.13293587  0.17466868  0.17110080  0.13973195  0.13293587  0.16754983  0.17110080  0.15699675  0.15351183  0.17466868  0.17110080  0.16754983  0.17825363  0.12285593  0.11290977  0.11621051  0.15351183  0.08383958  0.08701447  0.09662066  0.07127281  0.06816377  0.02009710  0.00000000  

