32
16_0_0     0.00000000  0.12606922  0.12178750  0.15229167  0.15229167  0.15229167  0.16124252  0.16575877  0.34412650  0.34990984  0.34412650  0.36753529  0.34990984  0.34412650  0.32143362  0.32704211  0.32704211  0.31586719  0.33838789  0.28864466  0.40409409  0.38558958  0.40409409  0.30485806  0.31034221  0.31034221  0.34412650  0.34412650  0.32704211  0.32143362  0.30485806  0.46254854  
13_0_0     0.12606922  0.00000000  0.01094996  0.08432474  0.09660338  0.09660338  0.11329747  0.10908861  0.37350471  0.38558958  0.39787451  0.41036624  0.32704211  0.34412650  0.35573860  0.36161350  0.38558958  0.36161350  0.34990984  0.31034221  0.42307186  0.37350471  0.40409409  0.33269332  0.34412650  0.35573860  0.37952255  0.37952255  0.37952255  0.37350471  0.32143362  0.44915494  
19_0_0     0.12178750  0.01094996  0.00000000  0.08027660  0.09248789  0.09248789  0.10908861  0.10490348  0.37952255  0.39170662  0.40409409  0.41669186  0.33269332  0.33838789  0.36161350  0.36753529  0.37952255  0.36753529  0.35573860  0.31586719  0.42950718  0.36753529  0.39787451  0.33838789  0.34990984  0.36161350  0.39787451  0.39787451  0.38558958  0.37952255  0.32704211  0.46933709  
20_0_0     0.15229167  0.08432474  0.08027660  0.00000000  0.14785641  0.14785641  0.15675360  0.15229167  0.37350471  0.37350471  0.38558958  0.38558958  0.33838789  0.35573860  0.40409409  0.41036624  0.39787451  0.39787451  0.38558958  0.32704211  0.44254772  0.36753529  0.42307186  0.36161350  0.37350471  0.39170662  0.40409409  0.40409409  0.36753529  0.37350471  0.32143362  0.45582152  
17_0_0     0.15229167  0.09660338  0.09248789  0.14785641  0.00000000  0.00000000  0.03714628  0.02956678  0.32704211  0.34990984  0.33838789  0.36161350  0.30485806  0.32143362  0.30485806  0.31034221  0.32143362  0.31034221  0.27802925  0.29400986  0.37350471  0.36753529  0.37350471  0.32704211  0.32704211  0.31586719  0.34990984  0.34990984  0.33838789  0.32704211  0.28864466  0.39787451  
15_0_0     0.15229167  0.09660338  0.09248789  0.14785641  0.00000000  0.00000000  0.03714628  0.02956678  0.32704211  0.34990984  0.33838789  0.36161350  0.30485806  0.32143362  0.30485806  0.31034221  0.32143362  0.31034221  0.27802925  0.29400986  0.37350471  0.36753529  0.37350471  0.32704211  0.32704211  0.31586719  0.34990984  0.34990984  0.33838789  0.32704211  0.28864466  0.39787451  
14_0_0     0.16124252  0.11329747  0.10908861  0.15675360  0.03714628  0.03714628  0.00000000  0.02206391  0.34990984  0.36161350  0.36161350  0.37350471  0.31586719  0.31034221  0.33838789  0.34412650  0.35573860  0.34412650  0.32143362  0.30485806  0.37350471  0.39170662  0.38558958  0.33838789  0.33838789  0.32704211  0.36161350  0.36161350  0.34990984  0.34990984  0.29941414  0.39787451  
18_0_0     0.16575877  0.10908861  0.10490348  0.15229167  0.02956678  0.02956678  0.02206391  0.00000000  0.34412650  0.34412650  0.34412650  0.35573860  0.32704211  0.34412650  0.32704211  0.33269332  0.34412650  0.33269332  0.31034221  0.31586719  0.38558958  0.39170662  0.37952255  0.36161350  0.34990984  0.33838789  0.37350471  0.37350471  0.36161350  0.36161350  0.29941414  0.41036624  
9_0_0      0.34412650  0.37350471  0.37952255  0.37350471  0.32704211  0.32704211  0.34990984  0.34412650  0.00000000  0.05254155  0.03714628  0.06036065  0.28331798  0.28864466  0.22221286  0.22711711  0.24706480  0.24706480  0.27277795  0.26238553  0.37952255  0.37952255  0.35573860  0.33838789  0.32704211  0.31034221  0.33269332  0.33269332  0.31034221  0.31034221  0.25213665  0.41669186  
6_0_0      0.34990984  0.38558958  0.39170662  0.37350471  0.34990984  0.34990984  0.36161350  0.34412650  0.05254155  0.00000000  0.02580586  0.04866269  0.29400986  0.31034221  0.23702393  0.24202738  0.26238553  0.26238553  0.29941414  0.24706480  0.36161350  0.36753529  0.34412650  0.35573860  0.34412650  0.30485806  0.33838789  0.33838789  0.30485806  0.32143362  0.25724340  0.41036624  
3_2_0      0.34412650  0.39787451  0.40409409  0.38558958  0.33838789  0.33838789  0.36161350  0.34412650  0.03714628  0.02580586  0.00000000  0.02206391  0.28331798  0.29941414  0.22221286  0.22711711  0.23702393  0.23702393  0.27277795  0.23205399  0.34412650  0.36753529  0.34412650  0.32704211  0.31586719  0.28864466  0.31034221  0.31034221  0.27802925  0.29400986  0.23205399  0.41036624  
3_0_0      0.36753529  0.41036624  0.41669186  0.38558958  0.36161350  0.36161350  0.37350471  0.35573860  0.06036065  0.04866269  0.02206391  0.00000000  0.30485806  0.32143362  0.24202738  0.24706480  0.25724340  0.25724340  0.29400986  0.24202738  0.32143362  0.34412650  0.33269332  0.33838789  0.32704211  0.31034221  0.32143362  0.32143362  0.28331798  0.29941414  0.23205399  0.42307186  
8_0_0      0.34990984  0.32704211  0.33269332  0.33838789  0.30485806  0.30485806  0.31586719  0.32704211  0.28331798  0.29400986  0.28331798  0.30485806  0.00000000  0.03334685  0.12178750  0.12606922  0.13470749  0.13470749  0.13037578  0.21250053  0.34990984  0.34412650  0.35573860  0.30485806  0.28331798  0.28864466  0.29400986  0.29400986  0.27277795  0.28864466  0.21734081  0.41669186  
1_0_0      0.34412650  0.34412650  0.33838789  0.35573860  0.32143362  0.32143362  0.31034221  0.34412650  0.28864466  0.31034221  0.29941414  0.32143362  0.03334685  0.00000000  0.13470749  0.13906462  0.13906462  0.14785641  0.15229167  0.22711711  0.36753529  0.37952255  0.37350471  0.31586719  0.30485806  0.31586719  0.31034221  0.31034221  0.28864466  0.30485806  0.24202738  0.43599881  
2_0_0      0.32143362  0.35573860  0.36161350  0.40409409  0.30485806  0.30485806  0.33838789  0.32704211  0.22221286  0.23702393  0.22221286  0.24202738  0.12178750  0.13470749  0.00000000  0.00363206  0.03334685  0.03334685  0.07224596  0.22711711  0.36161350  0.38558958  0.36161350  0.32143362  0.31034221  0.28331798  0.29941414  0.29941414  0.26756355  0.28331798  0.19816630  0.36753529  
12_0_0     0.32704211  0.36161350  0.36753529  0.41036624  0.31034221  0.31034221  0.34412650  0.33269332  0.22711711  0.24202738  0.22711711  0.24706480  0.12606922  0.13906462  0.00363206  0.00000000  0.03714628  0.03714628  0.07625042  0.23205399  0.36753529  0.39170662  0.36753529  0.32704211  0.31586719  0.28331798  0.30485806  0.30485806  0.27277795  0.28864466  0.20291368  0.37350471  
11_0_0     0.32704211  0.38558958  0.37952255  0.39787451  0.32143362  0.32143362  0.35573860  0.34412650  0.24706480  0.26238553  0.23702393  0.25724340  0.13470749  0.13906462  0.03334685  0.03714628  0.00000000  0.02206391  0.08432474  0.23205399  0.35573860  0.37952255  0.35573860  0.32704211  0.31586719  0.28864466  0.30485806  0.30485806  0.27277795  0.28864466  0.19344910  0.39787451  
4_0_0      0.31586719  0.36161350  0.36753529  0.39787451  0.31034221  0.31034221  0.34412650  0.33269332  0.24706480  0.26238553  0.23702393  0.25724340  0.13470749  0.14785641  0.03334685  0.03714628  0.02206391  0.00000000  0.08432474  0.21250053  0.34412650  0.36753529  0.34412650  0.31586719  0.30485806  0.28864466  0.28864466  0.28864466  0.26756355  0.27277795  0.18410371  0.37350471  
5_0_0      0.33838789  0.34990984  0.35573860  0.38558958  0.27802925  0.27802925  0.32143362  0.31034221  0.27277795  0.29941414  0.27277795  0.29400986  0.13037578  0.15229167  0.07224596  0.07625042  0.08432474  0.08432474  0.00000000  0.23702393  0.34990984  0.35573860  0.33838789  0.31034221  0.28864466  0.29400986  0.27802925  0.27802925  0.25724340  0.26238553  0.21734081  0.37952255  
10_0_0     0.28864466  0.31034221  0.31586719  0.32704211  0.29400986  0.29400986  0.30485806  0.31586719  0.26238553  0.24706480  0.23205399  0.24202738  0.21250053  0.22711711  0.22711711  0.23205399  0.23205399  0.21250053  0.23702393  0.00000000  0.31586719  0.31034221  0.33838789  0.24202738  0.22221286  0.23205399  0.23702393  0.23702393  0.20769162  0.21250053  0.15229167  0.37350471  
9_1_0      0.40409409  0.42307186  0.42950718  0.44254772  0.37350471  0.37350471  0.37350471  0.38558958  0.37952255  0.36161350  0.34412650  0.32143362  0.34990984  0.36753529  0.36161350  0.36753529  0.35573860  0.34412650  0.34990984  0.31586719  0.00000000  0.11329747  0.11329747  0.34990984  0.34412650  0.33838789  0.37350471  0.37350471  0.37952255  0.38558958  0.30485806  0.45582152  
3_1_0      0.38558958  0.37350471  0.36753529  0.36753529  0.36753529  0.36753529  0.39170662  0.39170662  0.37952255  0.36753529  0.36753529  0.34412650  0.34412650  0.37952255  0.38558958  0.39170662  0.37952255  0.36753529  0.35573860  0.31034221  0.11329747  0.00000000  0.06036065  0.28864466  0.25724340  0.32704211  0.33838789  0.33838789  0.34412650  0.33838789  0.26238553  0.46933709  
6_1_0      0.40409409  0.40409409  0.39787451  0.42307186  0.37350471  0.37350471  0.38558958  0.37952255  0.35573860  0.34412650  0.34412650  0.33269332  0.35573860  0.37350471  0.36161350  0.36753529  0.35573860  0.34412650  0.33838789  0.33838789  0.11329747  0.06036065  0.00000000  0.33269332  0.29400986  0.34990984  0.36753529  0.36753529  0.37350471  0.36753529  0.28331798  0.44915494  
8_1_0      0.30485806  0.33269332  0.33838789  0.36161350  0.32704211  0.32704211  0.33838789  0.36161350  0.33838789  0.35573860  0.32704211  0.33838789  0.30485806  0.31586719  0.32143362  0.32704211  0.32704211  0.31586719  0.31034221  0.24202738  0.34990984  0.28864466  0.33269332  0.00000000  0.05254155  0.13906462  0.13906462  0.13906462  0.13470749  0.13037578  0.19816630  0.39170662  
1_1_0      0.31034221  0.34412650  0.34990984  0.37350471  0.32704211  0.32704211  0.33838789  0.34990984  0.32704211  0.34412650  0.31586719  0.32704211  0.28331798  0.30485806  0.31034221  0.31586719  0.31586719  0.30485806  0.28864466  0.22221286  0.34412650  0.25724340  0.29400986  0.05254155  0.00000000  0.12178750  0.11329747  0.11329747  0.11753034  0.11329747  0.18410371  0.40409409  
5_1_0      0.31034221  0.35573860  0.36161350  0.39170662  0.31586719  0.31586719  0.32704211  0.33838789  0.31034221  0.30485806  0.28864466  0.31034221  0.28864466  0.31586719  0.28331798  0.28331798  0.28864466  0.28864466  0.29400986  0.23205399  0.33838789  0.32704211  0.34990984  0.13906462  0.12178750  0.00000000  0.12606922  0.12606922  0.11329747  0.12606922  0.20291368  0.42307186  
2_1_0      0.34412650  0.37952255  0.39787451  0.40409409  0.34990984  0.34990984  0.36161350  0.37350471  0.33269332  0.33838789  0.31034221  0.32143362  0.29400986  0.31034221  0.29941414  0.30485806  0.30485806  0.28864466  0.27802925  0.23702393  0.37350471  0.33838789  0.36753529  0.13906462  0.11329747  0.12606922  0.00000000  0.00000000  0.06430131  0.06826300  0.18410371  0.39787451  
12_1_0     0.34412650  0.37952255  0.39787451  0.40409409  0.34990984  0.34990984  0.36161350  0.37350471  0.33269332  0.33838789  0.31034221  0.32143362  0.29400986  0.31034221  0.29941414  0.30485806  0.30485806  0.28864466  0.27802925  0.23702393  0.37350471  0.33838789  0.36753529  0.13906462  0.11329747  0.12606922  0.00000000  0.00000000  0.06430131  0.06826300  0.18410371  0.39787451  
4_1_0      0.32704211  0.37952255  0.38558958  0.36753529  0.33838789  0.33838789  0.34990984  0.36161350  0.31034221  0.30485806  0.27802925  0.28331798  0.27277795  0.28864466  0.26756355  0.27277795  0.27277795  0.26756355  0.25724340  0.20769162  0.37952255  0.34412650  0.37350471  0.13470749  0.11753034  0.11329747  0.06430131  0.06430131  0.00000000  0.01834073  0.16124252  0.37350471  
11_1_0     0.32143362  0.37350471  0.37952255  0.37350471  0.32704211  0.32704211  0.34990984  0.36161350  0.31034221  0.32143362  0.29400986  0.29941414  0.28864466  0.30485806  0.28331798  0.28864466  0.28864466  0.27277795  0.26238553  0.21250053  0.38558958  0.33838789  0.36753529  0.13037578  0.11329747  0.12606922  0.06826300  0.06826300  0.01834073  0.00000000  0.16124252  0.35573860  
10_1_0     0.30485806  0.32143362  0.32704211  0.32143362  0.28864466  0.28864466  0.29941414  0.29941414  0.25213665  0.25724340  0.23205399  0.23205399  0.21734081  0.24202738  0.19816630  0.20291368  0.19344910  0.18410371  0.21734081  0.15229167  0.30485806  0.26238553  0.28331798  0.19816630  0.18410371  0.20291368  0.18410371  0.18410371  0.16124252  0.16124252  0.00000000  0.34990984  
7_0_0      0.46254854  0.44915494  0.46933709  0.45582152  0.39787451  0.39787451  0.39787451  0.41036624  0.41669186  0.41036624  0.41036624  0.42307186  0.41669186  0.43599881  0.36753529  0.37350471  0.39787451  0.37350471  0.37952255  0.37350471  0.45582152  0.46933709  0.44915494  0.39170662  0.40409409  0.42307186  0.39787451  0.39787451  0.37350471  0.35573860  0.34990984  0.00000000  

