13
23_9_0     0.00000000  0.14566995  0.07803332  0.08988158  0.12660443  0.11416064  0.14566995  0.12035648  0.13926024  0.13926024  0.13926024  0.18533513  0.20599142  
23_12_0    0.14566995  0.00000000  0.09587735  0.12660443  0.13290538  0.17187666  0.15213545  0.15213545  0.15865773  0.17187666  0.17187666  0.17187666  0.18533513  
23_11_0    0.07803332  0.09587735  0.00000000  0.07803332  0.11416064  0.11416064  0.13290538  0.10192191  0.12035648  0.12035648  0.12035648  0.14566995  0.16523779  
23_13_0    0.08988158  0.12660443  0.07803332  0.00000000  0.14566995  0.15213545  0.16523779  0.14566995  0.15213545  0.15213545  0.16523779  0.19904196  0.19904196  
23_8_0     0.12660443  0.13290538  0.11416064  0.14566995  0.00000000  0.10192191  0.09587735  0.07217932  0.07803332  0.08393382  0.08988158  0.14566995  0.17857541  
48_0_0     0.11416064  0.17187666  0.11416064  0.15213545  0.10192191  0.00000000  0.10192191  0.07803332  0.09587735  0.09587735  0.09587735  0.13290538  0.16523779  
48_3_0     0.14566995  0.15213545  0.13290538  0.16523779  0.09587735  0.10192191  0.00000000  0.04358202  0.06060794  0.06060794  0.04921407  0.13926024  0.15865773  
84_3_0     0.12035648  0.15213545  0.10192191  0.14566995  0.07217932  0.07803332  0.04358202  0.00000000  0.01604508  0.01604508  0.01604508  0.12660443  0.15213545  
17_3_0     0.13926024  0.15865773  0.12035648  0.15213545  0.07803332  0.09587735  0.06060794  0.01604508  0.00000000  0.02147140  0.03244444  0.13290538  0.15865773  
94_3_0     0.13926024  0.17187666  0.12035648  0.15213545  0.08393382  0.09587735  0.06060794  0.01604508  0.02147140  0.00000000  0.01065812  0.13290538  0.17187666  
94_4_0     0.13926024  0.17187666  0.12035648  0.16523779  0.08988158  0.09587735  0.04921407  0.01604508  0.03244444  0.01065812  0.00000000  0.12035648  0.17187666  
63_5_0     0.18533513  0.17187666  0.14566995  0.19904196  0.14566995  0.13290538  0.13926024  0.12660443  0.13290538  0.13290538  0.12035648  0.00000000  0.17187666  
63_0_0     0.20599142  0.18533513  0.16523779  0.19904196  0.17857541  0.16523779  0.15865773  0.15213545  0.15865773  0.17187666  0.17187666  0.17187666  0.00000000  

