20
4_0_0      0.00000000  0.05933920  0.07066539  0.06498036  0.16820772  0.16171483  0.15527910  0.16171483  0.15527910  0.13008818  0.17475880  0.16820772  0.14257514  0.13630500  0.14889952  0.13008818  0.14257514  0.11174876  0.12392378  0.14889952  
10_0_0     0.05933920  0.00000000  0.03720004  0.02102484  0.19477180  0.18803974  0.16171483  0.16820772  0.16171483  0.13630500  0.14889952  0.19477180  0.13630500  0.13008818  0.11781093  0.13630500  0.13630500  0.13008818  0.13008818  0.14257514  
12_0_0     0.07066539  0.03720004  0.00000000  0.05374124  0.19477180  0.18803974  0.15527910  0.15527910  0.17475880  0.14257514  0.17475880  0.18136911  0.14889952  0.15527910  0.14889952  0.15527910  0.16171483  0.14889952  0.12392378  0.14257514  
13_0_0     0.06498036  0.02102484  0.05374124  0.00000000  0.18136911  0.17475880  0.15527910  0.15527910  0.14889952  0.14889952  0.13630500  0.18136911  0.15527910  0.14889952  0.12392378  0.14257514  0.13008818  0.13008818  0.13008818  0.16171483  
20_0_0     0.16820772  0.19477180  0.19477180  0.18136911  0.00000000  0.02102484  0.06498036  0.07639497  0.06498036  0.08216981  0.08216981  0.10573646  0.18136911  0.16820772  0.17475880  0.17475880  0.18803974  0.18136911  0.18803974  0.16171483  
8_0_0      0.16171483  0.18803974  0.18803974  0.17475880  0.02102484  0.00000000  0.05933920  0.07066539  0.07066539  0.07639497  0.09977319  0.09385818  0.18136911  0.18803974  0.18803974  0.18803974  0.20156643  0.19477180  0.18803974  0.17475880  
15_0_0     0.15527910  0.16171483  0.15527910  0.15527910  0.06498036  0.05933920  0.00000000  0.04818582  0.05374124  0.07639497  0.08799064  0.08216981  0.16820772  0.17475880  0.17475880  0.18803974  0.18136911  0.16820772  0.16820772  0.16820772  
9_0_0      0.16171483  0.16820772  0.15527910  0.15527910  0.07639497  0.07066539  0.04818582  0.00000000  0.01571167  0.05933920  0.06498036  0.08216981  0.18136911  0.18803974  0.18136911  0.19477180  0.18803974  0.18803974  0.16820772  0.17475880  
16_0_0     0.15527910  0.16171483  0.17475880  0.14889952  0.06498036  0.07066539  0.05374124  0.01571167  0.00000000  0.05374124  0.04818582  0.09977319  0.19477180  0.18803974  0.18136911  0.19477180  0.18803974  0.18803974  0.18136911  0.18136911  
7_0_0      0.13008818  0.13630500  0.14257514  0.14889952  0.08216981  0.07639497  0.07639497  0.05933920  0.05374124  0.00000000  0.05933920  0.11174876  0.17475880  0.18136911  0.20156643  0.21534812  0.20842480  0.20842480  0.20156643  0.16171483  
18_0_0     0.17475880  0.14889952  0.17475880  0.13630500  0.08216981  0.09977319  0.08799064  0.06498036  0.04818582  0.05933920  0.00000000  0.12392378  0.17475880  0.16820772  0.17475880  0.18803974  0.18136911  0.19477180  0.20156643  0.19477180  
19_0_0     0.16820772  0.19477180  0.18136911  0.18136911  0.10573646  0.09385818  0.08216981  0.08216981  0.09977319  0.11174876  0.12392378  0.00000000  0.17475880  0.18136911  0.18136911  0.17475880  0.16820772  0.16820772  0.15527910  0.14889952  
14_0_0     0.14257514  0.13630500  0.14889952  0.15527910  0.18136911  0.18136911  0.16820772  0.18136911  0.19477180  0.17475880  0.17475880  0.17475880  0.00000000  0.01043684  0.03720004  0.03176845  0.03176845  0.14889952  0.14257514  0.17475880  
17_0_0     0.13630500  0.13008818  0.15527910  0.14889952  0.16820772  0.18803974  0.17475880  0.18803974  0.18803974  0.18136911  0.16820772  0.18136911  0.01043684  0.00000000  0.03720004  0.03176845  0.03176845  0.13630500  0.14257514  0.16171483  
11_0_0     0.14889952  0.11781093  0.14889952  0.12392378  0.17475880  0.18803974  0.17475880  0.18136911  0.18136911  0.20156643  0.17475880  0.18136911  0.03720004  0.03720004  0.00000000  0.01571167  0.01571167  0.14257514  0.13630500  0.16820772  
6_0_0      0.13008818  0.13630500  0.15527910  0.14257514  0.17475880  0.18803974  0.18803974  0.19477180  0.19477180  0.21534812  0.18803974  0.17475880  0.03176845  0.03176845  0.01571167  0.00000000  0.02102484  0.12392378  0.13008818  0.18136911  
5_0_0      0.14257514  0.13630500  0.16171483  0.13008818  0.18803974  0.20156643  0.18136911  0.18803974  0.18803974  0.20842480  0.18136911  0.16820772  0.03176845  0.03176845  0.01571167  0.02102484  0.00000000  0.14257514  0.13630500  0.18136911  
2_0_0      0.11174876  0.13008818  0.14889952  0.13008818  0.18136911  0.19477180  0.16820772  0.18803974  0.18803974  0.20842480  0.19477180  0.16820772  0.14889952  0.13630500  0.14257514  0.12392378  0.14257514  0.00000000  0.03176845  0.09977319  
1_0_0      0.12392378  0.13008818  0.12392378  0.13008818  0.18803974  0.18803974  0.16820772  0.16820772  0.18136911  0.20156643  0.20156643  0.15527910  0.14257514  0.14257514  0.13630500  0.13008818  0.13630500  0.03176845  0.00000000  0.09977319  
3_0_0      0.14889952  0.14257514  0.14257514  0.16171483  0.16171483  0.17475880  0.16820772  0.17475880  0.18136911  0.16171483  0.19477180  0.14889952  0.17475880  0.16171483  0.16820772  0.18136911  0.18136911  0.09977319  0.09977319  0.00000000  

