20
2_0_0      0.00000000  0.00000000  0.25447405  0.61416452  0.60438801  0.59473832  0.58521219  0.47133916  0.46326116  0.44736363  0.48776315  0.48776315  0.70846570  0.74275685  0.76652844  0.63411161  0.69737778  0.71972137  0.73114996  0.69737778  
1_0_0      0.00000000  0.00000000  0.25447405  0.61416452  0.60438801  0.59473832  0.58521219  0.47133916  0.46326116  0.44736363  0.48776315  0.48776315  0.70846570  0.74275685  0.76652844  0.63411161  0.69737778  0.71972137  0.73114996  0.69737778  
3_0_0      0.25447405  0.25447405  0.00000000  0.71972137  0.70846570  0.67568574  0.68645270  0.52174064  0.53932961  0.57580650  0.55734451  0.52174064  0.79108475  0.71972137  0.82950931  0.73114996  0.71972137  0.71972137  0.70846570  0.70846570  
4_0_0      0.61416452  0.61416452  0.71972137  0.00000000  0.09651573  0.09651573  0.09162441  0.61416452  0.57580650  0.59473832  0.57580650  0.53048314  0.71972137  0.68645270  0.76652844  0.66507238  0.71972137  0.71972137  0.70846570  0.75454770  
13_0_0     0.60438801  0.60438801  0.70846570  0.09651573  0.00000000  0.07237451  0.07714049  0.67568574  0.58521219  0.60438801  0.58521219  0.52174064  0.69737778  0.71972137  0.73114996  0.71972137  0.70846570  0.63411161  0.64428937  0.68645270  
12_0_0     0.59473832  0.59473832  0.67568574  0.09651573  0.07237451  0.00000000  0.00432288  0.64428937  0.57580650  0.61416452  0.61416452  0.54828253  0.67568574  0.65460830  0.70846570  0.69737778  0.64428937  0.69737778  0.70846570  0.75454770  
10_0_0     0.58521219  0.58521219  0.68645270  0.09162441  0.07714049  0.00432288  0.00000000  0.63411161  0.58521219  0.62407122  0.62407122  0.55734451  0.67568574  0.65460830  0.70846570  0.69737778  0.64428937  0.69737778  0.70846570  0.75454770  
5_0_0      0.47133916  0.47133916  0.52174064  0.61416452  0.67568574  0.64428937  0.63411161  0.00000000  0.12655888  0.14204801  0.11640909  0.14728356  0.58521219  0.53048314  0.61416452  0.59473832  0.57580650  0.55734451  0.58521219  0.60438801  
17_0_0     0.46326116  0.46326116  0.53932961  0.57580650  0.58521219  0.57580650  0.58521219  0.12655888  0.00000000  0.03984112  0.05361017  0.07714049  0.56651824  0.56651824  0.57580650  0.59473832  0.57580650  0.54828253  0.59473832  0.61416452  
14_0_0     0.44736363  0.44736363  0.57580650  0.59473832  0.60438801  0.61416452  0.62407122  0.14204801  0.03984112  0.00000000  0.04899212  0.09651573  0.60438801  0.58521219  0.59473832  0.57580650  0.61416452  0.56651824  0.61416452  0.63411161  
6_0_0      0.48776315  0.48776315  0.55734451  0.57580650  0.58521219  0.61416452  0.62407122  0.11640909  0.05361017  0.04899212  0.00000000  0.06293318  0.63411161  0.59473832  0.60438801  0.62407122  0.62407122  0.59473832  0.62407122  0.66507238  
11_0_0     0.48776315  0.48776315  0.52174064  0.53048314  0.52174064  0.54828253  0.55734451  0.14728356  0.07714049  0.09651573  0.06293318  0.00000000  0.61416452  0.59473832  0.62407122  0.62407122  0.60438801  0.56651824  0.55734451  0.61416452  
9_0_0      0.70846570  0.70846570  0.79108475  0.71972137  0.69737778  0.67568574  0.67568574  0.58521219  0.56651824  0.60438801  0.63411161  0.61416452  0.00000000  0.08676504  0.14204801  0.12655888  0.09162441  0.13684905  0.14728356  0.17949502  
16_0_0     0.74275685  0.74275685  0.71972137  0.68645270  0.71972137  0.65460830  0.65460830  0.53048314  0.56651824  0.58521219  0.59473832  0.59473832  0.08676504  0.00000000  0.09651573  0.08676504  0.04899212  0.11138566  0.10143942  0.14204801  
7_0_0      0.76652844  0.76652844  0.82950931  0.76652844  0.73114996  0.70846570  0.70846570  0.61416452  0.57580650  0.59473832  0.60438801  0.62407122  0.14204801  0.09651573  0.00000000  0.12655888  0.10143942  0.15786650  0.15786650  0.20177122  
18_0_0     0.63411161  0.63411161  0.73114996  0.66507238  0.71972137  0.69737778  0.69737778  0.59473832  0.59473832  0.57580650  0.62407122  0.62407122  0.12655888  0.08676504  0.12655888  0.00000000  0.09162441  0.13684905  0.13684905  0.15786650  
19_0_0     0.69737778  0.69737778  0.71972137  0.71972137  0.70846570  0.64428937  0.64428937  0.57580650  0.57580650  0.61416452  0.62407122  0.60438801  0.09162441  0.04899212  0.10143942  0.09162441  0.00000000  0.10639592  0.09651573  0.13684905  
8_0_0      0.71972137  0.71972137  0.71972137  0.71972137  0.63411161  0.69737778  0.69737778  0.55734451  0.54828253  0.56651824  0.59473832  0.56651824  0.13684905  0.11138566  0.15786650  0.13684905  0.10639592  0.00000000  0.02632229  0.07237451  
20_0_0     0.73114996  0.73114996  0.70846570  0.70846570  0.64428937  0.70846570  0.70846570  0.58521219  0.59473832  0.61416452  0.62407122  0.55734451  0.14728356  0.10143942  0.15786650  0.13684905  0.09651573  0.02632229  0.00000000  0.06763887  
15_0_0     0.69737778  0.69737778  0.70846570  0.75454770  0.68645270  0.75454770  0.75454770  0.60438801  0.61416452  0.63411161  0.66507238  0.61416452  0.17949502  0.14204801  0.20177122  0.15786650  0.13684905  0.07237451  0.06763887  0.00000000  

