20
20_0_0     0.00000000  0.00590653  0.00000000  0.21029085  0.04240140  0.05498954  0.04240140  0.12146137  0.10086735  0.24251648  0.24251648  0.23432378  0.21821298  0.21821298  0.26766949  0.22622330  0.26766949  0.24251648  0.32077715  0.32077715  
19_0_0     0.00590653  0.00000000  0.00590653  0.20245497  0.03618895  0.04866795  0.03618895  0.12845913  0.10766675  0.25080352  0.25080352  0.24251648  0.22622330  0.22622330  0.27625305  0.23432378  0.25918709  0.25080352  0.33002233  0.33002233  
12_0_0     0.00000000  0.00590653  0.00000000  0.21029085  0.04240140  0.05498954  0.04240140  0.12146137  0.10086735  0.24251648  0.24251648  0.23432378  0.21821298  0.21821298  0.26766949  0.22622330  0.26766949  0.24251648  0.32077715  0.32077715  
13_0_0     0.21029085  0.20245497  0.21029085  0.00000000  0.21821298  0.20245497  0.20245497  0.27625305  0.28494022  0.33002233  0.33002233  0.32077715  0.33938783  0.33938783  0.33938783  0.31164924  0.32077715  0.33002233  0.36823858  0.36823858  
14_0_0     0.04240140  0.03618895  0.04240140  0.21821298  0.00000000  0.01186193  0.03618895  0.12845913  0.10766675  0.26766949  0.25080352  0.24251648  0.21029085  0.21029085  0.25918709  0.25080352  0.25918709  0.26766949  0.33002233  0.33002233  
18_0_0     0.05498954  0.04866795  0.05498954  0.20245497  0.01186193  0.00000000  0.04866795  0.12845913  0.12146137  0.25080352  0.25080352  0.24251648  0.19470349  0.19470349  0.25918709  0.23432378  0.24251648  0.25080352  0.31164924  0.31164924  
15_0_0     0.04240140  0.03618895  0.04240140  0.20245497  0.03618895  0.04866795  0.00000000  0.14266213  0.12146137  0.26766949  0.25080352  0.24251648  0.22622330  0.22622330  0.27625305  0.26766949  0.29373355  0.28494022  0.33002233  0.33002233  
17_0_0     0.12146137  0.12845913  0.12146137  0.27625305  0.12845913  0.12845913  0.14266213  0.00000000  0.03002967  0.22622330  0.21821298  0.21029085  0.19470349  0.19470349  0.25918709  0.26766949  0.30263564  0.28494022  0.28494022  0.28494022  
16_0_0     0.10086735  0.10766675  0.10086735  0.28494022  0.10766675  0.12146137  0.12146137  0.03002967  0.00000000  0.23432378  0.22622330  0.21821298  0.18703461  0.18703461  0.25080352  0.25918709  0.29373355  0.27625305  0.31164924  0.31164924  
10_0_0     0.24251648  0.25080352  0.24251648  0.33002233  0.26766949  0.25080352  0.26766949  0.22622330  0.23432378  0.00000000  0.07429448  0.08084628  0.08745827  0.07429448  0.19470349  0.09413158  0.12845913  0.10766675  0.18703461  0.18703461  
7_0_0      0.24251648  0.25080352  0.24251648  0.33002233  0.25080352  0.25080352  0.25080352  0.21821298  0.22622330  0.07429448  0.00000000  0.00590653  0.08745827  0.08745827  0.14987014  0.10766675  0.12845913  0.10766675  0.17193775  0.17193775  
11_0_0     0.23432378  0.24251648  0.23432378  0.32077715  0.24251648  0.24251648  0.24251648  0.21029085  0.21821298  0.08084628  0.00590653  0.00000000  0.08084628  0.08084628  0.14266213  0.10086735  0.12146137  0.10086735  0.16450644  0.16450644  
3_0_0      0.21821298  0.22622330  0.21821298  0.33938783  0.21029085  0.19470349  0.22622330  0.19470349  0.18703461  0.08745827  0.08745827  0.08084628  0.00000000  0.02392265  0.11453101  0.09413158  0.12845913  0.09413158  0.18703461  0.18703461  
4_0_0      0.21821298  0.22622330  0.21821298  0.33938783  0.21029085  0.19470349  0.22622330  0.19470349  0.18703461  0.07429448  0.08745827  0.08084628  0.02392265  0.00000000  0.12845913  0.09413158  0.14266213  0.10766675  0.18703461  0.18703461  
5_0_0      0.26766949  0.27625305  0.26766949  0.33938783  0.25918709  0.25918709  0.27625305  0.25918709  0.25080352  0.19470349  0.14987014  0.14266213  0.11453101  0.12845913  0.00000000  0.17193775  0.19470349  0.18703461  0.22622330  0.22622330  
6_0_0      0.22622330  0.23432378  0.22622330  0.31164924  0.25080352  0.23432378  0.26766949  0.26766949  0.25918709  0.09413158  0.10766675  0.10086735  0.09413158  0.09413158  0.17193775  0.00000000  0.05498954  0.02392265  0.17944659  0.17944659  
9_0_0      0.26766949  0.25918709  0.26766949  0.32077715  0.25918709  0.24251648  0.29373355  0.30263564  0.29373355  0.12845913  0.12845913  0.12146137  0.12845913  0.14266213  0.19470349  0.05498954  0.00000000  0.04240140  0.18703461  0.18703461  
1_0_0      0.24251648  0.25080352  0.24251648  0.33002233  0.26766949  0.25080352  0.28494022  0.28494022  0.27625305  0.10766675  0.10766675  0.10086735  0.09413158  0.10766675  0.18703461  0.02392265  0.04240140  0.00000000  0.17944659  0.17944659  
2_0_0      0.32077715  0.33002233  0.32077715  0.36823858  0.33002233  0.31164924  0.33002233  0.28494022  0.31164924  0.18703461  0.17193775  0.16450644  0.18703461  0.18703461  0.22622330  0.17944659  0.18703461  0.17944659  0.00000000  0.00000000  
8_0_0      0.32077715  0.33002233  0.32077715  0.36823858  0.33002233  0.31164924  0.33002233  0.28494022  0.31164924  0.18703461  0.17193775  0.16450644  0.18703461  0.18703461  0.22622330  0.17944659  0.18703461  0.17944659  0.00000000  0.00000000  

