42
81_0_0     0.00000000  0.05044775  0.14787488  0.14047791  0.14047791  0.13315354  0.13315354  0.10455439  0.26864653  0.23448251  0.25136905  0.24287802  0.33247656  0.30444983  0.30444983  0.30444983  0.28633350  0.30444983  0.28633350  0.31367562  0.35176339  0.37156191  0.37156191  0.38166167  0.35176339  0.34205767  0.34205767  0.32301689  0.29533669  0.27743762  0.29533669  0.29533669  0.31367562  0.27743762  0.30444983  0.26864653  0.26864653  0.34205767  0.35176339  0.36159700  0.35176339  0.36159700  
86_0_0     0.05044775  0.00000000  0.13315354  0.12590035  0.12590035  0.11871698  0.11871698  0.10455439  0.23448251  0.25136905  0.23448251  0.22618039  0.31367562  0.28633350  0.28633350  0.28633350  0.26864653  0.28633350  0.27743762  0.30444983  0.36159700  0.37156191  0.37156191  0.36159700  0.33247656  0.32301689  0.32301689  0.29533669  0.30444983  0.26864653  0.26864653  0.26864653  0.28633350  0.26864653  0.29533669  0.25995779  0.24287802  0.28633350  0.29533669  0.30444983  0.29533669  0.30444983  
77_0_0     0.14787488  0.13315354  0.00000000  0.05700041  0.07701084  0.08380201  0.08380201  0.16289246  0.25995779  0.25136905  0.31367562  0.30444983  0.28633350  0.30444983  0.30444983  0.30444983  0.32301689  0.29533669  0.30444983  0.32301689  0.36159700  0.36159700  0.36159700  0.37156191  0.36159700  0.35176339  0.34205767  0.35176339  0.29533669  0.29533669  0.26864653  0.22618039  0.27743762  0.29533669  0.28633350  0.28633350  0.26864653  0.33247656  0.34205767  0.35176339  0.34205767  0.35176339  
62_0_0     0.14047791  0.12590035  0.05700041  0.00000000  0.05044775  0.03751253  0.03751253  0.12590035  0.29533669  0.24287802  0.29533669  0.28633350  0.32301689  0.32301689  0.32301689  0.32301689  0.34205767  0.35176339  0.31367562  0.35176339  0.29533669  0.40228073  0.40228073  0.41280789  0.36159700  0.33247656  0.35176339  0.35176339  0.28633350  0.30444983  0.27743762  0.25136905  0.26864653  0.26864653  0.27743762  0.27743762  0.27743762  0.33247656  0.34205767  0.35176339  0.34205767  0.35176339  
92_0_0     0.14047791  0.12590035  0.07701084  0.05044775  0.00000000  0.02479770  0.02479770  0.12590035  0.25995779  0.24287802  0.27743762  0.26864653  0.34205767  0.32301689  0.32301689  0.32301689  0.32301689  0.33247656  0.29533669  0.33247656  0.35176339  0.38166167  0.38166167  0.41280789  0.37156191  0.36159700  0.34205767  0.34205767  0.32301689  0.30444983  0.31367562  0.28633350  0.30444983  0.32301689  0.29533669  0.29533669  0.31367562  0.29533669  0.30444983  0.31367562  0.30444983  0.31367562  
90_0_0     0.13315354  0.11871698  0.08380201  0.03751253  0.02479770  0.00000000  0.00000000  0.10455439  0.28633350  0.25995779  0.30444983  0.29533669  0.32301689  0.32301689  0.32301689  0.32301689  0.31367562  0.33247656  0.29533669  0.34205767  0.32301689  0.38166167  0.38166167  0.41280789  0.36159700  0.35176339  0.36159700  0.35176339  0.30444983  0.29533669  0.30444983  0.28633350  0.29533669  0.29533669  0.28633350  0.28633350  0.30444983  0.32301689  0.33247656  0.34205767  0.33247656  0.34205767  
55_0_0     0.13315354  0.11871698  0.08380201  0.03751253  0.02479770  0.00000000  0.00000000  0.10455439  0.28633350  0.25995779  0.30444983  0.29533669  0.32301689  0.32301689  0.32301689  0.32301689  0.31367562  0.33247656  0.29533669  0.34205767  0.32301689  0.38166167  0.38166167  0.41280789  0.36159700  0.35176339  0.36159700  0.35176339  0.30444983  0.29533669  0.30444983  0.28633350  0.29533669  0.29533669  0.28633350  0.28633350  0.30444983  0.32301689  0.33247656  0.34205767  0.33247656  0.34205767  
85_0_0     0.10455439  0.10455439  0.16289246  0.12590035  0.12590035  0.10455439  0.10455439  0.00000000  0.28633350  0.25136905  0.27743762  0.26864653  0.32301689  0.33247656  0.33247656  0.33247656  0.31367562  0.33247656  0.28633350  0.29533669  0.33247656  0.38166167  0.38166167  0.39190000  0.36159700  0.34205767  0.35176339  0.34205767  0.32301689  0.29533669  0.28633350  0.29533669  0.29533669  0.26864653  0.28633350  0.26864653  0.28633350  0.32301689  0.33247656  0.34205767  0.33247656  0.34205767  
87_0_0     0.26864653  0.23448251  0.25995779  0.29533669  0.25995779  0.28633350  0.28633350  0.28633350  0.00000000  0.14047791  0.28633350  0.29533669  0.36159700  0.36159700  0.36159700  0.36159700  0.36159700  0.34205767  0.35176339  0.27743762  0.41280789  0.39190000  0.39190000  0.38166167  0.39190000  0.36159700  0.38166167  0.34205767  0.33247656  0.31367562  0.29533669  0.31367562  0.29533669  0.31367562  0.32301689  0.32301689  0.26864653  0.30444983  0.29533669  0.30444983  0.31367562  0.32301689  
54_0_0     0.23448251  0.25136905  0.25136905  0.24287802  0.24287802  0.25995779  0.25995779  0.25136905  0.14047791  0.00000000  0.22618039  0.23448251  0.32301689  0.32301689  0.32301689  0.32301689  0.34205767  0.31367562  0.32301689  0.25136905  0.30444983  0.36159700  0.36159700  0.35176339  0.35176339  0.32301689  0.34205767  0.35176339  0.33247656  0.29533669  0.27743762  0.27743762  0.27743762  0.31367562  0.34205767  0.32301689  0.30444983  0.31367562  0.30444983  0.31367562  0.32301689  0.33247656  
83_0_0     0.25136905  0.23448251  0.31367562  0.29533669  0.27743762  0.30444983  0.30444983  0.27743762  0.28633350  0.22618039  0.00000000  0.00612261  0.38166167  0.37156191  0.37156191  0.37156191  0.37156191  0.40228073  0.36159700  0.34205767  0.37156191  0.41280789  0.41280789  0.36159700  0.42348567  0.37156191  0.41280789  0.33247656  0.34205767  0.32301689  0.33247656  0.30444983  0.30444983  0.34205767  0.37156191  0.33247656  0.33247656  0.29533669  0.30444983  0.31367562  0.30444983  0.31367562  
73_0_0     0.24287802  0.22618039  0.30444983  0.28633350  0.26864653  0.29533669  0.29533669  0.26864653  0.29533669  0.23448251  0.00612261  0.00000000  0.37156191  0.36159700  0.36159700  0.36159700  0.36159700  0.39190000  0.35176339  0.35176339  0.36159700  0.40228073  0.40228073  0.35176339  0.41280789  0.38166167  0.40228073  0.34205767  0.33247656  0.31367562  0.32301689  0.29533669  0.31367562  0.33247656  0.36159700  0.32301689  0.32301689  0.30444983  0.31367562  0.32301689  0.31367562  0.32301689  
75_0_0     0.33247656  0.31367562  0.28633350  0.32301689  0.34205767  0.32301689  0.32301689  0.32301689  0.36159700  0.32301689  0.38166167  0.37156191  0.00000000  0.06361112  0.06361112  0.06361112  0.07701084  0.05700041  0.10455439  0.33247656  0.38166167  0.39190000  0.39190000  0.38166167  0.41280789  0.39190000  0.40228073  0.38166167  0.33247656  0.30444983  0.29533669  0.26864653  0.30444983  0.32301689  0.33247656  0.34205767  0.33247656  0.34205767  0.35176339  0.36159700  0.35176339  0.36159700  
48_0_0     0.30444983  0.28633350  0.30444983  0.32301689  0.32301689  0.32301689  0.32301689  0.33247656  0.36159700  0.32301689  0.37156191  0.36159700  0.06361112  0.00000000  0.00000000  0.00000000  0.01852060  0.07028091  0.10455439  0.34205767  0.40228073  0.38166167  0.38166167  0.39190000  0.38166167  0.38166167  0.37156191  0.37156191  0.30444983  0.33247656  0.31367562  0.27743762  0.33247656  0.31367562  0.32301689  0.35176339  0.30444983  0.35176339  0.36159700  0.37156191  0.36159700  0.37156191  
61_0_0     0.30444983  0.28633350  0.30444983  0.32301689  0.32301689  0.32301689  0.32301689  0.33247656  0.36159700  0.32301689  0.37156191  0.36159700  0.06361112  0.00000000  0.00000000  0.00000000  0.01852060  0.07028091  0.10455439  0.34205767  0.40228073  0.38166167  0.38166167  0.39190000  0.38166167  0.38166167  0.37156191  0.37156191  0.30444983  0.33247656  0.31367562  0.27743762  0.33247656  0.31367562  0.32301689  0.35176339  0.30444983  0.35176339  0.36159700  0.37156191  0.36159700  0.37156191  
58_0_0     0.30444983  0.28633350  0.30444983  0.32301689  0.32301689  0.32301689  0.32301689  0.33247656  0.36159700  0.32301689  0.37156191  0.36159700  0.06361112  0.00000000  0.00000000  0.00000000  0.01852060  0.07028091  0.10455439  0.34205767  0.40228073  0.38166167  0.38166167  0.39190000  0.38166167  0.38166167  0.37156191  0.37156191  0.30444983  0.33247656  0.31367562  0.27743762  0.33247656  0.31367562  0.32301689  0.35176339  0.30444983  0.35176339  0.36159700  0.37156191  0.36159700  0.37156191  
89_0_0     0.28633350  0.26864653  0.32301689  0.34205767  0.32301689  0.31367562  0.31367562  0.31367562  0.36159700  0.34205767  0.37156191  0.36159700  0.07701084  0.01852060  0.01852060  0.01852060  0.00000000  0.07028091  0.10455439  0.34205767  0.40228073  0.36159700  0.36159700  0.37156191  0.37156191  0.39190000  0.38166167  0.35176339  0.31367562  0.31367562  0.31367562  0.29533669  0.33247656  0.31367562  0.31367562  0.33247656  0.31367562  0.33247656  0.34205767  0.35176339  0.34205767  0.35176339  
67_0_0     0.30444983  0.28633350  0.29533669  0.35176339  0.33247656  0.33247656  0.33247656  0.33247656  0.34205767  0.31367562  0.40228073  0.39190000  0.05700041  0.07028091  0.07028091  0.07028091  0.07028091  0.00000000  0.09757261  0.35176339  0.40228073  0.36159700  0.36159700  0.37156191  0.38166167  0.40228073  0.37156191  0.35176339  0.34205767  0.31367562  0.29533669  0.27743762  0.31367562  0.33247656  0.32301689  0.33247656  0.32301689  0.35176339  0.36159700  0.37156191  0.36159700  0.37156191  
56_0_0     0.28633350  0.27743762  0.30444983  0.31367562  0.29533669  0.29533669  0.29533669  0.28633350  0.35176339  0.32301689  0.36159700  0.35176339  0.10455439  0.10455439  0.10455439  0.10455439  0.10455439  0.09757261  0.00000000  0.34205767  0.35176339  0.32301689  0.32301689  0.32301689  0.39190000  0.44531077  0.37156191  0.31367562  0.29533669  0.30444983  0.30444983  0.28633350  0.32301689  0.28633350  0.33247656  0.32301689  0.32301689  0.31367562  0.32301689  0.33247656  0.32301689  0.33247656  
68_1_0     0.31367562  0.30444983  0.32301689  0.35176339  0.33247656  0.34205767  0.34205767  0.29533669  0.27743762  0.25136905  0.34205767  0.35176339  0.33247656  0.34205767  0.34205767  0.34205767  0.34205767  0.35176339  0.34205767  0.00000000  0.15534590  0.25136905  0.25136905  0.25136905  0.25136905  0.22618039  0.24287802  0.23448251  0.32301689  0.26864653  0.25995779  0.27743762  0.25995779  0.27743762  0.28633350  0.27743762  0.22618039  0.26864653  0.27743762  0.26864653  0.27743762  0.28633350  
68_0_0     0.35176339  0.36159700  0.36159700  0.29533669  0.35176339  0.32301689  0.32301689  0.33247656  0.41280789  0.30444983  0.37156191  0.36159700  0.38166167  0.40228073  0.40228073  0.40228073  0.40228073  0.40228073  0.35176339  0.15534590  0.00000000  0.23448251  0.23448251  0.25995779  0.25136905  0.24287802  0.25995779  0.25136905  0.33247656  0.26864653  0.26864653  0.28633350  0.26864653  0.25136905  0.27743762  0.28633350  0.23448251  0.30444983  0.31367562  0.32301689  0.31367562  0.32301689  
96_0_0     0.37156191  0.37156191  0.36159700  0.40228073  0.38166167  0.38166167  0.38166167  0.38166167  0.39190000  0.36159700  0.41280789  0.40228073  0.39190000  0.38166167  0.38166167  0.38166167  0.36159700  0.36159700  0.32301689  0.25136905  0.23448251  0.00000000  0.00000000  0.03751253  0.08380201  0.11871698  0.09757261  0.09757261  0.25136905  0.24287802  0.24287802  0.22618039  0.25995779  0.20984820  0.21796962  0.20984820  0.21796962  0.24287802  0.24287802  0.25136905  0.25136905  0.25995779  
70_0_0     0.37156191  0.37156191  0.36159700  0.40228073  0.38166167  0.38166167  0.38166167  0.38166167  0.39190000  0.36159700  0.41280789  0.40228073  0.39190000  0.38166167  0.38166167  0.38166167  0.36159700  0.36159700  0.32301689  0.25136905  0.23448251  0.00000000  0.00000000  0.03751253  0.08380201  0.11871698  0.09757261  0.09757261  0.25136905  0.24287802  0.24287802  0.22618039  0.25995779  0.20984820  0.21796962  0.20984820  0.21796962  0.24287802  0.24287802  0.25136905  0.25136905  0.25995779  
63_0_0     0.38166167  0.36159700  0.37156191  0.41280789  0.41280789  0.41280789  0.41280789  0.39190000  0.38166167  0.35176339  0.36159700  0.35176339  0.38166167  0.39190000  0.39190000  0.39190000  0.37156191  0.37156191  0.32301689  0.25136905  0.25995779  0.03751253  0.03751253  0.00000000  0.09065555  0.12590035  0.10455439  0.07701084  0.23448251  0.24287802  0.25995779  0.24287802  0.27743762  0.22618039  0.23448251  0.22618039  0.23448251  0.25136905  0.25136905  0.25995779  0.25995779  0.26864653  
80_0_0     0.35176339  0.33247656  0.36159700  0.36159700  0.37156191  0.36159700  0.36159700  0.36159700  0.39190000  0.35176339  0.42348567  0.41280789  0.41280789  0.38166167  0.38166167  0.38166167  0.37156191  0.38166167  0.39190000  0.25136905  0.25136905  0.08380201  0.08380201  0.09065555  0.00000000  0.06361112  0.05044775  0.09065555  0.23448251  0.24287802  0.24287802  0.24287802  0.25995779  0.20984820  0.20181420  0.20984820  0.21796962  0.26864653  0.27743762  0.28633350  0.27743762  0.28633350  
99_0_0     0.34205767  0.32301689  0.35176339  0.33247656  0.36159700  0.35176339  0.35176339  0.34205767  0.36159700  0.32301689  0.37156191  0.38166167  0.39190000  0.38166167  0.38166167  0.38166167  0.39190000  0.40228073  0.44531077  0.22618039  0.24287802  0.11871698  0.11871698  0.12590035  0.06361112  0.00000000  0.05044775  0.11160209  0.25995779  0.23448251  0.22618039  0.21796962  0.21796962  0.21796962  0.19386577  0.20181420  0.20984820  0.22618039  0.23448251  0.24287802  0.23448251  0.24287802  
91_0_0     0.34205767  0.32301689  0.34205767  0.35176339  0.34205767  0.36159700  0.36159700  0.35176339  0.38166167  0.34205767  0.41280789  0.40228073  0.40228073  0.37156191  0.37156191  0.37156191  0.38166167  0.37156191  0.37156191  0.24287802  0.25995779  0.09757261  0.09757261  0.10455439  0.05044775  0.05044775  0.00000000  0.09757261  0.22618039  0.25136905  0.25136905  0.23448251  0.26864653  0.21796962  0.20984820  0.21796962  0.22618039  0.25995779  0.26864653  0.27743762  0.26864653  0.27743762  
88_0_0     0.32301689  0.29533669  0.35176339  0.35176339  0.34205767  0.35176339  0.35176339  0.34205767  0.34205767  0.35176339  0.33247656  0.34205767  0.38166167  0.37156191  0.37156191  0.37156191  0.35176339  0.35176339  0.31367562  0.23448251  0.25136905  0.09757261  0.09757261  0.07701084  0.09065555  0.11160209  0.09757261  0.00000000  0.23448251  0.27743762  0.24287802  0.24287802  0.24287802  0.20984820  0.22618039  0.20984820  0.21796962  0.23448251  0.24287802  0.25136905  0.24287802  0.25136905  
76_0_0     0.29533669  0.30444983  0.29533669  0.28633350  0.32301689  0.30444983  0.30444983  0.32301689  0.33247656  0.33247656  0.34205767  0.33247656  0.33247656  0.30444983  0.30444983  0.30444983  0.31367562  0.34205767  0.29533669  0.32301689  0.33247656  0.25136905  0.25136905  0.23448251  0.23448251  0.25995779  0.22618039  0.23448251  0.00000000  0.12590035  0.12590035  0.11160209  0.14047791  0.07028091  0.10455439  0.09757261  0.10455439  0.18600110  0.17821844  0.17821844  0.19386577  0.20181420  
46_0_0     0.27743762  0.26864653  0.29533669  0.30444983  0.30444983  0.29533669  0.29533669  0.29533669  0.31367562  0.29533669  0.32301689  0.31367562  0.30444983  0.33247656  0.33247656  0.33247656  0.31367562  0.31367562  0.30444983  0.26864653  0.26864653  0.24287802  0.24287802  0.24287802  0.24287802  0.23448251  0.25136905  0.27743762  0.12590035  0.00000000  0.07028091  0.07701084  0.07701084  0.09065555  0.11160209  0.07701084  0.11160209  0.14787488  0.14047791  0.14787488  0.15534590  0.16289246  
66_0_0     0.29533669  0.26864653  0.26864653  0.27743762  0.31367562  0.30444983  0.30444983  0.28633350  0.29533669  0.27743762  0.33247656  0.32301689  0.29533669  0.31367562  0.31367562  0.31367562  0.31367562  0.29533669  0.30444983  0.25995779  0.26864653  0.24287802  0.24287802  0.25995779  0.24287802  0.22618039  0.25136905  0.24287802  0.12590035  0.07028091  0.00000000  0.03112804  0.03112804  0.06361112  0.10455439  0.07028091  0.09757261  0.14047791  0.13315354  0.14047791  0.14787488  0.15534590  
50_0_0     0.29533669  0.26864653  0.22618039  0.25136905  0.28633350  0.28633350  0.28633350  0.29533669  0.31367562  0.27743762  0.30444983  0.29533669  0.26864653  0.27743762  0.27743762  0.27743762  0.29533669  0.27743762  0.28633350  0.27743762  0.28633350  0.22618039  0.22618039  0.24287802  0.24287802  0.21796962  0.23448251  0.24287802  0.11160209  0.07701084  0.03112804  0.00000000  0.03751253  0.07701084  0.11160209  0.07701084  0.11160209  0.14787488  0.14047791  0.14787488  0.15534590  0.16289246  
95_0_0     0.31367562  0.28633350  0.27743762  0.26864653  0.30444983  0.29533669  0.29533669  0.29533669  0.29533669  0.27743762  0.30444983  0.31367562  0.30444983  0.33247656  0.33247656  0.33247656  0.33247656  0.31367562  0.32301689  0.25995779  0.26864653  0.25995779  0.25995779  0.27743762  0.25995779  0.21796962  0.26864653  0.24287802  0.14047791  0.07701084  0.03112804  0.03751253  0.00000000  0.06361112  0.11160209  0.07701084  0.11160209  0.13315354  0.12590035  0.13315354  0.14047791  0.14787488  
95_2_0     0.27743762  0.26864653  0.29533669  0.26864653  0.32301689  0.29533669  0.29533669  0.26864653  0.31367562  0.31367562  0.34205767  0.33247656  0.32301689  0.31367562  0.31367562  0.31367562  0.31367562  0.33247656  0.28633350  0.27743762  0.25136905  0.20984820  0.20984820  0.22618039  0.20984820  0.21796962  0.21796962  0.20984820  0.07028091  0.09065555  0.06361112  0.07701084  0.06361112  0.00000000  0.08380201  0.05044775  0.07028091  0.14787488  0.14047791  0.14787488  0.15534590  0.16289246  
50_2_0     0.30444983  0.29533669  0.28633350  0.27743762  0.29533669  0.28633350  0.28633350  0.28633350  0.32301689  0.34205767  0.37156191  0.36159700  0.33247656  0.32301689  0.32301689  0.32301689  0.31367562  0.32301689  0.33247656  0.28633350  0.27743762  0.21796962  0.21796962  0.23448251  0.20181420  0.19386577  0.20984820  0.22618039  0.10455439  0.11160209  0.10455439  0.11160209  0.11160209  0.08380201  0.00000000  0.05700041  0.09065555  0.17051611  0.16289246  0.17051611  0.17821844  0.17051611  
66_2_0     0.26864653  0.25995779  0.28633350  0.27743762  0.29533669  0.28633350  0.28633350  0.26864653  0.32301689  0.32301689  0.33247656  0.32301689  0.34205767  0.35176339  0.35176339  0.35176339  0.33247656  0.33247656  0.32301689  0.27743762  0.28633350  0.20984820  0.20984820  0.22618039  0.20984820  0.20181420  0.21796962  0.20984820  0.09757261  0.07701084  0.07028091  0.07701084  0.07701084  0.05044775  0.05700041  0.00000000  0.08380201  0.13315354  0.12590035  0.13315354  0.14047791  0.14787488  
46_2_0     0.26864653  0.24287802  0.26864653  0.27743762  0.31367562  0.30444983  0.30444983  0.28633350  0.26864653  0.30444983  0.33247656  0.32301689  0.33247656  0.30444983  0.30444983  0.30444983  0.31367562  0.32301689  0.32301689  0.22618039  0.23448251  0.21796962  0.21796962  0.23448251  0.21796962  0.20984820  0.22618039  0.21796962  0.10455439  0.11160209  0.09757261  0.11160209  0.11160209  0.07028091  0.09065555  0.08380201  0.00000000  0.16289246  0.15534590  0.16289246  0.17051611  0.17821844  
72_0_0     0.34205767  0.28633350  0.33247656  0.33247656  0.29533669  0.32301689  0.32301689  0.32301689  0.30444983  0.31367562  0.29533669  0.30444983  0.34205767  0.35176339  0.35176339  0.35176339  0.33247656  0.35176339  0.31367562  0.26864653  0.30444983  0.24287802  0.24287802  0.25136905  0.26864653  0.22618039  0.25995779  0.23448251  0.18600110  0.14787488  0.14047791  0.14787488  0.13315354  0.14787488  0.17051611  0.13315354  0.16289246  0.00000000  0.00612261  0.01229586  0.00612261  0.01229586  
100_0_0    0.35176339  0.29533669  0.34205767  0.34205767  0.30444983  0.33247656  0.33247656  0.33247656  0.29533669  0.30444983  0.30444983  0.31367562  0.35176339  0.36159700  0.36159700  0.36159700  0.34205767  0.36159700  0.32301689  0.27743762  0.31367562  0.24287802  0.24287802  0.25136905  0.27743762  0.23448251  0.26864653  0.24287802  0.17821844  0.14047791  0.13315354  0.14047791  0.12590035  0.14047791  0.16289246  0.12590035  0.15534590  0.00612261  0.00000000  0.00612261  0.01229586  0.01852060  
97_0_0     0.36159700  0.30444983  0.35176339  0.35176339  0.31367562  0.34205767  0.34205767  0.34205767  0.30444983  0.31367562  0.31367562  0.32301689  0.36159700  0.37156191  0.37156191  0.37156191  0.35176339  0.37156191  0.33247656  0.26864653  0.32301689  0.25136905  0.25136905  0.25995779  0.28633350  0.24287802  0.27743762  0.25136905  0.17821844  0.14787488  0.14047791  0.14787488  0.13315354  0.14787488  0.17051611  0.13315354  0.16289246  0.01229586  0.00612261  0.00000000  0.01852060  0.02479770  
94_0_0     0.35176339  0.29533669  0.34205767  0.34205767  0.30444983  0.33247656  0.33247656  0.33247656  0.31367562  0.32301689  0.30444983  0.31367562  0.35176339  0.36159700  0.36159700  0.36159700  0.34205767  0.36159700  0.32301689  0.27743762  0.31367562  0.25136905  0.25136905  0.25995779  0.27743762  0.23448251  0.26864653  0.24287802  0.19386577  0.15534590  0.14787488  0.15534590  0.14047791  0.15534590  0.17821844  0.14047791  0.17051611  0.00612261  0.01229586  0.01852060  0.00000000  0.00612261  
49_0_0     0.36159700  0.30444983  0.35176339  0.35176339  0.31367562  0.34205767  0.34205767  0.34205767  0.32301689  0.33247656  0.31367562  0.32301689  0.36159700  0.37156191  0.37156191  0.37156191  0.35176339  0.37156191  0.33247656  0.28633350  0.32301689  0.25995779  0.25995779  0.26864653  0.28633350  0.24287802  0.27743762  0.25136905  0.20181420  0.16289246  0.15534590  0.16289246  0.14787488  0.16289246  0.17051611  0.14787488  0.17821844  0.01229586  0.01852060  0.02479770  0.00612261  0.00000000  

