45
80_1_0     0.00000000  0.05096336  0.05096336  0.08093823  0.09954890  0.12514575  0.12514575  0.11865966  0.13169154  0.26909258  0.27711505  0.29343668  0.30174013  0.26909258  0.32724847  0.30174013  0.29343668  0.31014167  0.29343668  0.26909258  0.27711505  0.23028391  0.24555422  0.23787809  0.21533458  0.24555422  0.23787809  0.26115959  0.23787809  0.23787809  0.24555422  0.17928073  0.19348372  0.21533458  0.23787809  0.37190711  0.38118546  0.37190711  0.37190711  0.38118546  0.40976966  0.37190711  0.37190711  0.37190711  0.37190711  
83_1_0     0.05096336  0.00000000  0.05685812  0.08708784  0.11223218  0.13169154  0.14496667  0.12514575  0.15169832  0.27711505  0.28522905  0.28522905  0.29343668  0.26115959  0.30174013  0.27711505  0.30174013  0.31864364  0.28522905  0.26115959  0.26909258  0.23787809  0.24555422  0.23028391  0.20797612  0.22276997  0.21533458  0.25331411  0.21533458  0.22276997  0.23787809  0.17228420  0.17228420  0.19348372  0.21533458  0.38118546  0.37190711  0.38118546  0.38118546  0.39058646  0.41955883  0.38118546  0.36274823  0.36274823  0.36274823  
94_1_0     0.05096336  0.05685812  0.00000000  0.05096336  0.08708784  0.10586227  0.11865966  0.11223218  0.12514575  0.27711505  0.28522905  0.28522905  0.29343668  0.27711505  0.28522905  0.26115959  0.30174013  0.31864364  0.26909258  0.26115959  0.26909258  0.20797612  0.23028391  0.21533458  0.19348372  0.22276997  0.21533458  0.23787809  0.23028391  0.23787809  0.23787809  0.17228420  0.17228420  0.19348372  0.21533458  0.34477689  0.33595868  0.34477689  0.34477689  0.35370580  0.38118546  0.34477689  0.32724847  0.34477689  0.34477689  
89_1_0     0.08093823  0.08708784  0.05096336  0.00000000  0.08093823  0.09954890  0.11865966  0.11865966  0.14496667  0.29343668  0.30174013  0.33595868  0.32724847  0.29343668  0.30174013  0.27711505  0.31864364  0.33595868  0.31014167  0.28522905  0.29343668  0.19348372  0.26115959  0.21533458  0.19348372  0.22276997  0.21533458  0.22276997  0.21533458  0.22276997  0.20797612  0.14496667  0.15849429  0.16535582  0.18634677  0.34477689  0.33595868  0.34477689  0.34477689  0.35370580  0.38118546  0.34477689  0.32724847  0.32724847  0.31014167  
93_3_0     0.09954890  0.11223218  0.08708784  0.08093823  0.00000000  0.07484134  0.09329108  0.08093823  0.10586227  0.30174013  0.31014167  0.31014167  0.30174013  0.28522905  0.32724847  0.30174013  0.32724847  0.34477689  0.31014167  0.28522905  0.29343668  0.20069300  0.22276997  0.20797612  0.18634677  0.21533458  0.20797612  0.23028391  0.23787809  0.23028391  0.24555422  0.20797612  0.17928073  0.20069300  0.22276997  0.36274823  0.35370580  0.36274823  0.36274823  0.37190711  0.40011339  0.36274823  0.36274823  0.36274823  0.36274823  
93_2_0     0.12514575  0.13169154  0.10586227  0.09954890  0.07484134  0.00000000  0.11223218  0.08708784  0.12514575  0.32724847  0.33595868  0.33595868  0.34477689  0.31014167  0.31864364  0.33595868  0.35370580  0.37190711  0.35370580  0.32724847  0.33595868  0.22276997  0.26909258  0.23028391  0.19348372  0.20797612  0.20069300  0.22276997  0.23028391  0.25331411  0.23787809  0.20069300  0.20069300  0.20797612  0.20797612  0.35370580  0.34477689  0.35370580  0.35370580  0.36274823  0.39058646  0.35370580  0.33595868  0.33595868  0.33595868  
93_1_0     0.12514575  0.14496667  0.11865966  0.11865966  0.09329108  0.11223218  0.00000000  0.11223218  0.13829813  0.34477689  0.35370580  0.35370580  0.38118546  0.34477689  0.35370580  0.33595868  0.34477689  0.37190711  0.36274823  0.33595868  0.34477689  0.24555422  0.29343668  0.23787809  0.24555422  0.26115959  0.25331411  0.27711505  0.27711505  0.28522905  0.28522905  0.24555422  0.21533458  0.25331411  0.27711505  0.36274823  0.35370580  0.36274823  0.36274823  0.37190711  0.38118546  0.36274823  0.36274823  0.36274823  0.34477689  
99_1_0     0.11865966  0.12514575  0.11223218  0.11865966  0.08093823  0.08708784  0.11223218  0.00000000  0.05685812  0.29343668  0.30174013  0.28522905  0.31014167  0.27711505  0.30174013  0.27711505  0.30174013  0.31864364  0.27711505  0.26115959  0.26909258  0.21533458  0.24555422  0.21533458  0.19348372  0.22276997  0.23028391  0.23787809  0.24555422  0.26909258  0.25331411  0.23028391  0.20069300  0.22276997  0.23028391  0.36274823  0.35370580  0.36274823  0.36274823  0.37190711  0.38118546  0.36274823  0.40011339  0.40011339  0.38118546  
81_1_0     0.13169154  0.15169832  0.12514575  0.14496667  0.10586227  0.12514575  0.13829813  0.05685812  0.00000000  0.31014167  0.31864364  0.28522905  0.31014167  0.29343668  0.30174013  0.29343668  0.31864364  0.33595868  0.31014167  0.27711505  0.28522905  0.26909258  0.31014167  0.27711505  0.25331411  0.28522905  0.29343668  0.30174013  0.24555422  0.26909258  0.23787809  0.26115959  0.23028391  0.23787809  0.24555422  0.31864364  0.32724847  0.31864364  0.31864364  0.32724847  0.33595868  0.31864364  0.35370580  0.35370580  0.33595868  
96_1_0     0.26909258  0.27711505  0.27711505  0.29343668  0.30174013  0.32724847  0.34477689  0.29343668  0.31014167  0.00000000  0.01658532  0.09329108  0.06879627  0.03356665  0.07484134  0.07484134  0.05096336  0.03931840  0.07484134  0.05096336  0.05685812  0.39058646  0.32724847  0.37190711  0.32724847  0.32724847  0.35370580  0.33595868  0.37190711  0.38118546  0.38118546  0.32724847  0.33595868  0.35370580  0.35370580  0.48130423  0.49213711  0.48130423  0.48130423  0.47063386  0.50313755  0.46012122  0.47063386  0.49213711  0.48130423  
96_7_0     0.27711505  0.28522905  0.28522905  0.30174013  0.31014167  0.33595868  0.35370580  0.30174013  0.31864364  0.01658532  0.00000000  0.08708784  0.06280215  0.02786104  0.06879627  0.06879627  0.04511705  0.04511705  0.06879627  0.04511705  0.05096336  0.41955883  0.33595868  0.38118546  0.35370580  0.33595868  0.36274823  0.36274823  0.38118546  0.39058646  0.39058646  0.33595868  0.34477689  0.36274823  0.36274823  0.49213711  0.50313755  0.49213711  0.49213711  0.48130423  0.51431081  0.47063386  0.46012122  0.48130423  0.49213711  
79_6_0     0.29343668  0.28522905  0.28522905  0.33595868  0.31014167  0.33595868  0.35370580  0.28522905  0.28522905  0.09329108  0.08708784  0.00000000  0.06879627  0.08093823  0.11223218  0.11223218  0.09954890  0.09954890  0.10586227  0.08093823  0.08708784  0.39058646  0.32724847  0.35370580  0.36274823  0.34477689  0.37190711  0.37190711  0.35370580  0.36274823  0.36274823  0.36274823  0.33595868  0.35370580  0.33595868  0.40976966  0.41955883  0.40976966  0.40976966  0.40011339  0.42948463  0.39058646  0.40976966  0.42948463  0.46012122  
79_1_0     0.30174013  0.29343668  0.29343668  0.32724847  0.30174013  0.34477689  0.38118546  0.31014167  0.31014167  0.06879627  0.06280215  0.06879627  0.00000000  0.05685812  0.09954890  0.09954890  0.08708784  0.08708784  0.09954890  0.07484134  0.08093823  0.39058646  0.32724847  0.35370580  0.36274823  0.34477689  0.37190711  0.37190711  0.32724847  0.33595868  0.33595868  0.33595868  0.31014167  0.32724847  0.31014167  0.41955883  0.42948463  0.41955883  0.41955883  0.40976966  0.43955090  0.41955883  0.42948463  0.44976170  0.48130423  
91_1_0     0.26909258  0.26115959  0.27711505  0.29343668  0.28522905  0.31014167  0.34477689  0.27711505  0.29343668  0.03356665  0.02786104  0.08093823  0.05685812  0.00000000  0.06280215  0.06280215  0.05096336  0.05096336  0.06280215  0.03931840  0.04511705  0.39058646  0.32724847  0.35370580  0.34477689  0.32724847  0.35370580  0.35370580  0.35370580  0.36274823  0.36274823  0.32724847  0.33595868  0.35370580  0.35370580  0.48130423  0.49213711  0.48130423  0.48130423  0.47063386  0.50313755  0.46012122  0.44976170  0.47063386  0.48130423  
77_1_0     0.32724847  0.30174013  0.28522905  0.30174013  0.32724847  0.31864364  0.35370580  0.30174013  0.30174013  0.07484134  0.06879627  0.11223218  0.09954890  0.06280215  0.00000000  0.02220084  0.05685812  0.05685812  0.09329108  0.06879627  0.07484134  0.37190711  0.33595868  0.34477689  0.33595868  0.31864364  0.34477689  0.34477689  0.36274823  0.36274823  0.33595868  0.31864364  0.34477689  0.34477689  0.34477689  0.43955090  0.42948463  0.43955090  0.43955090  0.42948463  0.46012122  0.41955883  0.41955883  0.43955090  0.46012122  
77_5_0     0.30174013  0.27711505  0.26115959  0.27711505  0.30174013  0.33595868  0.33595868  0.27711505  0.29343668  0.07484134  0.06879627  0.11223218  0.09954890  0.06280215  0.02220084  0.00000000  0.05685812  0.05685812  0.08708784  0.06280215  0.06879627  0.37190711  0.33595868  0.33595868  0.32724847  0.31864364  0.34477689  0.35370580  0.35370580  0.35370580  0.34477689  0.31864364  0.31864364  0.33595868  0.34477689  0.44976170  0.43955090  0.44976170  0.44976170  0.43955090  0.47063386  0.42948463  0.44976170  0.47063386  0.47063386  
85_1_0     0.29343668  0.30174013  0.30174013  0.31864364  0.32724847  0.35370580  0.34477689  0.30174013  0.31864364  0.05096336  0.04511705  0.09954890  0.08708784  0.05096336  0.05685812  0.05685812  0.00000000  0.02220084  0.06879627  0.03356665  0.03931840  0.41955883  0.35370580  0.37190711  0.39058646  0.39058646  0.40011339  0.40011339  0.40976966  0.40976966  0.40011339  0.35370580  0.36274823  0.38118546  0.38118546  0.46012122  0.47063386  0.46012122  0.46012122  0.47063386  0.50313755  0.43955090  0.43955090  0.46012122  0.46012122  
78_1_0     0.31014167  0.31864364  0.31864364  0.33595868  0.34477689  0.37190711  0.37190711  0.31864364  0.33595868  0.03931840  0.04511705  0.09954890  0.08708784  0.05096336  0.05685812  0.05685812  0.02220084  0.00000000  0.08093823  0.05685812  0.06280215  0.40976966  0.36274823  0.39058646  0.38118546  0.38118546  0.40976966  0.39058646  0.40011339  0.40011339  0.39058646  0.35370580  0.36274823  0.38118546  0.38118546  0.44976170  0.46012122  0.44976170  0.44976170  0.43955090  0.47063386  0.42948463  0.44976170  0.47063386  0.44976170  
77_4_0     0.29343668  0.28522905  0.26909258  0.31014167  0.31014167  0.35370580  0.36274823  0.27711505  0.31014167  0.07484134  0.06879627  0.10586227  0.09954890  0.06280215  0.09329108  0.08708784  0.06879627  0.08093823  0.00000000  0.03356665  0.03931840  0.39058646  0.33595868  0.35370580  0.37190711  0.37190711  0.40011339  0.38118546  0.37190711  0.38118546  0.38118546  0.34477689  0.33595868  0.35370580  0.35370580  0.49213711  0.50313755  0.49213711  0.49213711  0.48130423  0.51431081  0.47063386  0.48130423  0.50313755  0.51431081  
85_4_0     0.26909258  0.26115959  0.26115959  0.28522905  0.28522905  0.32724847  0.33595868  0.26115959  0.27711505  0.05096336  0.04511705  0.08093823  0.07484134  0.03931840  0.06879627  0.06280215  0.03356665  0.05685812  0.03356665  0.00000000  0.00548558  0.36274823  0.30174013  0.31864364  0.33595868  0.35370580  0.36274823  0.34477689  0.35370580  0.36274823  0.36274823  0.31864364  0.31014167  0.32724847  0.32724847  0.43955090  0.44976170  0.43955090  0.43955090  0.44976170  0.48130423  0.41955883  0.42948463  0.44976170  0.46012122  
78_4_0     0.27711505  0.26909258  0.26909258  0.29343668  0.29343668  0.33595868  0.34477689  0.26909258  0.28522905  0.05685812  0.05096336  0.08708784  0.08093823  0.04511705  0.07484134  0.06879627  0.03931840  0.06280215  0.03931840  0.00548558  0.00000000  0.37190711  0.31014167  0.32724847  0.34477689  0.36274823  0.37190711  0.35370580  0.36274823  0.37190711  0.37190711  0.32724847  0.31864364  0.33595868  0.33595868  0.44976170  0.46012122  0.44976170  0.44976170  0.46012122  0.49213711  0.42948463  0.42948463  0.44976170  0.46012122  
93_0_0     0.23028391  0.23787809  0.20797612  0.19348372  0.20069300  0.22276997  0.24555422  0.21533458  0.26909258  0.39058646  0.41955883  0.39058646  0.39058646  0.39058646  0.37190711  0.37190711  0.41955883  0.40976966  0.39058646  0.36274823  0.37190711  0.00000000  0.10586227  0.06280215  0.10586227  0.14496667  0.13829813  0.13169154  0.24555422  0.25331411  0.26115959  0.24555422  0.23028391  0.22276997  0.24555422  0.38118546  0.36274823  0.38118546  0.38118546  0.39058646  0.40011339  0.38118546  0.43955090  0.46012122  0.42948463  
90_0_0     0.24555422  0.24555422  0.23028391  0.26115959  0.22276997  0.26909258  0.29343668  0.24555422  0.31014167  0.32724847  0.33595868  0.32724847  0.32724847  0.32724847  0.33595868  0.33595868  0.35370580  0.36274823  0.33595868  0.30174013  0.31014167  0.10586227  0.00000000  0.05096336  0.13829813  0.16535582  0.15169832  0.15849429  0.28522905  0.27711505  0.31014167  0.26909258  0.23787809  0.26115959  0.25331411  0.44976170  0.43955090  0.44976170  0.44976170  0.46012122  0.47063386  0.44976170  0.43955090  0.46012122  0.48130423  
81_0_0     0.23787809  0.23028391  0.21533458  0.21533458  0.20797612  0.23028391  0.23787809  0.21533458  0.27711505  0.37190711  0.38118546  0.35370580  0.35370580  0.35370580  0.34477689  0.33595868  0.37190711  0.39058646  0.35370580  0.31864364  0.32724847  0.06280215  0.05096336  0.00000000  0.11223218  0.13829813  0.12514575  0.13829813  0.25331411  0.26115959  0.27711505  0.23787809  0.20797612  0.23028391  0.23787809  0.39058646  0.38118546  0.39058646  0.39058646  0.40011339  0.40976966  0.39058646  0.39058646  0.40976966  0.41955883  
94_0_0     0.21533458  0.20797612  0.19348372  0.19348372  0.18634677  0.19348372  0.24555422  0.19348372  0.25331411  0.32724847  0.35370580  0.36274823  0.36274823  0.34477689  0.33595868  0.32724847  0.39058646  0.38118546  0.37190711  0.33595868  0.34477689  0.10586227  0.13829813  0.11223218  0.00000000  0.04511705  0.05096336  0.05096336  0.24555422  0.25331411  0.25331411  0.21533458  0.20069300  0.19348372  0.23028391  0.38118546  0.37190711  0.38118546  0.38118546  0.39058646  0.40011339  0.38118546  0.40011339  0.41955883  0.40011339  
80_0_0     0.24555422  0.22276997  0.22276997  0.22276997  0.21533458  0.20797612  0.26115959  0.22276997  0.28522905  0.32724847  0.33595868  0.34477689  0.34477689  0.32724847  0.31864364  0.31864364  0.39058646  0.38118546  0.37190711  0.35370580  0.36274823  0.14496667  0.16535582  0.13829813  0.04511705  0.00000000  0.01658532  0.09329108  0.25331411  0.26115959  0.26115959  0.23028391  0.23028391  0.22276997  0.26115959  0.40976966  0.40011339  0.40976966  0.40976966  0.40011339  0.40976966  0.40976966  0.40976966  0.42948463  0.42948463  
83_0_0     0.23787809  0.21533458  0.21533458  0.21533458  0.20797612  0.20069300  0.25331411  0.23028391  0.29343668  0.35370580  0.36274823  0.37190711  0.37190711  0.35370580  0.34477689  0.34477689  0.40011339  0.40976966  0.40011339  0.36274823  0.37190711  0.13829813  0.15169832  0.12514575  0.05096336  0.01658532  0.00000000  0.09329108  0.26909258  0.27711505  0.27711505  0.23787809  0.22276997  0.23028391  0.26909258  0.41955883  0.40976966  0.41955883  0.41955883  0.42948463  0.43955090  0.41955883  0.40011339  0.41955883  0.41955883  
89_0_0     0.26115959  0.25331411  0.23787809  0.22276997  0.23028391  0.22276997  0.27711505  0.23787809  0.30174013  0.33595868  0.36274823  0.37190711  0.37190711  0.35370580  0.34477689  0.35370580  0.40011339  0.39058646  0.38118546  0.34477689  0.35370580  0.13169154  0.15849429  0.13829813  0.05096336  0.09329108  0.09329108  0.00000000  0.26909258  0.27711505  0.27711505  0.23787809  0.23787809  0.21533458  0.23028391  0.38118546  0.37190711  0.38118546  0.38118546  0.39058646  0.40011339  0.38118546  0.40011339  0.41955883  0.38118546  
85_0_0     0.23787809  0.21533458  0.23028391  0.21533458  0.23787809  0.23028391  0.27711505  0.24555422  0.24555422  0.37190711  0.38118546  0.35370580  0.32724847  0.35370580  0.36274823  0.35370580  0.40976966  0.40011339  0.37190711  0.35370580  0.36274823  0.24555422  0.28522905  0.25331411  0.24555422  0.25331411  0.26909258  0.26909258  0.00000000  0.01658532  0.02786104  0.09329108  0.08093823  0.08708784  0.06879627  0.33595868  0.32724847  0.33595868  0.33595868  0.33595868  0.36274823  0.33595868  0.35370580  0.35370580  0.33595868  
78_0_0     0.23787809  0.22276997  0.23787809  0.22276997  0.23028391  0.25331411  0.28522905  0.26909258  0.26909258  0.38118546  0.39058646  0.36274823  0.33595868  0.36274823  0.36274823  0.35370580  0.40976966  0.40011339  0.38118546  0.36274823  0.37190711  0.25331411  0.27711505  0.26115959  0.25331411  0.26115959  0.27711505  0.27711505  0.01658532  0.00000000  0.03931840  0.09954890  0.08708784  0.09329108  0.08708784  0.33595868  0.32724847  0.33595868  0.33595868  0.33595868  0.36274823  0.33595868  0.35370580  0.35370580  0.35370580  
77_0_0     0.24555422  0.23787809  0.23787809  0.20797612  0.24555422  0.23787809  0.28522905  0.25331411  0.23787809  0.38118546  0.39058646  0.36274823  0.33595868  0.36274823  0.33595868  0.34477689  0.40011339  0.39058646  0.38118546  0.36274823  0.37190711  0.26115959  0.31014167  0.27711505  0.25331411  0.26115959  0.27711505  0.27711505  0.02786104  0.03931840  0.00000000  0.11223218  0.09954890  0.10586227  0.08708784  0.33595868  0.32724847  0.33595868  0.33595868  0.33595868  0.36274823  0.33595868  0.33595868  0.33595868  0.31864364  
79_0_0     0.17928073  0.17228420  0.17228420  0.14496667  0.20797612  0.20069300  0.24555422  0.23028391  0.26115959  0.32724847  0.33595868  0.36274823  0.33595868  0.32724847  0.31864364  0.31864364  0.35370580  0.35370580  0.34477689  0.31864364  0.32724847  0.24555422  0.26909258  0.23787809  0.21533458  0.23028391  0.23787809  0.23787809  0.09329108  0.09954890  0.11223218  0.00000000  0.05685812  0.06280215  0.05685812  0.30174013  0.29343668  0.30174013  0.30174013  0.31014167  0.33595868  0.30174013  0.33595868  0.33595868  0.31864364  
91_0_0     0.19348372  0.17228420  0.17228420  0.15849429  0.17928073  0.20069300  0.21533458  0.20069300  0.23028391  0.33595868  0.34477689  0.33595868  0.31014167  0.33595868  0.34477689  0.31864364  0.36274823  0.36274823  0.33595868  0.31014167  0.31864364  0.23028391  0.23787809  0.20797612  0.20069300  0.23028391  0.22276997  0.23787809  0.08093823  0.08708784  0.09954890  0.05685812  0.00000000  0.05096336  0.04511705  0.33595868  0.32724847  0.33595868  0.33595868  0.34477689  0.35370580  0.33595868  0.33595868  0.33595868  0.33595868  
76_0_0     0.21533458  0.19348372  0.19348372  0.16535582  0.20069300  0.20797612  0.25331411  0.22276997  0.23787809  0.35370580  0.36274823  0.35370580  0.32724847  0.35370580  0.34477689  0.33595868  0.38118546  0.38118546  0.35370580  0.32724847  0.33595868  0.22276997  0.26115959  0.23028391  0.19348372  0.22276997  0.23028391  0.21533458  0.08708784  0.09329108  0.10586227  0.06280215  0.05096336  0.00000000  0.05096336  0.34477689  0.33595868  0.34477689  0.34477689  0.35370580  0.36274823  0.34477689  0.38118546  0.38118546  0.36274823  
96_0_0     0.23787809  0.21533458  0.21533458  0.18634677  0.22276997  0.20797612  0.27711505  0.23028391  0.24555422  0.35370580  0.36274823  0.33595868  0.31014167  0.35370580  0.34477689  0.34477689  0.38118546  0.38118546  0.35370580  0.32724847  0.33595868  0.24555422  0.25331411  0.23787809  0.23028391  0.26115959  0.26909258  0.23028391  0.06879627  0.08708784  0.08708784  0.05685812  0.04511705  0.05096336  0.00000000  0.30174013  0.29343668  0.30174013  0.30174013  0.31014167  0.33595868  0.30174013  0.32724847  0.32724847  0.30174013  
98_0_0     0.37190711  0.38118546  0.34477689  0.34477689  0.36274823  0.35370580  0.36274823  0.36274823  0.31864364  0.48130423  0.49213711  0.40976966  0.41955883  0.48130423  0.43955090  0.44976170  0.46012122  0.44976170  0.49213711  0.43955090  0.44976170  0.38118546  0.44976170  0.39058646  0.38118546  0.40976966  0.41955883  0.38118546  0.33595868  0.33595868  0.33595868  0.30174013  0.33595868  0.34477689  0.30174013  0.00000000  0.01101380  0.00548558  0.00548558  0.01101380  0.02786104  0.01658532  0.17228420  0.16535582  0.15169832  
82_0_0     0.38118546  0.37190711  0.33595868  0.33595868  0.35370580  0.34477689  0.35370580  0.35370580  0.32724847  0.49213711  0.50313755  0.41955883  0.42948463  0.49213711  0.42948463  0.43955090  0.47063386  0.46012122  0.50313755  0.44976170  0.46012122  0.36274823  0.43955090  0.38118546  0.37190711  0.40011339  0.40976966  0.37190711  0.32724847  0.32724847  0.32724847  0.29343668  0.32724847  0.33595868  0.29343668  0.01101380  0.00000000  0.01658532  0.01658532  0.02220084  0.03931840  0.02786104  0.18634677  0.17928073  0.16535582  
86_0_0     0.37190711  0.38118546  0.34477689  0.34477689  0.36274823  0.35370580  0.36274823  0.36274823  0.31864364  0.48130423  0.49213711  0.40976966  0.41955883  0.48130423  0.43955090  0.44976170  0.46012122  0.44976170  0.49213711  0.43955090  0.44976170  0.38118546  0.44976170  0.39058646  0.38118546  0.40976966  0.41955883  0.38118546  0.33595868  0.33595868  0.33595868  0.30174013  0.33595868  0.34477689  0.30174013  0.00548558  0.01658532  0.00000000  0.00000000  0.00548558  0.02220084  0.01101380  0.17228420  0.16535582  0.15169832  
88_0_0     0.37190711  0.38118546  0.34477689  0.34477689  0.36274823  0.35370580  0.36274823  0.36274823  0.31864364  0.48130423  0.49213711  0.40976966  0.41955883  0.48130423  0.43955090  0.44976170  0.46012122  0.44976170  0.49213711  0.43955090  0.44976170  0.38118546  0.44976170  0.39058646  0.38118546  0.40976966  0.41955883  0.38118546  0.33595868  0.33595868  0.33595868  0.30174013  0.33595868  0.34477689  0.30174013  0.00548558  0.01658532  0.00000000  0.00000000  0.00548558  0.02220084  0.01101380  0.17228420  0.16535582  0.15169832  
87_0_0     0.38118546  0.39058646  0.35370580  0.35370580  0.37190711  0.36274823  0.37190711  0.37190711  0.32724847  0.47063386  0.48130423  0.40011339  0.40976966  0.47063386  0.42948463  0.43955090  0.47063386  0.43955090  0.48130423  0.44976170  0.46012122  0.39058646  0.46012122  0.40011339  0.39058646  0.40011339  0.42948463  0.39058646  0.33595868  0.33595868  0.33595868  0.31014167  0.34477689  0.35370580  0.31014167  0.01101380  0.02220084  0.00548558  0.00548558  0.00000000  0.01658532  0.01658532  0.17928073  0.17228420  0.15849429  
100_0_0    0.40976966  0.41955883  0.38118546  0.38118546  0.40011339  0.39058646  0.38118546  0.38118546  0.33595868  0.50313755  0.51431081  0.42948463  0.43955090  0.50313755  0.46012122  0.47063386  0.50313755  0.47063386  0.51431081  0.48130423  0.49213711  0.40011339  0.47063386  0.40976966  0.40011339  0.40976966  0.43955090  0.40011339  0.36274823  0.36274823  0.36274823  0.33595868  0.35370580  0.36274823  0.33595868  0.02786104  0.03931840  0.02220084  0.02220084  0.01658532  0.00000000  0.03356665  0.20069300  0.19348372  0.17928073  
84_0_0     0.37190711  0.38118546  0.34477689  0.34477689  0.36274823  0.35370580  0.36274823  0.36274823  0.31864364  0.46012122  0.47063386  0.39058646  0.41955883  0.46012122  0.41955883  0.42948463  0.43955090  0.42948463  0.47063386  0.41955883  0.42948463  0.38118546  0.44976170  0.39058646  0.38118546  0.40976966  0.41955883  0.38118546  0.33595868  0.33595868  0.33595868  0.30174013  0.33595868  0.34477689  0.30174013  0.01658532  0.02786104  0.01101380  0.01101380  0.01658532  0.03356665  0.00000000  0.17228420  0.16535582  0.15169832  
97_0_0     0.37190711  0.36274823  0.32724847  0.32724847  0.36274823  0.33595868  0.36274823  0.40011339  0.35370580  0.47063386  0.46012122  0.40976966  0.42948463  0.44976170  0.41955883  0.44976170  0.43955090  0.44976170  0.48130423  0.42948463  0.42948463  0.43955090  0.43955090  0.39058646  0.40011339  0.40976966  0.40011339  0.40011339  0.35370580  0.35370580  0.33595868  0.33595868  0.33595868  0.38118546  0.32724847  0.17228420  0.18634677  0.17228420  0.17228420  0.17928073  0.20069300  0.17228420  0.00000000  0.02220084  0.06280215  
95_0_0     0.37190711  0.36274823  0.34477689  0.32724847  0.36274823  0.33595868  0.36274823  0.40011339  0.35370580  0.49213711  0.48130423  0.42948463  0.44976170  0.47063386  0.43955090  0.47063386  0.46012122  0.47063386  0.50313755  0.44976170  0.44976170  0.46012122  0.46012122  0.40976966  0.41955883  0.42948463  0.41955883  0.41955883  0.35370580  0.35370580  0.33595868  0.33595868  0.33595868  0.38118546  0.32724847  0.16535582  0.17928073  0.16535582  0.16535582  0.17228420  0.19348372  0.16535582  0.02220084  0.00000000  0.05685812  
92_0_0     0.37190711  0.36274823  0.34477689  0.31014167  0.36274823  0.33595868  0.34477689  0.38118546  0.33595868  0.48130423  0.49213711  0.46012122  0.48130423  0.48130423  0.46012122  0.47063386  0.46012122  0.44976170  0.51431081  0.46012122  0.46012122  0.42948463  0.48130423  0.41955883  0.40011339  0.42948463  0.41955883  0.38118546  0.33595868  0.35370580  0.31864364  0.31864364  0.33595868  0.36274823  0.30174013  0.15169832  0.16535582  0.15169832  0.15169832  0.15849429  0.17928073  0.15169832  0.06280215  0.05685812  0.00000000  

