20
14_0_0     0.00000000  0.01858380  0.10863356  0.04738036  0.05723801  0.04738036  0.15821171  0.10332763  0.12478737  0.20530722  0.21141427  0.21141427  0.19925096  0.19925096  0.23636804  0.22378425  0.23004896  0.23636804  0.21757299  0.23004896  
18_0_0     0.01858380  0.00000000  0.09806009  0.05723801  0.06723096  0.05723801  0.14689891  0.10332763  0.11397844  0.22378425  0.22378425  0.19324467  0.19324467  0.19324467  0.23004896  0.21141427  0.22378425  0.24274244  0.22378425  0.23636804  
13_0_0     0.10863356  0.09806009  0.00000000  0.10863356  0.10332763  0.10332763  0.19925096  0.13575920  0.12478737  0.24274244  0.25566117  0.25566117  0.19925096  0.19925096  0.23636804  0.22378425  0.19925096  0.22378425  0.21757299  0.21141427  
12_0_0     0.04738036  0.05723801  0.10863356  0.00000000  0.00923261  0.01858380  0.16393472  0.11936284  0.11397844  0.20530722  0.21141427  0.20530722  0.20530722  0.20530722  0.23636804  0.21757299  0.21141427  0.22378425  0.21141427  0.21141427  
19_0_0     0.05723801  0.06723096  0.10332763  0.00923261  0.00000000  0.00923261  0.16393472  0.11397844  0.10863356  0.21141427  0.21757299  0.21141427  0.20530722  0.20530722  0.23004896  0.21141427  0.20530722  0.23004896  0.20530722  0.19925096  
20_0_0     0.04738036  0.05723801  0.10332763  0.01858380  0.00923261  0.00000000  0.16393472  0.10332763  0.10863356  0.22378425  0.23004896  0.22378425  0.19324467  0.19324467  0.24274244  0.21141427  0.21757299  0.24274244  0.21757299  0.21141427  
15_0_0     0.15821171  0.14689891  0.19925096  0.16393472  0.16393472  0.16393472  0.00000000  0.15253333  0.16393472  0.25566117  0.26220752  0.23004896  0.23636804  0.23636804  0.24274244  0.24274244  0.26881327  0.23004896  0.25566117  0.25566117  
17_0_0     0.10332763  0.10332763  0.13575920  0.11936284  0.11397844  0.10332763  0.15253333  0.00000000  0.03765440  0.26881327  0.27547951  0.25566117  0.21757299  0.21757299  0.25566117  0.23636804  0.23636804  0.23004896  0.24274244  0.23636804  
16_0_0     0.12478737  0.11397844  0.12478737  0.11397844  0.10863356  0.10863356  0.16393472  0.03765440  0.00000000  0.24917315  0.26220752  0.24274244  0.21757299  0.21757299  0.25566117  0.24917315  0.22378425  0.23636804  0.24917315  0.23004896  
4_0_0      0.20530722  0.22378425  0.24274244  0.20530722  0.21141427  0.22378425  0.25566117  0.26881327  0.24917315  0.00000000  0.03765440  0.05229250  0.13575920  0.13575920  0.12478737  0.14689891  0.12478737  0.14689891  0.13575920  0.14689891  
3_0_0      0.21141427  0.22378425  0.25566117  0.21141427  0.21757299  0.23004896  0.26220752  0.27547951  0.26220752  0.03765440  0.00000000  0.04738036  0.14130775  0.14130775  0.11397844  0.13025262  0.11936284  0.12478737  0.13025262  0.14130775  
5_0_0      0.21141427  0.19324467  0.25566117  0.20530722  0.21141427  0.22378425  0.23004896  0.25566117  0.24274244  0.05229250  0.04738036  0.00000000  0.13025262  0.13025262  0.10863356  0.12478737  0.13575920  0.13025262  0.13575920  0.14130775  
2_0_0      0.19925096  0.19324467  0.19925096  0.20530722  0.20530722  0.19324467  0.23636804  0.21757299  0.21757299  0.13575920  0.14130775  0.13025262  0.00000000  0.00000000  0.13025262  0.11936284  0.13575920  0.13575920  0.10863356  0.09806009  
8_0_0      0.19925096  0.19324467  0.19925096  0.20530722  0.20530722  0.19324467  0.23636804  0.21757299  0.21757299  0.13575920  0.14130775  0.13025262  0.00000000  0.00000000  0.13025262  0.11936284  0.13575920  0.13575920  0.10863356  0.09806009  
9_0_0      0.23636804  0.23004896  0.23636804  0.23636804  0.23004896  0.24274244  0.24274244  0.25566117  0.25566117  0.12478737  0.11397844  0.10863356  0.13025262  0.13025262  0.00000000  0.05723801  0.09806009  0.11936284  0.12478737  0.14689891  
1_0_0      0.22378425  0.21141427  0.22378425  0.21757299  0.21141427  0.21141427  0.24274244  0.23636804  0.24917315  0.14689891  0.13025262  0.12478737  0.11936284  0.11936284  0.05723801  0.00000000  0.08248236  0.13575920  0.13575920  0.14130775  
6_0_0      0.23004896  0.22378425  0.19925096  0.21141427  0.20530722  0.21757299  0.26881327  0.23636804  0.22378425  0.12478737  0.11936284  0.13575920  0.13575920  0.13575920  0.09806009  0.08248236  0.00000000  0.14130775  0.11936284  0.12478737  
10_0_0     0.23636804  0.24274244  0.22378425  0.22378425  0.23004896  0.24274244  0.23004896  0.23004896  0.23636804  0.14689891  0.12478737  0.13025262  0.13575920  0.13575920  0.11936284  0.13575920  0.14130775  0.00000000  0.05723801  0.06723096  
7_0_0      0.21757299  0.22378425  0.21757299  0.21141427  0.20530722  0.21757299  0.25566117  0.24274244  0.24917315  0.13575920  0.13025262  0.13575920  0.10863356  0.10863356  0.12478737  0.13575920  0.11936284  0.05723801  0.00000000  0.02805666  
11_0_0     0.23004896  0.23636804  0.21141427  0.21141427  0.19925096  0.21141427  0.25566117  0.23636804  0.23004896  0.14689891  0.14130775  0.14130775  0.09806009  0.09806009  0.14689891  0.14130775  0.12478737  0.06723096  0.02805666  0.00000000  

