39
7_1_0      0.00000000  0.15687792  0.16993702  0.13143154  0.18996833  0.17655404  0.18323078  0.18323078  0.20363033  0.19676779  0.18996833  0.18323078  0.16337866  0.18323078  0.13771155  0.16337866  0.15687792  0.18323078  0.17655404  0.21055712  0.21055712  0.17655404  0.13143154  0.25353765  0.28364436  0.27600205  0.26843787  0.22460834  0.23893161  0.21055712  0.21055712  0.23893161  0.21754937  0.21754937  0.26095025  0.19676779  0.19676779  0.20363033  0.21055712  
9_1_0      0.15687792  0.00000000  0.03210003  0.10080702  0.16993702  0.15687792  0.16337866  0.16337866  0.16993702  0.16337866  0.15687792  0.15043380  0.15043380  0.16993702  0.22460834  0.21754937  0.23893161  0.20363033  0.19676779  0.18323078  0.17655404  0.18996833  0.16337866  0.26095025  0.23893161  0.25353765  0.24619858  0.23173531  0.24619858  0.23893161  0.23893161  0.20363033  0.22460834  0.22460834  0.18323078  0.17655404  0.17655404  0.18996833  0.18323078  
9_5_0      0.16993702  0.03210003  0.00000000  0.10080702  0.15043380  0.13143154  0.13771155  0.13771155  0.15687792  0.15043380  0.14404533  0.13771155  0.12520438  0.14404533  0.19676779  0.18996833  0.23893161  0.18323078  0.16337866  0.17655404  0.16993702  0.20363033  0.17655404  0.26843787  0.26095025  0.23173531  0.23893161  0.25353765  0.23893161  0.24619858  0.24619858  0.22460834  0.23173531  0.23173531  0.18996833  0.18323078  0.18323078  0.21055712  0.18996833  
10_1_0     0.13143154  0.10080702  0.10080702  0.00000000  0.10080702  0.10683135  0.10080702  0.10080702  0.10683135  0.10080702  0.09483135  0.08890356  0.10080702  0.09483135  0.15687792  0.18996833  0.19676779  0.16337866  0.13771155  0.16993702  0.16337866  0.15043380  0.12520438  0.29136644  0.25353765  0.25353765  0.26095025  0.20363033  0.18996833  0.21055712  0.21055712  0.20363033  0.22460834  0.22460834  0.22460834  0.16993702  0.16993702  0.16337866  0.14404533  
5_2_0      0.18996833  0.16993702  0.15043380  0.10080702  0.00000000  0.09483135  0.08890356  0.08890356  0.08302289  0.07718859  0.07139994  0.07718859  0.06565623  0.07139994  0.18996833  0.21055712  0.23173531  0.21754937  0.19676779  0.21754937  0.22460834  0.21055712  0.21055712  0.26095025  0.25353765  0.22460834  0.23173531  0.22460834  0.21055712  0.23173531  0.23173531  0.22460834  0.24619858  0.24619858  0.23173531  0.21754937  0.21754937  0.20363033  0.18323078  
11_2_0     0.17655404  0.15687792  0.13143154  0.10683135  0.09483135  0.00000000  0.00525422  0.00525422  0.05430088  0.04868790  0.03210003  0.02665237  0.04868790  0.05430088  0.16993702  0.19676779  0.20363033  0.18996833  0.16993702  0.19676779  0.18996833  0.19676779  0.16993702  0.24619858  0.21055712  0.22460834  0.23173531  0.22460834  0.22460834  0.23173531  0.23173531  0.21055712  0.24619858  0.24619858  0.23173531  0.19676779  0.19676779  0.20363033  0.19676779  
4_2_0      0.18323078  0.16337866  0.13771155  0.10080702  0.08890356  0.00525422  0.00000000  0.00000000  0.04868790  0.04311718  0.02665237  0.02124453  0.05430088  0.04868790  0.17655404  0.18996833  0.19676779  0.18323078  0.17655404  0.20363033  0.19676779  0.18996833  0.16337866  0.25353765  0.21754937  0.23173531  0.23893161  0.21754937  0.21754937  0.22460834  0.22460834  0.20363033  0.25353765  0.25353765  0.23893161  0.18996833  0.18996833  0.19676779  0.18996833  
4_4_0      0.18323078  0.16337866  0.13771155  0.10080702  0.08890356  0.00525422  0.00000000  0.00000000  0.04868790  0.04311718  0.02665237  0.02124453  0.05430088  0.04868790  0.17655404  0.18996833  0.19676779  0.18323078  0.17655404  0.20363033  0.19676779  0.18996833  0.16337866  0.25353765  0.21754937  0.23173531  0.23893161  0.21754937  0.21754937  0.22460834  0.22460834  0.20363033  0.25353765  0.25353765  0.23893161  0.18996833  0.18996833  0.19676779  0.18996833  
2_2_0      0.20363033  0.16993702  0.15687792  0.10683135  0.08302289  0.05430088  0.04868790  0.04868790  0.00000000  0.00525422  0.03210003  0.02665237  0.07139994  0.07718859  0.19676779  0.21754937  0.22460834  0.21055712  0.20363033  0.23173531  0.22460834  0.20363033  0.16337866  0.28364436  0.23173531  0.24619858  0.25353765  0.23173531  0.21754937  0.25353765  0.25353765  0.21754937  0.25353765  0.25353765  0.25353765  0.21055712  0.21055712  0.20363033  0.19676779  
12_2_0     0.19676779  0.16337866  0.15043380  0.10080702  0.07718859  0.04868790  0.04311718  0.04311718  0.00525422  0.00000000  0.02665237  0.02124453  0.06565623  0.07139994  0.18996833  0.21055712  0.21754937  0.20363033  0.19676779  0.22460834  0.21754937  0.19676779  0.16993702  0.27600205  0.22460834  0.23893161  0.24619858  0.22460834  0.21055712  0.24619858  0.24619858  0.21055712  0.24619858  0.24619858  0.24619858  0.20363033  0.20363033  0.19676779  0.18996833  
12_3_0     0.18996833  0.15687792  0.14404533  0.09483135  0.07139994  0.03210003  0.02665237  0.02665237  0.03210003  0.02665237  0.00000000  0.00525422  0.04868790  0.05430088  0.19676779  0.21754937  0.22460834  0.19676779  0.18996833  0.21754937  0.21055712  0.18996833  0.17655404  0.27600205  0.22460834  0.23893161  0.24619858  0.23893161  0.22460834  0.24619858  0.24619858  0.22460834  0.26095025  0.26095025  0.23173531  0.19676779  0.19676779  0.18996833  0.18323078  
2_3_0      0.18323078  0.15043380  0.13771155  0.08890356  0.07718859  0.02665237  0.02124453  0.02124453  0.02665237  0.02124453  0.00525422  0.00000000  0.05430088  0.05995677  0.18996833  0.21055712  0.21754937  0.18996833  0.18323078  0.21055712  0.20363033  0.18323078  0.16993702  0.26843787  0.21754937  0.23173531  0.23893161  0.23173531  0.21754937  0.23893161  0.23893161  0.21754937  0.25353765  0.25353765  0.23893161  0.20363033  0.20363033  0.19676779  0.18996833  
8_2_0      0.16337866  0.15043380  0.12520438  0.10080702  0.06565623  0.04868790  0.05430088  0.05430088  0.07139994  0.06565623  0.04868790  0.05430088  0.00000000  0.01587593  0.13771155  0.16993702  0.18996833  0.18996833  0.16993702  0.18323078  0.18996833  0.16993702  0.19676779  0.27600205  0.25353765  0.23893161  0.24619858  0.21055712  0.19676779  0.21754937  0.21754937  0.23893161  0.24619858  0.24619858  0.21754937  0.19676779  0.19676779  0.18996833  0.18323078  
1_2_0      0.18323078  0.16993702  0.14404533  0.09483135  0.07139994  0.05430088  0.04868790  0.04868790  0.07718859  0.07139994  0.05430088  0.05995677  0.01587593  0.00000000  0.15043380  0.16993702  0.18996833  0.18996833  0.16993702  0.19676779  0.20363033  0.16993702  0.19676779  0.29136644  0.25353765  0.25353765  0.26095025  0.21055712  0.18323078  0.20363033  0.20363033  0.23893161  0.26095025  0.26095025  0.21754937  0.19676779  0.19676779  0.18996833  0.18323078  
9_0_0      0.13771155  0.22460834  0.19676779  0.15687792  0.18996833  0.16993702  0.17655404  0.17655404  0.19676779  0.18996833  0.19676779  0.18996833  0.13771155  0.15043380  0.00000000  0.05995677  0.04868790  0.17655404  0.15687792  0.18323078  0.18996833  0.16337866  0.13143154  0.24619858  0.24619858  0.22460834  0.23173531  0.16337866  0.15687792  0.19676779  0.19676779  0.21055712  0.16993702  0.16993702  0.21754937  0.19676779  0.19676779  0.18996833  0.18996833  
6_0_0      0.16337866  0.21754937  0.18996833  0.18996833  0.21055712  0.19676779  0.18996833  0.18996833  0.21754937  0.21055712  0.21754937  0.21055712  0.16993702  0.16993702  0.05995677  0.00000000  0.06565623  0.21055712  0.21754937  0.24619858  0.25353765  0.18996833  0.16337866  0.23893161  0.26095025  0.25353765  0.26095025  0.15687792  0.18323078  0.16337866  0.16337866  0.21754937  0.19676779  0.19676779  0.21754937  0.19676779  0.19676779  0.22460834  0.21055712  
3_0_0      0.15687792  0.23893161  0.23893161  0.19676779  0.23173531  0.20363033  0.19676779  0.19676779  0.22460834  0.21754937  0.22460834  0.21754937  0.18996833  0.18996833  0.04868790  0.06565623  0.00000000  0.18996833  0.21055712  0.23893161  0.24619858  0.18996833  0.15043380  0.23893161  0.26095025  0.26843787  0.26095025  0.18323078  0.19676779  0.21754937  0.21754937  0.23173531  0.19676779  0.19676779  0.24619858  0.21754937  0.21754937  0.21754937  0.23173531  
11_0_0     0.18323078  0.20363033  0.18323078  0.16337866  0.21754937  0.18996833  0.18323078  0.18323078  0.21055712  0.20363033  0.19676779  0.18996833  0.18996833  0.18996833  0.17655404  0.21055712  0.18996833  0.00000000  0.04311718  0.07718859  0.07139994  0.11290514  0.13771155  0.30705668  0.29916997  0.29136644  0.28364436  0.25353765  0.23173531  0.23893161  0.23893161  0.26095025  0.25353765  0.25353765  0.25353765  0.21754937  0.21754937  0.21055712  0.22460834  
4_0_0      0.17655404  0.19676779  0.16337866  0.13771155  0.19676779  0.16993702  0.17655404  0.17655404  0.20363033  0.19676779  0.18996833  0.18323078  0.16993702  0.16993702  0.15687792  0.21754937  0.21055712  0.04311718  0.00000000  0.06565623  0.05995677  0.13771155  0.14404533  0.29916997  0.27600205  0.25353765  0.26095025  0.25353765  0.21754937  0.22460834  0.22460834  0.25353765  0.23173531  0.23173531  0.23173531  0.23173531  0.23173531  0.22460834  0.21055712  
2_0_0      0.21055712  0.18323078  0.17655404  0.16993702  0.21754937  0.19676779  0.20363033  0.20363033  0.23173531  0.22460834  0.21754937  0.21055712  0.18323078  0.19676779  0.18323078  0.24619858  0.23893161  0.07718859  0.06565623  0.00000000  0.00525422  0.13143154  0.15687792  0.32308690  0.29916997  0.27600205  0.28364436  0.23893161  0.20363033  0.22460834  0.22460834  0.24619858  0.24619858  0.24619858  0.22460834  0.25353765  0.25353765  0.23173531  0.21754937  
12_0_0     0.21055712  0.17655404  0.16993702  0.16337866  0.22460834  0.18996833  0.19676779  0.19676779  0.22460834  0.21754937  0.21055712  0.20363033  0.18996833  0.20363033  0.18996833  0.25353765  0.24619858  0.07139994  0.05995677  0.00525422  0.00000000  0.13771155  0.15043380  0.33123418  0.29136644  0.28364436  0.29136644  0.24619858  0.21055712  0.23173531  0.23173531  0.25353765  0.25353765  0.25353765  0.23173531  0.24619858  0.24619858  0.22460834  0.21055712  
5_0_0      0.17655404  0.18996833  0.20363033  0.15043380  0.21055712  0.19676779  0.18996833  0.18996833  0.20363033  0.19676779  0.18996833  0.18323078  0.16993702  0.16993702  0.16337866  0.18996833  0.18996833  0.11290514  0.13771155  0.13143154  0.13771155  0.00000000  0.13771155  0.29136644  0.28364436  0.27600205  0.26843787  0.20363033  0.18996833  0.21055712  0.21055712  0.19676779  0.20363033  0.20363033  0.19676779  0.18323078  0.18323078  0.16337866  0.18323078  
1_0_0      0.13143154  0.16337866  0.17655404  0.12520438  0.21055712  0.16993702  0.16337866  0.16337866  0.16337866  0.16993702  0.17655404  0.16993702  0.19676779  0.19676779  0.13143154  0.16337866  0.15043380  0.13771155  0.14404533  0.15687792  0.15043380  0.13771155  0.00000000  0.23893161  0.23173531  0.25353765  0.24619858  0.19676779  0.18323078  0.20363033  0.20363033  0.16337866  0.18323078  0.18323078  0.20363033  0.15043380  0.15043380  0.17655404  0.16337866  
14_6_0     0.25353765  0.26095025  0.26843787  0.29136644  0.26095025  0.24619858  0.25353765  0.25353765  0.28364436  0.27600205  0.27600205  0.26843787  0.27600205  0.29136644  0.24619858  0.23893161  0.23893161  0.30705668  0.29916997  0.32308690  0.33123418  0.29136644  0.23893161  0.00000000  0.05995677  0.03210003  0.02665237  0.16337866  0.17655404  0.16993702  0.16993702  0.13143154  0.12520438  0.12520438  0.16993702  0.22460834  0.22460834  0.23893161  0.22460834  
18_6_0     0.28364436  0.23893161  0.26095025  0.25353765  0.25353765  0.21055712  0.21754937  0.21754937  0.23173531  0.22460834  0.22460834  0.21754937  0.25353765  0.25353765  0.24619858  0.26095025  0.26095025  0.29916997  0.27600205  0.29916997  0.29136644  0.28364436  0.23173531  0.05995677  0.00000000  0.05995677  0.05430088  0.14404533  0.13143154  0.15043380  0.15043380  0.15043380  0.15687792  0.15687792  0.13771155  0.22460834  0.22460834  0.21055712  0.22460834  
15_6_0     0.27600205  0.25353765  0.23173531  0.25353765  0.22460834  0.22460834  0.23173531  0.23173531  0.24619858  0.23893161  0.23893161  0.23173531  0.23893161  0.25353765  0.22460834  0.25353765  0.26843787  0.29136644  0.25353765  0.27600205  0.28364436  0.27600205  0.25353765  0.03210003  0.05995677  0.00000000  0.00525422  0.16337866  0.15043380  0.16993702  0.16993702  0.14404533  0.11290514  0.11290514  0.15687792  0.23893161  0.23893161  0.22460834  0.21055712  
17_6_0     0.26843787  0.24619858  0.23893161  0.26095025  0.23173531  0.23173531  0.23893161  0.23893161  0.25353765  0.24619858  0.24619858  0.23893161  0.24619858  0.26095025  0.23173531  0.26095025  0.26095025  0.28364436  0.26095025  0.28364436  0.29136644  0.26843787  0.24619858  0.02665237  0.05430088  0.00525422  0.00000000  0.16993702  0.15687792  0.17655404  0.17655404  0.13771155  0.10683135  0.10683135  0.15043380  0.23173531  0.23173531  0.21754937  0.21754937  
14_7_0     0.22460834  0.23173531  0.25353765  0.20363033  0.22460834  0.22460834  0.21754937  0.21754937  0.23173531  0.22460834  0.23893161  0.23173531  0.21055712  0.21055712  0.16337866  0.15687792  0.18323078  0.25353765  0.25353765  0.23893161  0.24619858  0.20363033  0.19676779  0.16337866  0.14404533  0.16337866  0.16993702  0.00000000  0.05430088  0.04868790  0.04868790  0.13143154  0.12520438  0.12520438  0.14404533  0.17655404  0.17655404  0.17655404  0.17655404  
18_7_0     0.23893161  0.24619858  0.23893161  0.18996833  0.21055712  0.22460834  0.21754937  0.21754937  0.21754937  0.21055712  0.22460834  0.21754937  0.19676779  0.18323078  0.15687792  0.18323078  0.19676779  0.23173531  0.21754937  0.20363033  0.21055712  0.18996833  0.18323078  0.17655404  0.13143154  0.15043380  0.15687792  0.05430088  0.00000000  0.04868790  0.04868790  0.14404533  0.13771155  0.13771155  0.11902920  0.20363033  0.20363033  0.17655404  0.17655404  
15_7_0     0.21055712  0.23893161  0.24619858  0.21055712  0.23173531  0.23173531  0.22460834  0.22460834  0.25353765  0.24619858  0.24619858  0.23893161  0.21754937  0.20363033  0.19676779  0.16337866  0.21754937  0.23893161  0.22460834  0.22460834  0.23173531  0.21055712  0.20363033  0.16993702  0.15043380  0.16993702  0.17655404  0.04868790  0.04868790  0.00000000  0.00000000  0.15043380  0.14404533  0.14404533  0.12520438  0.18996833  0.18996833  0.18996833  0.18996833  
17_7_0     0.21055712  0.23893161  0.24619858  0.21055712  0.23173531  0.23173531  0.22460834  0.22460834  0.25353765  0.24619858  0.24619858  0.23893161  0.21754937  0.20363033  0.19676779  0.16337866  0.21754937  0.23893161  0.22460834  0.22460834  0.23173531  0.21055712  0.20363033  0.16993702  0.15043380  0.16993702  0.17655404  0.04868790  0.04868790  0.00000000  0.00000000  0.15043380  0.14404533  0.14404533  0.12520438  0.18996833  0.18996833  0.18996833  0.18996833  
16_6_0     0.23893161  0.20363033  0.22460834  0.20363033  0.22460834  0.21055712  0.20363033  0.20363033  0.21754937  0.21055712  0.22460834  0.21754937  0.23893161  0.23893161  0.21055712  0.21754937  0.23173531  0.26095025  0.25353765  0.24619858  0.25353765  0.19676779  0.16337866  0.13143154  0.15043380  0.14404533  0.13771155  0.13143154  0.14404533  0.15043380  0.15043380  0.00000000  0.09483135  0.09483135  0.08890356  0.13143154  0.13143154  0.15687792  0.14404533  
13_6_0     0.21754937  0.22460834  0.23173531  0.22460834  0.24619858  0.24619858  0.25353765  0.25353765  0.25353765  0.24619858  0.26095025  0.25353765  0.24619858  0.26095025  0.16993702  0.19676779  0.19676779  0.25353765  0.23173531  0.24619858  0.25353765  0.20363033  0.18323078  0.12520438  0.15687792  0.11290514  0.10683135  0.12520438  0.13771155  0.14404533  0.14404533  0.09483135  0.00000000  0.00000000  0.09483135  0.18323078  0.18323078  0.18323078  0.17655404  
19_6_0     0.21754937  0.22460834  0.23173531  0.22460834  0.24619858  0.24619858  0.25353765  0.25353765  0.25353765  0.24619858  0.26095025  0.25353765  0.24619858  0.26095025  0.16993702  0.19676779  0.19676779  0.25353765  0.23173531  0.24619858  0.25353765  0.20363033  0.18323078  0.12520438  0.15687792  0.11290514  0.10683135  0.12520438  0.13771155  0.14404533  0.14404533  0.09483135  0.00000000  0.00000000  0.09483135  0.18323078  0.18323078  0.18323078  0.17655404  
20_6_0     0.26095025  0.18323078  0.18996833  0.22460834  0.23173531  0.23173531  0.23893161  0.23893161  0.25353765  0.24619858  0.23173531  0.23893161  0.21754937  0.21754937  0.21754937  0.21754937  0.24619858  0.25353765  0.23173531  0.22460834  0.23173531  0.19676779  0.20363033  0.16993702  0.13771155  0.15687792  0.15043380  0.14404533  0.11902920  0.12520438  0.12520438  0.08890356  0.09483135  0.09483135  0.00000000  0.16993702  0.16993702  0.16993702  0.18323078  
17_0_0     0.19676779  0.17655404  0.18323078  0.16993702  0.21754937  0.19676779  0.18996833  0.18996833  0.21055712  0.20363033  0.19676779  0.20363033  0.19676779  0.19676779  0.19676779  0.19676779  0.21754937  0.21754937  0.23173531  0.25353765  0.24619858  0.18323078  0.15043380  0.22460834  0.22460834  0.23893161  0.23173531  0.17655404  0.20363033  0.18996833  0.18996833  0.13143154  0.18323078  0.18323078  0.16993702  0.00000000  0.00000000  0.05430088  0.04311718  
15_0_0     0.19676779  0.17655404  0.18323078  0.16993702  0.21754937  0.19676779  0.18996833  0.18996833  0.21055712  0.20363033  0.19676779  0.20363033  0.19676779  0.19676779  0.19676779  0.19676779  0.21754937  0.21754937  0.23173531  0.25353765  0.24619858  0.18323078  0.15043380  0.22460834  0.22460834  0.23893161  0.23173531  0.17655404  0.20363033  0.18996833  0.18996833  0.13143154  0.18323078  0.18323078  0.16993702  0.00000000  0.00000000  0.05430088  0.04311718  
18_0_0     0.20363033  0.18996833  0.21055712  0.16337866  0.20363033  0.20363033  0.19676779  0.19676779  0.20363033  0.19676779  0.18996833  0.19676779  0.18996833  0.18996833  0.18996833  0.22460834  0.21754937  0.21055712  0.22460834  0.23173531  0.22460834  0.16337866  0.17655404  0.23893161  0.21055712  0.22460834  0.21754937  0.17655404  0.17655404  0.18996833  0.18996833  0.15687792  0.18323078  0.18323078  0.16993702  0.05430088  0.05430088  0.00000000  0.04311718  
14_0_0     0.21055712  0.18323078  0.18996833  0.14404533  0.18323078  0.19676779  0.18996833  0.18996833  0.19676779  0.18996833  0.18323078  0.18996833  0.18323078  0.18323078  0.18996833  0.21055712  0.23173531  0.22460834  0.21055712  0.21754937  0.21055712  0.18323078  0.16337866  0.22460834  0.22460834  0.21055712  0.21754937  0.17655404  0.17655404  0.18996833  0.18996833  0.14404533  0.17655404  0.17655404  0.18323078  0.04311718  0.04311718  0.04311718  0.00000000  

