37
20_0_0     0.00000000  0.02295559  0.01138768  0.01138768  0.05270261  0.05270261  0.05270261  0.05880009  0.05270261  0.05270261  0.05880009  0.05880009  0.05270261  0.05270261  0.05270261  0.05270261  0.04665557  0.05270261  0.04665557  0.05270261  0.05880009  0.05270261  0.05270261  0.05270261  0.05270261  0.05270261  0.05270261  0.05270261  0.05270261  0.04065814  0.04665557  0.04665557  0.04065814  0.04065814  0.04665557  0.04065814  0.04665557  
16_0_0     0.02295559  0.00000000  0.02295559  0.02295559  0.04665557  0.04665557  0.04665557  0.04665557  0.04665557  0.04665557  0.05270261  0.05270261  0.05270261  0.04665557  0.04665557  0.04665557  0.05270261  0.05270261  0.05270261  0.04665557  0.04665557  0.04665557  0.04665557  0.04665557  0.04665557  0.05270261  0.04665557  0.04665557  0.04665557  0.04065814  0.03470953  0.04065814  0.04065814  0.03470953  0.03470953  0.03470953  0.03470953  
15_0_0     0.01138768  0.02295559  0.00000000  0.00000000  0.05880009  0.05880009  0.05880009  0.05880009  0.05880009  0.05270261  0.05880009  0.05880009  0.05880009  0.05880009  0.05880009  0.05880009  0.05270261  0.05270261  0.05270261  0.05880009  0.05880009  0.05880009  0.05880009  0.05880009  0.05880009  0.05880009  0.05880009  0.05880009  0.05880009  0.04665557  0.04665557  0.04665557  0.04665557  0.04665557  0.04665557  0.04665557  0.04665557  
15_5_0     0.01138768  0.02295559  0.00000000  0.00000000  0.05880009  0.05880009  0.05880009  0.05880009  0.05880009  0.05270261  0.05880009  0.05880009  0.05880009  0.05880009  0.05880009  0.05880009  0.05270261  0.05270261  0.05270261  0.05880009  0.05880009  0.05880009  0.05880009  0.05880009  0.05880009  0.05880009  0.05880009  0.05880009  0.05880009  0.04665557  0.04665557  0.04665557  0.04665557  0.04665557  0.04665557  0.04665557  0.04665557  
14_1_0     0.05270261  0.04665557  0.05880009  0.05880009  0.00000000  0.00000000  0.00000000  0.00567167  0.00000000  0.01138768  0.02295559  0.02295559  0.01714876  0.01138768  0.01138768  0.01138768  0.02295559  0.02880894  0.02295559  0.01138768  0.01714876  0.01138768  0.01138768  0.01138768  0.01138768  0.02295559  0.01138768  0.01138768  0.01138768  0.02295559  0.02295559  0.02880894  0.02295559  0.01714876  0.02295559  0.01714876  0.02295559  
2_1_0      0.05270261  0.04665557  0.05880009  0.05880009  0.00000000  0.00000000  0.00000000  0.00567167  0.00000000  0.01138768  0.02295559  0.02295559  0.01714876  0.01138768  0.01138768  0.01138768  0.02295559  0.02880894  0.02295559  0.01138768  0.01714876  0.01138768  0.01138768  0.01138768  0.01138768  0.02295559  0.01138768  0.01138768  0.01138768  0.02295559  0.02295559  0.02880894  0.02295559  0.01714876  0.02295559  0.01714876  0.02295559  
11_1_0     0.05270261  0.04665557  0.05880009  0.05880009  0.00000000  0.00000000  0.00000000  0.00567167  0.00000000  0.01138768  0.02295559  0.02295559  0.01714876  0.01138768  0.01138768  0.01138768  0.02295559  0.02880894  0.02295559  0.01138768  0.01714876  0.01138768  0.01138768  0.01138768  0.01138768  0.02295559  0.01138768  0.01138768  0.01138768  0.02295559  0.02295559  0.02880894  0.02295559  0.01714876  0.02295559  0.01714876  0.02295559  
6_1_0      0.05880009  0.04665557  0.05880009  0.05880009  0.00567167  0.00567167  0.00567167  0.00000000  0.00567167  0.00567167  0.01714876  0.01714876  0.02295559  0.01714876  0.01714876  0.01714876  0.02880894  0.02295559  0.02880894  0.01714876  0.01138768  0.01714876  0.01714876  0.01714876  0.01714876  0.02880894  0.01714876  0.01714876  0.01714876  0.02880894  0.01714876  0.02295559  0.02880894  0.02295559  0.01714876  0.02295559  0.01714876  
3_1_0      0.05270261  0.04665557  0.05880009  0.05880009  0.00000000  0.00000000  0.00000000  0.00567167  0.00000000  0.01138768  0.02295559  0.02295559  0.01714876  0.01138768  0.01138768  0.01138768  0.02295559  0.02880894  0.02295559  0.01138768  0.01714876  0.01138768  0.01138768  0.01138768  0.01138768  0.02295559  0.01138768  0.01138768  0.01138768  0.02295559  0.02295559  0.02880894  0.02295559  0.01714876  0.02295559  0.01714876  0.02295559  
13_1_0     0.05270261  0.04665557  0.05270261  0.05270261  0.01138768  0.01138768  0.01138768  0.00567167  0.01138768  0.00000000  0.02295559  0.02295559  0.02880894  0.02295559  0.02295559  0.02295559  0.02295559  0.01714876  0.02295559  0.02295559  0.01714876  0.02295559  0.02295559  0.02295559  0.02295559  0.03470953  0.02295559  0.02295559  0.02295559  0.03470953  0.02295559  0.02880894  0.03470953  0.02880894  0.02295559  0.02880894  0.02295559  
2_0_0      0.05880009  0.05270261  0.05880009  0.05880009  0.02295559  0.02295559  0.02295559  0.01714876  0.02295559  0.02295559  0.00000000  0.00000000  0.00567167  0.01714876  0.01714876  0.01714876  0.01138768  0.00567167  0.01138768  0.01138768  0.00567167  0.01138768  0.02295559  0.02295559  0.02295559  0.01714876  0.02295559  0.02295559  0.02295559  0.02295559  0.02295559  0.01714876  0.02295559  0.02880894  0.02295559  0.02880894  0.02295559  
14_0_0     0.05880009  0.05270261  0.05880009  0.05880009  0.02295559  0.02295559  0.02295559  0.01714876  0.02295559  0.02295559  0.00000000  0.00000000  0.00567167  0.01714876  0.01714876  0.01714876  0.01138768  0.00567167  0.01138768  0.01138768  0.00567167  0.01138768  0.02295559  0.02295559  0.02295559  0.01714876  0.02295559  0.02295559  0.02295559  0.02295559  0.02295559  0.01714876  0.02295559  0.02880894  0.02295559  0.02880894  0.02295559  
11_0_0     0.05270261  0.05270261  0.05880009  0.05880009  0.01714876  0.01714876  0.01714876  0.02295559  0.01714876  0.02880894  0.00567167  0.00567167  0.00000000  0.01138768  0.01138768  0.01138768  0.00567167  0.01138768  0.00567167  0.00567167  0.01138768  0.00567167  0.01714876  0.01714876  0.01714876  0.01138768  0.01714876  0.01714876  0.01714876  0.01714876  0.02880894  0.02295559  0.01714876  0.02295559  0.02880894  0.02295559  0.02880894  
6_0_0      0.05270261  0.04665557  0.05880009  0.05880009  0.01138768  0.01138768  0.01138768  0.01714876  0.01138768  0.02295559  0.01714876  0.01714876  0.01138768  0.00000000  0.00000000  0.00567167  0.01714876  0.02295559  0.01714876  0.00567167  0.01138768  0.00567167  0.01714876  0.01714876  0.01714876  0.02295559  0.01714876  0.01714876  0.01714876  0.02295559  0.02295559  0.02880894  0.02295559  0.01714876  0.02295559  0.01714876  0.02295559  
3_0_0      0.05270261  0.04665557  0.05880009  0.05880009  0.01138768  0.01138768  0.01138768  0.01714876  0.01138768  0.02295559  0.01714876  0.01714876  0.01138768  0.00000000  0.00000000  0.00567167  0.01714876  0.02295559  0.01714876  0.00567167  0.01138768  0.00567167  0.01714876  0.01714876  0.01714876  0.02295559  0.01714876  0.01714876  0.01714876  0.02295559  0.02295559  0.02880894  0.02295559  0.01714876  0.02295559  0.01714876  0.02295559  
13_0_0     0.05270261  0.04665557  0.05880009  0.05880009  0.01138768  0.01138768  0.01138768  0.01714876  0.01138768  0.02295559  0.01714876  0.01714876  0.01138768  0.00567167  0.00567167  0.00000000  0.01714876  0.02295559  0.01714876  0.00567167  0.01138768  0.00567167  0.01714876  0.01714876  0.01714876  0.02295559  0.01714876  0.01714876  0.01714876  0.02295559  0.02295559  0.02880894  0.02295559  0.01714876  0.02295559  0.01714876  0.02295559  
11_3_0     0.04665557  0.05270261  0.05270261  0.05270261  0.02295559  0.02295559  0.02295559  0.02880894  0.02295559  0.02295559  0.01138768  0.01138768  0.00567167  0.01714876  0.01714876  0.01714876  0.00000000  0.00567167  0.00000000  0.01138768  0.01714876  0.01138768  0.02295559  0.02295559  0.02295559  0.01714876  0.02295559  0.02295559  0.02295559  0.02295559  0.03470953  0.02880894  0.02295559  0.02880894  0.03470953  0.02880894  0.03470953  
2_3_0      0.05270261  0.05270261  0.05270261  0.05270261  0.02880894  0.02880894  0.02880894  0.02295559  0.02880894  0.01714876  0.00567167  0.00567167  0.01138768  0.02295559  0.02295559  0.02295559  0.00567167  0.00000000  0.00567167  0.01714876  0.01138768  0.01714876  0.02880894  0.02880894  0.02880894  0.02295559  0.02880894  0.02880894  0.02880894  0.02880894  0.02880894  0.02295559  0.02880894  0.03470953  0.02880894  0.03470953  0.02880894  
14_3_0     0.04665557  0.05270261  0.05270261  0.05270261  0.02295559  0.02295559  0.02295559  0.02880894  0.02295559  0.02295559  0.01138768  0.01138768  0.00567167  0.01714876  0.01714876  0.01714876  0.00000000  0.00567167  0.00000000  0.01138768  0.01714876  0.01138768  0.02295559  0.02295559  0.02295559  0.01714876  0.02295559  0.02295559  0.02295559  0.02295559  0.03470953  0.02880894  0.02295559  0.02880894  0.03470953  0.02880894  0.03470953  
3_3_0      0.05270261  0.04665557  0.05880009  0.05880009  0.01138768  0.01138768  0.01138768  0.01714876  0.01138768  0.02295559  0.01138768  0.01138768  0.00567167  0.00567167  0.00567167  0.00567167  0.01138768  0.01714876  0.01138768  0.00000000  0.00567167  0.00000000  0.01138768  0.01138768  0.01138768  0.01714876  0.01138768  0.01138768  0.01138768  0.02295559  0.02295559  0.02880894  0.02295559  0.01714876  0.02295559  0.01714876  0.02295559  
6_3_0      0.05880009  0.04665557  0.05880009  0.05880009  0.01714876  0.01714876  0.01714876  0.01138768  0.01714876  0.01714876  0.00567167  0.00567167  0.01138768  0.01138768  0.01138768  0.01138768  0.01714876  0.01138768  0.01714876  0.00567167  0.00000000  0.00567167  0.01714876  0.01714876  0.01714876  0.02295559  0.01714876  0.01714876  0.01714876  0.02880894  0.01714876  0.02295559  0.02880894  0.02295559  0.01714876  0.02295559  0.01714876  
13_3_0     0.05270261  0.04665557  0.05880009  0.05880009  0.01138768  0.01138768  0.01138768  0.01714876  0.01138768  0.02295559  0.01138768  0.01138768  0.00567167  0.00567167  0.00567167  0.00567167  0.01138768  0.01714876  0.01138768  0.00000000  0.00567167  0.00000000  0.01138768  0.01138768  0.01138768  0.01714876  0.01138768  0.01138768  0.01138768  0.02295559  0.02295559  0.02880894  0.02295559  0.01714876  0.02295559  0.01714876  0.02295559  
6_2_0      0.05270261  0.04665557  0.05880009  0.05880009  0.01138768  0.01138768  0.01138768  0.01714876  0.01138768  0.02295559  0.02295559  0.02295559  0.01714876  0.01714876  0.01714876  0.01714876  0.02295559  0.02880894  0.02295559  0.01138768  0.01714876  0.01138768  0.00000000  0.00000000  0.00000000  0.01138768  0.00000000  0.00000000  0.00000000  0.03470953  0.03470953  0.04065814  0.03470953  0.02880894  0.03470953  0.02880894  0.03470953  
3_2_0      0.05270261  0.04665557  0.05880009  0.05880009  0.01138768  0.01138768  0.01138768  0.01714876  0.01138768  0.02295559  0.02295559  0.02295559  0.01714876  0.01714876  0.01714876  0.01714876  0.02295559  0.02880894  0.02295559  0.01138768  0.01714876  0.01138768  0.00000000  0.00000000  0.00000000  0.01138768  0.00000000  0.00000000  0.00000000  0.03470953  0.03470953  0.04065814  0.03470953  0.02880894  0.03470953  0.02880894  0.03470953  
13_2_0     0.05270261  0.04665557  0.05880009  0.05880009  0.01138768  0.01138768  0.01138768  0.01714876  0.01138768  0.02295559  0.02295559  0.02295559  0.01714876  0.01714876  0.01714876  0.01714876  0.02295559  0.02880894  0.02295559  0.01138768  0.01714876  0.01138768  0.00000000  0.00000000  0.00000000  0.01138768  0.00000000  0.00000000  0.00000000  0.03470953  0.03470953  0.04065814  0.03470953  0.02880894  0.03470953  0.02880894  0.03470953  
11_2_0     0.05270261  0.05270261  0.05880009  0.05880009  0.02295559  0.02295559  0.02295559  0.02880894  0.02295559  0.03470953  0.01714876  0.01714876  0.01138768  0.02295559  0.02295559  0.02295559  0.01714876  0.02295559  0.01714876  0.01714876  0.02295559  0.01714876  0.01138768  0.01138768  0.01138768  0.00000000  0.01138768  0.01138768  0.01138768  0.02880894  0.04065814  0.03470953  0.02880894  0.03470953  0.04065814  0.03470953  0.04065814  
2_2_0      0.05270261  0.04665557  0.05880009  0.05880009  0.01138768  0.01138768  0.01138768  0.01714876  0.01138768  0.02295559  0.02295559  0.02295559  0.01714876  0.01714876  0.01714876  0.01714876  0.02295559  0.02880894  0.02295559  0.01138768  0.01714876  0.01138768  0.00000000  0.00000000  0.00000000  0.01138768  0.00000000  0.00000000  0.00000000  0.03470953  0.03470953  0.04065814  0.03470953  0.02880894  0.03470953  0.02880894  0.03470953  
14_4_0     0.05270261  0.04665557  0.05880009  0.05880009  0.01138768  0.01138768  0.01138768  0.01714876  0.01138768  0.02295559  0.02295559  0.02295559  0.01714876  0.01714876  0.01714876  0.01714876  0.02295559  0.02880894  0.02295559  0.01138768  0.01714876  0.01138768  0.00000000  0.00000000  0.00000000  0.01138768  0.00000000  0.00000000  0.00000000  0.03470953  0.03470953  0.04065814  0.03470953  0.02880894  0.03470953  0.02880894  0.03470953  
14_2_0     0.05270261  0.04665557  0.05880009  0.05880009  0.01138768  0.01138768  0.01138768  0.01714876  0.01138768  0.02295559  0.02295559  0.02295559  0.01714876  0.01714876  0.01714876  0.01714876  0.02295559  0.02880894  0.02295559  0.01138768  0.01714876  0.01138768  0.00000000  0.00000000  0.00000000  0.01138768  0.00000000  0.00000000  0.00000000  0.03470953  0.03470953  0.04065814  0.03470953  0.02880894  0.03470953  0.02880894  0.03470953  
9_0_0      0.04065814  0.04065814  0.04665557  0.04665557  0.02295559  0.02295559  0.02295559  0.02880894  0.02295559  0.03470953  0.02295559  0.02295559  0.01714876  0.02295559  0.02295559  0.02295559  0.02295559  0.02880894  0.02295559  0.02295559  0.02880894  0.02295559  0.03470953  0.03470953  0.03470953  0.02880894  0.03470953  0.03470953  0.03470953  0.00000000  0.01138768  0.00567167  0.00000000  0.00567167  0.01138768  0.00567167  0.01138768  
8_0_0      0.04665557  0.03470953  0.04665557  0.04665557  0.02295559  0.02295559  0.02295559  0.01714876  0.02295559  0.02295559  0.02295559  0.02295559  0.02880894  0.02295559  0.02295559  0.02295559  0.03470953  0.02880894  0.03470953  0.02295559  0.01714876  0.02295559  0.03470953  0.03470953  0.03470953  0.04065814  0.03470953  0.03470953  0.03470953  0.01138768  0.00000000  0.00567167  0.01138768  0.00567167  0.00000000  0.00567167  0.00000000  
4_0_0      0.04665557  0.04065814  0.04665557  0.04665557  0.02880894  0.02880894  0.02880894  0.02295559  0.02880894  0.02880894  0.01714876  0.01714876  0.02295559  0.02880894  0.02880894  0.02880894  0.02880894  0.02295559  0.02880894  0.02880894  0.02295559  0.02880894  0.04065814  0.04065814  0.04065814  0.03470953  0.04065814  0.04065814  0.04065814  0.00567167  0.00567167  0.00000000  0.00567167  0.01138768  0.00567167  0.01138768  0.00567167  
12_0_0     0.04065814  0.04065814  0.04665557  0.04665557  0.02295559  0.02295559  0.02295559  0.02880894  0.02295559  0.03470953  0.02295559  0.02295559  0.01714876  0.02295559  0.02295559  0.02295559  0.02295559  0.02880894  0.02295559  0.02295559  0.02880894  0.02295559  0.03470953  0.03470953  0.03470953  0.02880894  0.03470953  0.03470953  0.03470953  0.00000000  0.01138768  0.00567167  0.00000000  0.00567167  0.01138768  0.00567167  0.01138768  
1_0_0      0.04065814  0.03470953  0.04665557  0.04665557  0.01714876  0.01714876  0.01714876  0.02295559  0.01714876  0.02880894  0.02880894  0.02880894  0.02295559  0.01714876  0.01714876  0.01714876  0.02880894  0.03470953  0.02880894  0.01714876  0.02295559  0.01714876  0.02880894  0.02880894  0.02880894  0.03470953  0.02880894  0.02880894  0.02880894  0.00567167  0.00567167  0.01138768  0.00567167  0.00000000  0.00567167  0.00000000  0.00567167  
10_0_0     0.04665557  0.03470953  0.04665557  0.04665557  0.02295559  0.02295559  0.02295559  0.01714876  0.02295559  0.02295559  0.02295559  0.02295559  0.02880894  0.02295559  0.02295559  0.02295559  0.03470953  0.02880894  0.03470953  0.02295559  0.01714876  0.02295559  0.03470953  0.03470953  0.03470953  0.04065814  0.03470953  0.03470953  0.03470953  0.01138768  0.00000000  0.00567167  0.01138768  0.00567167  0.00000000  0.00567167  0.00000000  
5_0_0      0.04065814  0.03470953  0.04665557  0.04665557  0.01714876  0.01714876  0.01714876  0.02295559  0.01714876  0.02880894  0.02880894  0.02880894  0.02295559  0.01714876  0.01714876  0.01714876  0.02880894  0.03470953  0.02880894  0.01714876  0.02295559  0.01714876  0.02880894  0.02880894  0.02880894  0.03470953  0.02880894  0.02880894  0.02880894  0.00567167  0.00567167  0.01138768  0.00567167  0.00000000  0.00567167  0.00000000  0.00567167  
7_0_0      0.04665557  0.03470953  0.04665557  0.04665557  0.02295559  0.02295559  0.02295559  0.01714876  0.02295559  0.02295559  0.02295559  0.02295559  0.02880894  0.02295559  0.02295559  0.02295559  0.03470953  0.02880894  0.03470953  0.02295559  0.01714876  0.02295559  0.03470953  0.03470953  0.03470953  0.04065814  0.03470953  0.03470953  0.03470953  0.01138768  0.00000000  0.00567167  0.01138768  0.00567167  0.00000000  0.00567167  0.00000000  

