10
100_5_0    0.00000000  0.04662305  0.04662305  0.18233383  0.16594352  0.14991416  0.14991416  0.14991416  0.14991416  0.14202994  
100_1_0    0.04662305  0.00000000  0.01301896  0.17409254  0.17409254  0.15788472  0.15788472  0.15788472  0.14202994  0.13423020  
100_6_0    0.04662305  0.01301896  0.00000000  0.17409254  0.17409254  0.15788472  0.15788472  0.15788472  0.14202994  0.13423020  
96_2_0     0.18233383  0.17409254  0.17409254  0.00000000  0.11132025  0.11132025  0.11132025  0.11132025  0.06051144  0.06051144  
98_0_0     0.16594352  0.17409254  0.17409254  0.11132025  0.00000000  0.03977698  0.03977698  0.03977698  0.06755629  0.06051144  
99_0_0     0.14991416  0.15788472  0.15788472  0.11132025  0.03977698  0.00000000  0.00000000  0.00000000  0.06755629  0.06051144  
94_0_0     0.14991416  0.15788472  0.15788472  0.11132025  0.03977698  0.00000000  0.00000000  0.00000000  0.06755629  0.06051144  
94_7_0     0.14991416  0.15788472  0.15788472  0.11132025  0.03977698  0.00000000  0.00000000  0.00000000  0.06755629  0.06051144  
100_0_0    0.14991416  0.14202994  0.14202994  0.06051144  0.06755629  0.06755629  0.06755629  0.06755629  0.00000000  0.01961682  
100_3_0    0.14202994  0.13423020  0.13423020  0.06051144  0.06051144  0.06051144  0.06051144  0.06051144  0.01961682  0.00000000  

