43
4_0_0      0.00000000  0.11342644  0.12961634  0.12417956  0.12417956  0.11342644  0.10810892  0.09758915  0.08721939  0.09758915  0.08721939  0.10283001  0.09758915  0.07699543  0.08721939  0.11342644  0.09758915  0.13509408  0.12961634  0.12961634  0.13509408  0.12417956  0.11878312  0.11878312  0.10810892  0.10283001  0.10283001  0.09758915  0.11342644  0.09758915  0.08721939  0.09238579  0.10283001  0.10283001  0.10810892  0.11878312  0.10810892  0.11342644  0.11342644  0.09758915  0.09758915  0.09758915  0.10283001  
2_0_0      0.11342644  0.00000000  0.08208944  0.08721939  0.08721939  0.08721939  0.09758915  0.12961634  0.12417956  0.11878312  0.12417956  0.10810892  0.10810892  0.09238579  0.09758915  0.12961634  0.10283001  0.12417956  0.12961634  0.12417956  0.12417956  0.11342644  0.09758915  0.09758915  0.11878312  0.13509408  0.13509408  0.10283001  0.11342644  0.10810892  0.10283001  0.11342644  0.09758915  0.09238579  0.08721939  0.10283001  0.09238579  0.08721939  0.10810892  0.10283001  0.10283001  0.09758915  0.09238579  
27_0_0     0.12961634  0.08208944  0.00000000  0.04230283  0.04230283  0.07193685  0.05696890  0.10810892  0.10283001  0.10810892  0.11878312  0.09758915  0.09758915  0.09238579  0.10810892  0.12417956  0.08208944  0.10810892  0.11342644  0.10810892  0.10810892  0.09238579  0.08721939  0.08721939  0.13509408  0.11878312  0.11878312  0.09238579  0.09238579  0.10810892  0.08721939  0.10810892  0.09758915  0.10283001  0.11342644  0.11878312  0.12961634  0.11878312  0.09238579  0.08721939  0.09758915  0.11878312  0.10810892  
8_0_0      0.12417956  0.08721939  0.04230283  0.00000000  0.00000000  0.05696890  0.04715872  0.10283001  0.09758915  0.09758915  0.11342644  0.09238579  0.09238579  0.08721939  0.08208944  0.12417956  0.07699543  0.09758915  0.10283001  0.09758915  0.10810892  0.09758915  0.09238579  0.09238579  0.10283001  0.09758915  0.09758915  0.09238579  0.09238579  0.10810892  0.09758915  0.10810892  0.10810892  0.11342644  0.10283001  0.10810892  0.12417956  0.10810892  0.10810892  0.09238579  0.09238579  0.10283001  0.09238579  
23_0_0     0.12417956  0.08721939  0.04230283  0.00000000  0.00000000  0.05696890  0.04715872  0.10283001  0.09758915  0.09758915  0.11342644  0.09238579  0.09238579  0.08721939  0.08208944  0.12417956  0.07699543  0.09758915  0.10283001  0.09758915  0.10810892  0.09758915  0.09238579  0.09238579  0.10283001  0.09758915  0.09758915  0.09238579  0.09238579  0.10810892  0.09758915  0.10810892  0.10810892  0.11342644  0.10283001  0.10810892  0.12417956  0.10810892  0.10810892  0.09238579  0.09238579  0.10283001  0.09238579  
42_0_0     0.11342644  0.08721939  0.07193685  0.05696890  0.05696890  0.00000000  0.03747914  0.07699543  0.07193685  0.07193685  0.08721939  0.06691322  0.06691322  0.05696890  0.07193685  0.09238579  0.06691322  0.10810892  0.10283001  0.10810892  0.11878312  0.09758915  0.09238579  0.09238579  0.10283001  0.09758915  0.09758915  0.10810892  0.12417956  0.11342644  0.08721939  0.08721939  0.10810892  0.11342644  0.09238579  0.11342644  0.10810892  0.10283001  0.11342644  0.09238579  0.09758915  0.09758915  0.08721939  
36_0_0     0.10810892  0.09758915  0.05696890  0.04715872  0.04715872  0.03747914  0.00000000  0.07699543  0.07193685  0.08208944  0.08721939  0.07193685  0.07193685  0.07699543  0.08208944  0.08208944  0.06691322  0.10283001  0.09758915  0.10283001  0.11342644  0.08721939  0.08208944  0.08208944  0.11342644  0.08721939  0.08721939  0.09238579  0.10810892  0.09758915  0.07699543  0.07699543  0.10810892  0.11342644  0.11342644  0.10810892  0.11342644  0.11878312  0.08721939  0.09238579  0.10283001  0.11342644  0.10283001  
44_0_0     0.09758915  0.12961634  0.10810892  0.10283001  0.10283001  0.07699543  0.07699543  0.00000000  0.00919025  0.01382930  0.02792671  0.07699543  0.07699543  0.06691322  0.09238579  0.07699543  0.06691322  0.12417956  0.13509408  0.12417956  0.13509408  0.10810892  0.10810892  0.10810892  0.11342644  0.09758915  0.09758915  0.11878312  0.12417956  0.11342644  0.07699543  0.08208944  0.09758915  0.10283001  0.10810892  0.12961634  0.12417956  0.13509408  0.10810892  0.10283001  0.11342644  0.09238579  0.09238579  
18_0_0     0.08721939  0.12417956  0.10283001  0.09758915  0.09758915  0.07193685  0.07193685  0.00919025  0.00000000  0.01382930  0.01849814  0.07193685  0.07193685  0.06192406  0.08721939  0.07193685  0.06192406  0.12417956  0.12417956  0.12417956  0.13509408  0.09758915  0.09758915  0.09758915  0.10810892  0.09238579  0.09238579  0.11342644  0.11878312  0.10810892  0.07193685  0.07699543  0.09758915  0.10283001  0.10810892  0.12961634  0.11342644  0.12961634  0.11342644  0.09238579  0.10810892  0.09238579  0.09238579  
6_0_0      0.09758915  0.11878312  0.10810892  0.09758915  0.09758915  0.07193685  0.08208944  0.01382930  0.01382930  0.00000000  0.03268724  0.06691322  0.06691322  0.05696890  0.08208944  0.07699543  0.05696890  0.11342644  0.12417956  0.11342644  0.12417956  0.11342644  0.10283001  0.10283001  0.10810892  0.10283001  0.10283001  0.10283001  0.12961634  0.09758915  0.08208944  0.08721939  0.09238579  0.08721939  0.09238579  0.11878312  0.12417956  0.11878312  0.12417956  0.09238579  0.09758915  0.09238579  0.08208944  
10_0_0     0.08721939  0.12417956  0.11878312  0.11342644  0.11342644  0.08721939  0.08721939  0.02792671  0.01849814  0.03268724  0.00000000  0.08721939  0.08721939  0.06691322  0.08721939  0.08208944  0.07699543  0.12961634  0.12961634  0.12961634  0.14061339  0.10283001  0.10283001  0.10283001  0.11342644  0.09758915  0.09758915  0.10810892  0.11342644  0.10283001  0.08721939  0.08721939  0.10810892  0.11342644  0.10810892  0.14061339  0.12417956  0.14061339  0.11878312  0.10283001  0.10810892  0.10283001  0.10283001  
21_0_0     0.10283001  0.10810892  0.09758915  0.09238579  0.09238579  0.06691322  0.07193685  0.07699543  0.07193685  0.06691322  0.08721939  0.00000000  0.00458061  0.05696890  0.07699543  0.08208944  0.05204727  0.10810892  0.10810892  0.11342644  0.12417956  0.13509408  0.10810892  0.10810892  0.11342644  0.11342644  0.11342644  0.09758915  0.11878312  0.10283001  0.09238579  0.10283001  0.09758915  0.09758915  0.09238579  0.09758915  0.10810892  0.09238579  0.10283001  0.08208944  0.09758915  0.10810892  0.08721939  
37_0_0     0.09758915  0.10810892  0.09758915  0.09238579  0.09238579  0.06691322  0.07193685  0.07699543  0.07193685  0.06691322  0.08721939  0.00458061  0.00000000  0.05204727  0.07193685  0.08721939  0.05696890  0.11342644  0.10283001  0.10810892  0.11878312  0.13509408  0.10810892  0.10810892  0.11342644  0.11342644  0.11342644  0.09758915  0.11878312  0.10283001  0.09238579  0.10283001  0.09758915  0.09758915  0.09238579  0.09238579  0.10283001  0.09238579  0.10283001  0.08721939  0.09758915  0.10283001  0.08208944  
12_0_0     0.07699543  0.09238579  0.09238579  0.08721939  0.08721939  0.05696890  0.07699543  0.06691322  0.06192406  0.05696890  0.06691322  0.05696890  0.05204727  0.00000000  0.03268724  0.06691322  0.04230283  0.12417956  0.11342644  0.11878312  0.12961634  0.11342644  0.10810892  0.10810892  0.09238579  0.08721939  0.08721939  0.09238579  0.10283001  0.07699543  0.06691322  0.08721939  0.09238579  0.09238579  0.09238579  0.09238579  0.09238579  0.08721939  0.09238579  0.08208944  0.07193685  0.07699543  0.07193685  
7_0_0      0.08721939  0.09758915  0.10810892  0.08208944  0.08208944  0.07193685  0.08208944  0.09238579  0.08721939  0.08208944  0.08721939  0.07699543  0.07193685  0.03268724  0.00000000  0.08208944  0.05204727  0.10810892  0.09758915  0.10283001  0.11342644  0.10810892  0.09758915  0.09758915  0.09758915  0.10283001  0.10283001  0.09758915  0.11342644  0.09238579  0.09758915  0.09758915  0.11342644  0.11342644  0.09238579  0.10283001  0.10810892  0.10810892  0.09758915  0.07193685  0.06691322  0.09758915  0.08208944  
40_0_0     0.11342644  0.12961634  0.12417956  0.12417956  0.12417956  0.09238579  0.08208944  0.07699543  0.07193685  0.07699543  0.08208944  0.08208944  0.08721939  0.06691322  0.08208944  0.00000000  0.06691322  0.15177930  0.15177930  0.15742722  0.16311934  0.12961634  0.12417956  0.12417956  0.12961634  0.11342644  0.11342644  0.11342644  0.12417956  0.11878312  0.10283001  0.10810892  0.13509408  0.13509408  0.12417956  0.12961634  0.11878312  0.11878312  0.11342644  0.10810892  0.11878312  0.10810892  0.12417956  
9_0_0      0.09758915  0.10283001  0.08208944  0.07699543  0.07699543  0.06691322  0.06691322  0.06691322  0.06192406  0.05696890  0.07699543  0.05204727  0.05696890  0.04230283  0.05204727  0.06691322  0.00000000  0.11878312  0.11878312  0.12417956  0.13509408  0.11342644  0.10283001  0.10283001  0.12417956  0.10810892  0.10810892  0.09758915  0.09758915  0.09238579  0.08208944  0.10283001  0.09238579  0.09238579  0.10283001  0.10283001  0.10810892  0.09758915  0.09758915  0.07193685  0.09758915  0.10283001  0.09238579  
31_0_0     0.13509408  0.12417956  0.10810892  0.09758915  0.09758915  0.10810892  0.10283001  0.12417956  0.12417956  0.11342644  0.12961634  0.10810892  0.11342644  0.12417956  0.10810892  0.15177930  0.11878312  0.00000000  0.01382930  0.00458061  0.01382930  0.04715872  0.07699543  0.07699543  0.12961634  0.12961634  0.12961634  0.10283001  0.12961634  0.10810892  0.11342644  0.11342644  0.11342644  0.11342644  0.08721939  0.10810892  0.12961634  0.12961634  0.11342644  0.08721939  0.09758915  0.11878312  0.09238579  
25_0_0     0.12961634  0.12961634  0.11342644  0.10283001  0.10283001  0.10283001  0.09758915  0.13509408  0.12417956  0.12417956  0.12961634  0.10810892  0.10283001  0.11342644  0.09758915  0.15177930  0.11878312  0.01382930  0.00000000  0.00919025  0.01849814  0.04715872  0.07699543  0.07699543  0.13509408  0.13509408  0.13509408  0.10810892  0.13509408  0.11342644  0.11878312  0.11878312  0.12417956  0.12417956  0.09758915  0.10283001  0.11342644  0.12417956  0.11342644  0.09238579  0.10283001  0.12417956  0.09758915  
33_0_0     0.12961634  0.12417956  0.10810892  0.09758915  0.09758915  0.10810892  0.10283001  0.12417956  0.12417956  0.11342644  0.12961634  0.11342644  0.10810892  0.11878312  0.10283001  0.15742722  0.12417956  0.00458061  0.00919025  0.00000000  0.00919025  0.04715872  0.07699543  0.07699543  0.12961634  0.12961634  0.12961634  0.10283001  0.12961634  0.10810892  0.11342644  0.11342644  0.11342644  0.11342644  0.08721939  0.10283001  0.12417956  0.12961634  0.11342644  0.09238579  0.09758915  0.11342644  0.08721939  
14_0_0     0.13509408  0.12417956  0.10810892  0.10810892  0.10810892  0.11878312  0.11342644  0.13509408  0.13509408  0.12417956  0.14061339  0.12417956  0.11878312  0.12961634  0.11342644  0.16311934  0.13509408  0.01382930  0.01849814  0.00919025  0.00000000  0.04715872  0.07699543  0.07699543  0.14061339  0.14061339  0.14061339  0.10810892  0.13509408  0.11342644  0.11342644  0.11342644  0.11342644  0.11342644  0.09758915  0.10810892  0.12961634  0.13509408  0.11342644  0.10283001  0.10810892  0.12417956  0.09758915  
13_0_0     0.12417956  0.11342644  0.09238579  0.09758915  0.09758915  0.09758915  0.08721939  0.10810892  0.09758915  0.11342644  0.10283001  0.13509408  0.13509408  0.11342644  0.10810892  0.12961634  0.11342644  0.04715872  0.04715872  0.04715872  0.04715872  0.00000000  0.04715872  0.04715872  0.12417956  0.10810892  0.10810892  0.10810892  0.11342644  0.10283001  0.07699543  0.07699543  0.10283001  0.10810892  0.10810892  0.11878312  0.10810892  0.13509408  0.09758915  0.09238579  0.10810892  0.11342644  0.09758915  
32_0_0     0.11878312  0.09758915  0.08721939  0.09238579  0.09238579  0.09238579  0.08208944  0.10810892  0.09758915  0.10283001  0.10283001  0.10810892  0.10810892  0.10810892  0.09758915  0.12417956  0.10283001  0.07699543  0.07699543  0.07699543  0.07699543  0.04715872  0.00000000  0.00000000  0.12961634  0.11342644  0.11342644  0.09758915  0.11342644  0.09758915  0.09238579  0.08721939  0.10810892  0.10283001  0.07699543  0.11342644  0.10283001  0.11342644  0.09238579  0.08721939  0.09758915  0.10810892  0.09758915  
11_0_0     0.11878312  0.09758915  0.08721939  0.09238579  0.09238579  0.09238579  0.08208944  0.10810892  0.09758915  0.10283001  0.10283001  0.10810892  0.10810892  0.10810892  0.09758915  0.12417956  0.10283001  0.07699543  0.07699543  0.07699543  0.07699543  0.04715872  0.00000000  0.00000000  0.12961634  0.11342644  0.11342644  0.09758915  0.11342644  0.09758915  0.09238579  0.08721939  0.10810892  0.10283001  0.07699543  0.11342644  0.10283001  0.11342644  0.09238579  0.08721939  0.09758915  0.10810892  0.09758915  
30_0_0     0.10810892  0.11878312  0.13509408  0.10283001  0.10283001  0.10283001  0.11342644  0.11342644  0.10810892  0.10810892  0.11342644  0.11342644  0.11342644  0.09238579  0.09758915  0.12961634  0.12417956  0.12961634  0.13509408  0.12961634  0.14061339  0.12417956  0.12961634  0.12961634  0.00000000  0.02319714  0.02319714  0.10283001  0.10283001  0.11342644  0.09758915  0.09758915  0.12417956  0.11878312  0.09758915  0.12961634  0.12417956  0.12961634  0.11878312  0.10810892  0.09758915  0.09238579  0.08721939  
24_0_0     0.10283001  0.13509408  0.11878312  0.09758915  0.09758915  0.09758915  0.08721939  0.09758915  0.09238579  0.10283001  0.09758915  0.11342644  0.11342644  0.08721939  0.10283001  0.11342644  0.10810892  0.12961634  0.13509408  0.12961634  0.14061339  0.10810892  0.11342644  0.11342644  0.02319714  0.00000000  0.00000000  0.09758915  0.09238579  0.09758915  0.08208944  0.08208944  0.11878312  0.12417956  0.10283001  0.12417956  0.12961634  0.12961634  0.10283001  0.10810892  0.09758915  0.09758915  0.09238579  
22_0_0     0.10283001  0.13509408  0.11878312  0.09758915  0.09758915  0.09758915  0.08721939  0.09758915  0.09238579  0.10283001  0.09758915  0.11342644  0.11342644  0.08721939  0.10283001  0.11342644  0.10810892  0.12961634  0.13509408  0.12961634  0.14061339  0.10810892  0.11342644  0.11342644  0.02319714  0.00000000  0.00000000  0.09758915  0.09238579  0.09758915  0.08208944  0.08208944  0.11878312  0.12417956  0.10283001  0.12417956  0.12961634  0.12961634  0.10283001  0.10810892  0.09758915  0.09758915  0.09238579  
19_0_0     0.09758915  0.10283001  0.09238579  0.09238579  0.09238579  0.10810892  0.09238579  0.11878312  0.11342644  0.10283001  0.10810892  0.09758915  0.09758915  0.09238579  0.09758915  0.11342644  0.09758915  0.10283001  0.10810892  0.10283001  0.10810892  0.10810892  0.09758915  0.09758915  0.10283001  0.09758915  0.09758915  0.00000000  0.03747914  0.03268724  0.06192406  0.06192406  0.08721939  0.08208944  0.08721939  0.09758915  0.10810892  0.08208944  0.07193685  0.07193685  0.06192406  0.08721939  0.08208944  
1_0_0      0.11342644  0.11342644  0.09238579  0.09238579  0.09238579  0.12417956  0.10810892  0.12417956  0.11878312  0.12961634  0.11342644  0.11878312  0.11878312  0.10283001  0.11342644  0.12417956  0.09758915  0.12961634  0.13509408  0.12961634  0.13509408  0.11342644  0.11342644  0.11342644  0.10283001  0.09238579  0.09238579  0.03747914  0.00000000  0.05204727  0.06691322  0.07699543  0.10283001  0.10810892  0.11342644  0.10283001  0.11342644  0.10283001  0.07699543  0.08208944  0.08721939  0.09238579  0.09238579  
17_0_0     0.09758915  0.10810892  0.10810892  0.10810892  0.10810892  0.11342644  0.09758915  0.11342644  0.10810892  0.09758915  0.10283001  0.10283001  0.10283001  0.07699543  0.09238579  0.11878312  0.09238579  0.10810892  0.11342644  0.10810892  0.11342644  0.10283001  0.09758915  0.09758915  0.11342644  0.09758915  0.09758915  0.03268724  0.05204727  0.00000000  0.04230283  0.05204727  0.08208944  0.07699543  0.09758915  0.08721939  0.10810892  0.08721939  0.07699543  0.08721939  0.07193685  0.09758915  0.08721939  
20_0_0     0.08721939  0.10283001  0.08721939  0.09758915  0.09758915  0.08721939  0.07699543  0.07699543  0.07193685  0.08208944  0.08721939  0.09238579  0.09238579  0.06691322  0.09758915  0.10283001  0.08208944  0.11342644  0.11878312  0.11342644  0.11342644  0.07699543  0.09238579  0.09238579  0.09758915  0.08208944  0.08208944  0.06192406  0.06691322  0.04230283  0.00000000  0.02319714  0.05696890  0.06192406  0.10810892  0.09238579  0.08721939  0.08721939  0.06192406  0.08721939  0.07699543  0.07193685  0.07193685  
20_2_0     0.09238579  0.11342644  0.10810892  0.10810892  0.10810892  0.08721939  0.07699543  0.08208944  0.07699543  0.08721939  0.08721939  0.10283001  0.10283001  0.08721939  0.09758915  0.10810892  0.10283001  0.11342644  0.11878312  0.11342644  0.11342644  0.07699543  0.08721939  0.08721939  0.09758915  0.08208944  0.08208944  0.06192406  0.07699543  0.05204727  0.02319714  0.00000000  0.06691322  0.07193685  0.09758915  0.09238579  0.08721939  0.09758915  0.08208944  0.08208944  0.08208944  0.08721939  0.07193685  
24_1_0     0.10283001  0.09758915  0.09758915  0.10810892  0.10810892  0.10810892  0.10810892  0.09758915  0.09758915  0.09238579  0.10810892  0.09758915  0.09758915  0.09238579  0.11342644  0.13509408  0.09238579  0.11342644  0.12417956  0.11342644  0.11342644  0.10283001  0.10810892  0.10810892  0.12417956  0.11878312  0.11878312  0.08721939  0.10283001  0.08208944  0.05696890  0.06691322  0.00000000  0.00458061  0.06192406  0.06691322  0.07699543  0.06691322  0.08721939  0.08721939  0.08721939  0.09758915  0.07193685  
22_1_0     0.10283001  0.09238579  0.10283001  0.11342644  0.11342644  0.11342644  0.11342644  0.10283001  0.10283001  0.08721939  0.11342644  0.09758915  0.09758915  0.09238579  0.11342644  0.13509408  0.09238579  0.11342644  0.12417956  0.11342644  0.11342644  0.10810892  0.10283001  0.10283001  0.11878312  0.12417956  0.12417956  0.08208944  0.10810892  0.07699543  0.06192406  0.07193685  0.00458061  0.00000000  0.05696890  0.06691322  0.07699543  0.06192406  0.09238579  0.08721939  0.08208944  0.09758915  0.07193685  
30_1_0     0.10810892  0.08721939  0.11342644  0.10283001  0.10283001  0.09238579  0.11342644  0.10810892  0.10810892  0.09238579  0.10810892  0.09238579  0.09238579  0.09238579  0.09238579  0.12417956  0.10283001  0.08721939  0.09758915  0.08721939  0.09758915  0.10810892  0.07699543  0.07699543  0.09758915  0.10283001  0.10283001  0.08721939  0.11342644  0.09758915  0.10810892  0.09758915  0.06192406  0.05696890  0.00000000  0.08208944  0.09238579  0.07699543  0.10810892  0.09238579  0.07699543  0.09238579  0.07699543  
17_1_0     0.11878312  0.10283001  0.11878312  0.10810892  0.10810892  0.11342644  0.10810892  0.12961634  0.12961634  0.11878312  0.14061339  0.09758915  0.09238579  0.09238579  0.10283001  0.12961634  0.10283001  0.10810892  0.10283001  0.10283001  0.10810892  0.11878312  0.11342644  0.11342644  0.12961634  0.12417956  0.12417956  0.09758915  0.10283001  0.08721939  0.09238579  0.09238579  0.06691322  0.06691322  0.08208944  0.00000000  0.02319714  0.02792671  0.09758915  0.08208944  0.09758915  0.07699543  0.05204727  
1_1_0      0.10810892  0.09238579  0.12961634  0.12417956  0.12417956  0.10810892  0.11342644  0.12417956  0.11342644  0.12417956  0.12417956  0.10810892  0.10283001  0.09238579  0.10810892  0.11878312  0.10810892  0.12961634  0.11342644  0.12417956  0.12961634  0.10810892  0.10283001  0.10283001  0.12417956  0.12961634  0.12961634  0.10810892  0.11342644  0.10810892  0.08721939  0.08721939  0.07699543  0.07699543  0.09238579  0.02319714  0.00000000  0.02792671  0.10283001  0.08721939  0.11342644  0.06691322  0.06192406  
19_1_0     0.11342644  0.08721939  0.11878312  0.10810892  0.10810892  0.10283001  0.11878312  0.13509408  0.12961634  0.11878312  0.14061339  0.09238579  0.09238579  0.08721939  0.10810892  0.11878312  0.09758915  0.12961634  0.12417956  0.12961634  0.13509408  0.13509408  0.11342644  0.11342644  0.12961634  0.12961634  0.12961634  0.08208944  0.10283001  0.08721939  0.08721939  0.09758915  0.06691322  0.06192406  0.07699543  0.02792671  0.02792671  0.00000000  0.09758915  0.09758915  0.08721939  0.07193685  0.06691322  
41_0_0     0.11342644  0.10810892  0.09238579  0.10810892  0.10810892  0.11342644  0.08721939  0.10810892  0.11342644  0.12417956  0.11878312  0.10283001  0.10283001  0.09238579  0.09758915  0.11342644  0.09758915  0.11342644  0.11342644  0.11342644  0.11342644  0.09758915  0.09238579  0.09238579  0.11878312  0.10283001  0.10283001  0.07193685  0.07699543  0.07699543  0.06192406  0.08208944  0.08721939  0.09238579  0.10810892  0.09758915  0.10283001  0.09758915  0.00000000  0.08208944  0.08721939  0.07699543  0.08208944  
45_0_0     0.09758915  0.10283001  0.08721939  0.09238579  0.09238579  0.09238579  0.09238579  0.10283001  0.09238579  0.09238579  0.10283001  0.08208944  0.08721939  0.08208944  0.07193685  0.10810892  0.07193685  0.08721939  0.09238579  0.09238579  0.10283001  0.09238579  0.08721939  0.08721939  0.10810892  0.10810892  0.10810892  0.07193685  0.08208944  0.08721939  0.08721939  0.08208944  0.08721939  0.08721939  0.09238579  0.08208944  0.08721939  0.09758915  0.08208944  0.00000000  0.04715872  0.08208944  0.04715872  
38_0_0     0.09758915  0.10283001  0.09758915  0.09238579  0.09238579  0.09758915  0.10283001  0.11342644  0.10810892  0.09758915  0.10810892  0.09758915  0.09758915  0.07193685  0.06691322  0.11878312  0.09758915  0.09758915  0.10283001  0.09758915  0.10810892  0.10810892  0.09758915  0.09758915  0.09758915  0.09758915  0.09758915  0.06192406  0.08721939  0.07193685  0.07699543  0.08208944  0.08721939  0.08208944  0.07699543  0.09758915  0.11342644  0.08721939  0.08721939  0.04715872  0.00000000  0.08208944  0.06691322  
35_0_0     0.09758915  0.09758915  0.11878312  0.10283001  0.10283001  0.09758915  0.11342644  0.09238579  0.09238579  0.09238579  0.10283001  0.10810892  0.10283001  0.07699543  0.09758915  0.10810892  0.10283001  0.11878312  0.12417956  0.11342644  0.12417956  0.11342644  0.10810892  0.10810892  0.09238579  0.09758915  0.09758915  0.08721939  0.09238579  0.09758915  0.07193685  0.08721939  0.09758915  0.09758915  0.09238579  0.07699543  0.06691322  0.07193685  0.07699543  0.08208944  0.08208944  0.00000000  0.03747914  
34_0_0     0.10283001  0.09238579  0.10810892  0.09238579  0.09238579  0.08721939  0.10283001  0.09238579  0.09238579  0.08208944  0.10283001  0.08721939  0.08208944  0.07193685  0.08208944  0.12417956  0.09238579  0.09238579  0.09758915  0.08721939  0.09758915  0.09758915  0.09758915  0.09758915  0.08721939  0.09238579  0.09238579  0.08208944  0.09238579  0.08721939  0.07193685  0.07193685  0.07193685  0.07193685  0.07699543  0.05204727  0.06192406  0.06691322  0.08208944  0.04715872  0.06691322  0.03747914  0.00000000  

