20
20_0_0     0.00000000  0.07119109  0.05951043  0.05377963  0.07714474  0.26506081  0.34813156  0.32791228  0.36653648  0.36653648  0.47163031  0.39375567  0.41355255  0.37191355  0.40209980  0.40209980  0.39375567  0.39670288  0.29723493  0.31599181  
2_0_0      0.07119109  0.00000000  0.01037266  0.01564817  0.03737789  0.26506081  0.34813156  0.34813156  0.34564655  0.34564655  0.38821177  0.34098246  0.35894734  0.34098246  0.39092569  0.39092569  0.39375567  0.39670288  0.29723493  0.31599181  
3_0_0      0.05951043  0.01037266  0.00000000  0.00515705  0.02638454  0.25645902  0.33791067  0.33791067  0.33554740  0.33554740  0.39924054  0.35106314  0.36936136  0.35106314  0.40209980  0.40209980  0.40507900  0.40817947  0.30651763  0.32566554  
1_0_0      0.05377963  0.01564817  0.00515705  0.00000000  0.02098499  0.24801537  0.32791228  0.32791228  0.34564655  0.34564655  0.41054066  0.34098246  0.35894734  0.34098246  0.39092569  0.39092569  0.39375567  0.39670288  0.29723493  0.31599181  
6_0_0      0.07714474  0.03737789  0.02638454  0.02098499  0.00000000  0.26506081  0.34813156  0.34813156  0.36653648  0.36653648  0.43401077  0.36137004  0.38001698  0.36137004  0.39092569  0.39092569  0.39375567  0.39670288  0.31599181  0.33554740  
14_0_0     0.26506081  0.26506081  0.25645902  0.24801537  0.26506081  0.00000000  0.19618001  0.19618001  0.26857680  0.28665677  0.36653648  0.30117549  0.29916024  0.28276329  0.42529819  0.42529819  0.41668856  0.38550607  0.33554740  0.33554740  
11_0_0     0.34813156  0.34813156  0.33791067  0.32791228  0.34813156  0.19618001  0.00000000  0.02098499  0.14228165  0.12859175  0.18862212  0.17600681  0.18978753  0.17600681  0.48488750  0.48488750  0.47553664  0.42859919  0.41995019  0.41995019  
17_0_0     0.32791228  0.34813156  0.33791067  0.32791228  0.34813156  0.19618001  0.02098499  0.00000000  0.11529811  0.11529811  0.18862212  0.14737579  0.16049047  0.14737579  0.45874505  0.45874505  0.44973088  0.40507900  0.41995019  0.41995019  
19_0_0     0.36653648  0.34564655  0.33554740  0.34564655  0.36653648  0.26857680  0.14228165  0.11529811  0.00000000  0.02098499  0.14651416  0.10812870  0.10752068  0.10812870  0.61887824  0.61887824  0.62539992  0.56299184  0.45338911  0.45338911  
16_0_0     0.36653648  0.34564655  0.33554740  0.34564655  0.36653648  0.28665677  0.12859175  0.11529811  0.02098499  0.00000000  0.13295061  0.10812870  0.12042524  0.10812870  0.61887824  0.61887824  0.62539992  0.56299184  0.49327886  0.49327886  
5_0_0      0.47163031  0.38821177  0.39924054  0.41054066  0.43401077  0.36653648  0.18862212  0.18862212  0.14651416  0.13295061  0.00000000  0.05951043  0.07084945  0.05951043  0.70657661  0.70657661  0.71467014  0.64222053  0.61260090  0.61260090  
4_0_0      0.39375567  0.34098246  0.35106314  0.34098246  0.36137004  0.30117549  0.17600681  0.14737579  0.10812870  0.10812870  0.05951043  0.00000000  0.01033239  0.01037266  0.62404454  0.62404454  0.63045305  0.56814916  0.52712225  0.52712225  
12_0_0     0.41355255  0.35894734  0.36936136  0.35894734  0.38001698  0.29916024  0.18978753  0.16049047  0.10752068  0.12042524  0.07084945  0.01033239  0.00000000  0.02087872  0.61260090  0.61260090  0.61887824  0.55760329  0.53719722  0.53719722  
10_0_0     0.37191355  0.34098246  0.35106314  0.34098246  0.36137004  0.28276329  0.17600681  0.14737579  0.10812870  0.10812870  0.05951043  0.01037266  0.02087872  0.00000000  0.62404454  0.62404454  0.63045305  0.56814916  0.52712225  0.52712225  
9_0_0      0.40209980  0.39092569  0.40209980  0.39092569  0.39092569  0.42529819  0.48488750  0.45874505  0.61887824  0.61887824  0.70657661  0.62404454  0.61260090  0.62404454  0.00000000  0.00000000  0.00514866  0.02615153  0.25808764  0.25808764  
13_0_0     0.40209980  0.39092569  0.40209980  0.39092569  0.39092569  0.42529819  0.48488750  0.45874505  0.61887824  0.61887824  0.70657661  0.62404454  0.61260090  0.62404454  0.00000000  0.00000000  0.00514866  0.02615153  0.25808764  0.25808764  
7_0_0      0.39375567  0.39375567  0.40507900  0.39375567  0.39375567  0.41668856  0.47553664  0.44973088  0.62539992  0.62539992  0.71467014  0.63045305  0.61887824  0.63045305  0.00514866  0.00514866  0.00000000  0.02087872  0.25118165  0.25118165  
15_0_0     0.39670288  0.39670288  0.40817947  0.39670288  0.39670288  0.38550607  0.42859919  0.40507900  0.56299184  0.56299184  0.64222053  0.56814916  0.55760329  0.56814916  0.02615153  0.02615153  0.02087872  0.00000000  0.25288332  0.25288332  
8_0_0      0.29723493  0.29723493  0.30651763  0.29723493  0.31599181  0.33554740  0.41995019  0.41995019  0.45338911  0.49327886  0.61260090  0.52712225  0.53719722  0.52712225  0.25808764  0.25808764  0.25118165  0.25288332  0.00000000  0.01037266  
18_0_0     0.31599181  0.31599181  0.32566554  0.31599181  0.33554740  0.33554740  0.41995019  0.41995019  0.45338911  0.49327886  0.61260090  0.52712225  0.53719722  0.52712225  0.25808764  0.25808764  0.25118165  0.25288332  0.01037266  0.00000000  

