38
59_0_0     0.00000000  0.05812304  0.12791400  0.11471754  0.12791400  0.11471754  0.11471754  0.11471754  0.14135380  0.12128590  0.48067507  0.46995099  0.51382784  0.46995099  0.40872286  0.37993546  0.40872286  0.40872286  0.43869418  0.43869418  0.40872286  0.38940549  0.40872286  0.41857699  0.39900018  0.38940549  0.41857699  0.37058690  0.36135673  0.39900018  0.39900018  0.42856618  0.53679824  0.51382784  0.52522255  0.53679824  0.53679824  0.38940549  
6_0_0      0.05812304  0.00000000  0.11471754  0.10175576  0.12791400  0.10175576  0.10175576  0.10175576  0.12791400  0.10820784  0.52522255  0.51382784  0.54856074  0.45938241  0.34323983  0.38940549  0.41857699  0.41857699  0.42856618  0.42856618  0.37993546  0.37993546  0.39900018  0.40872286  0.37993546  0.37993546  0.40872286  0.34323983  0.34323983  0.33434750  0.33434750  0.36135673  0.57267101  0.54856074  0.56051619  0.54856074  0.54856074  0.37993546  
42_0_0     0.12791400  0.11471754  0.00000000  0.01125971  0.03431479  0.01125971  0.01125971  0.01125971  0.03431479  0.01695547  0.49155929  0.48067507  0.52522255  0.38940549  0.37993546  0.40872286  0.37993546  0.37993546  0.41857699  0.41857699  0.41857699  0.41857699  0.38940549  0.40872286  0.38940549  0.36135673  0.38940549  0.33434750  0.34323983  0.32556235  0.32556235  0.34323983  0.58503198  0.56051619  0.57267101  0.56051619  0.56051619  0.32556235  
50_0_0     0.11471754  0.10175576  0.01125971  0.00000000  0.02269610  0.00000000  0.00000000  0.00000000  0.02269610  0.00560811  0.51382784  0.50260852  0.54856074  0.38940549  0.37993546  0.40872286  0.37993546  0.37993546  0.42856618  0.42856618  0.39900018  0.39900018  0.37058690  0.40872286  0.37993546  0.35224199  0.37993546  0.32556235  0.33434750  0.32556235  0.32556235  0.34323983  0.58503198  0.56051619  0.57267101  0.56051619  0.56051619  0.32556235  
29_0_0     0.12791400  0.12791400  0.03431479  0.02269610  0.00000000  0.02269610  0.02269610  0.02269610  0.04612171  0.02848229  0.56051619  0.54856074  0.59760620  0.37058690  0.38940549  0.38940549  0.36135673  0.36135673  0.40872286  0.40872286  0.37993546  0.37993546  0.35224199  0.38940549  0.39900018  0.37058690  0.41857699  0.34323983  0.35224199  0.34323983  0.34323983  0.36135673  0.59760620  0.57267101  0.58503198  0.57267101  0.57267101  0.32556235  
26_0_0     0.11471754  0.10175576  0.01125971  0.00000000  0.02269610  0.00000000  0.00000000  0.00000000  0.02269610  0.00560811  0.51382784  0.50260852  0.54856074  0.38940549  0.37993546  0.40872286  0.37993546  0.37993546  0.42856618  0.42856618  0.39900018  0.39900018  0.37058690  0.40872286  0.37993546  0.35224199  0.37993546  0.32556235  0.33434750  0.32556235  0.32556235  0.34323983  0.58503198  0.56051619  0.57267101  0.56051619  0.56051619  0.32556235  
21_0_0     0.11471754  0.10175576  0.01125971  0.00000000  0.02269610  0.00000000  0.00000000  0.00000000  0.02269610  0.00560811  0.51382784  0.50260852  0.54856074  0.38940549  0.37993546  0.40872286  0.37993546  0.37993546  0.42856618  0.42856618  0.39900018  0.39900018  0.37058690  0.40872286  0.37993546  0.35224199  0.37993546  0.32556235  0.33434750  0.32556235  0.32556235  0.34323983  0.58503198  0.56051619  0.57267101  0.56051619  0.56051619  0.32556235  
4_0_0      0.11471754  0.10175576  0.01125971  0.00000000  0.02269610  0.00000000  0.00000000  0.00000000  0.02269610  0.00560811  0.51382784  0.50260852  0.54856074  0.38940549  0.37993546  0.40872286  0.37993546  0.37993546  0.42856618  0.42856618  0.39900018  0.39900018  0.37058690  0.40872286  0.37993546  0.35224199  0.37993546  0.32556235  0.33434750  0.32556235  0.32556235  0.34323983  0.58503198  0.56051619  0.57267101  0.56051619  0.56051619  0.32556235  
54_0_0     0.14135380  0.12791400  0.03431479  0.02269610  0.04612171  0.02269610  0.02269610  0.02269610  0.00000000  0.02848229  0.51382784  0.50260852  0.54856074  0.37058690  0.39900018  0.41857699  0.37993546  0.37993546  0.42856618  0.42856618  0.39900018  0.39900018  0.37058690  0.40872286  0.37993546  0.35224199  0.37993546  0.32556235  0.33434750  0.36135673  0.36135673  0.36135673  0.61040117  0.58503198  0.59760620  0.58503198  0.58503198  0.34323983  
22_0_0     0.12128590  0.10820784  0.01695547  0.00560811  0.02848229  0.00560811  0.00560811  0.00560811  0.02848229  0.00000000  0.50260852  0.49155929  0.53679824  0.39900018  0.37058690  0.39900018  0.37058690  0.37058690  0.41857699  0.41857699  0.40872286  0.40872286  0.36135673  0.39900018  0.37058690  0.34323983  0.37058690  0.31688183  0.32556235  0.31688183  0.31688183  0.33434750  0.59760620  0.57267101  0.58503198  0.57267101  0.57267101  0.31688183  
36_3_0     0.48067507  0.52522255  0.49155929  0.51382784  0.56051619  0.51382784  0.51382784  0.51382784  0.51382784  0.50260852  0.00000000  0.01695547  0.02848229  0.51382784  0.62342476  0.57267101  0.51382784  0.51382784  0.53679824  0.53679824  0.53679824  0.51382784  0.52522255  0.53679824  0.46995099  0.46995099  0.46995099  0.46995099  0.48067507  0.53679824  0.53679824  0.49155929  0.63668531  0.62342476  0.61040117  0.63668531  0.63668531  0.52522255  
23_4_0     0.46995099  0.51382784  0.48067507  0.50260852  0.54856074  0.50260852  0.50260852  0.50260852  0.50260852  0.49155929  0.01695547  0.00000000  0.03431479  0.50260852  0.61040117  0.56051619  0.50260852  0.50260852  0.52522255  0.52522255  0.52522255  0.50260852  0.51382784  0.52522255  0.45938241  0.45938241  0.45938241  0.45938241  0.46995099  0.52522255  0.52522255  0.48067507  0.65019160  0.63668531  0.62342476  0.65019160  0.65019160  0.51382784  
23_3_0     0.51382784  0.54856074  0.52522255  0.54856074  0.59760620  0.54856074  0.54856074  0.54856074  0.54856074  0.53679824  0.02848229  0.03431479  0.00000000  0.53679824  0.59760620  0.57267101  0.51382784  0.51382784  0.51382784  0.52522255  0.53679824  0.51382784  0.52522255  0.53679824  0.49155929  0.46995099  0.46995099  0.46995099  0.45938241  0.54856074  0.54856074  0.52522255  0.66395289  0.65019160  0.63668531  0.66395289  0.66395289  0.53679824  
27_6_0     0.46995099  0.45938241  0.38940549  0.38940549  0.37058690  0.38940549  0.38940549  0.38940549  0.37058690  0.39900018  0.51382784  0.50260852  0.53679824  0.00000000  0.22765401  0.19044629  0.18322736  0.16900053  0.18322736  0.18322736  0.20510224  0.19044629  0.17607923  0.13460292  0.22765401  0.20510224  0.21254224  0.20510224  0.21254224  0.26686382  0.26686382  0.23532904  0.50260852  0.48067507  0.46995099  0.52522255  0.51382784  0.19773743  
1_6_0      0.40872286  0.34323983  0.37993546  0.37993546  0.38940549  0.37993546  0.37993546  0.37993546  0.39900018  0.37058690  0.62342476  0.61040117  0.59760620  0.22765401  0.00000000  0.16900053  0.18322736  0.18322736  0.14816779  0.15504609  0.21254224  0.21254224  0.19044629  0.11471754  0.21254224  0.17607923  0.19773743  0.14816779  0.15504609  0.25885129  0.25885129  0.25885129  0.49155929  0.46995099  0.48067507  0.46995099  0.46995099  0.19044629  
1_0_0      0.37993546  0.38940549  0.40872286  0.40872286  0.38940549  0.40872286  0.40872286  0.40872286  0.41857699  0.39900018  0.57267101  0.56051619  0.57267101  0.19044629  0.16900053  0.00000000  0.16198991  0.14816779  0.11471754  0.11471754  0.16198991  0.14816779  0.15504609  0.08273532  0.17607923  0.20510224  0.22765401  0.19044629  0.19773743  0.25092589  0.25092589  0.29982492  0.50260852  0.48067507  0.49155929  0.49155929  0.48067507  0.22005896  
57_0_0     0.40872286  0.41857699  0.37993546  0.37993546  0.36135673  0.37993546  0.37993546  0.37993546  0.37993546  0.37058690  0.51382784  0.50260852  0.51382784  0.18322736  0.18322736  0.16198991  0.00000000  0.01125971  0.06419863  0.06419863  0.13460292  0.12128590  0.16900053  0.08902047  0.23532904  0.19773743  0.23532904  0.21254224  0.19044629  0.30830348  0.30830348  0.27496540  0.46995099  0.44896489  0.45938241  0.45938241  0.45938241  0.14135380  
53_0_0     0.40872286  0.41857699  0.37993546  0.37993546  0.36135673  0.37993546  0.37993546  0.37993546  0.37993546  0.37058690  0.51382784  0.50260852  0.51382784  0.16900053  0.18322736  0.14816779  0.01125971  0.00000000  0.06419863  0.06419863  0.13460292  0.12128590  0.15504609  0.07650389  0.25092589  0.19773743  0.22005896  0.21254224  0.19044629  0.29144385  0.29144385  0.25885129  0.44896489  0.42856618  0.43869418  0.43869418  0.43869418  0.14135380  
39_0_0     0.43869418  0.42856618  0.41857699  0.42856618  0.40872286  0.42856618  0.42856618  0.42856618  0.42856618  0.41857699  0.53679824  0.52522255  0.51382784  0.18322736  0.14816779  0.11471754  0.06419863  0.06419863  0.00000000  0.00560811  0.08902047  0.07650389  0.13460292  0.07650389  0.22005896  0.16900053  0.20510224  0.18322736  0.19044629  0.28315806  0.28315806  0.23532904  0.49155929  0.46995099  0.48067507  0.46995099  0.45938241  0.16900053  
38_0_0     0.43869418  0.42856618  0.41857699  0.42856618  0.40872286  0.42856618  0.42856618  0.42856618  0.42856618  0.41857699  0.53679824  0.52522255  0.52522255  0.18322736  0.15504609  0.11471754  0.06419863  0.06419863  0.00560811  0.00000000  0.08902047  0.07650389  0.13460292  0.07650389  0.22005896  0.17607923  0.21254224  0.19044629  0.19773743  0.27496540  0.27496540  0.22765401  0.49155929  0.46995099  0.48067507  0.46995099  0.45938241  0.16900053  
49_0_0     0.40872286  0.37993546  0.41857699  0.39900018  0.37993546  0.39900018  0.39900018  0.39900018  0.39900018  0.40872286  0.53679824  0.52522255  0.53679824  0.20510224  0.21254224  0.16198991  0.13460292  0.13460292  0.08902047  0.08902047  0.00000000  0.02269610  0.16900053  0.12128590  0.25092589  0.21254224  0.25092589  0.22765401  0.23532904  0.28315806  0.28315806  0.26686382  0.53679824  0.51382784  0.52522255  0.49155929  0.48067507  0.22005896  
7_0_0      0.38940549  0.37993546  0.41857699  0.39900018  0.37993546  0.39900018  0.39900018  0.39900018  0.39900018  0.40872286  0.51382784  0.50260852  0.51382784  0.19044629  0.21254224  0.14816779  0.12128590  0.12128590  0.07650389  0.07650389  0.02269610  0.00000000  0.14816779  0.10820784  0.23532904  0.19773743  0.23532904  0.21254224  0.22005896  0.28315806  0.28315806  0.26686382  0.52522255  0.50260852  0.51382784  0.45938241  0.44896489  0.20510224  
41_0_0     0.40872286  0.39900018  0.38940549  0.37058690  0.35224199  0.37058690  0.37058690  0.37058690  0.37058690  0.36135673  0.52522255  0.51382784  0.52522255  0.17607923  0.19044629  0.15504609  0.16900053  0.15504609  0.13460292  0.13460292  0.16900053  0.14816779  0.00000000  0.10175576  0.22765401  0.22005896  0.25885129  0.17607923  0.18322736  0.27496540  0.27496540  0.29982492  0.54856074  0.52522255  0.53679824  0.53679824  0.52522255  0.22005896  
5_0_0      0.41857699  0.40872286  0.40872286  0.40872286  0.38940549  0.40872286  0.40872286  0.40872286  0.40872286  0.39900018  0.53679824  0.52522255  0.53679824  0.13460292  0.11471754  0.08273532  0.08902047  0.07650389  0.07650389  0.07650389  0.12128590  0.10820784  0.10175576  0.00000000  0.16900053  0.14816779  0.16900053  0.13460292  0.12791400  0.25092589  0.25092589  0.25092589  0.48067507  0.45938241  0.46995099  0.45938241  0.45938241  0.14816779  
37_0_0     0.39900018  0.37993546  0.38940549  0.37993546  0.39900018  0.37993546  0.37993546  0.37993546  0.37993546  0.37058690  0.46995099  0.45938241  0.49155929  0.22765401  0.21254224  0.17607923  0.23532904  0.25092589  0.22005896  0.22005896  0.25092589  0.23532904  0.22765401  0.16900053  0.00000000  0.10820784  0.14135380  0.09536030  0.10175576  0.21254224  0.21254224  0.23532904  0.48067507  0.45938241  0.46995099  0.49155929  0.50260852  0.25092589  
2_0_0      0.38940549  0.37993546  0.36135673  0.35224199  0.37058690  0.35224199  0.35224199  0.35224199  0.35224199  0.34323983  0.46995099  0.45938241  0.46995099  0.20510224  0.17607923  0.20510224  0.19773743  0.19773743  0.16900053  0.17607923  0.21254224  0.19773743  0.22005896  0.14816779  0.10820784  0.00000000  0.04019434  0.04612171  0.06419863  0.19773743  0.19773743  0.18322736  0.46995099  0.44896489  0.45938241  0.46995099  0.48067507  0.18322736  
32_0_0     0.41857699  0.40872286  0.38940549  0.37993546  0.41857699  0.37993546  0.37993546  0.37993546  0.37993546  0.37058690  0.46995099  0.45938241  0.46995099  0.21254224  0.19773743  0.22765401  0.23532904  0.22005896  0.20510224  0.21254224  0.25092589  0.23532904  0.25885129  0.16900053  0.14135380  0.04019434  0.00000000  0.08902047  0.09536030  0.22005896  0.22005896  0.19044629  0.45938241  0.43869418  0.44896489  0.44896489  0.46995099  0.20510224  
2_5_0      0.37058690  0.34323983  0.33434750  0.32556235  0.34323983  0.32556235  0.32556235  0.32556235  0.32556235  0.31688183  0.46995099  0.45938241  0.46995099  0.20510224  0.14816779  0.19044629  0.21254224  0.21254224  0.18322736  0.19044629  0.22765401  0.21254224  0.17607923  0.13460292  0.09536030  0.04612171  0.08902047  0.00000000  0.02848229  0.18322736  0.18322736  0.19044629  0.46995099  0.44896489  0.45938241  0.45938241  0.46995099  0.19773743  
32_5_0     0.36135673  0.34323983  0.34323983  0.33434750  0.35224199  0.33434750  0.33434750  0.33434750  0.33434750  0.32556235  0.48067507  0.46995099  0.45938241  0.21254224  0.15504609  0.19773743  0.19044629  0.19044629  0.19044629  0.19773743  0.23532904  0.22005896  0.18322736  0.12791400  0.10175576  0.06419863  0.09536030  0.02848229  0.00000000  0.20510224  0.20510224  0.21254224  0.45938241  0.43869418  0.44896489  0.45938241  0.48067507  0.20510224  
16_0_0     0.39900018  0.33434750  0.32556235  0.32556235  0.34323983  0.32556235  0.32556235  0.32556235  0.36135673  0.31688183  0.53679824  0.52522255  0.54856074  0.26686382  0.25885129  0.25092589  0.30830348  0.29144385  0.28315806  0.27496540  0.28315806  0.28315806  0.27496540  0.25092589  0.21254224  0.19773743  0.22005896  0.18322736  0.20510224  0.00000000  0.00000000  0.08273532  0.41857699  0.39900018  0.40872286  0.38940549  0.39900018  0.23532904  
51_0_0     0.39900018  0.33434750  0.32556235  0.32556235  0.34323983  0.32556235  0.32556235  0.32556235  0.36135673  0.31688183  0.53679824  0.52522255  0.54856074  0.26686382  0.25885129  0.25092589  0.30830348  0.29144385  0.28315806  0.27496540  0.28315806  0.28315806  0.27496540  0.25092589  0.21254224  0.19773743  0.22005896  0.18322736  0.20510224  0.00000000  0.00000000  0.08273532  0.41857699  0.39900018  0.40872286  0.38940549  0.39900018  0.23532904  
35_0_0     0.42856618  0.36135673  0.34323983  0.34323983  0.36135673  0.34323983  0.34323983  0.34323983  0.36135673  0.33434750  0.49155929  0.48067507  0.52522255  0.23532904  0.25885129  0.29982492  0.27496540  0.25885129  0.23532904  0.22765401  0.26686382  0.26686382  0.29982492  0.25092589  0.23532904  0.18322736  0.19044629  0.19044629  0.21254224  0.08273532  0.08273532  0.00000000  0.40872286  0.38940549  0.39900018  0.38940549  0.39900018  0.22765401  
12_2_0     0.53679824  0.57267101  0.58503198  0.58503198  0.59760620  0.58503198  0.58503198  0.58503198  0.61040117  0.59760620  0.63668531  0.65019160  0.66395289  0.50260852  0.49155929  0.50260852  0.46995099  0.44896489  0.49155929  0.49155929  0.53679824  0.52522255  0.54856074  0.48067507  0.48067507  0.46995099  0.45938241  0.46995099  0.45938241  0.41857699  0.41857699  0.40872286  0.00000000  0.01125971  0.01695547  0.11471754  0.10175576  0.44896489  
12_1_0     0.51382784  0.54856074  0.56051619  0.56051619  0.57267101  0.56051619  0.56051619  0.56051619  0.58503198  0.57267101  0.62342476  0.63668531  0.65019160  0.48067507  0.46995099  0.48067507  0.44896489  0.42856618  0.46995099  0.46995099  0.51382784  0.50260852  0.52522255  0.45938241  0.45938241  0.44896489  0.43869418  0.44896489  0.43869418  0.39900018  0.39900018  0.38940549  0.01125971  0.00000000  0.00560811  0.10175576  0.08902047  0.42856618  
13_1_0     0.52522255  0.56051619  0.57267101  0.57267101  0.58503198  0.57267101  0.57267101  0.57267101  0.59760620  0.58503198  0.61040117  0.62342476  0.63668531  0.46995099  0.48067507  0.49155929  0.45938241  0.43869418  0.48067507  0.48067507  0.52522255  0.51382784  0.53679824  0.46995099  0.46995099  0.45938241  0.44896489  0.45938241  0.44896489  0.40872286  0.40872286  0.39900018  0.01695547  0.00560811  0.00000000  0.10820784  0.09536030  0.43869418  
13_0_0     0.53679824  0.54856074  0.56051619  0.56051619  0.57267101  0.56051619  0.56051619  0.56051619  0.58503198  0.57267101  0.63668531  0.65019160  0.66395289  0.52522255  0.46995099  0.49155929  0.45938241  0.43869418  0.46995099  0.46995099  0.49155929  0.45938241  0.53679824  0.45938241  0.49155929  0.46995099  0.44896489  0.45938241  0.45938241  0.38940549  0.38940549  0.38940549  0.11471754  0.10175576  0.10820784  0.00000000  0.01125971  0.41857699  
12_0_0     0.53679824  0.54856074  0.56051619  0.56051619  0.57267101  0.56051619  0.56051619  0.56051619  0.58503198  0.57267101  0.63668531  0.65019160  0.66395289  0.51382784  0.46995099  0.48067507  0.45938241  0.43869418  0.45938241  0.45938241  0.48067507  0.44896489  0.52522255  0.45938241  0.50260852  0.48067507  0.46995099  0.46995099  0.48067507  0.39900018  0.39900018  0.39900018  0.10175576  0.08902047  0.09536030  0.01125971  0.00000000  0.41857699  
43_0_0     0.38940549  0.37993546  0.32556235  0.32556235  0.32556235  0.32556235  0.32556235  0.32556235  0.34323983  0.31688183  0.52522255  0.51382784  0.53679824  0.19773743  0.19044629  0.22005896  0.14135380  0.14135380  0.16900053  0.16900053  0.22005896  0.20510224  0.22005896  0.14816779  0.25092589  0.18322736  0.20510224  0.19773743  0.20510224  0.23532904  0.23532904  0.22765401  0.44896489  0.42856618  0.43869418  0.41857699  0.41857699  0.00000000  

