24
5_0_0      0.00000000  0.07413274  0.19738447  0.28645102  0.21435428  0.22298858  0.22298858  0.24056792  0.24951800  0.24951800  0.10306061  0.13317521  0.08845421  0.17264329  0.14870877  0.16457811  0.15660056  0.26775229  0.26775229  0.26775229  0.27704213  0.27704213  0.28645102  0.32534087  
19_0_0     0.07413274  0.00000000  0.19738447  0.28645102  0.19738447  0.19738447  0.19738447  0.19738447  0.20582034  0.20582034  0.11796351  0.11047424  0.10306061  0.11796351  0.11047424  0.12552996  0.11796351  0.26775229  0.26775229  0.26775229  0.27704213  0.27704213  0.26775229  0.30563847  
30_0_0     0.19738447  0.19738447  0.00000000  0.08845421  0.03277196  0.03950563  0.01948712  0.03950563  0.04630163  0.04630163  0.18079806  0.18904442  0.18904442  0.22298858  0.22298858  0.24056792  0.22298858  0.31542358  0.31542358  0.31542358  0.32534087  0.32534087  0.37704219  0.34558662  
41_0_0     0.28645102  0.28645102  0.08845421  0.00000000  0.11047424  0.11796351  0.09572108  0.11796351  0.12552996  0.12552996  0.23172563  0.24056792  0.24056792  0.25857854  0.25857854  0.25857854  0.25857854  0.34558662  0.34558662  0.34558662  0.33539396  0.33539396  0.42119592  0.37704219  
21_0_0     0.21435428  0.19738447  0.03277196  0.11047424  0.00000000  0.00643841  0.02609949  0.03277196  0.03950563  0.03950563  0.18079806  0.18904442  0.20582034  0.22298858  0.22298858  0.22298858  0.20582034  0.33539396  0.33539396  0.33539396  0.34558662  0.34558662  0.38783418  0.35592278  
21_3_0     0.22298858  0.19738447  0.03950563  0.11796351  0.00643841  0.00000000  0.01948712  0.02609949  0.03277196  0.03277196  0.18079806  0.18904442  0.20582034  0.22298858  0.22298858  0.22298858  0.20582034  0.33539396  0.33539396  0.33539396  0.34558662  0.34558662  0.38783418  0.35592278  
64_0_0     0.22298858  0.19738447  0.01948712  0.09572108  0.02609949  0.01948712  0.00000000  0.01948712  0.02609949  0.02609949  0.18079806  0.17264329  0.18904442  0.20582034  0.20582034  0.22298858  0.20582034  0.32534087  0.32534087  0.32534087  0.33539396  0.33539396  0.37704219  0.36640655  
6_4_0      0.24056792  0.19738447  0.03950563  0.11796351  0.03277196  0.02609949  0.01948712  0.00000000  0.00643841  0.00643841  0.18079806  0.17264329  0.18904442  0.20582034  0.20582034  0.22298858  0.20582034  0.32534087  0.32534087  0.32534087  0.33539396  0.33539396  0.38783418  0.37704219  
6_0_0      0.24951800  0.20582034  0.04630163  0.12552996  0.03950563  0.03277196  0.02609949  0.00643841  0.00000000  0.01293377  0.18904442  0.18079806  0.18904442  0.21435428  0.21435428  0.23172563  0.21435428  0.33539396  0.33539396  0.33539396  0.34558662  0.34558662  0.38783418  0.37704219  
44_0_0     0.24951800  0.20582034  0.04630163  0.12552996  0.03950563  0.03277196  0.02609949  0.00643841  0.01293377  0.00000000  0.18904442  0.18079806  0.19738447  0.21435428  0.21435428  0.23172563  0.21435428  0.33539396  0.33539396  0.33539396  0.34558662  0.34558662  0.39878717  0.38783418  
32_0_0     0.10306061  0.11796351  0.18079806  0.23172563  0.18079806  0.18079806  0.18079806  0.18079806  0.18904442  0.18904442  0.00000000  0.07413274  0.05316112  0.14870877  0.12552996  0.15660056  0.14870877  0.28645102  0.28645102  0.28645102  0.29598206  0.29598206  0.33539396  0.30563847  
32_1_0     0.13317521  0.11047424  0.18904442  0.24056792  0.18904442  0.18904442  0.17264329  0.17264329  0.18079806  0.18079806  0.07413274  0.00000000  0.06008531  0.16457811  0.14090091  0.14870877  0.14090091  0.29598206  0.29598206  0.29598206  0.30563847  0.30563847  0.36640655  0.37704219  
32_2_0     0.08845421  0.10306061  0.18904442  0.24056792  0.20582034  0.20582034  0.18904442  0.18904442  0.18904442  0.19738447  0.05316112  0.06008531  0.00000000  0.16457811  0.14090091  0.15660056  0.14870877  0.28645102  0.28645102  0.28645102  0.29598206  0.29598206  0.31542358  0.32534087  
38_0_0     0.17264329  0.11796351  0.22298858  0.25857854  0.22298858  0.22298858  0.20582034  0.20582034  0.21435428  0.21435428  0.14870877  0.16457811  0.16457811  0.00000000  0.01948712  0.03950563  0.03277196  0.24951800  0.24951800  0.24951800  0.25857854  0.25857854  0.34558662  0.27704213  
51_0_0     0.14870877  0.11047424  0.22298858  0.25857854  0.22298858  0.22298858  0.20582034  0.20582034  0.21435428  0.21435428  0.12552996  0.14090091  0.14090091  0.01948712  0.00000000  0.04630163  0.02609949  0.27704213  0.27704213  0.27704213  0.28645102  0.28645102  0.32534087  0.30563847  
50_0_0     0.16457811  0.12552996  0.24056792  0.25857854  0.22298858  0.22298858  0.22298858  0.22298858  0.23172563  0.23172563  0.15660056  0.14870877  0.15660056  0.03950563  0.04630163  0.00000000  0.01948712  0.24951800  0.24951800  0.24951800  0.25857854  0.25857854  0.37704219  0.31542358  
43_0_0     0.15660056  0.11796351  0.22298858  0.25857854  0.20582034  0.20582034  0.20582034  0.20582034  0.21435428  0.21435428  0.14870877  0.14090091  0.14870877  0.03277196  0.02609949  0.01948712  0.00000000  0.25857854  0.25857854  0.25857854  0.26775229  0.26775229  0.34558662  0.30563847  
10_0_0     0.26775229  0.26775229  0.31542358  0.34558662  0.33539396  0.33539396  0.32534087  0.32534087  0.33539396  0.33539396  0.28645102  0.29598206  0.28645102  0.24951800  0.27704213  0.24951800  0.25857854  0.00000000  0.00000000  0.00000000  0.00643841  0.00643841  0.27704213  0.18904442  
46_0_0     0.26775229  0.26775229  0.31542358  0.34558662  0.33539396  0.33539396  0.32534087  0.32534087  0.33539396  0.33539396  0.28645102  0.29598206  0.28645102  0.24951800  0.27704213  0.24951800  0.25857854  0.00000000  0.00000000  0.00000000  0.00643841  0.00643841  0.27704213  0.18904442  
39_0_0     0.26775229  0.26775229  0.31542358  0.34558662  0.33539396  0.33539396  0.32534087  0.32534087  0.33539396  0.33539396  0.28645102  0.29598206  0.28645102  0.24951800  0.27704213  0.24951800  0.25857854  0.00000000  0.00000000  0.00000000  0.00643841  0.00643841  0.27704213  0.18904442  
26_0_0     0.27704213  0.27704213  0.32534087  0.33539396  0.34558662  0.34558662  0.33539396  0.33539396  0.34558662  0.34558662  0.29598206  0.30563847  0.29598206  0.25857854  0.28645102  0.25857854  0.26775229  0.00643841  0.00643841  0.00643841  0.00000000  0.00000000  0.28645102  0.19738447  
37_0_0     0.27704213  0.27704213  0.32534087  0.33539396  0.34558662  0.34558662  0.33539396  0.33539396  0.34558662  0.34558662  0.29598206  0.30563847  0.29598206  0.25857854  0.28645102  0.25857854  0.26775229  0.00643841  0.00643841  0.00643841  0.00000000  0.00000000  0.28645102  0.19738447  
20_0_0     0.28645102  0.26775229  0.37704219  0.42119592  0.38783418  0.38783418  0.37704219  0.38783418  0.38783418  0.39878717  0.33539396  0.36640655  0.31542358  0.34558662  0.32534087  0.37704219  0.34558662  0.27704213  0.27704213  0.27704213  0.28645102  0.28645102  0.00000000  0.17264329  
73_0_0     0.32534087  0.30563847  0.34558662  0.37704219  0.35592278  0.35592278  0.36640655  0.37704219  0.37704219  0.38783418  0.30563847  0.37704219  0.32534087  0.27704213  0.30563847  0.31542358  0.30563847  0.18904442  0.18904442  0.18904442  0.19738447  0.19738447  0.17264329  0.00000000  

