20
3_0_0      0.00000000  0.22199415  0.22803318  0.32503901  0.35319307  0.33898301  0.33898301  0.41291058  0.39752632  0.38995174  0.41291058  0.35319307  0.89999785  0.91509794  0.87068624  0.81531228  0.82877458  0.80208902  0.76377215  0.87068624  
1_0_0      0.22199415  0.00000000  0.00447772  0.22199415  0.24644977  0.23412158  0.25269125  0.31816371  0.33898301  0.33898301  0.36767956  0.34605415  0.78909645  0.77632666  0.77632666  0.73928074  0.72733059  0.71556917  0.71556917  0.81531228  
2_0_0      0.22803318  0.00447772  0.00000000  0.21600370  0.24026017  0.24026017  0.24644977  0.31135130  0.33197838  0.33197838  0.36040109  0.33898301  0.80208902  0.78909645  0.78909645  0.75142577  0.73928074  0.72733059  0.72733059  0.82877458  
12_0_0     0.32503901  0.22199415  0.21600370  0.00000000  0.02727928  0.02727928  0.05559589  0.22803318  0.27819377  0.31135130  0.29128017  0.28470822  0.73928074  0.75142577  0.72733059  0.69258931  0.68135992  0.75142577  0.75142577  0.78909645  
10_0_0     0.35319307  0.24644977  0.24026017  0.02727928  0.00000000  0.05559589  0.06527918  0.26533335  0.30460064  0.33898301  0.30460064  0.31135130  0.71556917  0.72733059  0.70399061  0.69258931  0.68135992  0.75142577  0.77632666  0.76377215  
13_0_0     0.33898301  0.23412158  0.24026017  0.02727928  0.05559589  0.00000000  0.07509004  0.22803318  0.27819377  0.31135130  0.30460064  0.31135130  0.70399061  0.71556917  0.69258931  0.65939669  0.67029735  0.71556917  0.76377215  0.75142577  
4_0_0      0.33898301  0.25269125  0.24644977  0.05559589  0.06527918  0.07509004  0.00000000  0.23412158  0.24644977  0.27819377  0.25898547  0.26533335  0.77632666  0.78909645  0.76377215  0.72733059  0.71556917  0.78909645  0.73928074  0.85645200  
5_0_0      0.41291058  0.31816371  0.31135130  0.22803318  0.26533335  0.22803318  0.23412158  0.00000000  0.11567935  0.12091216  0.15860899  0.16415346  0.80208902  0.81531228  0.84248472  0.77632666  0.81531228  0.77632666  0.80208902  0.82877458  
6_0_0      0.39752632  0.33898301  0.33197838  0.27819377  0.30460064  0.27819377  0.24644977  0.11567935  0.00000000  0.03192458  0.04603689  0.09005299  0.78909645  0.80208902  0.82877458  0.76377215  0.80208902  0.75142577  0.84248472  0.93051054  
11_0_0     0.38995174  0.33898301  0.33197838  0.31135130  0.33898301  0.31135130  0.27819377  0.12091216  0.03192458  0.00000000  0.08004436  0.11567935  0.81531228  0.82877458  0.85645200  0.81531228  0.85645200  0.77632666  0.85645200  0.96232698  
14_0_0     0.41291058  0.36767956  0.36040109  0.29128017  0.30460064  0.30460064  0.25898547  0.15860899  0.04603689  0.08004436  0.00000000  0.07016846  0.85645200  0.84248472  0.87068624  0.80208902  0.84248472  0.82877458  0.85645200  0.94624887  
17_0_0     0.35319307  0.34605415  0.33898301  0.28470822  0.31135130  0.31135130  0.26533335  0.16415346  0.09005299  0.11567935  0.07016846  0.00000000  0.85645200  0.84248472  0.84248472  0.78909645  0.80208902  0.84248472  0.80208902  0.89999785  
20_0_0     0.89999785  0.78909645  0.80208902  0.73928074  0.71556917  0.70399061  0.77632666  0.80208902  0.78909645  0.81531228  0.85645200  0.85645200  0.00000000  0.00447772  0.04603689  0.08503187  0.09005299  0.13148939  0.16973952  0.13683488  
8_0_0      0.91509794  0.77632666  0.78909645  0.75142577  0.72733059  0.71556917  0.78909645  0.81531228  0.80208902  0.82877458  0.84248472  0.84248472  0.00447772  0.00000000  0.04130301  0.09005299  0.09510821  0.13148939  0.17536779  0.13148939  
15_0_0     0.87068624  0.77632666  0.78909645  0.72733059  0.70399061  0.69258931  0.76377215  0.84248472  0.82877458  0.85645200  0.87068624  0.84248472  0.04603689  0.04130301  0.00000000  0.12091216  0.12618200  0.17536779  0.17536779  0.15310549  
18_0_0     0.81531228  0.73928074  0.75142577  0.69258931  0.69258931  0.65939669  0.72733059  0.77632666  0.76377215  0.81531228  0.80208902  0.78909645  0.08503187  0.09005299  0.12091216  0.00000000  0.01351474  0.10019797  0.15310549  0.08503187  
7_0_0      0.82877458  0.72733059  0.73928074  0.68135992  0.68135992  0.67029735  0.71556917  0.81531228  0.80208902  0.85645200  0.84248472  0.80208902  0.09005299  0.09510821  0.12618200  0.01351474  0.00000000  0.10532275  0.15310549  0.10019797  
16_0_0     0.80208902  0.71556917  0.72733059  0.75142577  0.75142577  0.71556917  0.78909645  0.77632666  0.75142577  0.77632666  0.82877458  0.84248472  0.13148939  0.13148939  0.17536779  0.10019797  0.10532275  0.00000000  0.21600370  0.12618200  
9_0_0      0.76377215  0.71556917  0.72733059  0.75142577  0.77632666  0.76377215  0.73928074  0.80208902  0.84248472  0.85645200  0.85645200  0.80208902  0.16973952  0.17536779  0.17536779  0.15310549  0.15310549  0.21600370  0.00000000  0.18675358  
19_0_0     0.87068624  0.81531228  0.82877458  0.78909645  0.76377215  0.75142577  0.85645200  0.82877458  0.93051054  0.96232698  0.94624887  0.89999785  0.13683488  0.13148939  0.15310549  0.08503187  0.10019797  0.12618200  0.18675358  0.00000000  

