20
1_0_0      0.00000000  0.00931855  0.04290444  0.13155435  0.07297726  0.13712046  0.14272938  0.13155435  0.42029800  0.34224155  0.32758504  0.33487647  0.32036579  0.32036579  0.34224155  0.34968178  0.33487647  0.35719870  0.35719870  0.34224155  
1_1_0      0.00931855  0.00000000  0.04290444  0.12054800  0.07297726  0.13712046  0.13155435  0.13155435  0.41210547  0.34224155  0.32758504  0.33487647  0.32036579  0.33487647  0.35719870  0.36479391  0.34968178  0.37246907  0.37246907  0.35719870  
15_0_0     0.04290444  0.04290444  0.00000000  0.15981973  0.12054800  0.18922504  0.18324835  0.17143995  0.43696446  0.34968178  0.33487647  0.34224155  0.32758504  0.35719870  0.38022587  0.38806606  0.35719870  0.36479391  0.36479391  0.36479391  
6_0_0      0.13155435  0.12054800  0.15981973  0.00000000  0.08328359  0.15981973  0.15407832  0.15407832  0.42858362  0.34224155  0.33487647  0.38806606  0.34224155  0.29218296  0.36479391  0.35719870  0.34968178  0.38022587  0.35719870  0.34224155  
11_0_0     0.07297726  0.07297726  0.12054800  0.08328359  0.00000000  0.09902146  0.10434382  0.09373768  0.39599147  0.33487647  0.33487647  0.37246907  0.34224155  0.28530421  0.36479391  0.35719870  0.34224155  0.36479391  0.34968178  0.34968178  
3_0_0      0.13712046  0.13712046  0.18922504  0.15981973  0.09902146  0.00000000  0.03314959  0.01402286  0.41210547  0.34968178  0.34968178  0.38806606  0.34224155  0.29912721  0.36479391  0.38806606  0.32758504  0.34968178  0.33487647  0.32036579  
4_0_0      0.14272938  0.13155435  0.18324835  0.15407832  0.10434382  0.03314959  0.00000000  0.02832067  0.41210547  0.34224155  0.34224155  0.38022587  0.33487647  0.29218296  0.38806606  0.39599147  0.33487647  0.35719870  0.34224155  0.32758504  
7_0_0      0.13155435  0.13155435  0.17143995  0.15407832  0.09373768  0.01402286  0.02832067  0.00000000  0.40400396  0.32758504  0.32758504  0.36479391  0.32036579  0.29218296  0.35719870  0.38022587  0.32036579  0.34224155  0.32758504  0.31321731  
10_0_0     0.42029800  0.41210547  0.43696446  0.42858362  0.39599147  0.41210547  0.41210547  0.40400396  0.00000000  0.10434382  0.12603041  0.14272938  0.14838177  0.34224155  0.36479391  0.38022587  0.35719870  0.31321731  0.30613823  0.31321731  
9_0_0      0.34224155  0.34224155  0.34968178  0.34224155  0.33487647  0.34968178  0.34224155  0.32758504  0.10434382  0.00000000  0.02832067  0.05279155  0.04783124  0.30613823  0.32758504  0.32758504  0.29912721  0.29912721  0.28530421  0.27848974  
12_0_0     0.32758504  0.32758504  0.33487647  0.33487647  0.33487647  0.34968178  0.34224155  0.32758504  0.12603041  0.02832067  0.00000000  0.04290444  0.03801071  0.29912721  0.31321731  0.29912721  0.32036579  0.29912721  0.28530421  0.29218296  
8_0_0      0.33487647  0.33487647  0.34224155  0.38806606  0.37246907  0.38806606  0.38022587  0.36479391  0.14272938  0.05279155  0.04290444  0.00000000  0.04290444  0.35719870  0.32758504  0.32758504  0.33487647  0.32036579  0.30613823  0.31321731  
14_0_0     0.32036579  0.32036579  0.32758504  0.34224155  0.34224155  0.34224155  0.33487647  0.32036579  0.14838177  0.04783124  0.03801071  0.04290444  0.00000000  0.31321731  0.31321731  0.31321731  0.27848974  0.27848974  0.26504893  0.28530421  
13_2_0     0.32036579  0.33487647  0.35719870  0.29218296  0.28530421  0.29912721  0.29218296  0.29218296  0.34224155  0.30613823  0.29912721  0.35719870  0.31321731  0.00000000  0.15981973  0.14838177  0.12054800  0.12054800  0.12603041  0.12054800  
2_2_0      0.34224155  0.35719870  0.38022587  0.36479391  0.36479391  0.36479391  0.38806606  0.35719870  0.36479391  0.32758504  0.31321731  0.32758504  0.31321731  0.15981973  0.00000000  0.04783124  0.15407832  0.13155435  0.13712046  0.13712046  
5_2_0      0.34968178  0.36479391  0.38806606  0.35719870  0.35719870  0.38806606  0.39599147  0.38022587  0.38022587  0.32758504  0.29912721  0.32758504  0.31321731  0.14838177  0.04783124  0.00000000  0.15407832  0.14272938  0.13712046  0.14838177  
10_2_0     0.33487647  0.34968178  0.35719870  0.34968178  0.34224155  0.32758504  0.33487647  0.32036579  0.35719870  0.29912721  0.32036579  0.33487647  0.27848974  0.12054800  0.15407832  0.15407832  0.00000000  0.07811222  0.06787821  0.08328359  
8_2_0      0.35719870  0.37246907  0.36479391  0.38022587  0.36479391  0.34968178  0.35719870  0.34224155  0.31321731  0.29912721  0.29912721  0.32036579  0.27848974  0.12054800  0.13155435  0.14272938  0.07811222  0.00000000  0.01875772  0.04290444  
14_2_0     0.35719870  0.37246907  0.36479391  0.35719870  0.34968178  0.33487647  0.34224155  0.32758504  0.30613823  0.28530421  0.28530421  0.30613823  0.26504893  0.12603041  0.13712046  0.13712046  0.06787821  0.01875772  0.00000000  0.03314959  
12_2_0     0.34224155  0.35719870  0.36479391  0.34224155  0.34968178  0.32036579  0.32758504  0.31321731  0.31321731  0.27848974  0.29218296  0.31321731  0.28530421  0.12054800  0.13712046  0.14838177  0.08328359  0.04290444  0.03314959  0.00000000  

