19
1_0_0      0.00000000  0.00451831  0.00000000  0.43535591  0.41136721  0.43535591  0.41927708  0.34375433  0.36561052  0.35825294  0.35825294  0.35096801  0.35096801  0.41136721  0.41927708  0.41927708  0.40354127  0.39579748  0.41927708  
2_0_0      0.00451831  0.00000000  0.00451831  0.42727269  0.40354127  0.42727269  0.41136721  0.33661051  0.35825294  0.35096801  0.35096801  0.34375433  0.34375433  0.40354127  0.41136721  0.41136721  0.39579748  0.38813414  0.41136721  
3_0_0      0.00000000  0.00451831  0.00000000  0.43535591  0.41136721  0.43535591  0.41927708  0.34375433  0.36561052  0.35825294  0.35825294  0.35096801  0.35096801  0.41136721  0.41927708  0.41927708  0.40354127  0.39579748  0.41927708  
14_2_0     0.43535591  0.42727269  0.43535591  0.00000000  0.03222530  0.11164141  0.06101375  0.25588165  0.24953667  0.25588165  0.25588165  0.26873773  0.26873773  0.29514225  0.30189375  0.30189375  0.28845198  0.26873773  0.28845198  
14_0_0     0.41136721  0.40354127  0.41136721  0.03222530  0.00000000  0.09608496  0.03694603  0.24953667  0.25588165  0.24953667  0.24953667  0.26228168  0.26228168  0.30870762  0.31558501  0.31558501  0.28845198  0.26873773  0.27525078  
6_0_0      0.43535591  0.42727269  0.43535591  0.11164141  0.09608496  0.00000000  0.09608496  0.31558501  0.32252714  0.31558501  0.31558501  0.28182185  0.28182185  0.30189375  0.30870762  0.30870762  0.30870762  0.28845198  0.30189375  
15_0_0     0.41927708  0.41136721  0.41927708  0.06101375  0.03694603  0.09608496  0.00000000  0.25588165  0.26228168  0.25588165  0.25588165  0.24953667  0.24953667  0.28845198  0.29514225  0.29514225  0.26873773  0.24953667  0.27525078  
5_0_0      0.34375433  0.33661051  0.34375433  0.25588165  0.24953667  0.31558501  0.25588165  0.00000000  0.01363883  0.00906448  0.00906448  0.11164141  0.11164141  0.26873773  0.27525078  0.27525078  0.26228168  0.25588165  0.25588165  
10_0_0     0.36561052  0.35825294  0.36561052  0.24953667  0.25588165  0.32252714  0.26228168  0.01363883  0.00000000  0.00451831  0.00451831  0.11690067  0.11690067  0.27525078  0.28182185  0.28182185  0.26873773  0.26228168  0.25588165  
4_0_0      0.35825294  0.35096801  0.35825294  0.25588165  0.24953667  0.31558501  0.25588165  0.00906448  0.00451831  0.00000000  0.00000000  0.11164141  0.11164141  0.26873773  0.27525078  0.27525078  0.26228168  0.25588165  0.24953667  
12_0_0     0.35825294  0.35096801  0.35825294  0.25588165  0.24953667  0.31558501  0.25588165  0.00906448  0.00451831  0.00000000  0.00000000  0.11164141  0.11164141  0.26873773  0.27525078  0.27525078  0.26228168  0.25588165  0.24953667  
17_0_0     0.35096801  0.34375433  0.35096801  0.26873773  0.26228168  0.28182185  0.24953667  0.11164141  0.11690067  0.11164141  0.11164141  0.00000000  0.00000000  0.18312278  0.18891930  0.18891930  0.21257191  0.20658728  0.23700813  
11_0_0     0.35096801  0.34375433  0.35096801  0.26873773  0.26228168  0.28182185  0.24953667  0.11164141  0.11690067  0.11164141  0.11164141  0.00000000  0.00000000  0.18312278  0.18891930  0.18891930  0.21257191  0.20658728  0.23700813  
7_0_0      0.41136721  0.40354127  0.41136721  0.29514225  0.30870762  0.30189375  0.28845198  0.26873773  0.27525078  0.26873773  0.26873773  0.18312278  0.18312278  0.00000000  0.00451831  0.00451831  0.11164141  0.09608496  0.13290723  
9_0_0      0.41927708  0.41136721  0.41927708  0.30189375  0.31558501  0.30870762  0.29514225  0.27525078  0.28182185  0.27525078  0.27525078  0.18891930  0.18891930  0.00451831  0.00000000  0.00000000  0.11690067  0.10123408  0.13832087  
13_0_0     0.41927708  0.41136721  0.41927708  0.30189375  0.31558501  0.30870762  0.29514225  0.27525078  0.28182185  0.27525078  0.27525078  0.18891930  0.18891930  0.00451831  0.00000000  0.00000000  0.11690067  0.10123408  0.13832087  
18_0_0     0.40354127  0.39579748  0.40354127  0.28845198  0.28845198  0.30870762  0.26873773  0.26228168  0.26873773  0.26228168  0.26228168  0.21257191  0.21257191  0.11164141  0.11690067  0.11690067  0.00000000  0.01363883  0.14926884  
8_0_0      0.39579748  0.38813414  0.39579748  0.26873773  0.26873773  0.28845198  0.24953667  0.25588165  0.26228168  0.25588165  0.25588165  0.20658728  0.20658728  0.09608496  0.10123408  0.10123408  0.01363883  0.00000000  0.13290723  
19_0_0     0.41927708  0.41136721  0.41927708  0.28845198  0.27525078  0.30189375  0.27525078  0.25588165  0.25588165  0.24953667  0.24953667  0.23700813  0.23700813  0.13290723  0.13832087  0.13832087  0.14926884  0.13290723  0.00000000  

