22
1_0_0      0.00000000  0.01714552  0.01714552  0.42217356  0.58923708  0.58923708  0.58923708  0.53505909  0.55268296  0.53505909  0.58923708  0.58923708  0.55268296  0.51784370  0.48456557  0.50101828  0.50101828  0.50101828  0.53505909  0.58923708  0.58923708  0.50101828  
2_0_0      0.01714552  0.00000000  0.00000000  0.39283878  0.60821164  0.60821164  0.60821164  0.55268296  0.57073518  0.55268296  0.60821164  0.60821164  0.57073518  0.53505909  0.50101828  0.51784370  0.51784370  0.51784370  0.55268296  0.60821164  0.60821164  0.51784370  
3_0_0      0.01714552  0.00000000  0.00000000  0.39283878  0.60821164  0.60821164  0.60821164  0.55268296  0.57073518  0.55268296  0.60821164  0.60821164  0.57073518  0.53505909  0.50101828  0.51784370  0.51784370  0.51784370  0.55268296  0.60821164  0.60821164  0.51784370  
20_0_0     0.42217356  0.39283878  0.39283878  0.00000000  0.64767988  0.64767988  0.64767988  0.51784370  0.53505909  0.58923708  0.58923708  0.80512145  0.85699767  0.48456557  0.50101828  0.60821164  0.58923708  0.58923708  0.58923708  0.60821164  0.62768365  0.50101828  
13_0_0     0.58923708  0.60821164  0.60821164  0.64767988  0.00000000  0.00000000  0.00000000  0.12926723  0.12926723  0.20345001  0.12926723  0.23766026  0.22608089  0.28587198  0.28587198  0.36461865  0.40736136  0.37859470  0.36461865  0.60821164  0.55268296  0.57073518  
9_0_0      0.58923708  0.60821164  0.60821164  0.64767988  0.00000000  0.00000000  0.00000000  0.12926723  0.12926723  0.20345001  0.12926723  0.23766026  0.22608089  0.28587198  0.28587198  0.36461865  0.40736136  0.37859470  0.36461865  0.60821164  0.55268296  0.57073518  
7_0_0      0.58923708  0.60821164  0.60821164  0.64767988  0.00000000  0.00000000  0.00000000  0.12926723  0.12926723  0.20345001  0.12926723  0.23766026  0.22608089  0.28587198  0.28587198  0.36461865  0.40736136  0.37859470  0.36461865  0.60821164  0.55268296  0.57073518  
18_0_0     0.53505909  0.55268296  0.55268296  0.51784370  0.12926723  0.12926723  0.12926723  0.00000000  0.01714552  0.16015732  0.09961065  0.24942301  0.22608089  0.23766026  0.23766026  0.32420225  0.31120448  0.33743153  0.33743153  0.50101828  0.48456557  0.51784370  
8_0_0      0.55268296  0.57073518  0.57073518  0.53505909  0.12926723  0.12926723  0.12926723  0.01714552  0.00000000  0.16015732  0.09961065  0.24942301  0.22608089  0.24942301  0.24942301  0.33743153  0.32420225  0.35090071  0.35090071  0.51784370  0.50101828  0.53505909  
19_0_0     0.53505909  0.55268296  0.55268296  0.58923708  0.20345001  0.20345001  0.20345001  0.16015732  0.16015732  0.00000000  0.17074624  0.26137503  0.26137503  0.28587198  0.29843024  0.35090071  0.35090071  0.35090071  0.37859470  0.51784370  0.53505909  0.50101828  
19_1_0     0.58923708  0.60821164  0.60821164  0.58923708  0.12926723  0.12926723  0.12926723  0.09961065  0.09961065  0.17074624  0.00000000  0.26137503  0.23766026  0.24942301  0.22608089  0.33743153  0.32420225  0.35090071  0.32420225  0.51784370  0.45271466  0.45271466  
8_1_0      0.58923708  0.60821164  0.60821164  0.80512145  0.23766026  0.23766026  0.23766026  0.24942301  0.24942301  0.26137503  0.26137503  0.00000000  0.03469618  0.35090071  0.35090071  0.42217356  0.46846941  0.43728715  0.40736136  0.64767988  0.58923708  0.62768365  
18_1_0     0.55268296  0.57073518  0.57073518  0.85699767  0.22608089  0.22608089  0.22608089  0.22608089  0.22608089  0.26137503  0.23766026  0.03469618  0.00000000  0.35090071  0.35090071  0.43728715  0.43728715  0.43728715  0.43728715  0.68936356  0.55268296  0.62768365  
11_0_0     0.51784370  0.53505909  0.53505909  0.48456557  0.28587198  0.28587198  0.28587198  0.23766026  0.24942301  0.28587198  0.24942301  0.35090071  0.35090071  0.00000000  0.03469618  0.24942301  0.23766026  0.26137503  0.23766026  0.53505909  0.51784370  0.46846941  
17_0_0     0.48456557  0.50101828  0.50101828  0.50101828  0.28587198  0.28587198  0.28587198  0.23766026  0.24942301  0.29843024  0.22608089  0.35090071  0.35090071  0.03469618  0.00000000  0.20345001  0.19238799  0.21467926  0.21467926  0.53505909  0.48456557  0.45271466  
12_0_0     0.50101828  0.51784370  0.51784370  0.60821164  0.36461865  0.36461865  0.36461865  0.32420225  0.33743153  0.35090071  0.33743153  0.42217356  0.43728715  0.24942301  0.20345001  0.00000000  0.03469618  0.01714552  0.03469618  0.53505909  0.60821164  0.55268296  
4_0_0      0.50101828  0.51784370  0.51784370  0.58923708  0.40736136  0.40736136  0.40736136  0.31120448  0.32420225  0.35090071  0.32420225  0.46846941  0.43728715  0.23766026  0.19238799  0.03469618  0.00000000  0.03469618  0.06182510  0.53505909  0.58923708  0.57073518  
10_0_0     0.50101828  0.51784370  0.51784370  0.58923708  0.37859470  0.37859470  0.37859470  0.33743153  0.35090071  0.35090071  0.35090071  0.43728715  0.43728715  0.26137503  0.21467926  0.01714552  0.03469618  0.00000000  0.04362951  0.55268296  0.60821164  0.53505909  
5_0_0      0.53505909  0.55268296  0.55268296  0.58923708  0.36461865  0.36461865  0.36461865  0.33743153  0.35090071  0.37859470  0.32420225  0.40736136  0.43728715  0.23766026  0.21467926  0.03469618  0.06182510  0.04362951  0.00000000  0.51784370  0.60821164  0.53505909  
15_0_0     0.58923708  0.60821164  0.60821164  0.60821164  0.60821164  0.60821164  0.60821164  0.50101828  0.51784370  0.51784370  0.51784370  0.64767988  0.68936356  0.53505909  0.53505909  0.53505909  0.53505909  0.55268296  0.51784370  0.00000000  0.24942301  0.20345001  
6_0_0      0.58923708  0.60821164  0.60821164  0.62768365  0.55268296  0.55268296  0.55268296  0.48456557  0.50101828  0.53505909  0.45271466  0.58923708  0.55268296  0.51784370  0.48456557  0.60821164  0.58923708  0.60821164  0.60821164  0.24942301  0.00000000  0.22608089  
16_0_0     0.50101828  0.51784370  0.51784370  0.50101828  0.57073518  0.57073518  0.57073518  0.51784370  0.53505909  0.50101828  0.45271466  0.62768365  0.62768365  0.46846941  0.45271466  0.55268296  0.57073518  0.53505909  0.53505909  0.20345001  0.22608089  0.00000000  

