8
5_59_0     0.00000000  0.04630959  0.06835150  0.15862473  0.13378669  0.18956798  0.18432059  0.17393552  
5_58_0     0.04630959  0.00000000  0.10035004  0.17393552  0.16879684  0.21637482  0.21093563  0.20017511  
5_57_0     0.06835150  0.10035004  0.00000000  0.21093563  0.18432059  0.23293507  0.22737393  0.21637482  
11_48_0    0.15862473  0.17393552  0.21093563  0.00000000  0.03767245  0.13378669  0.12891705  0.11927234  
6_48_0     0.13378669  0.16879684  0.18432059  0.03767245  0.00000000  0.13868842  0.13378669  0.12407907  
17_60_0    0.18956798  0.21637482  0.23293507  0.13378669  0.13868842  0.00000000  0.00409287  0.01234677  
17_61_0    0.18432059  0.21093563  0.22737393  0.12891705  0.13378669  0.00409287  0.00000000  0.00820837  
14_60_0    0.17393552  0.20017511  0.21637482  0.11927234  0.12407907  0.01234677  0.00820837  0.00000000  

