38
49_0_0     0.00000000  0.02697371  0.02013794  0.02697371  0.02013794  0.02697371  0.09150140  0.09150140  0.08404868  0.09902962  0.26824010  0.23117532  0.26824010  0.24026966  0.21331386  0.20454157  0.17882938  0.18730165  0.17045260  0.14587432  0.16216920  0.17882938  0.15397710  0.15397710  0.16216920  0.16216920  0.17882938  0.18730165  0.20454157  0.15397710  0.18730165  0.18730165  0.18730165  0.21331386  0.23117532  0.17882938  0.17882938  0.14587432  
55_7_0     0.02697371  0.00000000  0.00665220  0.01336448  0.00665220  0.01336448  0.12208294  0.12208294  0.11431877  0.11431877  0.26824010  0.24947667  0.24947667  0.22219093  0.21331386  0.20454157  0.19587162  0.18730165  0.18730165  0.16216920  0.17882938  0.19587162  0.18730165  0.18730165  0.19587162  0.19587162  0.21331386  0.22219093  0.22219093  0.18730165  0.18730165  0.18730165  0.18730165  0.17882938  0.24947667  0.19587162  0.19587162  0.16216920  
55_0_0     0.02013794  0.00665220  0.00000000  0.00665220  0.00000000  0.00665220  0.11431877  0.11431877  0.10663488  0.10663488  0.27780251  0.25879917  0.25879917  0.23117532  0.22219093  0.21331386  0.20454157  0.19587162  0.19587162  0.17045260  0.18730165  0.20454157  0.17882938  0.17882938  0.18730165  0.18730165  0.20454157  0.21331386  0.21331386  0.17882938  0.19587162  0.19587162  0.19587162  0.18730165  0.25879917  0.20454157  0.20454157  0.17045260  
82_0_0     0.02697371  0.01336448  0.00665220  0.00000000  0.00665220  0.01336448  0.12208294  0.12208294  0.11431877  0.11431877  0.26824010  0.26824010  0.26824010  0.24026966  0.23117532  0.22219093  0.21331386  0.20454157  0.20454157  0.17882938  0.19587162  0.21331386  0.18730165  0.18730165  0.17882938  0.19587162  0.21331386  0.22219093  0.22219093  0.18730165  0.20454157  0.20454157  0.20454157  0.19587162  0.26824010  0.21331386  0.21331386  0.17882938  
36_0_0     0.02013794  0.00665220  0.00000000  0.00665220  0.00000000  0.00665220  0.11431877  0.11431877  0.10663488  0.10663488  0.27780251  0.25879917  0.25879917  0.23117532  0.22219093  0.21331386  0.20454157  0.19587162  0.19587162  0.17045260  0.18730165  0.20454157  0.17882938  0.17882938  0.18730165  0.18730165  0.20454157  0.21331386  0.21331386  0.17882938  0.19587162  0.19587162  0.19587162  0.18730165  0.25879917  0.20454157  0.20454157  0.17045260  
51_0_0     0.02697371  0.01336448  0.00665220  0.01336448  0.00665220  0.00000000  0.12208294  0.12208294  0.11431877  0.11431877  0.26824010  0.24947667  0.24947667  0.22219093  0.21331386  0.20454157  0.19587162  0.18730165  0.18730165  0.16216920  0.17882938  0.19587162  0.17045260  0.17045260  0.17882938  0.17882938  0.19587162  0.20454157  0.20454157  0.17045260  0.18730165  0.18730165  0.18730165  0.17882938  0.24947667  0.19587162  0.19587162  0.16216920  
44_0_0     0.09150140  0.12208294  0.11431877  0.12208294  0.11431877  0.12208294  0.00000000  0.00000000  0.00665220  0.02697371  0.30725090  0.26824010  0.30725090  0.29730455  0.27780251  0.26824010  0.20454157  0.20454157  0.17882938  0.17045260  0.17045260  0.18730165  0.17882938  0.17882938  0.17045260  0.17045260  0.15397710  0.17882938  0.23117532  0.19587162  0.23117532  0.23117532  0.23117532  0.27780251  0.24026966  0.20454157  0.20454157  0.17045260  
59_0_0     0.09150140  0.12208294  0.11431877  0.12208294  0.11431877  0.12208294  0.00000000  0.00000000  0.00665220  0.02697371  0.30725090  0.26824010  0.30725090  0.29730455  0.27780251  0.26824010  0.20454157  0.20454157  0.17882938  0.17045260  0.17045260  0.18730165  0.17882938  0.17882938  0.17045260  0.17045260  0.15397710  0.17882938  0.23117532  0.19587162  0.23117532  0.23117532  0.23117532  0.27780251  0.24026966  0.20454157  0.20454157  0.17045260  
100_0_0    0.08404868  0.11431877  0.10663488  0.11431877  0.10663488  0.11431877  0.00665220  0.00665220  0.00000000  0.02013794  0.30725090  0.26824010  0.30725090  0.29730455  0.27780251  0.26824010  0.20454157  0.20454157  0.17882938  0.17045260  0.17045260  0.18730165  0.17882938  0.17882938  0.17045260  0.17045260  0.15397710  0.17882938  0.23117532  0.19587162  0.23117532  0.23117532  0.23117532  0.27780251  0.24026966  0.20454157  0.20454157  0.17045260  
72_0_0     0.09902962  0.11431877  0.10663488  0.11431877  0.10663488  0.11431877  0.02697371  0.02697371  0.02013794  0.00000000  0.32755209  0.28748956  0.30725090  0.29730455  0.29730455  0.28748956  0.23117532  0.23117532  0.20454157  0.18730165  0.19587162  0.21331386  0.18730165  0.20454157  0.19587162  0.19587162  0.17882938  0.20454157  0.25879917  0.21331386  0.23117532  0.23117532  0.21331386  0.27780251  0.24947667  0.22219093  0.22219093  0.18730165  
65_0_0     0.26824010  0.26824010  0.27780251  0.26824010  0.27780251  0.26824010  0.30725090  0.30725090  0.30725090  0.32755209  0.00000000  0.05496342  0.11431877  0.09150140  0.27780251  0.24947667  0.28748956  0.28748956  0.25879917  0.24026966  0.26824010  0.24947667  0.29730455  0.29730455  0.28748956  0.28748956  0.32755209  0.33791450  0.30725090  0.27780251  0.26824010  0.27780251  0.29730455  0.29730455  0.34842345  0.25879917  0.25879917  0.26824010  
31_0_0     0.23117532  0.24947667  0.25879917  0.26824010  0.25879917  0.24947667  0.26824010  0.26824010  0.26824010  0.28748956  0.05496342  0.00000000  0.12992907  0.10663488  0.24026966  0.23117532  0.24947667  0.23117532  0.20454157  0.18730165  0.21331386  0.21331386  0.25879917  0.25879917  0.24947667  0.23117532  0.26824010  0.27780251  0.28748956  0.24026966  0.23117532  0.24026966  0.25879917  0.27780251  0.28748956  0.23117532  0.23117532  0.24947667  
81_0_0     0.26824010  0.24947667  0.25879917  0.26824010  0.25879917  0.24947667  0.30725090  0.30725090  0.30725090  0.30725090  0.11431877  0.12992907  0.00000000  0.02013794  0.29730455  0.28748956  0.30725090  0.30725090  0.27780251  0.25879917  0.28748956  0.26824010  0.33791450  0.33791450  0.32755209  0.30725090  0.32755209  0.33791450  0.32755209  0.29730455  0.26824010  0.24947667  0.29730455  0.29730455  0.36989795  0.27780251  0.27780251  0.24947667  
43_0_0     0.24026966  0.22219093  0.23117532  0.24026966  0.23117532  0.22219093  0.29730455  0.29730455  0.29730455  0.29730455  0.09150140  0.10663488  0.02013794  0.00000000  0.26824010  0.25879917  0.29730455  0.29730455  0.26824010  0.24947667  0.27780251  0.25879917  0.32755209  0.32755209  0.31733218  0.29730455  0.33791450  0.34842345  0.31733218  0.28748956  0.25879917  0.25879917  0.28748956  0.28748956  0.35908314  0.26824010  0.26824010  0.24026966  
93_3_0     0.21331386  0.21331386  0.22219093  0.23117532  0.22219093  0.21331386  0.27780251  0.27780251  0.27780251  0.29730455  0.27780251  0.24026966  0.29730455  0.26824010  0.00000000  0.04786654  0.24947667  0.21331386  0.22219093  0.19587162  0.17882938  0.19587162  0.25879917  0.26824010  0.24026966  0.21331386  0.26824010  0.27780251  0.21331386  0.24026966  0.27780251  0.27780251  0.27780251  0.28748956  0.30725090  0.24947667  0.24947667  0.24026966  
54_3_0     0.20454157  0.20454157  0.21331386  0.22219093  0.21331386  0.20454157  0.26824010  0.26824010  0.26824010  0.28748956  0.24947667  0.23117532  0.28748956  0.25879917  0.04786654  0.00000000  0.20454157  0.18730165  0.17882938  0.15397710  0.13785893  0.18730165  0.21331386  0.22219093  0.19587162  0.20454157  0.22219093  0.23117532  0.18730165  0.19587162  0.23117532  0.24947667  0.23117532  0.24026966  0.27780251  0.22219093  0.22219093  0.19587162  
68_0_0     0.17882938  0.19587162  0.20454157  0.21331386  0.20454157  0.19587162  0.20454157  0.20454157  0.20454157  0.23117532  0.28748956  0.24947667  0.30725090  0.29730455  0.24947667  0.20454157  0.00000000  0.11431877  0.09150140  0.09902962  0.06936377  0.08404868  0.09150140  0.09902962  0.08404868  0.09902962  0.09150140  0.09902962  0.13785893  0.12208294  0.12208294  0.13785893  0.12208294  0.17045260  0.14587432  0.13785893  0.13785893  0.10663488  
29_0_0     0.18730165  0.18730165  0.19587162  0.20454157  0.19587162  0.18730165  0.20454157  0.20454157  0.20454157  0.23117532  0.28748956  0.23117532  0.30725090  0.29730455  0.21331386  0.18730165  0.11431877  0.00000000  0.04786654  0.05496342  0.05496342  0.05496342  0.09150140  0.09902962  0.07666996  0.09902962  0.09902962  0.10663488  0.17045260  0.13785893  0.12992907  0.17045260  0.13785893  0.16216920  0.14587432  0.13785893  0.13785893  0.13785893  
87_15_0    0.17045260  0.18730165  0.19587162  0.20454157  0.19587162  0.18730165  0.17882938  0.17882938  0.17882938  0.20454157  0.25879917  0.20454157  0.27780251  0.26824010  0.22219093  0.17882938  0.09150140  0.04786654  0.00000000  0.02013794  0.03387293  0.06212872  0.06936377  0.07666996  0.06212872  0.07666996  0.07666996  0.08404868  0.14587432  0.11431877  0.09150140  0.12992907  0.09902962  0.13785893  0.10663488  0.09902962  0.09902962  0.11431877  
87_0_0     0.14587432  0.16216920  0.17045260  0.17882938  0.17045260  0.16216920  0.17045260  0.17045260  0.17045260  0.18730165  0.24026966  0.18730165  0.25879917  0.24947667  0.19587162  0.15397710  0.09902962  0.05496342  0.02013794  0.00000000  0.04083680  0.06936377  0.07666996  0.08404868  0.06936377  0.08404868  0.08404868  0.09150140  0.15397710  0.10663488  0.09902962  0.13785893  0.10663488  0.14587432  0.12992907  0.10663488  0.10663488  0.10663488  
27_0_0     0.16216920  0.17882938  0.18730165  0.19587162  0.18730165  0.17882938  0.17045260  0.17045260  0.17045260  0.19587162  0.26824010  0.21331386  0.28748956  0.27780251  0.17882938  0.13785893  0.06936377  0.05496342  0.03387293  0.04083680  0.00000000  0.05496342  0.06212872  0.06936377  0.05496342  0.06936377  0.06936377  0.07666996  0.10663488  0.10663488  0.10663488  0.13785893  0.10663488  0.14587432  0.11431877  0.10663488  0.10663488  0.10663488  
40_0_0     0.17882938  0.19587162  0.20454157  0.21331386  0.20454157  0.19587162  0.18730165  0.18730165  0.18730165  0.21331386  0.24947667  0.21331386  0.26824010  0.25879917  0.19587162  0.18730165  0.08404868  0.05496342  0.06212872  0.06936377  0.05496342  0.00000000  0.09150140  0.09902962  0.07666996  0.08404868  0.09150140  0.09902962  0.17045260  0.13785893  0.13785893  0.15397710  0.13785893  0.17882938  0.12992907  0.12208294  0.12208294  0.12208294  
68_16_0    0.15397710  0.18730165  0.17882938  0.18730165  0.17882938  0.17045260  0.17882938  0.17882938  0.17882938  0.18730165  0.29730455  0.25879917  0.33791450  0.32755209  0.25879917  0.21331386  0.09150140  0.09150140  0.06936377  0.07666996  0.06212872  0.09150140  0.00000000  0.02013794  0.04786654  0.06212872  0.05496342  0.06212872  0.14587432  0.11431877  0.12992907  0.16216920  0.11431877  0.16216920  0.12208294  0.12992907  0.12992907  0.12992907  
68_10_0    0.15397710  0.18730165  0.17882938  0.18730165  0.17882938  0.17045260  0.17882938  0.17882938  0.17882938  0.20454157  0.29730455  0.25879917  0.33791450  0.32755209  0.26824010  0.22219093  0.09902962  0.09902962  0.07666996  0.08404868  0.06936377  0.09902962  0.02013794  0.00000000  0.04083680  0.05496342  0.04786654  0.05496342  0.15397710  0.12208294  0.13785893  0.17045260  0.13785893  0.15397710  0.14587432  0.13785893  0.13785893  0.12208294  
29_10_0    0.16216920  0.19587162  0.18730165  0.17882938  0.18730165  0.17882938  0.17045260  0.17045260  0.17045260  0.19587162  0.28748956  0.24947667  0.32755209  0.31733218  0.24026966  0.19587162  0.08404868  0.07666996  0.06212872  0.06936377  0.05496342  0.07666996  0.04786654  0.04083680  0.00000000  0.04083680  0.04083680  0.04786654  0.13785893  0.10663488  0.12208294  0.15397710  0.12208294  0.17045260  0.12992907  0.12208294  0.12208294  0.12208294  
27_10_0    0.16216920  0.19587162  0.18730165  0.19587162  0.18730165  0.17882938  0.17045260  0.17045260  0.17045260  0.19587162  0.28748956  0.23117532  0.30725090  0.29730455  0.21331386  0.20454157  0.09902962  0.09902962  0.07666996  0.08404868  0.06936377  0.08404868  0.06212872  0.05496342  0.04083680  0.00000000  0.05496342  0.04786654  0.12992907  0.10663488  0.13785893  0.15397710  0.13785893  0.18730165  0.11431877  0.12208294  0.12208294  0.13785893  
40_10_0    0.17882938  0.21331386  0.20454157  0.21331386  0.20454157  0.19587162  0.15397710  0.15397710  0.15397710  0.17882938  0.32755209  0.26824010  0.32755209  0.33791450  0.26824010  0.22219093  0.09150140  0.09902962  0.07666996  0.08404868  0.06936377  0.09150140  0.05496342  0.04786654  0.04083680  0.05496342  0.00000000  0.02013794  0.15397710  0.12208294  0.13785893  0.17045260  0.13785893  0.18730165  0.14587432  0.13785893  0.13785893  0.12992907  
40_12_0    0.18730165  0.22219093  0.21331386  0.22219093  0.21331386  0.20454157  0.17882938  0.17882938  0.17882938  0.20454157  0.33791450  0.27780251  0.33791450  0.34842345  0.27780251  0.23117532  0.09902962  0.10663488  0.08404868  0.09150140  0.07666996  0.09902962  0.06212872  0.05496342  0.04786654  0.04786654  0.02013794  0.00000000  0.13785893  0.10663488  0.14587432  0.16216920  0.14587432  0.19587162  0.13785893  0.14587432  0.14587432  0.13785893  
50_0_0     0.20454157  0.22219093  0.21331386  0.22219093  0.21331386  0.20454157  0.23117532  0.23117532  0.23117532  0.25879917  0.30725090  0.28748956  0.32755209  0.31733218  0.21331386  0.18730165  0.13785893  0.17045260  0.14587432  0.15397710  0.10663488  0.17045260  0.14587432  0.15397710  0.13785893  0.12992907  0.15397710  0.13785893  0.00000000  0.04786654  0.19587162  0.19587162  0.17882938  0.22219093  0.21331386  0.21331386  0.21331386  0.16216920  
34_0_0     0.15397710  0.18730165  0.17882938  0.18730165  0.17882938  0.17045260  0.19587162  0.19587162  0.19587162  0.21331386  0.27780251  0.24026966  0.29730455  0.28748956  0.24026966  0.19587162  0.12208294  0.13785893  0.11431877  0.10663488  0.10663488  0.13785893  0.11431877  0.12208294  0.10663488  0.10663488  0.12208294  0.10663488  0.04786654  0.00000000  0.14587432  0.15397710  0.12992907  0.18730165  0.17882938  0.16216920  0.16216920  0.11431877  
27_9_0     0.18730165  0.18730165  0.19587162  0.20454157  0.19587162  0.18730165  0.23117532  0.23117532  0.23117532  0.23117532  0.26824010  0.23117532  0.26824010  0.25879917  0.27780251  0.23117532  0.12208294  0.12992907  0.09150140  0.09902962  0.10663488  0.13785893  0.12992907  0.13785893  0.12208294  0.13785893  0.13785893  0.14587432  0.19587162  0.14587432  0.00000000  0.06936377  0.02697371  0.06936377  0.09150140  0.07666996  0.07666996  0.14587432  
40_9_0     0.18730165  0.18730165  0.19587162  0.20454157  0.19587162  0.18730165  0.23117532  0.23117532  0.23117532  0.23117532  0.27780251  0.24026966  0.24947667  0.25879917  0.27780251  0.24947667  0.13785893  0.17045260  0.12992907  0.13785893  0.13785893  0.15397710  0.16216920  0.17045260  0.15397710  0.15397710  0.17045260  0.16216920  0.19587162  0.15397710  0.06936377  0.00000000  0.06936377  0.11431877  0.13785893  0.11431877  0.11431877  0.17882938  
87_9_0     0.18730165  0.18730165  0.19587162  0.20454157  0.19587162  0.18730165  0.23117532  0.23117532  0.23117532  0.21331386  0.29730455  0.25879917  0.29730455  0.28748956  0.27780251  0.23117532  0.12208294  0.13785893  0.09902962  0.10663488  0.10663488  0.13785893  0.11431877  0.13785893  0.12208294  0.13785893  0.13785893  0.14587432  0.17882938  0.12992907  0.02697371  0.06936377  0.00000000  0.06936377  0.07666996  0.07666996  0.07666996  0.14587432  
68_9_0     0.21331386  0.17882938  0.18730165  0.19587162  0.18730165  0.17882938  0.27780251  0.27780251  0.27780251  0.27780251  0.29730455  0.27780251  0.29730455  0.28748956  0.28748956  0.24026966  0.17045260  0.16216920  0.13785893  0.14587432  0.14587432  0.17882938  0.16216920  0.15397710  0.17045260  0.18730165  0.18730165  0.19587162  0.22219093  0.18730165  0.06936377  0.11431877  0.06936377  0.00000000  0.13785893  0.10663488  0.10663488  0.17045260  
40_11_0    0.23117532  0.24947667  0.25879917  0.26824010  0.25879917  0.24947667  0.24026966  0.24026966  0.24026966  0.24947667  0.34842345  0.28748956  0.36989795  0.35908314  0.30725090  0.27780251  0.14587432  0.14587432  0.10663488  0.12992907  0.11431877  0.12992907  0.12208294  0.14587432  0.12992907  0.11431877  0.14587432  0.13785893  0.21331386  0.17882938  0.09150140  0.13785893  0.07666996  0.13785893  0.00000000  0.09902962  0.09902962  0.20454157  
27_11_0    0.17882938  0.19587162  0.20454157  0.21331386  0.20454157  0.19587162  0.20454157  0.20454157  0.20454157  0.22219093  0.25879917  0.23117532  0.27780251  0.26824010  0.24947667  0.22219093  0.13785893  0.13785893  0.09902962  0.10663488  0.10663488  0.12208294  0.12992907  0.13785893  0.12208294  0.12208294  0.13785893  0.14587432  0.21331386  0.16216920  0.07666996  0.11431877  0.07666996  0.10663488  0.09902962  0.00000000  0.00000000  0.14587432  
27_14_0    0.17882938  0.19587162  0.20454157  0.21331386  0.20454157  0.19587162  0.20454157  0.20454157  0.20454157  0.22219093  0.25879917  0.23117532  0.27780251  0.26824010  0.24947667  0.22219093  0.13785893  0.13785893  0.09902962  0.10663488  0.10663488  0.12208294  0.12992907  0.13785893  0.12208294  0.12208294  0.13785893  0.14587432  0.21331386  0.16216920  0.07666996  0.11431877  0.07666996  0.10663488  0.09902962  0.00000000  0.00000000  0.14587432  
91_0_0     0.14587432  0.16216920  0.17045260  0.17882938  0.17045260  0.16216920  0.17045260  0.17045260  0.17045260  0.18730165  0.26824010  0.24947667  0.24947667  0.24026966  0.24026966  0.19587162  0.10663488  0.13785893  0.11431877  0.10663488  0.10663488  0.12208294  0.12992907  0.12208294  0.12208294  0.13785893  0.12992907  0.13785893  0.16216920  0.11431877  0.14587432  0.17882938  0.14587432  0.17045260  0.20454157  0.14587432  0.14587432  0.00000000  

