34
95_17_0    0.00000000  0.04453659  0.07809217  0.09898894  0.07809217  0.18910116  0.19713578  0.23018552  0.23018552  0.23018552  0.23868629  0.21347429  0.22178226  0.23018552  0.23868629  0.23018552  0.22178226  0.23018552  0.23868629  0.23868629  0.25598959  0.24728686  0.20525949  0.23018552  0.21347429  0.23018552  0.24728686  0.24728686  0.25598959  0.24728686  0.27371149  0.21347429  0.22178226  0.22178226  
95_18_0    0.04453659  0.00000000  0.05112588  0.07809217  0.05777497  0.16551286  0.17329154  0.20525949  0.20525949  0.20525949  0.21347429  0.20525949  0.19713578  0.20525949  0.21347429  0.20525949  0.19713578  0.20525949  0.21347429  0.21347429  0.23018552  0.22178226  0.16551286  0.18910116  0.18910116  0.23018552  0.21347429  0.21347429  0.22178226  0.21347429  0.22178226  0.16551286  0.18910116  0.18910116  
97_17_0    0.07809217  0.05112588  0.00000000  0.12049932  0.09898894  0.22178226  0.23018552  0.24728686  0.24728686  0.24728686  0.24728686  0.24728686  0.23868629  0.24728686  0.25598959  0.24728686  0.23868629  0.24728686  0.25598959  0.25598959  0.27371149  0.26479695  0.22178226  0.24728686  0.24728686  0.27371149  0.25598959  0.25598959  0.26479695  0.25598959  0.26479695  0.20525949  0.23018552  0.23018552  
95_2_0     0.09898894  0.07809217  0.12049932  0.00000000  0.01875659  0.20525949  0.20525949  0.19713578  0.19713578  0.19713578  0.20525949  0.18115371  0.18910116  0.19713578  0.20525949  0.19713578  0.18910116  0.19713578  0.20525949  0.21347429  0.22178226  0.21347429  0.20525949  0.21347429  0.21347429  0.21347429  0.21347429  0.21347429  0.22178226  0.21347429  0.22178226  0.18910116  0.20525949  0.20525949  
97_2_0     0.07809217  0.05777497  0.09898894  0.01875659  0.00000000  0.18115371  0.18115371  0.17329154  0.17329154  0.17329154  0.18115371  0.15781590  0.16551286  0.17329154  0.18115371  0.17329154  0.16551286  0.17329154  0.18115371  0.18910116  0.19713578  0.18910116  0.18115371  0.18910116  0.18910116  0.18910116  0.18910116  0.18910116  0.19713578  0.18910116  0.19713578  0.16551286  0.18115371  0.18115371  
87_11_0    0.18910116  0.16551286  0.22178226  0.20525949  0.18115371  0.00000000  0.01875659  0.11325879  0.11325879  0.09898894  0.12049932  0.09898894  0.09898894  0.09898894  0.08499175  0.09195692  0.08499175  0.09195692  0.09195692  0.08499175  0.10608912  0.09898894  0.08499175  0.07809217  0.07125697  0.11325879  0.11325879  0.11325879  0.12049932  0.11325879  0.15781590  0.09898894  0.09195692  0.10608912  
100_11_0   0.19713578  0.17329154  0.23018552  0.20525949  0.18115371  0.01875659  0.00000000  0.09898894  0.09898894  0.08499175  0.10608912  0.08499175  0.08499175  0.08499175  0.07125697  0.07809217  0.07125697  0.07809217  0.07809217  0.08499175  0.09195692  0.08499175  0.09195692  0.08499175  0.07809217  0.12049932  0.10608912  0.10608912  0.11325879  0.10608912  0.15019897  0.10608912  0.08499175  0.09898894  
98_2_0     0.23018552  0.20525949  0.24728686  0.19713578  0.17329154  0.11325879  0.09898894  0.00000000  0.00619899  0.01875659  0.03800605  0.03153320  0.04453659  0.03153320  0.04453659  0.03800605  0.04453659  0.03800605  0.03800605  0.05112588  0.05112588  0.05112588  0.12781212  0.13519865  0.15781590  0.15781590  0.12781212  0.12781212  0.13519865  0.12781212  0.15781590  0.13519865  0.10608912  0.15019897  
82_2_0     0.23018552  0.20525949  0.24728686  0.19713578  0.17329154  0.11325879  0.09898894  0.00619899  0.00000000  0.01245089  0.03153320  0.02511704  0.03800605  0.02511704  0.03800605  0.03153320  0.03800605  0.03153320  0.03153320  0.04453659  0.04453659  0.04453659  0.12049932  0.12781212  0.15019897  0.15781590  0.12781212  0.12781212  0.13519865  0.12781212  0.15781590  0.13519865  0.10608912  0.15019897  
88_16_0    0.23018552  0.20525949  0.24728686  0.19713578  0.17329154  0.09898894  0.08499175  0.01875659  0.01245089  0.00000000  0.01875659  0.01245089  0.02511704  0.01245089  0.02511704  0.01875659  0.02511704  0.01875659  0.01875659  0.03153320  0.03153320  0.03153320  0.12049932  0.11325879  0.13519865  0.15781590  0.12781212  0.12781212  0.13519865  0.12781212  0.15781590  0.13519865  0.10608912  0.15019897  
88_2_0     0.23868629  0.21347429  0.24728686  0.20525949  0.18115371  0.12049932  0.10608912  0.03800605  0.03153320  0.01875659  0.00000000  0.03153320  0.04453659  0.03153320  0.03153320  0.02511704  0.03153320  0.02511704  0.03800605  0.05112588  0.05112588  0.05112588  0.14266042  0.13519865  0.14266042  0.16551286  0.13519865  0.13519865  0.14266042  0.13519865  0.16551286  0.14266042  0.11325879  0.15781590  
100_2_0    0.21347429  0.20525949  0.24728686  0.18115371  0.15781590  0.09898894  0.08499175  0.03153320  0.02511704  0.01245089  0.03153320  0.00000000  0.02511704  0.01245089  0.02511704  0.01875659  0.02511704  0.01875659  0.01875659  0.03153320  0.03153320  0.03153320  0.13519865  0.12781212  0.13519865  0.15781590  0.14266042  0.14266042  0.15019897  0.14266042  0.17329154  0.15019897  0.12049932  0.16551286  
87_2_0     0.22178226  0.19713578  0.23868629  0.18910116  0.16551286  0.09898894  0.08499175  0.04453659  0.03800605  0.02511704  0.04453659  0.02511704  0.00000000  0.02511704  0.02511704  0.03153320  0.03800605  0.03153320  0.03153320  0.04453659  0.04453659  0.02511704  0.12049932  0.11325879  0.12049932  0.15781590  0.14266042  0.14266042  0.15019897  0.14266042  0.17329154  0.13519865  0.12049932  0.15019897  
84_2_0     0.23018552  0.20525949  0.24728686  0.19713578  0.17329154  0.09898894  0.08499175  0.03153320  0.02511704  0.01245089  0.03153320  0.01245089  0.02511704  0.00000000  0.02511704  0.01875659  0.02511704  0.01875659  0.01875659  0.03153320  0.03153320  0.03153320  0.13519865  0.12781212  0.13519865  0.17329154  0.14266042  0.14266042  0.15019897  0.14266042  0.17329154  0.15019897  0.12049932  0.16551286  
84_12_0    0.23868629  0.21347429  0.25598959  0.20525949  0.18115371  0.08499175  0.07125697  0.04453659  0.03800605  0.02511704  0.03153320  0.02511704  0.02511704  0.02511704  0.00000000  0.00619899  0.01245089  0.00619899  0.01875659  0.03153320  0.03153320  0.02511704  0.12049932  0.11325879  0.10608912  0.15781590  0.12781212  0.12781212  0.13519865  0.12781212  0.17329154  0.13519865  0.10608912  0.15019897  
87_12_0    0.23018552  0.20525949  0.24728686  0.19713578  0.17329154  0.09195692  0.07809217  0.03800605  0.03153320  0.01875659  0.02511704  0.01875659  0.03153320  0.01875659  0.00619899  0.00000000  0.00619899  0.00000000  0.01245089  0.02511704  0.02511704  0.02511704  0.12781212  0.12049932  0.11325879  0.16551286  0.13519865  0.13519865  0.14266042  0.13519865  0.16551286  0.14266042  0.11325879  0.15781590  
100_12_0   0.22178226  0.19713578  0.23868629  0.18910116  0.16551286  0.08499175  0.07125697  0.04453659  0.03800605  0.02511704  0.03153320  0.02511704  0.03800605  0.02511704  0.01245089  0.00619899  0.00000000  0.00619899  0.01875659  0.03153320  0.03153320  0.03153320  0.12049932  0.11325879  0.10608912  0.15781590  0.12781212  0.12781212  0.13519865  0.12781212  0.15781590  0.13519865  0.10608912  0.15019897  
100_14_0   0.23018552  0.20525949  0.24728686  0.19713578  0.17329154  0.09195692  0.07809217  0.03800605  0.03153320  0.01875659  0.02511704  0.01875659  0.03153320  0.01875659  0.00619899  0.00000000  0.00619899  0.00000000  0.01245089  0.02511704  0.02511704  0.02511704  0.12781212  0.12049932  0.11325879  0.16551286  0.13519865  0.13519865  0.14266042  0.13519865  0.16551286  0.14266042  0.11325879  0.15781590  
88_12_0    0.23868629  0.21347429  0.25598959  0.20525949  0.18115371  0.09195692  0.07809217  0.03800605  0.03153320  0.01875659  0.03800605  0.01875659  0.03153320  0.01875659  0.01875659  0.01245089  0.01875659  0.01245089  0.00000000  0.01245089  0.01245089  0.01245089  0.12781212  0.12049932  0.12781212  0.16551286  0.13519865  0.13519865  0.14266042  0.13519865  0.16551286  0.14266042  0.11325879  0.15781590  
86_12_0    0.23868629  0.21347429  0.25598959  0.21347429  0.18910116  0.08499175  0.08499175  0.05112588  0.04453659  0.03153320  0.05112588  0.03153320  0.04453659  0.03153320  0.03153320  0.02511704  0.03153320  0.02511704  0.01245089  0.00000000  0.02511704  0.02511704  0.12049932  0.11325879  0.12049932  0.15781590  0.12781212  0.12781212  0.13519865  0.12781212  0.15781590  0.13519865  0.10608912  0.15019897  
82_12_0    0.25598959  0.23018552  0.27371149  0.22178226  0.19713578  0.10608912  0.09195692  0.05112588  0.04453659  0.03153320  0.05112588  0.03153320  0.04453659  0.03153320  0.03153320  0.02511704  0.03153320  0.02511704  0.01245089  0.02511704  0.00000000  0.02511704  0.14266042  0.13519865  0.14266042  0.18115371  0.15019897  0.15019897  0.14266042  0.15019897  0.18115371  0.15781590  0.12781212  0.17329154  
98_12_0    0.24728686  0.22178226  0.26479695  0.21347429  0.18910116  0.09898894  0.08499175  0.05112588  0.04453659  0.03153320  0.05112588  0.03153320  0.02511704  0.03153320  0.02511704  0.02511704  0.03153320  0.02511704  0.01245089  0.02511704  0.02511704  0.00000000  0.12049932  0.11325879  0.12049932  0.15781590  0.14266042  0.14266042  0.15019897  0.14266042  0.16551286  0.13519865  0.12049932  0.15019897  
87_10_0    0.20525949  0.16551286  0.22178226  0.20525949  0.18115371  0.08499175  0.09195692  0.12781212  0.12049932  0.12049932  0.14266042  0.13519865  0.12049932  0.13519865  0.12049932  0.12781212  0.12049932  0.12781212  0.12781212  0.12049932  0.14266042  0.12049932  0.00000000  0.01875659  0.03800605  0.09195692  0.07809217  0.07809217  0.08499175  0.07809217  0.10608912  0.05112588  0.05777497  0.05777497  
88_10_0    0.23018552  0.18910116  0.24728686  0.21347429  0.18910116  0.07809217  0.08499175  0.13519865  0.12781212  0.11325879  0.13519865  0.12781212  0.11325879  0.12781212  0.11325879  0.12049932  0.11325879  0.12049932  0.12049932  0.11325879  0.13519865  0.11325879  0.01875659  0.00000000  0.01875659  0.09898894  0.08499175  0.08499175  0.09195692  0.08499175  0.11325879  0.05777497  0.06448496  0.06448496  
86_10_0    0.21347429  0.18910116  0.24728686  0.21347429  0.18910116  0.07125697  0.07809217  0.15781590  0.15019897  0.13519865  0.14266042  0.13519865  0.12049932  0.13519865  0.10608912  0.11325879  0.10608912  0.11325879  0.12781212  0.12049932  0.14266042  0.12049932  0.03800605  0.01875659  0.00000000  0.10608912  0.10608912  0.10608912  0.11325879  0.10608912  0.13519865  0.07809217  0.08499175  0.08499175  
88_13_0    0.23018552  0.23018552  0.27371149  0.21347429  0.18910116  0.11325879  0.12049932  0.15781590  0.15781590  0.15781590  0.16551286  0.15781590  0.15781590  0.17329154  0.15781590  0.16551286  0.15781590  0.16551286  0.16551286  0.15781590  0.18115371  0.15781590  0.09195692  0.09898894  0.10608912  0.00000000  0.03800605  0.03800605  0.04453659  0.03800605  0.06448496  0.06448496  0.05777497  0.07125697  
82_15_0    0.24728686  0.21347429  0.25598959  0.21347429  0.18910116  0.11325879  0.10608912  0.12781212  0.12781212  0.12781212  0.13519865  0.14266042  0.14266042  0.14266042  0.12781212  0.13519865  0.12781212  0.13519865  0.13519865  0.12781212  0.15019897  0.14266042  0.07809217  0.08499175  0.10608912  0.03800605  0.00000000  0.00000000  0.00619899  0.00000000  0.03800605  0.05112588  0.03153320  0.05777497  
98_15_0    0.24728686  0.21347429  0.25598959  0.21347429  0.18910116  0.11325879  0.10608912  0.12781212  0.12781212  0.12781212  0.13519865  0.14266042  0.14266042  0.14266042  0.12781212  0.13519865  0.12781212  0.13519865  0.13519865  0.12781212  0.15019897  0.14266042  0.07809217  0.08499175  0.10608912  0.03800605  0.00000000  0.00000000  0.00619899  0.00000000  0.03800605  0.05112588  0.03153320  0.05777497  
98_13_0    0.25598959  0.22178226  0.26479695  0.22178226  0.19713578  0.12049932  0.11325879  0.13519865  0.13519865  0.13519865  0.14266042  0.15019897  0.15019897  0.15019897  0.13519865  0.14266042  0.13519865  0.14266042  0.14266042  0.13519865  0.14266042  0.15019897  0.08499175  0.09195692  0.11325879  0.04453659  0.00619899  0.00619899  0.00000000  0.00619899  0.04453659  0.05777497  0.03800605  0.06448496  
82_13_0    0.24728686  0.21347429  0.25598959  0.21347429  0.18910116  0.11325879  0.10608912  0.12781212  0.12781212  0.12781212  0.13519865  0.14266042  0.14266042  0.14266042  0.12781212  0.13519865  0.12781212  0.13519865  0.13519865  0.12781212  0.15019897  0.14266042  0.07809217  0.08499175  0.10608912  0.03800605  0.00000000  0.00000000  0.00619899  0.00000000  0.03800605  0.05112588  0.03153320  0.05777497  
86_13_0    0.27371149  0.22178226  0.26479695  0.22178226  0.19713578  0.15781590  0.15019897  0.15781590  0.15781590  0.15781590  0.16551286  0.17329154  0.17329154  0.17329154  0.17329154  0.16551286  0.15781590  0.16551286  0.16551286  0.15781590  0.18115371  0.16551286  0.10608912  0.11325879  0.13519865  0.06448496  0.03800605  0.03800605  0.04453659  0.03800605  0.00000000  0.06448496  0.07125697  0.08499175  
100_13_0   0.21347429  0.16551286  0.20525949  0.18910116  0.16551286  0.09898894  0.10608912  0.13519865  0.13519865  0.13519865  0.14266042  0.15019897  0.13519865  0.15019897  0.13519865  0.14266042  0.13519865  0.14266042  0.14266042  0.13519865  0.15781590  0.13519865  0.05112588  0.05777497  0.07809217  0.06448496  0.05112588  0.05112588  0.05777497  0.05112588  0.06448496  0.00000000  0.03153320  0.03800605  
87_13_0    0.22178226  0.18910116  0.23018552  0.20525949  0.18115371  0.09195692  0.08499175  0.10608912  0.10608912  0.10608912  0.11325879  0.12049932  0.12049932  0.12049932  0.10608912  0.11325879  0.10608912  0.11325879  0.11325879  0.10608912  0.12781212  0.12049932  0.05777497  0.06448496  0.08499175  0.05777497  0.03153320  0.03153320  0.03800605  0.03153320  0.07125697  0.03153320  0.00000000  0.03800605  
84_13_0    0.22178226  0.18910116  0.23018552  0.20525949  0.18115371  0.10608912  0.09898894  0.15019897  0.15019897  0.15019897  0.15781590  0.16551286  0.15019897  0.16551286  0.15019897  0.15781590  0.15019897  0.15781590  0.15781590  0.15019897  0.17329154  0.15019897  0.05777497  0.06448496  0.08499175  0.07125697  0.05777497  0.05777497  0.06448496  0.05777497  0.08499175  0.03800605  0.03800605  0.00000000  

