25
67_35_0    0.00000000  0.01899452  0.01899452  0.03193725  0.03849552  0.03193725  0.02543726  0.01899452  0.02543726  0.01899452  0.01899452  0.02543726  0.05179117  0.16005154  0.20001823  0.15231375  0.16787207  0.16005154  0.15231375  0.11480706  0.19184827  0.20828049  0.12957974  0.16005154  0.08612777  
6_32_0     0.01899452  0.00000000  0.00000000  0.01260805  0.03193725  0.03849552  0.03193725  0.02543726  0.03193725  0.02543726  0.02543726  0.03193725  0.05853074  0.16787207  0.20828049  0.16005154  0.17577713  0.16787207  0.16005154  0.10753112  0.20001823  0.20001823  0.13707950  0.16787207  0.09319286  
6_33_0     0.01899452  0.00000000  0.00000000  0.01260805  0.03193725  0.03849552  0.03193725  0.02543726  0.03193725  0.02543726  0.02543726  0.03193725  0.05853074  0.16787207  0.20828049  0.16005154  0.17577713  0.16787207  0.16005154  0.10753112  0.20001823  0.20001823  0.13707950  0.16787207  0.09319286  
6_23_0     0.03193725  0.01260805  0.01260805  0.00000000  0.03193725  0.05179117  0.04511313  0.03849552  0.03193725  0.02543726  0.02543726  0.03193725  0.05853074  0.15231375  0.19184827  0.16005154  0.16005154  0.15231375  0.14465696  0.09319286  0.20001823  0.20001823  0.13707950  0.18376856  0.09319286  
6_31_0     0.03849552  0.03193725  0.03193725  0.03193725  0.00000000  0.05853074  0.05179117  0.04511313  0.05179117  0.04511313  0.04511313  0.05179117  0.07913028  0.17577713  0.21663715  0.15231375  0.18376856  0.17577713  0.16787207  0.11480706  0.19184827  0.22509039  0.16005154  0.19184827  0.11480706  
6_26_0     0.03193725  0.03849552  0.03849552  0.05179117  0.05853074  0.00000000  0.04511313  0.03849552  0.04511313  0.03849552  0.03849552  0.04511313  0.07219910  0.18376856  0.22509039  0.17577713  0.17577713  0.15231375  0.14465696  0.12215610  0.21663715  0.23364248  0.15231375  0.16787207  0.10753112  
6_25_0     0.02543726  0.03193725  0.03193725  0.04511313  0.05179117  0.04511313  0.00000000  0.03193725  0.03849552  0.03193725  0.03193725  0.03849552  0.05179117  0.15231375  0.19184827  0.15231375  0.15231375  0.14465696  0.15231375  0.11480706  0.19184827  0.21663715  0.12957974  0.16005154  0.08612777  
6_24_0     0.01899452  0.02543726  0.02543726  0.03849552  0.04511313  0.03849552  0.03193725  0.00000000  0.03193725  0.02543726  0.02543726  0.03193725  0.05853074  0.15231375  0.17577713  0.16005154  0.16005154  0.15231375  0.14465696  0.10753112  0.16787207  0.18376856  0.13707950  0.15231375  0.09319286  
6_29_0     0.02543726  0.03193725  0.03193725  0.03193725  0.05179117  0.04511313  0.03849552  0.03193725  0.00000000  0.00627686  0.00627686  0.01260805  0.03849552  0.16005154  0.20001823  0.15231375  0.16787207  0.16005154  0.15231375  0.11480706  0.20828049  0.22509039  0.12957974  0.17577713  0.08612777  
6_19_0     0.01899452  0.02543726  0.02543726  0.02543726  0.04511313  0.03849552  0.03193725  0.02543726  0.00627686  0.00000000  0.00000000  0.00627686  0.03193725  0.15231375  0.19184827  0.14465696  0.16005154  0.15231375  0.14465696  0.10753112  0.20001823  0.21663715  0.12215610  0.16787207  0.07913028  
6_30_0     0.01899452  0.02543726  0.02543726  0.02543726  0.04511313  0.03849552  0.03193725  0.02543726  0.00627686  0.00000000  0.00000000  0.00627686  0.03193725  0.15231375  0.19184827  0.14465696  0.16005154  0.15231375  0.14465696  0.10753112  0.20001823  0.21663715  0.12215610  0.16787207  0.07913028  
6_28_0     0.02543726  0.03193725  0.03193725  0.03193725  0.05179117  0.04511313  0.03849552  0.03193725  0.01260805  0.00627686  0.00627686  0.00000000  0.03849552  0.14465696  0.18376856  0.13707950  0.15231375  0.14465696  0.13707950  0.10032685  0.20001823  0.21663715  0.11480706  0.16005154  0.07219910  
67_19_0    0.05179117  0.05853074  0.05853074  0.05853074  0.07913028  0.07219910  0.05179117  0.05853074  0.03849552  0.03193725  0.03193725  0.03849552  0.00000000  0.16005154  0.20001823  0.15231375  0.16787207  0.17577713  0.18376856  0.12957974  0.21663715  0.24229575  0.12957974  0.16005154  0.08612777  
22_46_0    0.16005154  0.16787207  0.16787207  0.15231375  0.17577713  0.18376856  0.15231375  0.15231375  0.16005154  0.15231375  0.15231375  0.14465696  0.16005154  0.00000000  0.03193725  0.05853074  0.17577713  0.15231375  0.17577713  0.09319286  0.20001823  0.21663715  0.13707950  0.16787207  0.10753112  
37_46_0    0.20001823  0.20828049  0.20828049  0.19184827  0.21663715  0.22509039  0.19184827  0.17577713  0.20001823  0.19184827  0.19184827  0.18376856  0.20001823  0.03193725  0.00000000  0.09319286  0.18376856  0.16005154  0.18376856  0.11480706  0.20828049  0.22509039  0.17577713  0.19184827  0.14465696  
8_45_0     0.15231375  0.16005154  0.16005154  0.16005154  0.15231375  0.17577713  0.15231375  0.16005154  0.15231375  0.14465696  0.14465696  0.13707950  0.15231375  0.05853074  0.09319286  0.00000000  0.19184827  0.16787207  0.19184827  0.10032685  0.22509039  0.25991562  0.12215610  0.15231375  0.09319286  
69_51_0    0.16787207  0.17577713  0.17577713  0.16005154  0.18376856  0.17577713  0.15231375  0.16005154  0.16787207  0.16005154  0.16005154  0.15231375  0.16787207  0.17577713  0.18376856  0.19184827  0.00000000  0.03193725  0.05179117  0.10753112  0.21663715  0.22509039  0.16787207  0.18376856  0.14465696  
69_54_0    0.16005154  0.16787207  0.16787207  0.15231375  0.17577713  0.15231375  0.14465696  0.15231375  0.16005154  0.15231375  0.15231375  0.14465696  0.17577713  0.15231375  0.16005154  0.16787207  0.03193725  0.00000000  0.01899452  0.08612777  0.22509039  0.25105263  0.16005154  0.17577713  0.13707950  
69_53_0    0.15231375  0.16005154  0.16005154  0.14465696  0.16787207  0.14465696  0.15231375  0.14465696  0.15231375  0.14465696  0.14465696  0.13707950  0.18376856  0.17577713  0.18376856  0.19184827  0.05179117  0.01899452  0.00000000  0.10753112  0.22509039  0.25991562  0.18376856  0.20001823  0.16005154  
69_50_0    0.11480706  0.10753112  0.10753112  0.09319286  0.11480706  0.12215610  0.11480706  0.10753112  0.11480706  0.10753112  0.10753112  0.10032685  0.12957974  0.09319286  0.11480706  0.10032685  0.10753112  0.08612777  0.10753112  0.00000000  0.18376856  0.20828049  0.11480706  0.13707950  0.07913028  
63_40_0    0.19184827  0.20001823  0.20001823  0.20001823  0.19184827  0.21663715  0.19184827  0.16787207  0.20828049  0.20001823  0.20001823  0.20001823  0.21663715  0.20001823  0.20828049  0.22509039  0.21663715  0.22509039  0.22509039  0.18376856  0.00000000  0.05179117  0.21663715  0.23364248  0.20001823  
77_40_0    0.20828049  0.20001823  0.20001823  0.20001823  0.22509039  0.23364248  0.21663715  0.18376856  0.22509039  0.21663715  0.21663715  0.21663715  0.24229575  0.21663715  0.22509039  0.25991562  0.22509039  0.25105263  0.25991562  0.20828049  0.05179117  0.00000000  0.23364248  0.25991562  0.22509039  
69_3_0     0.12957974  0.13707950  0.13707950  0.13707950  0.16005154  0.15231375  0.12957974  0.13707950  0.12957974  0.12215610  0.12215610  0.11480706  0.12957974  0.13707950  0.17577713  0.12215610  0.16787207  0.16005154  0.18376856  0.11480706  0.21663715  0.23364248  0.00000000  0.14465696  0.07913028  
29_16_0    0.16005154  0.16787207  0.16787207  0.18376856  0.19184827  0.16787207  0.16005154  0.15231375  0.17577713  0.16787207  0.16787207  0.16005154  0.16005154  0.16787207  0.19184827  0.15231375  0.18376856  0.17577713  0.20001823  0.13707950  0.23364248  0.25991562  0.14465696  0.00000000  0.11480706  
29_14_0    0.08612777  0.09319286  0.09319286  0.09319286  0.11480706  0.10753112  0.08612777  0.09319286  0.08612777  0.07913028  0.07913028  0.07219910  0.08612777  0.10753112  0.14465696  0.09319286  0.14465696  0.13707950  0.16005154  0.07913028  0.20001823  0.22509039  0.07913028  0.11480706  0.00000000  

