42
1_0_0      0.00000000  0.02931161  0.62119183  0.64842012  0.58214964  0.43345905  0.43345905  0.44388906  0.43345905  0.43345905  0.43345905  0.43345905  0.41303222  0.44388906  0.39315701  0.40302753  0.39315701  0.39315701  0.45446899  0.47609633  0.44388906  0.42317477  0.46520323  0.45446899  0.40302753  0.40302753  0.39315701  0.38341711  0.41303222  0.40302753  0.42317477  0.40302753  0.44388906  0.44388906  0.47609633  0.50977767  0.53311982  0.46520323  0.52135622  0.50977767  0.56958261  0.56958261  
1_2_0      0.02931161  0.00000000  0.62119183  0.64842012  0.59493497  0.41303222  0.39315701  0.42317477  0.41303222  0.41303222  0.39315701  0.41303222  0.37380441  0.42317477  0.37380441  0.40302753  0.37380441  0.37380441  0.41303222  0.43345905  0.44388906  0.42317477  0.44388906  0.44388906  0.41303222  0.41303222  0.40302753  0.39315701  0.42317477  0.41303222  0.40302753  0.38341711  0.42317477  0.42317477  0.45446899  0.46520323  0.50977767  0.46520323  0.49837844  0.47609633  0.53311982  0.55722655  
10_0_0     0.62119183  0.62119183  0.00000000  0.06609953  0.37380441  0.49837844  0.45446899  0.55722655  0.54507450  0.54507450  0.54507450  0.50977767  0.48715307  0.45446899  0.49837844  0.46520323  0.48715307  0.50977767  0.50977767  0.50977767  0.49837844  0.48715307  0.53311982  0.54507450  0.49837844  0.49837844  0.47609633  0.46520323  0.48715307  0.49837844  0.54507450  0.52135622  0.53311982  0.52135622  0.49837844  0.52135622  0.53311982  0.54507450  0.50977767  0.53311982  0.50977767  0.55722655  
79_0_0     0.64842012  0.64842012  0.06609953  0.00000000  0.40302753  0.54507450  0.49837844  0.55722655  0.56958261  0.56958261  0.54507450  0.53311982  0.49837844  0.46520323  0.50977767  0.45446899  0.45446899  0.52135622  0.52135622  0.52135622  0.53311982  0.52135622  0.48715307  0.52135622  0.49837844  0.49837844  0.45446899  0.46520323  0.46520323  0.47609633  0.52135622  0.50977767  0.54507450  0.55722655  0.48715307  0.56958261  0.58214964  0.58214964  0.55722655  0.55722655  0.50977767  0.60794632  
79_6_0     0.58214964  0.59493497  0.37380441  0.40302753  0.00000000  0.60794632  0.60794632  0.60794632  0.62119183  0.62119183  0.63468007  0.64842012  0.55722655  0.53311982  0.55722655  0.62119183  0.56958261  0.58214964  0.56958261  0.59493497  0.59493497  0.55722655  0.62119183  0.50977767  0.52135622  0.52135622  0.48715307  0.52135622  0.49837844  0.49837844  0.52135622  0.55722655  0.59493497  0.59493497  0.64842012  0.59493497  0.63468007  0.56958261  0.58214964  0.63468007  0.62119183  0.60794632  
51_0_0     0.43345905  0.41303222  0.49837844  0.54507450  0.60794632  0.00000000  0.02931161  0.15984356  0.15273687  0.15273687  0.14569814  0.15273687  0.28400955  0.24291179  0.30981681  0.27560436  0.29251182  0.25907658  0.30111346  0.30111346  0.29251182  0.29251182  0.29251182  0.33656193  0.35494764  0.35494764  0.37380441  0.36431564  0.36431564  0.37380441  0.30981681  0.33656193  0.32753848  0.32753848  0.31862431  0.42317477  0.44388906  0.33656193  0.34569738  0.40302753  0.37380441  0.45446899  
77_0_0     0.43345905  0.39315701  0.45446899  0.49837844  0.60794632  0.02931161  0.00000000  0.15273687  0.14569814  0.14569814  0.13872609  0.17426617  0.27560436  0.23496061  0.30111346  0.26729408  0.28400955  0.26729408  0.27560436  0.28400955  0.30111346  0.30111346  0.30111346  0.32753848  0.36431564  0.36431564  0.36431564  0.35494764  0.37380441  0.38341711  0.31862431  0.32753848  0.31862431  0.33656193  0.32753848  0.41303222  0.41303222  0.38341711  0.37380441  0.37380441  0.34569738  0.45446899  
60_0_0     0.44388906  0.42317477  0.55722655  0.55722655  0.60794632  0.15984356  0.15273687  0.00000000  0.00576968  0.00576968  0.21931137  0.23496061  0.36431564  0.31862431  0.39315701  0.31862431  0.33656193  0.35494764  0.35494764  0.36431564  0.36431564  0.33656193  0.32753848  0.31862431  0.33656193  0.33656193  0.37380441  0.38341711  0.36431564  0.37380441  0.37380441  0.41303222  0.39315701  0.39315701  0.40302753  0.45446899  0.43345905  0.42317477  0.39315701  0.41303222  0.40302753  0.47609633  
83_0_0     0.43345905  0.41303222  0.54507450  0.56958261  0.62119183  0.15273687  0.14569814  0.00576968  0.00000000  0.00000000  0.22709440  0.24291179  0.37380441  0.32753848  0.38341711  0.32753848  0.34569738  0.36431564  0.36431564  0.37380441  0.37380441  0.34569738  0.33656193  0.32753848  0.34569738  0.34569738  0.38341711  0.39315701  0.37380441  0.38341711  0.38341711  0.40302753  0.38341711  0.38341711  0.41303222  0.44388906  0.42317477  0.41303222  0.38341711  0.40302753  0.39315701  0.46520323  
83_8_0     0.43345905  0.41303222  0.54507450  0.56958261  0.62119183  0.15273687  0.14569814  0.00576968  0.00000000  0.00000000  0.22709440  0.24291179  0.37380441  0.32753848  0.38341711  0.32753848  0.34569738  0.36431564  0.36431564  0.37380441  0.37380441  0.34569738  0.33656193  0.32753848  0.34569738  0.34569738  0.38341711  0.39315701  0.37380441  0.38341711  0.38341711  0.40302753  0.38341711  0.38341711  0.41303222  0.44388906  0.42317477  0.41303222  0.38341711  0.40302753  0.39315701  0.46520323  
85_0_0     0.43345905  0.39315701  0.54507450  0.54507450  0.63468007  0.14569814  0.13872609  0.21931137  0.22709440  0.22709440  0.00000000  0.14569814  0.25907658  0.22709440  0.30981681  0.27560436  0.24291179  0.25094981  0.25907658  0.26729408  0.25907658  0.26729408  0.26729408  0.26729408  0.28400955  0.28400955  0.30111346  0.29251182  0.29251182  0.30111346  0.27560436  0.30111346  0.33656193  0.33656193  0.35494764  0.37380441  0.41303222  0.41303222  0.43345905  0.39315701  0.41303222  0.43345905  
85_7_0     0.43345905  0.41303222  0.50977767  0.53311982  0.64842012  0.15273687  0.17426617  0.23496061  0.24291179  0.24291179  0.14569814  0.00000000  0.21931137  0.21931137  0.28400955  0.22709440  0.21931137  0.23496061  0.27560436  0.27560436  0.25907658  0.27560436  0.25094981  0.28400955  0.28400955  0.28400955  0.30981681  0.30111346  0.31862431  0.30111346  0.25907658  0.30111346  0.31862431  0.31862431  0.33656193  0.33656193  0.33656193  0.34569738  0.34569738  0.43345905  0.37380441  0.44388906  
42_10_0    0.41303222  0.37380441  0.48715307  0.49837844  0.55722655  0.28400955  0.27560436  0.36431564  0.37380441  0.37380441  0.25907658  0.21931137  0.00000000  0.07878244  0.08520680  0.12497704  0.09822623  0.05363147  0.09822623  0.11148011  0.13872609  0.14569814  0.13181946  0.15273687  0.15984356  0.15984356  0.13872609  0.14569814  0.17426617  0.15273687  0.11819764  0.13872609  0.17426617  0.14569814  0.30111346  0.35494764  0.33656193  0.38341711  0.36431564  0.37380441  0.38341711  0.41303222  
48_10_0    0.44388906  0.42317477  0.45446899  0.46520323  0.53311982  0.24291179  0.23496061  0.31862431  0.32753848  0.32753848  0.22709440  0.21931137  0.07878244  0.00000000  0.11819764  0.09822623  0.13181946  0.07241367  0.10482334  0.11819764  0.13181946  0.13872609  0.11819764  0.14569814  0.15984356  0.15984356  0.15273687  0.14569814  0.18897704  0.16701954  0.11819764  0.13872609  0.16701954  0.15273687  0.27560436  0.34569738  0.34569738  0.39315701  0.35494764  0.34569738  0.38341711  0.38341711  
48_11_0    0.39315701  0.37380441  0.49837844  0.50977767  0.55722655  0.30981681  0.30111346  0.39315701  0.38341711  0.38341711  0.30981681  0.28400955  0.08520680  0.11819764  0.00000000  0.12497704  0.13181946  0.08520680  0.15984356  0.15984356  0.18897704  0.17426617  0.13872609  0.18158485  0.17426617  0.17426617  0.16701954  0.15984356  0.18897704  0.19644423  0.13872609  0.13872609  0.16701954  0.13872609  0.30981681  0.30981681  0.30981681  0.33656193  0.30111346  0.36431564  0.38341711  0.34569738  
42_11_0    0.40302753  0.40302753  0.46520323  0.45446899  0.62119183  0.27560436  0.26729408  0.31862431  0.32753848  0.32753848  0.27560436  0.22709440  0.12497704  0.09822623  0.12497704  0.00000000  0.09822623  0.09168773  0.16701954  0.16701954  0.18897704  0.16701954  0.11819764  0.19644423  0.15984356  0.15984356  0.15273687  0.13181946  0.17426617  0.18158485  0.13872609  0.14569814  0.15273687  0.14569814  0.33656193  0.39315701  0.39315701  0.41303222  0.39315701  0.40302753  0.40302753  0.39315701  
48_0_0     0.39315701  0.37380441  0.48715307  0.45446899  0.56958261  0.29251182  0.28400955  0.33656193  0.34569738  0.34569738  0.24291179  0.21931137  0.09822623  0.13181946  0.13181946  0.09822623  0.00000000  0.09168773  0.16701954  0.16701954  0.20398795  0.18897704  0.13872609  0.19644423  0.16701954  0.16701954  0.15984356  0.15273687  0.17426617  0.18158485  0.13181946  0.14569814  0.16701954  0.15984356  0.30981681  0.33656193  0.33656193  0.35494764  0.35494764  0.38341711  0.38341711  0.38341711  
42_0_0     0.39315701  0.37380441  0.50977767  0.52135622  0.58214964  0.25907658  0.26729408  0.35494764  0.36431564  0.36431564  0.25094981  0.23496061  0.05363147  0.07241367  0.08520680  0.09168773  0.09168773  0.00000000  0.14569814  0.14569814  0.14569814  0.14569814  0.11148011  0.17426617  0.13181946  0.13181946  0.13872609  0.11819764  0.14569814  0.15273687  0.10482334  0.12497704  0.13872609  0.11148011  0.30981681  0.32753848  0.32753848  0.35494764  0.31862431  0.35494764  0.39315701  0.35494764  
86_0_0     0.45446899  0.41303222  0.50977767  0.52135622  0.56958261  0.30111346  0.27560436  0.35494764  0.36431564  0.36431564  0.25907658  0.27560436  0.09822623  0.10482334  0.15984356  0.16701954  0.16701954  0.14569814  0.00000000  0.01158495  0.18897704  0.15984356  0.15273687  0.16701954  0.20398795  0.20398795  0.15273687  0.15984356  0.18897704  0.18158485  0.17426617  0.16701954  0.21931137  0.20398795  0.32753848  0.41303222  0.39315701  0.44388906  0.42317477  0.44388906  0.45446899  0.45446899  
93_0_0     0.47609633  0.43345905  0.50977767  0.52135622  0.59493497  0.30111346  0.28400955  0.36431564  0.37380441  0.37380441  0.26729408  0.27560436  0.11148011  0.11819764  0.15984356  0.16701954  0.16701954  0.14569814  0.01158495  0.00000000  0.20398795  0.16701954  0.15273687  0.18158485  0.20398795  0.20398795  0.16701954  0.15984356  0.18897704  0.19644423  0.18897704  0.16701954  0.21160978  0.19644423  0.33656193  0.40302753  0.39315701  0.45446899  0.41303222  0.46520323  0.45446899  0.44388906  
15_0_0     0.44388906  0.44388906  0.49837844  0.53311982  0.59493497  0.29251182  0.30111346  0.36431564  0.37380441  0.37380441  0.25907658  0.25907658  0.13872609  0.13181946  0.18897704  0.18897704  0.20398795  0.14569814  0.18897704  0.20398795  0.00000000  0.07241367  0.18897704  0.16701954  0.16701954  0.16701954  0.16701954  0.17426617  0.14569814  0.15273687  0.18897704  0.21160978  0.25907658  0.22709440  0.36431564  0.44388906  0.41303222  0.42317477  0.43345905  0.41303222  0.42317477  0.47609633  
15_9_0     0.42317477  0.42317477  0.48715307  0.52135622  0.55722655  0.29251182  0.30111346  0.33656193  0.34569738  0.34569738  0.26729408  0.27560436  0.14569814  0.13872609  0.17426617  0.16701954  0.18897704  0.14569814  0.15984356  0.16701954  0.07241367  0.00000000  0.15273687  0.15273687  0.15984356  0.15984356  0.15273687  0.15273687  0.13872609  0.15273687  0.15984356  0.15984356  0.21931137  0.20398795  0.37380441  0.45446899  0.43345905  0.44388906  0.45446899  0.45446899  0.47609633  0.46520323  
71_0_0     0.46520323  0.44388906  0.53311982  0.48715307  0.62119183  0.29251182  0.30111346  0.32753848  0.33656193  0.33656193  0.26729408  0.25094981  0.13181946  0.11819764  0.13872609  0.11819764  0.13872609  0.11148011  0.15273687  0.15273687  0.18897704  0.15273687  0.00000000  0.15984356  0.15273687  0.15273687  0.14569814  0.13872609  0.15273687  0.15984356  0.11819764  0.10482334  0.15984356  0.14569814  0.33656193  0.43345905  0.43345905  0.45446899  0.41303222  0.46520323  0.43345905  0.44388906  
95_0_0     0.45446899  0.44388906  0.54507450  0.52135622  0.50977767  0.33656193  0.32753848  0.31862431  0.32753848  0.32753848  0.26729408  0.28400955  0.15273687  0.14569814  0.18158485  0.19644423  0.19644423  0.17426617  0.16701954  0.18158485  0.16701954  0.15273687  0.15984356  0.00000000  0.11148011  0.11148011  0.11819764  0.12497704  0.13872609  0.10482334  0.15984356  0.17426617  0.21931137  0.20398795  0.35494764  0.41303222  0.39315701  0.41303222  0.42317477  0.38341711  0.38341711  0.40302753  
75_0_0     0.40302753  0.41303222  0.49837844  0.49837844  0.52135622  0.35494764  0.36431564  0.33656193  0.34569738  0.34569738  0.28400955  0.28400955  0.15984356  0.15984356  0.17426617  0.15984356  0.16701954  0.13181946  0.20398795  0.20398795  0.16701954  0.15984356  0.15273687  0.11148011  0.00000000  0.00000000  0.04137110  0.03531665  0.04747576  0.04137110  0.16701954  0.15984356  0.20398795  0.17426617  0.35494764  0.41303222  0.39315701  0.43345905  0.42317477  0.39315701  0.41303222  0.39315701  
97_0_0     0.40302753  0.41303222  0.49837844  0.49837844  0.52135622  0.35494764  0.36431564  0.33656193  0.34569738  0.34569738  0.28400955  0.28400955  0.15984356  0.15984356  0.17426617  0.15984356  0.16701954  0.13181946  0.20398795  0.20398795  0.16701954  0.15984356  0.15273687  0.11148011  0.00000000  0.00000000  0.04137110  0.03531665  0.04747576  0.04137110  0.16701954  0.15984356  0.20398795  0.17426617  0.35494764  0.41303222  0.39315701  0.43345905  0.42317477  0.39315701  0.41303222  0.39315701  
76_0_0     0.39315701  0.40302753  0.47609633  0.45446899  0.48715307  0.37380441  0.36431564  0.37380441  0.38341711  0.38341711  0.30111346  0.30981681  0.13872609  0.15273687  0.16701954  0.15273687  0.15984356  0.13872609  0.15273687  0.16701954  0.16701954  0.15273687  0.14569814  0.11819764  0.04137110  0.04137110  0.00000000  0.01744653  0.02931161  0.02335516  0.15273687  0.13872609  0.19644423  0.16701954  0.33656193  0.43345905  0.41303222  0.43345905  0.42317477  0.40302753  0.42317477  0.40302753  
57_0_0     0.38341711  0.39315701  0.46520323  0.46520323  0.52135622  0.36431564  0.35494764  0.38341711  0.39315701  0.39315701  0.29251182  0.30111346  0.14569814  0.14569814  0.15984356  0.13181946  0.15273687  0.11819764  0.15984356  0.15984356  0.17426617  0.15273687  0.13872609  0.12497704  0.03531665  0.03531665  0.01744653  0.00000000  0.03531665  0.04137110  0.15273687  0.13181946  0.18897704  0.15984356  0.35494764  0.43345905  0.41303222  0.45446899  0.42317477  0.41303222  0.43345905  0.39315701  
84_0_0     0.41303222  0.42317477  0.48715307  0.46520323  0.49837844  0.36431564  0.37380441  0.36431564  0.37380441  0.37380441  0.29251182  0.31862431  0.17426617  0.18897704  0.18897704  0.17426617  0.17426617  0.14569814  0.18897704  0.18897704  0.14569814  0.13872609  0.15273687  0.13872609  0.04747576  0.04747576  0.02931161  0.03531665  0.00000000  0.02931161  0.18897704  0.15984356  0.21931137  0.18897704  0.37380441  0.44388906  0.42317477  0.42317477  0.41303222  0.42317477  0.41303222  0.40302753  
80_0_0     0.40302753  0.41303222  0.49837844  0.47609633  0.49837844  0.37380441  0.38341711  0.37380441  0.38341711  0.38341711  0.30111346  0.30111346  0.15273687  0.16701954  0.19644423  0.18158485  0.18158485  0.15273687  0.18158485  0.19644423  0.15273687  0.15273687  0.15984356  0.10482334  0.04137110  0.04137110  0.02335516  0.04137110  0.02931161  0.00000000  0.16701954  0.15273687  0.21160978  0.18158485  0.33656193  0.43345905  0.41303222  0.43345905  0.44388906  0.39315701  0.40302753  0.41303222  
59_0_0     0.42317477  0.40302753  0.54507450  0.52135622  0.52135622  0.30981681  0.31862431  0.37380441  0.38341711  0.38341711  0.27560436  0.25907658  0.11819764  0.11819764  0.13872609  0.13872609  0.13181946  0.10482334  0.17426617  0.18897704  0.18897704  0.15984356  0.11819764  0.15984356  0.16701954  0.16701954  0.15273687  0.15273687  0.18897704  0.16701954  0.00000000  0.05363147  0.10482334  0.10482334  0.30981681  0.32753848  0.32753848  0.33656193  0.32753848  0.35494764  0.38341711  0.32753848  
61_0_0     0.40302753  0.38341711  0.52135622  0.50977767  0.55722655  0.33656193  0.32753848  0.41303222  0.40302753  0.40302753  0.30111346  0.30111346  0.13872609  0.13872609  0.13872609  0.14569814  0.14569814  0.12497704  0.16701954  0.16701954  0.21160978  0.15984356  0.10482334  0.17426617  0.15984356  0.15984356  0.13872609  0.13181946  0.15984356  0.15273687  0.05363147  0.00000000  0.09822623  0.09822623  0.33656193  0.31862431  0.31862431  0.38341711  0.36431564  0.38341711  0.36431564  0.32753848  
34_0_0     0.44388906  0.42317477  0.53311982  0.54507450  0.59493497  0.32753848  0.31862431  0.39315701  0.38341711  0.38341711  0.33656193  0.31862431  0.17426617  0.16701954  0.16701954  0.15273687  0.16701954  0.13872609  0.21931137  0.21160978  0.25907658  0.21931137  0.15984356  0.21931137  0.20398795  0.20398795  0.19644423  0.18897704  0.21931137  0.21160978  0.10482334  0.09822623  0.00000000  0.02335516  0.32753848  0.33656193  0.35494764  0.37380441  0.34569738  0.37380441  0.39315701  0.30981681  
21_0_0     0.44388906  0.42317477  0.52135622  0.55722655  0.59493497  0.32753848  0.33656193  0.39315701  0.38341711  0.38341711  0.33656193  0.31862431  0.14569814  0.15273687  0.13872609  0.14569814  0.15984356  0.11148011  0.20398795  0.19644423  0.22709440  0.20398795  0.14569814  0.20398795  0.17426617  0.17426617  0.16701954  0.15984356  0.18897704  0.18158485  0.10482334  0.09822623  0.02335516  0.00000000  0.34569738  0.32753848  0.34569738  0.36431564  0.31862431  0.35494764  0.39315701  0.30981681  
26_0_0     0.47609633  0.45446899  0.49837844  0.48715307  0.64842012  0.31862431  0.32753848  0.40302753  0.41303222  0.41303222  0.35494764  0.33656193  0.30111346  0.27560436  0.30981681  0.33656193  0.30981681  0.30981681  0.32753848  0.33656193  0.36431564  0.37380441  0.33656193  0.35494764  0.35494764  0.35494764  0.33656193  0.35494764  0.37380441  0.33656193  0.30981681  0.33656193  0.32753848  0.34569738  0.00000000  0.36431564  0.30981681  0.31862431  0.28400955  0.36431564  0.36431564  0.42317477  
47_0_0     0.50977767  0.46520323  0.52135622  0.56958261  0.59493497  0.42317477  0.41303222  0.45446899  0.44388906  0.44388906  0.37380441  0.33656193  0.35494764  0.34569738  0.30981681  0.39315701  0.33656193  0.32753848  0.41303222  0.40302753  0.44388906  0.45446899  0.43345905  0.41303222  0.41303222  0.41303222  0.43345905  0.43345905  0.44388906  0.43345905  0.32753848  0.31862431  0.33656193  0.32753848  0.36431564  0.00000000  0.06609953  0.16701954  0.13872609  0.20398795  0.25094981  0.17426617  
6_0_0      0.53311982  0.50977767  0.53311982  0.58214964  0.63468007  0.44388906  0.41303222  0.43345905  0.42317477  0.42317477  0.41303222  0.33656193  0.33656193  0.34569738  0.30981681  0.39315701  0.33656193  0.32753848  0.39315701  0.39315701  0.41303222  0.43345905  0.43345905  0.39315701  0.39315701  0.39315701  0.41303222  0.41303222  0.42317477  0.41303222  0.32753848  0.31862431  0.35494764  0.34569738  0.30981681  0.06609953  0.00000000  0.17426617  0.13181946  0.21931137  0.21931137  0.18158485  
47_13_0    0.46520323  0.46520323  0.54507450  0.58214964  0.56958261  0.33656193  0.38341711  0.42317477  0.41303222  0.41303222  0.41303222  0.34569738  0.38341711  0.39315701  0.33656193  0.41303222  0.35494764  0.35494764  0.44388906  0.45446899  0.42317477  0.44388906  0.45446899  0.41303222  0.43345905  0.43345905  0.43345905  0.45446899  0.42317477  0.43345905  0.33656193  0.38341711  0.37380441  0.36431564  0.31862431  0.16701954  0.17426617  0.00000000  0.07241367  0.23496061  0.23496061  0.23496061  
6_13_0     0.52135622  0.49837844  0.50977767  0.55722655  0.58214964  0.34569738  0.37380441  0.39315701  0.38341711  0.38341711  0.43345905  0.34569738  0.36431564  0.35494764  0.30111346  0.39315701  0.35494764  0.31862431  0.42317477  0.41303222  0.43345905  0.45446899  0.41303222  0.42317477  0.42317477  0.42317477  0.42317477  0.42317477  0.41303222  0.44388906  0.32753848  0.36431564  0.34569738  0.31862431  0.28400955  0.13872609  0.13181946  0.07241367  0.00000000  0.21931137  0.20398795  0.20398795  
74_0_0     0.50977767  0.47609633  0.53311982  0.55722655  0.63468007  0.40302753  0.37380441  0.41303222  0.40302753  0.40302753  0.39315701  0.43345905  0.37380441  0.34569738  0.36431564  0.40302753  0.38341711  0.35494764  0.44388906  0.46520323  0.41303222  0.45446899  0.46520323  0.38341711  0.39315701  0.39315701  0.40302753  0.41303222  0.42317477  0.39315701  0.35494764  0.38341711  0.37380441  0.35494764  0.36431564  0.20398795  0.21931137  0.23496061  0.21931137  0.00000000  0.09168773  0.11148011  
74_14_0    0.56958261  0.53311982  0.50977767  0.50977767  0.62119183  0.37380441  0.34569738  0.40302753  0.39315701  0.39315701  0.41303222  0.37380441  0.38341711  0.38341711  0.38341711  0.40302753  0.38341711  0.39315701  0.45446899  0.45446899  0.42317477  0.47609633  0.43345905  0.38341711  0.41303222  0.41303222  0.42317477  0.43345905  0.41303222  0.40302753  0.38341711  0.36431564  0.39315701  0.39315701  0.36431564  0.25094981  0.21931137  0.23496061  0.20398795  0.09168773  0.00000000  0.14569814  
69_0_0     0.56958261  0.55722655  0.55722655  0.60794632  0.60794632  0.45446899  0.45446899  0.47609633  0.46520323  0.46520323  0.43345905  0.44388906  0.41303222  0.38341711  0.34569738  0.39315701  0.38341711  0.35494764  0.45446899  0.44388906  0.47609633  0.46520323  0.44388906  0.40302753  0.39315701  0.39315701  0.40302753  0.39315701  0.40302753  0.41303222  0.32753848  0.32753848  0.30981681  0.30981681  0.42317477  0.17426617  0.18158485  0.23496061  0.20398795  0.11148011  0.14569814  0.00000000  

