43
49_0_0     0.00000000  0.13441696  0.23196498  0.34452553  0.33522575  0.32604254  0.32604254  0.31697302  0.35394487  0.38295206  0.35394487  0.28177763  0.46643724  0.45546633  0.61276557  0.58625687  0.58625687  0.58625687  0.58625687  0.44465728  0.44465728  0.45546633  0.40294853  0.39288207  0.40294853  0.40294853  0.44465728  0.43400538  0.42350614  0.41315523  0.43400538  0.42350614  0.24003543  0.20054384  0.22398246  0.22398246  0.30801440  0.29916400  0.32604254  0.27323676  0.40294853  0.32604254  0.32604254  
38_0_0     0.13441696  0.00000000  0.21608598  0.29916400  0.33522575  0.29041924  0.30801440  0.29916400  0.30801440  0.30801440  0.29916400  0.26479431  0.38295206  0.37315483  0.61276557  0.46643724  0.47757494  0.48888457  0.50037153  0.40294853  0.42350614  0.41315523  0.40294853  0.35394487  0.34452553  0.38295206  0.42350614  0.41315523  0.40294853  0.38295206  0.43400538  0.33522575  0.21608598  0.20054384  0.25644804  0.24819577  0.30801440  0.27323676  0.29916400  0.24819577  0.35394487  0.28177763  0.29041924  
33_0_0     0.23196498  0.21608598  0.00000000  0.37315483  0.31697302  0.35394487  0.35394487  0.28177763  0.35394487  0.36348689  0.32604254  0.28177763  0.42350614  0.44465728  0.62638850  0.59939134  0.54820983  0.57335374  0.56067392  0.35394487  0.38295206  0.36348689  0.35394487  0.36348689  0.37315483  0.38295206  0.44465728  0.46643724  0.39288207  0.40294853  0.42350614  0.40294853  0.27323676  0.27323676  0.25644804  0.27323676  0.30801440  0.31697302  0.32604254  0.27323676  0.40294853  0.36348689  0.40294853  
37_0_0     0.34452553  0.29916400  0.37315483  0.00000000  0.13441696  0.13441696  0.14860466  0.20827370  0.26479431  0.26479431  0.28177763  0.26479431  0.33522575  0.36348689  0.50037153  0.54820983  0.52390029  0.54820983  0.54820983  0.38295206  0.38295206  0.38295206  0.36348689  0.32604254  0.27323676  0.30801440  0.42350614  0.40294853  0.33522575  0.30801440  0.36348689  0.26479431  0.26479431  0.23196498  0.27323676  0.26479431  0.33522575  0.30801440  0.31697302  0.30801440  0.37315483  0.32604254  0.32604254  
3_0_0      0.33522575  0.33522575  0.31697302  0.13441696  0.00000000  0.09343144  0.09343144  0.22398246  0.24003543  0.27323676  0.25644804  0.22398246  0.36348689  0.32604254  0.53595424  0.53595424  0.52390029  0.52390029  0.51204146  0.34452553  0.32604254  0.34452553  0.35394487  0.30801440  0.28177763  0.30801440  0.43400538  0.44465728  0.27323676  0.26479431  0.35394487  0.24819577  0.27323676  0.22398246  0.28177763  0.29916400  0.29916400  0.28177763  0.33522575  0.29916400  0.36348689  0.32604254  0.29916400  
42_0_0     0.32604254  0.29041924  0.35394487  0.13441696  0.09343144  0.00000000  0.01179027  0.22398246  0.24819577  0.24819577  0.26479431  0.21608598  0.29916400  0.34452553  0.58625687  0.48888457  0.48888457  0.50037153  0.48888457  0.31697302  0.35394487  0.28177763  0.29041924  0.27323676  0.26479431  0.25644804  0.41315523  0.42350614  0.28177763  0.27323676  0.35394487  0.20054384  0.25644804  0.22398246  0.27323676  0.25644804  0.31697302  0.28177763  0.29041924  0.29916400  0.35394487  0.29916400  0.29041924  
36_0_0     0.32604254  0.30801440  0.35394487  0.14860466  0.09343144  0.01179027  0.00000000  0.20827370  0.23196498  0.24819577  0.26479431  0.20054384  0.29041924  0.33522575  0.59939134  0.50037153  0.48888457  0.51204146  0.50037153  0.32604254  0.36348689  0.29041924  0.29916400  0.28177763  0.27323676  0.25644804  0.42350614  0.43400538  0.29041924  0.28177763  0.35394487  0.19289469  0.25644804  0.24003543  0.27323676  0.25644804  0.31697302  0.29916400  0.30801440  0.29916400  0.35394487  0.29916400  0.29041924  
58_0_0     0.31697302  0.29916400  0.28177763  0.20827370  0.22398246  0.22398246  0.20827370  0.00000000  0.14147647  0.13441696  0.16307254  0.10684013  0.31697302  0.34452553  0.43400538  0.46643724  0.46643724  0.45546633  0.42350614  0.33522575  0.37315483  0.33522575  0.29916400  0.29041924  0.24819577  0.24003543  0.42350614  0.40294853  0.29916400  0.29916400  0.30801440  0.20827370  0.24003543  0.26479431  0.26479431  0.27323676  0.28177763  0.29041924  0.29916400  0.27323676  0.39288207  0.37315483  0.34452553  
2_0_0      0.35394487  0.30801440  0.35394487  0.26479431  0.24003543  0.24819577  0.23196498  0.14147647  0.00000000  0.02983925  0.04834414  0.16307254  0.36348689  0.34452553  0.53595424  0.52390029  0.50037153  0.48888457  0.45546633  0.39288207  0.37315483  0.38295206  0.40294853  0.37315483  0.28177763  0.29916400  0.41315523  0.42350614  0.37315483  0.36348689  0.36348689  0.29916400  0.25644804  0.23196498  0.30801440  0.32604254  0.37315483  0.34452553  0.32604254  0.29916400  0.41315523  0.41315523  0.38295206  
23_0_0     0.38295206  0.30801440  0.36348689  0.26479431  0.27323676  0.24819577  0.24819577  0.13441696  0.02983925  0.00000000  0.07376760  0.17783189  0.36348689  0.34452553  0.51204146  0.47757494  0.46643724  0.46643724  0.43400538  0.36348689  0.36348689  0.37315483  0.39288207  0.34452553  0.31697302  0.29041924  0.43400538  0.42350614  0.37315483  0.38295206  0.37315483  0.29916400  0.23196498  0.22398246  0.34452553  0.33522575  0.36348689  0.31697302  0.29916400  0.29916400  0.40294853  0.40294853  0.39288207  
10_0_0     0.35394487  0.29916400  0.32604254  0.28177763  0.25644804  0.26479431  0.26479431  0.16307254  0.04834414  0.07376760  0.00000000  0.15580289  0.36348689  0.33522575  0.52390029  0.46643724  0.48888457  0.47757494  0.46643724  0.35394487  0.35394487  0.34452553  0.36348689  0.33522575  0.29041924  0.29041924  0.42350614  0.42350614  0.35394487  0.36348689  0.37315483  0.32604254  0.29916400  0.26479431  0.35394487  0.35394487  0.34452553  0.32604254  0.30801440  0.30801440  0.42350614  0.42350614  0.40294853  
20_0_0     0.28177763  0.26479431  0.28177763  0.26479431  0.22398246  0.21608598  0.20054384  0.10684013  0.16307254  0.17783189  0.15580289  0.00000000  0.32604254  0.34452553  0.51204146  0.41315523  0.41315523  0.42350614  0.43400538  0.29916400  0.31697302  0.31697302  0.28177763  0.29041924  0.23196498  0.29041924  0.35394487  0.35394487  0.30801440  0.31697302  0.36348689  0.21608598  0.24003543  0.29916400  0.28177763  0.29916400  0.28177763  0.27323676  0.29041924  0.25644804  0.36348689  0.35394487  0.36348689  
28_2_0     0.46643724  0.38295206  0.42350614  0.33522575  0.36348689  0.29916400  0.29041924  0.31697302  0.36348689  0.36348689  0.36348689  0.32604254  0.00000000  0.13441696  0.40294853  0.35394487  0.32604254  0.37315483  0.34452553  0.27323676  0.29916400  0.26479431  0.24003543  0.26479431  0.23196498  0.20827370  0.41315523  0.36348689  0.29041924  0.27323676  0.44465728  0.19289469  0.30801440  0.37315483  0.39288207  0.36348689  0.39288207  0.42350614  0.35394487  0.38295206  0.40294853  0.36348689  0.37315483  
18_2_0     0.45546633  0.37315483  0.44465728  0.36348689  0.32604254  0.34452553  0.33522575  0.34452553  0.34452553  0.34452553  0.33522575  0.34452553  0.13441696  0.00000000  0.37315483  0.38295206  0.35394487  0.34452553  0.33522575  0.28177763  0.27323676  0.27323676  0.28177763  0.27323676  0.24819577  0.22398246  0.43400538  0.37315483  0.21608598  0.22398246  0.39288207  0.22398246  0.32604254  0.29916400  0.38295206  0.36348689  0.36348689  0.39288207  0.35394487  0.37315483  0.42350614  0.38295206  0.37315483  
5_2_0      0.61276557  0.61276557  0.62638850  0.50037153  0.53595424  0.58625687  0.59939134  0.43400538  0.53595424  0.51204146  0.52390029  0.51204146  0.40294853  0.37315483  0.00000000  0.17041505  0.17041505  0.13441696  0.14147647  0.44465728  0.43400538  0.48888457  0.43400538  0.41315523  0.40294853  0.41315523  0.51204146  0.44465728  0.44465728  0.45546633  0.46643724  0.39288207  0.47757494  0.48888457  0.50037153  0.46643724  0.51204146  0.54820983  0.45546633  0.48888457  0.58625687  0.65441868  0.61276557  
56_2_0     0.58625687  0.46643724  0.59939134  0.54820983  0.53595424  0.48888457  0.50037153  0.46643724  0.52390029  0.47757494  0.46643724  0.41315523  0.35394487  0.38295206  0.17041505  0.00000000  0.08026375  0.07376760  0.10684013  0.36348689  0.37315483  0.40294853  0.39288207  0.37315483  0.39288207  0.34452553  0.44465728  0.42350614  0.38295206  0.39288207  0.50037153  0.34452553  0.50037153  0.54820983  0.53595424  0.51204146  0.51204146  0.54820983  0.50037153  0.50037153  0.53595424  0.57335374  0.56067392  
25_2_0     0.58625687  0.47757494  0.54820983  0.52390029  0.52390029  0.48888457  0.48888457  0.46643724  0.50037153  0.46643724  0.48888457  0.41315523  0.32604254  0.35394487  0.17041505  0.08026375  0.00000000  0.04212376  0.07376760  0.38295206  0.38295206  0.39288207  0.40294853  0.38295206  0.40294853  0.37315483  0.40294853  0.36348689  0.34452553  0.35394487  0.52390029  0.29041924  0.42350614  0.50037153  0.47757494  0.44465728  0.50037153  0.56067392  0.50037153  0.46643724  0.48888457  0.56067392  0.57335374  
26_2_0     0.58625687  0.48888457  0.57335374  0.54820983  0.52390029  0.50037153  0.51204146  0.45546633  0.48888457  0.46643724  0.47757494  0.42350614  0.37315483  0.34452553  0.13441696  0.07376760  0.04212376  0.00000000  0.02983925  0.42350614  0.39288207  0.40294853  0.41315523  0.41315523  0.39288207  0.39288207  0.40294853  0.36348689  0.34452553  0.35394487  0.47757494  0.30801440  0.45546633  0.46643724  0.45546633  0.42350614  0.53595424  0.54820983  0.44465728  0.44465728  0.52390029  0.57335374  0.61276557  
32_2_0     0.58625687  0.50037153  0.56067392  0.54820983  0.51204146  0.48888457  0.50037153  0.42350614  0.45546633  0.43400538  0.46643724  0.43400538  0.34452553  0.33522575  0.14147647  0.10684013  0.07376760  0.02983925  0.00000000  0.43400538  0.40294853  0.39288207  0.40294853  0.40294853  0.36348689  0.36348689  0.40294853  0.36348689  0.35394487  0.36348689  0.46643724  0.29916400  0.44465728  0.45546633  0.44465728  0.41315523  0.54820983  0.56067392  0.43400538  0.45546633  0.51204146  0.58625687  0.62638850  
56_0_0     0.44465728  0.40294853  0.35394487  0.38295206  0.34452553  0.31697302  0.32604254  0.33522575  0.39288207  0.36348689  0.35394487  0.29916400  0.27323676  0.28177763  0.44465728  0.36348689  0.38295206  0.42350614  0.43400538  0.00000000  0.07376760  0.06732855  0.04834414  0.05461777  0.23196498  0.23196498  0.35394487  0.34452553  0.20827370  0.21608598  0.34452553  0.21608598  0.35394487  0.38295206  0.46643724  0.41315523  0.40294853  0.40294853  0.38295206  0.40294853  0.44465728  0.44465728  0.40294853  
5_0_0      0.44465728  0.42350614  0.38295206  0.38295206  0.32604254  0.35394487  0.36348689  0.37315483  0.37315483  0.36348689  0.35394487  0.31697302  0.29916400  0.27323676  0.43400538  0.37315483  0.38295206  0.39288207  0.40294853  0.07376760  0.00000000  0.10684013  0.08681801  0.09343144  0.17783189  0.20054384  0.32604254  0.33522575  0.18532458  0.20827370  0.34452553  0.22398246  0.35394487  0.36348689  0.44465728  0.41315523  0.40294853  0.44465728  0.37315483  0.41315523  0.45546633  0.41315523  0.39288207  
25_0_0     0.45546633  0.41315523  0.36348689  0.38295206  0.34452553  0.28177763  0.29041924  0.33522575  0.38295206  0.37315483  0.34452553  0.31697302  0.26479431  0.27323676  0.48888457  0.40294853  0.39288207  0.40294853  0.39288207  0.06732855  0.10684013  0.00000000  0.04212376  0.06094560  0.20827370  0.20054384  0.30801440  0.32604254  0.17041505  0.19289469  0.36348689  0.20827370  0.36348689  0.37315483  0.43400538  0.38295206  0.42350614  0.40294853  0.35394487  0.41315523  0.46643724  0.40294853  0.40294853  
32_0_0     0.40294853  0.40294853  0.35394487  0.36348689  0.35394487  0.29041924  0.29916400  0.29916400  0.40294853  0.39288207  0.36348689  0.28177763  0.24003543  0.28177763  0.43400538  0.39288207  0.40294853  0.41315523  0.40294853  0.04834414  0.08681801  0.04212376  0.00000000  0.04212376  0.20054384  0.19289469  0.32604254  0.32604254  0.19289469  0.21608598  0.32604254  0.20054384  0.35394487  0.38295206  0.42350614  0.37315483  0.39288207  0.39288207  0.32604254  0.38295206  0.47757494  0.39288207  0.37315483  
26_0_0     0.39288207  0.35394487  0.36348689  0.32604254  0.30801440  0.27323676  0.28177763  0.29041924  0.37315483  0.34452553  0.33522575  0.29041924  0.26479431  0.27323676  0.41315523  0.37315483  0.38295206  0.41315523  0.40294853  0.05461777  0.09343144  0.06094560  0.04212376  0.00000000  0.19289469  0.17783189  0.34452553  0.31697302  0.20054384  0.22398246  0.29041924  0.19289469  0.30801440  0.35394487  0.41315523  0.36348689  0.37315483  0.37315483  0.33522575  0.35394487  0.42350614  0.38295206  0.34452553  
18_0_0     0.40294853  0.34452553  0.37315483  0.27323676  0.28177763  0.26479431  0.27323676  0.24819577  0.28177763  0.31697302  0.29041924  0.23196498  0.23196498  0.24819577  0.40294853  0.39288207  0.40294853  0.39288207  0.36348689  0.23196498  0.17783189  0.20827370  0.20054384  0.19289469  0.00000000  0.08681801  0.30801440  0.29916400  0.17041505  0.17783189  0.27323676  0.13441696  0.27323676  0.29916400  0.30801440  0.32604254  0.34452553  0.36348689  0.35394487  0.38295206  0.38295206  0.34452553  0.34452553  
28_0_0     0.40294853  0.38295206  0.38295206  0.30801440  0.30801440  0.25644804  0.25644804  0.24003543  0.29916400  0.29041924  0.29041924  0.29041924  0.20827370  0.22398246  0.41315523  0.34452553  0.37315483  0.39288207  0.36348689  0.23196498  0.20054384  0.20054384  0.19289469  0.17783189  0.08681801  0.00000000  0.35394487  0.32604254  0.16307254  0.19289469  0.28177763  0.15580289  0.29916400  0.30801440  0.35394487  0.35394487  0.32604254  0.39288207  0.40294853  0.42350614  0.43400538  0.34452553  0.33522575  
7_0_0      0.44465728  0.42350614  0.44465728  0.42350614  0.43400538  0.41315523  0.42350614  0.42350614  0.41315523  0.43400538  0.42350614  0.35394487  0.41315523  0.43400538  0.51204146  0.44465728  0.40294853  0.40294853  0.40294853  0.35394487  0.32604254  0.30801440  0.32604254  0.34452553  0.30801440  0.35394487  0.00000000  0.05461777  0.27323676  0.26479431  0.38295206  0.31697302  0.38295206  0.37315483  0.41315523  0.38295206  0.47757494  0.45546633  0.41315523  0.38295206  0.43400538  0.43400538  0.48888457  
11_0_0     0.43400538  0.41315523  0.46643724  0.40294853  0.44465728  0.42350614  0.43400538  0.40294853  0.42350614  0.42350614  0.42350614  0.35394487  0.36348689  0.37315483  0.44465728  0.42350614  0.36348689  0.36348689  0.36348689  0.34452553  0.33522575  0.32604254  0.32604254  0.31697302  0.29916400  0.32604254  0.05461777  0.00000000  0.28177763  0.29041924  0.37315483  0.27323676  0.35394487  0.36348689  0.41315523  0.38295206  0.46643724  0.44465728  0.41315523  0.37315483  0.43400538  0.45546633  0.51204146  
54_0_0     0.42350614  0.40294853  0.39288207  0.33522575  0.27323676  0.28177763  0.29041924  0.29916400  0.37315483  0.37315483  0.35394487  0.30801440  0.29041924  0.21608598  0.44465728  0.38295206  0.34452553  0.34452553  0.35394487  0.20827370  0.18532458  0.17041505  0.19289469  0.20054384  0.17041505  0.16307254  0.27323676  0.28177763  0.00000000  0.02983925  0.28177763  0.13441696  0.32604254  0.29916400  0.30801440  0.29916400  0.38295206  0.41315523  0.33522575  0.34452553  0.44465728  0.36348689  0.36348689  
34_0_0     0.41315523  0.38295206  0.40294853  0.30801440  0.26479431  0.27323676  0.28177763  0.29916400  0.36348689  0.38295206  0.36348689  0.31697302  0.27323676  0.22398246  0.45546633  0.39288207  0.35394487  0.35394487  0.36348689  0.21608598  0.20827370  0.19289469  0.21608598  0.22398246  0.17783189  0.19289469  0.26479431  0.29041924  0.02983925  0.00000000  0.29041924  0.12742483  0.32604254  0.29041924  0.29041924  0.28177763  0.41315523  0.42350614  0.35394487  0.34452553  0.43400538  0.38295206  0.36348689  
50_0_0     0.43400538  0.43400538  0.42350614  0.36348689  0.35394487  0.35394487  0.35394487  0.30801440  0.36348689  0.37315483  0.37315483  0.36348689  0.44465728  0.39288207  0.46643724  0.50037153  0.52390029  0.47757494  0.46643724  0.34452553  0.34452553  0.36348689  0.32604254  0.29041924  0.27323676  0.28177763  0.38295206  0.37315483  0.28177763  0.29041924  0.00000000  0.26479431  0.34452553  0.35394487  0.38295206  0.38295206  0.36348689  0.36348689  0.36348689  0.35394487  0.43400538  0.47757494  0.45546633  
9_0_0      0.42350614  0.33522575  0.40294853  0.26479431  0.24819577  0.20054384  0.19289469  0.20827370  0.29916400  0.29916400  0.32604254  0.21608598  0.19289469  0.22398246  0.39288207  0.34452553  0.29041924  0.30801440  0.29916400  0.21608598  0.22398246  0.20827370  0.20054384  0.19289469  0.13441696  0.15580289  0.31697302  0.27323676  0.13441696  0.12742483  0.26479431  0.00000000  0.32604254  0.33522575  0.32604254  0.30801440  0.37315483  0.37315483  0.30801440  0.29041924  0.35394487  0.37315483  0.35394487  
48_0_0     0.24003543  0.21608598  0.27323676  0.26479431  0.27323676  0.25644804  0.25644804  0.24003543  0.25644804  0.23196498  0.29916400  0.24003543  0.30801440  0.32604254  0.47757494  0.50037153  0.42350614  0.45546633  0.44465728  0.35394487  0.35394487  0.36348689  0.35394487  0.30801440  0.27323676  0.29916400  0.38295206  0.35394487  0.32604254  0.32604254  0.34452553  0.32604254  0.00000000  0.07376760  0.15580289  0.14147647  0.20054384  0.21608598  0.24003543  0.22398246  0.26479431  0.22398246  0.22398246  
64_0_0     0.20054384  0.20054384  0.27323676  0.23196498  0.22398246  0.22398246  0.24003543  0.26479431  0.23196498  0.22398246  0.26479431  0.29916400  0.37315483  0.29916400  0.48888457  0.54820983  0.50037153  0.46643724  0.45546633  0.38295206  0.36348689  0.37315483  0.38295206  0.35394487  0.29916400  0.30801440  0.37315483  0.36348689  0.29916400  0.29041924  0.35394487  0.33522575  0.07376760  0.00000000  0.12742483  0.11363764  0.22398246  0.20827370  0.23196498  0.20827370  0.27323676  0.22398246  0.22398246  
61_0_0     0.22398246  0.25644804  0.25644804  0.27323676  0.28177763  0.27323676  0.27323676  0.26479431  0.30801440  0.34452553  0.35394487  0.28177763  0.39288207  0.38295206  0.50037153  0.53595424  0.47757494  0.45546633  0.44465728  0.46643724  0.44465728  0.43400538  0.42350614  0.41315523  0.30801440  0.35394487  0.41315523  0.41315523  0.30801440  0.29041924  0.38295206  0.32604254  0.15580289  0.12742483  0.00000000  0.03595576  0.25644804  0.25644804  0.26479431  0.22398246  0.31697302  0.28177763  0.29041924  
12_0_0     0.22398246  0.24819577  0.27323676  0.26479431  0.29916400  0.25644804  0.25644804  0.27323676  0.32604254  0.33522575  0.35394487  0.29916400  0.36348689  0.36348689  0.46643724  0.51204146  0.44465728  0.42350614  0.41315523  0.41315523  0.41315523  0.38295206  0.37315483  0.36348689  0.32604254  0.35394487  0.38295206  0.38295206  0.29916400  0.28177763  0.38295206  0.30801440  0.14147647  0.11363764  0.03595576  0.00000000  0.27323676  0.25644804  0.23196498  0.20054384  0.30801440  0.25644804  0.29041924  
19_0_0     0.30801440  0.30801440  0.30801440  0.33522575  0.29916400  0.31697302  0.31697302  0.28177763  0.37315483  0.36348689  0.34452553  0.28177763  0.39288207  0.36348689  0.51204146  0.51204146  0.50037153  0.53595424  0.54820983  0.40294853  0.40294853  0.42350614  0.39288207  0.37315483  0.34452553  0.32604254  0.47757494  0.46643724  0.38295206  0.41315523  0.36348689  0.37315483  0.20054384  0.22398246  0.25644804  0.27323676  0.00000000  0.04834414  0.32604254  0.32604254  0.36348689  0.30801440  0.28177763  
22_0_0     0.29916400  0.27323676  0.31697302  0.30801440  0.28177763  0.28177763  0.29916400  0.29041924  0.34452553  0.31697302  0.32604254  0.27323676  0.42350614  0.39288207  0.54820983  0.54820983  0.56067392  0.54820983  0.56067392  0.40294853  0.44465728  0.40294853  0.39288207  0.37315483  0.36348689  0.39288207  0.45546633  0.44465728  0.41315523  0.42350614  0.36348689  0.37315483  0.21608598  0.20827370  0.25644804  0.25644804  0.04834414  0.00000000  0.30801440  0.29916400  0.38295206  0.32604254  0.31697302  
27_1_0     0.32604254  0.29916400  0.32604254  0.31697302  0.33522575  0.29041924  0.30801440  0.29916400  0.32604254  0.29916400  0.30801440  0.29041924  0.35394487  0.35394487  0.45546633  0.50037153  0.50037153  0.44465728  0.43400538  0.38295206  0.37315483  0.35394487  0.32604254  0.33522575  0.35394487  0.40294853  0.41315523  0.41315523  0.33522575  0.35394487  0.36348689  0.30801440  0.24003543  0.23196498  0.26479431  0.23196498  0.32604254  0.30801440  0.00000000  0.12049880  0.32604254  0.26479431  0.33522575  
27_0_0     0.27323676  0.24819577  0.27323676  0.30801440  0.29916400  0.29916400  0.29916400  0.27323676  0.29916400  0.29916400  0.30801440  0.25644804  0.38295206  0.37315483  0.48888457  0.50037153  0.46643724  0.44465728  0.45546633  0.40294853  0.41315523  0.41315523  0.38295206  0.35394487  0.38295206  0.42350614  0.38295206  0.37315483  0.34452553  0.34452553  0.35394487  0.29041924  0.22398246  0.20827370  0.22398246  0.20054384  0.32604254  0.29916400  0.12049880  0.00000000  0.33522575  0.28177763  0.30801440  
14_0_0     0.40294853  0.35394487  0.40294853  0.37315483  0.36348689  0.35394487  0.35394487  0.39288207  0.41315523  0.40294853  0.42350614  0.36348689  0.40294853  0.42350614  0.58625687  0.53595424  0.48888457  0.52390029  0.51204146  0.44465728  0.45546633  0.46643724  0.47757494  0.42350614  0.38295206  0.43400538  0.43400538  0.43400538  0.44465728  0.43400538  0.43400538  0.35394487  0.26479431  0.27323676  0.31697302  0.30801440  0.36348689  0.38295206  0.32604254  0.33522575  0.00000000  0.20827370  0.22398246  
4_0_0      0.32604254  0.28177763  0.36348689  0.32604254  0.32604254  0.29916400  0.29916400  0.37315483  0.41315523  0.40294853  0.42350614  0.35394487  0.36348689  0.38295206  0.65441868  0.57335374  0.56067392  0.57335374  0.58625687  0.44465728  0.41315523  0.40294853  0.39288207  0.38295206  0.34452553  0.34452553  0.43400538  0.45546633  0.36348689  0.38295206  0.47757494  0.37315483  0.22398246  0.22398246  0.28177763  0.25644804  0.30801440  0.32604254  0.26479431  0.28177763  0.20827370  0.00000000  0.06094560  
45_0_0     0.32604254  0.29041924  0.40294853  0.32604254  0.29916400  0.29041924  0.29041924  0.34452553  0.38295206  0.39288207  0.40294853  0.36348689  0.37315483  0.37315483  0.61276557  0.56067392  0.57335374  0.61276557  0.62638850  0.40294853  0.39288207  0.40294853  0.37315483  0.34452553  0.34452553  0.33522575  0.48888457  0.51204146  0.36348689  0.36348689  0.45546633  0.35394487  0.22398246  0.22398246  0.29041924  0.29041924  0.28177763  0.31697302  0.33522575  0.30801440  0.22398246  0.06094560  0.00000000  

