35
5_11_0     0.00000000  0.02102335  0.02102335  0.01571084  0.01571084  0.03176503  0.04266610  0.02102335  0.02637456  0.14250268  0.16162078  0.15519264  0.14882026  0.16162078  0.15519264  0.21517707  0.21517707  0.20826510  0.20141755  0.19463323  0.19463323  0.20141755  0.20141755  0.20141755  0.18791100  0.18791100  0.20826510  0.21517707  0.18791100  0.18791100  0.18791100  0.20826510  0.21517707  0.20826510  0.20826510  
6_11_0     0.02102335  0.00000000  0.01043648  0.01571084  0.01571084  0.05373136  0.05373136  0.04266610  0.04817789  0.14250268  0.16162078  0.15519264  0.14250268  0.14882026  0.14250268  0.22919923  0.22919923  0.22215470  0.21517707  0.20826510  0.21517707  0.21517707  0.21517707  0.21517707  0.20141755  0.20141755  0.22215470  0.22919923  0.20826510  0.20141755  0.20141755  0.21517707  0.21517707  0.21517707  0.21517707  
11_11_0    0.02102335  0.01043648  0.00000000  0.01571084  0.01571084  0.05373136  0.05373136  0.04266610  0.04817789  0.14250268  0.16162078  0.15519264  0.15519264  0.14882026  0.14250268  0.22919923  0.22919923  0.20826510  0.20141755  0.19463323  0.20141755  0.20141755  0.21517707  0.21517707  0.18791100  0.18791100  0.22215470  0.22919923  0.20826510  0.20141755  0.20141755  0.20141755  0.20141755  0.20141755  0.20141755  
17_11_0    0.01571084  0.01571084  0.01571084  0.00000000  0.00000000  0.04266610  0.04266610  0.03176503  0.03719534  0.13623897  0.16810566  0.15519264  0.14882026  0.14882026  0.14250268  0.22215470  0.22215470  0.20141755  0.20826510  0.20141755  0.21517707  0.22215470  0.22215470  0.22215470  0.19463323  0.20826510  0.22215470  0.22919923  0.20826510  0.20826510  0.18124971  0.21517707  0.22215470  0.20141755  0.20141755  
14_11_0    0.01571084  0.01571084  0.01571084  0.00000000  0.00000000  0.04266610  0.04266610  0.03176503  0.03719534  0.13623897  0.16810566  0.15519264  0.14882026  0.14882026  0.14250268  0.22215470  0.22215470  0.20141755  0.20826510  0.20141755  0.21517707  0.22215470  0.22215470  0.22215470  0.19463323  0.20826510  0.22215470  0.22919923  0.20826510  0.20826510  0.18124971  0.21517707  0.22215470  0.20141755  0.20141755  
14_16_0    0.03176503  0.05373136  0.05373136  0.04266610  0.04266610  0.00000000  0.02102335  0.01043648  0.01571084  0.13623897  0.17464829  0.16162078  0.15519264  0.18124971  0.17464829  0.20141755  0.20141755  0.18791100  0.18791100  0.19463323  0.23631197  0.24349425  0.24349425  0.22919923  0.19463323  0.21517707  0.21517707  0.22215470  0.21517707  0.21517707  0.18791100  0.20826510  0.21517707  0.20141755  0.20141755  
17_16_0    0.04266610  0.05373136  0.05373136  0.04266610  0.04266610  0.02102335  0.00000000  0.02102335  0.02637456  0.11170488  0.16162078  0.16162078  0.15519264  0.15519264  0.16162078  0.18791100  0.20141755  0.17464829  0.17464829  0.18124971  0.22215470  0.22919923  0.22919923  0.22919923  0.20826510  0.21517707  0.21517707  0.22215470  0.20141755  0.20141755  0.17464829  0.19463323  0.20141755  0.18791100  0.18791100  
11_16_0    0.02102335  0.04266610  0.04266610  0.03176503  0.03176503  0.01043648  0.02102335  0.00000000  0.00519971  0.12386951  0.17464829  0.14882026  0.14250268  0.16810566  0.16162078  0.20141755  0.20141755  0.18791100  0.18791100  0.19463323  0.22215470  0.22919923  0.22919923  0.21517707  0.19463323  0.20141755  0.21517707  0.22215470  0.20141755  0.20141755  0.18124971  0.20141755  0.20826510  0.19463323  0.19463323  
6_16_0     0.02637456  0.04817789  0.04817789  0.03719534  0.03719534  0.01571084  0.02637456  0.00519971  0.00000000  0.13002821  0.16810566  0.14250268  0.13623897  0.16162078  0.15519264  0.20141755  0.20141755  0.18791100  0.18791100  0.19463323  0.22215470  0.22919923  0.22919923  0.21517707  0.19463323  0.20141755  0.21517707  0.22215470  0.20141755  0.20141755  0.18791100  0.20141755  0.20826510  0.19463323  0.20141755  
5_14_0     0.14250268  0.14250268  0.14250268  0.13623897  0.13623897  0.13623897  0.11170488  0.12386951  0.13002821  0.00000000  0.14882026  0.12386951  0.11170488  0.11776202  0.11776202  0.19463323  0.22919923  0.20141755  0.20826510  0.23631197  0.18791100  0.20141755  0.18124971  0.17464829  0.20141755  0.19463323  0.18791100  0.19463323  0.14882026  0.15519264  0.15519264  0.18124971  0.19463323  0.18124971  0.18124971  
5_0_0      0.16162078  0.16162078  0.16162078  0.16810566  0.16810566  0.17464829  0.16162078  0.17464829  0.16810566  0.14882026  0.00000000  0.05932712  0.08796373  0.05932712  0.05373136  0.18791100  0.18124971  0.17464829  0.17464829  0.17464829  0.15519264  0.15519264  0.14250268  0.14882026  0.18124971  0.16810566  0.17464829  0.18124971  0.14250268  0.13623897  0.19463323  0.18124971  0.18124971  0.20826510  0.21517707  
17_0_0     0.15519264  0.15519264  0.15519264  0.15519264  0.15519264  0.16162078  0.16162078  0.14882026  0.14250268  0.12386951  0.05932712  0.00000000  0.02637456  0.02102335  0.01571084  0.21517707  0.20826510  0.15519264  0.16162078  0.17464829  0.17464829  0.17464829  0.14882026  0.15519264  0.16810566  0.16162078  0.17464829  0.18124971  0.15519264  0.14882026  0.19463323  0.18124971  0.16810566  0.18791100  0.19463323  
14_0_0     0.14882026  0.14250268  0.15519264  0.14882026  0.14882026  0.15519264  0.15519264  0.14250268  0.13623897  0.11170488  0.08796373  0.02637456  0.00000000  0.04817789  0.04266610  0.21517707  0.20826510  0.15519264  0.16810566  0.17464829  0.16810566  0.18124971  0.15519264  0.16162078  0.18124971  0.17464829  0.18124971  0.18791100  0.14882026  0.15519264  0.18124971  0.18791100  0.18124971  0.17464829  0.18124971  
11_0_0     0.16162078  0.14882026  0.14882026  0.14882026  0.14882026  0.18124971  0.15519264  0.16810566  0.16162078  0.11776202  0.05932712  0.02102335  0.04817789  0.00000000  0.01571084  0.22215470  0.20826510  0.16162078  0.16810566  0.16162078  0.16810566  0.16810566  0.14250268  0.15519264  0.18124971  0.17464829  0.19463323  0.19463323  0.16162078  0.15519264  0.18124971  0.18791100  0.17464829  0.19463323  0.20141755  
6_0_0      0.15519264  0.14250268  0.14250268  0.14250268  0.14250268  0.17464829  0.16162078  0.16162078  0.15519264  0.11776202  0.05373136  0.01571084  0.04266610  0.01571084  0.00000000  0.20826510  0.20141755  0.16162078  0.16810566  0.16810566  0.18124971  0.18124971  0.15519264  0.16162078  0.18124971  0.17464829  0.18124971  0.18791100  0.16162078  0.15519264  0.20141755  0.17464829  0.17464829  0.18124971  0.18791100  
11_13_0    0.21517707  0.22919923  0.22919923  0.22215470  0.22215470  0.20141755  0.18791100  0.20141755  0.20141755  0.19463323  0.18791100  0.21517707  0.21517707  0.22215470  0.20826510  0.00000000  0.03176503  0.06496584  0.05932712  0.08214641  0.20826510  0.20141755  0.20141755  0.20141755  0.20826510  0.19463323  0.16162078  0.18124971  0.18791100  0.18791100  0.21517707  0.18791100  0.18791100  0.21517707  0.22919923  
6_13_0     0.21517707  0.22919923  0.22919923  0.22215470  0.22215470  0.20141755  0.20141755  0.20141755  0.20141755  0.22919923  0.18124971  0.20826510  0.20826510  0.20826510  0.20141755  0.03176503  0.00000000  0.06496584  0.05932712  0.07064817  0.22215470  0.21517707  0.21517707  0.18791100  0.19463323  0.19463323  0.18791100  0.19463323  0.19463323  0.19463323  0.19463323  0.18791100  0.19463323  0.21517707  0.22919923  
14_13_0    0.20826510  0.22215470  0.20826510  0.20141755  0.20141755  0.18791100  0.17464829  0.18791100  0.18791100  0.20141755  0.17464829  0.15519264  0.15519264  0.16162078  0.16162078  0.06496584  0.06496584  0.00000000  0.01571084  0.04266610  0.17464829  0.18124971  0.18124971  0.19463323  0.18791100  0.18791100  0.18124971  0.19463323  0.18124971  0.18124971  0.18124971  0.16162078  0.14882026  0.16162078  0.17464829  
17_13_0    0.20141755  0.21517707  0.20141755  0.20826510  0.20826510  0.18791100  0.17464829  0.18791100  0.18791100  0.20826510  0.17464829  0.16162078  0.16810566  0.16810566  0.16810566  0.05932712  0.05932712  0.01571084  0.00000000  0.04266610  0.18124971  0.18791100  0.18791100  0.20141755  0.18791100  0.17464829  0.18791100  0.20141755  0.18791100  0.18791100  0.19463323  0.15519264  0.14250268  0.16810566  0.18124971  
5_13_0     0.19463323  0.20826510  0.19463323  0.20141755  0.20141755  0.19463323  0.18124971  0.19463323  0.19463323  0.23631197  0.17464829  0.17464829  0.17464829  0.16162078  0.16810566  0.08214641  0.07064817  0.04266610  0.04266610  0.00000000  0.18124971  0.17464829  0.18791100  0.20141755  0.19463323  0.18124971  0.18124971  0.18791100  0.20826510  0.20826510  0.20141755  0.18791100  0.18124971  0.20141755  0.21517707  
1_7_0      0.19463323  0.21517707  0.20141755  0.21517707  0.21517707  0.23631197  0.22215470  0.22215470  0.22215470  0.18791100  0.15519264  0.17464829  0.16810566  0.16810566  0.18124971  0.20826510  0.22215470  0.17464829  0.18124971  0.18124971  0.00000000  0.01043648  0.03176503  0.05373136  0.08796373  0.06496584  0.07637479  0.08796373  0.04266610  0.04817789  0.17464829  0.16162078  0.14882026  0.18124971  0.19463323  
2_7_0      0.20141755  0.21517707  0.20141755  0.22215470  0.22215470  0.24349425  0.22919923  0.22919923  0.22919923  0.20141755  0.15519264  0.17464829  0.18124971  0.16810566  0.18124971  0.20141755  0.21517707  0.18124971  0.18791100  0.17464829  0.01043648  0.00000000  0.03176503  0.05373136  0.07637479  0.05373136  0.06496584  0.08214641  0.05373136  0.04817789  0.18124971  0.16810566  0.14882026  0.19463323  0.20826510  
1_5_0      0.20141755  0.21517707  0.21517707  0.22215470  0.22215470  0.24349425  0.22919923  0.22919923  0.22919923  0.18124971  0.14250268  0.14882026  0.15519264  0.14250268  0.15519264  0.20141755  0.21517707  0.18124971  0.18791100  0.18791100  0.03176503  0.03176503  0.00000000  0.02102335  0.09973841  0.07637479  0.07637479  0.08796373  0.05373136  0.04817789  0.16162078  0.16162078  0.14250268  0.18791100  0.20141755  
2_5_0      0.20141755  0.21517707  0.21517707  0.22215470  0.22215470  0.22919923  0.22919923  0.21517707  0.21517707  0.17464829  0.14882026  0.15519264  0.16162078  0.15519264  0.16162078  0.20141755  0.18791100  0.19463323  0.20141755  0.20141755  0.05373136  0.05373136  0.02102335  0.00000000  0.08214641  0.07064817  0.07637479  0.07637479  0.04817789  0.04266610  0.14882026  0.15519264  0.15519264  0.18124971  0.19463323  
3_9_0      0.18791100  0.20141755  0.18791100  0.19463323  0.19463323  0.19463323  0.20826510  0.19463323  0.19463323  0.20141755  0.18124971  0.16810566  0.18124971  0.18124971  0.18124971  0.20826510  0.19463323  0.18791100  0.18791100  0.19463323  0.08796373  0.07637479  0.09973841  0.08214641  0.00000000  0.02102335  0.05373136  0.05932712  0.07064817  0.06496584  0.16810566  0.18124971  0.17464829  0.19463323  0.20826510  
3_5_0      0.18791100  0.20141755  0.18791100  0.20826510  0.20826510  0.21517707  0.21517707  0.20141755  0.20141755  0.19463323  0.16810566  0.16162078  0.17464829  0.17464829  0.17464829  0.19463323  0.19463323  0.18791100  0.17464829  0.18124971  0.06496584  0.05373136  0.07637479  0.07064817  0.02102335  0.00000000  0.04817789  0.05373136  0.04817789  0.04266610  0.17464829  0.16162078  0.15519264  0.18791100  0.20141755  
3_10_0     0.20826510  0.22215470  0.22215470  0.22215470  0.22215470  0.21517707  0.21517707  0.21517707  0.21517707  0.18791100  0.17464829  0.17464829  0.18124971  0.19463323  0.18124971  0.16162078  0.18791100  0.18124971  0.18791100  0.18124971  0.07637479  0.06496584  0.07637479  0.07637479  0.05373136  0.04817789  0.00000000  0.01571084  0.05932712  0.05373136  0.17464829  0.17464829  0.16810566  0.19463323  0.20826510  
3_8_0      0.21517707  0.22919923  0.22919923  0.22919923  0.22919923  0.22215470  0.22215470  0.22215470  0.22215470  0.19463323  0.18124971  0.18124971  0.18791100  0.19463323  0.18791100  0.18124971  0.19463323  0.19463323  0.20141755  0.18791100  0.08796373  0.08214641  0.08796373  0.07637479  0.05932712  0.05373136  0.01571084  0.00000000  0.06496584  0.05932712  0.16162078  0.18124971  0.18124971  0.20141755  0.21517707  
2_4_0      0.18791100  0.20826510  0.20826510  0.20826510  0.20826510  0.21517707  0.20141755  0.20141755  0.20141755  0.14882026  0.14250268  0.15519264  0.14882026  0.16162078  0.16162078  0.18791100  0.19463323  0.18124971  0.18791100  0.20826510  0.04266610  0.05373136  0.05373136  0.04817789  0.07064817  0.04817789  0.05932712  0.06496584  0.00000000  0.00519971  0.16162078  0.15519264  0.16810566  0.17464829  0.18791100  
1_4_0      0.18791100  0.20141755  0.20141755  0.20826510  0.20826510  0.21517707  0.20141755  0.20141755  0.20141755  0.15519264  0.13623897  0.14882026  0.15519264  0.15519264  0.15519264  0.18791100  0.19463323  0.18124971  0.18791100  0.20826510  0.04817789  0.04817789  0.04817789  0.04266610  0.06496584  0.04266610  0.05373136  0.05932712  0.00519971  0.00000000  0.16162078  0.15519264  0.16162078  0.18124971  0.19463323  
3_3_0      0.18791100  0.20141755  0.20141755  0.18124971  0.18124971  0.18791100  0.17464829  0.18124971  0.18791100  0.15519264  0.19463323  0.19463323  0.18124971  0.18124971  0.20141755  0.21517707  0.19463323  0.18124971  0.19463323  0.20141755  0.17464829  0.18124971  0.16162078  0.14882026  0.16810566  0.17464829  0.17464829  0.16162078  0.16162078  0.16162078  0.00000000  0.16810566  0.16162078  0.18124971  0.18124971  
2_6_0      0.20826510  0.21517707  0.20141755  0.21517707  0.21517707  0.20826510  0.19463323  0.20141755  0.20141755  0.18124971  0.18124971  0.18124971  0.18791100  0.18791100  0.17464829  0.18791100  0.18791100  0.16162078  0.15519264  0.18791100  0.16162078  0.16810566  0.16162078  0.15519264  0.18124971  0.16162078  0.17464829  0.18124971  0.15519264  0.15519264  0.16810566  0.00000000  0.01571084  0.03719534  0.04817789  
1_6_0      0.21517707  0.21517707  0.20141755  0.22215470  0.22215470  0.21517707  0.20141755  0.20826510  0.20826510  0.19463323  0.18124971  0.16810566  0.18124971  0.17464829  0.17464829  0.18791100  0.19463323  0.14882026  0.14250268  0.18124971  0.14882026  0.14882026  0.14250268  0.15519264  0.17464829  0.15519264  0.16810566  0.18124971  0.16810566  0.16162078  0.16162078  0.01571084  0.00000000  0.04817789  0.05932712  
1_0_0      0.20826510  0.21517707  0.20141755  0.20141755  0.20141755  0.20141755  0.18791100  0.19463323  0.19463323  0.18124971  0.20826510  0.18791100  0.17464829  0.19463323  0.18124971  0.21517707  0.21517707  0.16162078  0.16810566  0.20141755  0.18124971  0.19463323  0.18791100  0.18124971  0.19463323  0.18791100  0.19463323  0.20141755  0.17464829  0.18124971  0.18124971  0.03719534  0.04817789  0.00000000  0.01043648  
2_0_0      0.20826510  0.21517707  0.20141755  0.20141755  0.20141755  0.20141755  0.18791100  0.19463323  0.20141755  0.18124971  0.21517707  0.19463323  0.18124971  0.20141755  0.18791100  0.22919923  0.22919923  0.17464829  0.18124971  0.21517707  0.19463323  0.20826510  0.20141755  0.19463323  0.20826510  0.20141755  0.20826510  0.21517707  0.18791100  0.19463323  0.18124971  0.04817789  0.05932712  0.01043648  0.00000000  

