20
11_0_0     0.00000000  0.00580319  0.11218763  0.11895205  0.11895205  0.13962700  0.42668057  0.41642402  0.42668057  0.33914910  0.33003682  0.33003682  0.33914910  0.45833788  0.35771970  0.44763325  0.31214428  0.44763325  0.45833788  0.46920071  
17_0_0     0.00580319  0.00000000  0.11895205  0.12577930  0.12577930  0.14664992  0.43708226  0.42668057  0.43708226  0.34837576  0.33914910  0.33914910  0.34837576  0.46920071  0.36718394  0.45833788  0.32103611  0.45833788  0.46920071  0.48022647  
10_0_0     0.11218763  0.11895205  0.00000000  0.00580319  0.00580319  0.02349282  0.41642402  0.38648601  0.37677162  0.32103611  0.33003682  0.33003682  0.30335872  0.35771970  0.28609646  0.44763325  0.30335872  0.43708226  0.44763325  0.45833788  
4_0_0      0.11895205  0.12577930  0.00580319  0.00000000  0.00000000  0.02948524  0.40630860  0.39633049  0.38648601  0.33003682  0.33914910  0.33914910  0.29467692  0.34837576  0.29467692  0.43708226  0.29467692  0.43708226  0.44763325  0.45833788  
12_0_0     0.11895205  0.12577930  0.00580319  0.00000000  0.00000000  0.02948524  0.40630860  0.39633049  0.38648601  0.33003682  0.33914910  0.33914910  0.29467692  0.34837576  0.29467692  0.43708226  0.29467692  0.43708226  0.44763325  0.45833788  
5_0_0      0.13962700  0.14664992  0.02349282  0.02948524  0.02948524  0.00000000  0.40630860  0.39633049  0.38648601  0.32103611  0.33003682  0.33003682  0.33914910  0.35771970  0.28609646  0.48022647  0.30335872  0.42668057  0.43708226  0.44763325  
19_0_0     0.42668057  0.43708226  0.41642402  0.40630860  0.40630860  0.40630860  0.00000000  0.14664992  0.15374059  0.18280765  0.20538798  0.20538798  0.35771970  0.33914910  0.36718394  0.52606163  0.36718394  0.53798132  0.55009748  0.56241669  
18_0_0     0.41642402  0.42668057  0.38648601  0.39633049  0.39633049  0.39633049  0.14664992  0.00000000  0.00580319  0.25274242  0.26923028  0.26923028  0.41642402  0.35771970  0.37677162  0.49142012  0.34837576  0.52606163  0.51433213  0.50278686  
8_0_0      0.42668057  0.43708226  0.37677162  0.38648601  0.38648601  0.38648601  0.15374059  0.00580319  0.00000000  0.24463513  0.26094013  0.26094013  0.41642402  0.35771970  0.37677162  0.49142012  0.35771970  0.53798132  0.52606163  0.51433213  
7_0_0      0.33914910  0.34837576  0.32103611  0.33003682  0.33003682  0.32103611  0.18280765  0.25274242  0.24463513  0.00000000  0.04161865  0.04161865  0.38648601  0.38648601  0.33914910  0.65496692  0.34837576  0.52606163  0.53798132  0.55009748  
13_0_0     0.33003682  0.33914910  0.33003682  0.33914910  0.33914910  0.33003682  0.20538798  0.26923028  0.26094013  0.04161865  0.00000000  0.00000000  0.38648601  0.38648601  0.33914910  0.62731399  0.33003682  0.55009748  0.56241669  0.57494588  
9_0_0      0.33003682  0.33914910  0.33003682  0.33914910  0.33914910  0.33003682  0.20538798  0.26923028  0.26094013  0.04161865  0.00000000  0.00000000  0.38648601  0.38648601  0.33914910  0.62731399  0.33003682  0.55009748  0.56241669  0.57494588  
6_0_0      0.33914910  0.34837576  0.30335872  0.29467692  0.29467692  0.33914910  0.35771970  0.41642402  0.41642402  0.38648601  0.38648601  0.38648601  0.00000000  0.10548489  0.11895205  0.32103611  0.30335872  0.43708226  0.44763325  0.45833788  
14_0_0     0.45833788  0.46920071  0.35771970  0.34837576  0.34837576  0.35771970  0.33914910  0.35771970  0.35771970  0.38648601  0.38648601  0.38648601  0.10548489  0.00000000  0.13962700  0.32103611  0.34837576  0.44763325  0.45833788  0.46920071  
15_0_0     0.35771970  0.36718394  0.28609646  0.29467692  0.29467692  0.28609646  0.36718394  0.37677162  0.37677162  0.33914910  0.33914910  0.33914910  0.11895205  0.13962700  0.00000000  0.34837576  0.29467692  0.46920071  0.48022647  0.46920071  
16_0_0     0.44763325  0.45833788  0.44763325  0.43708226  0.43708226  0.48022647  0.52606163  0.49142012  0.49142012  0.65496692  0.62731399  0.62731399  0.32103611  0.32103611  0.34837576  0.00000000  0.43708226  0.64101043  0.62731399  0.64101043  
20_0_0     0.31214428  0.32103611  0.30335872  0.29467692  0.29467692  0.30335872  0.36718394  0.34837576  0.35771970  0.34837576  0.33003682  0.33003682  0.30335872  0.34837576  0.29467692  0.43708226  0.00000000  0.39633049  0.39633049  0.38648601  
3_0_0      0.44763325  0.45833788  0.43708226  0.43708226  0.43708226  0.42668057  0.53798132  0.52606163  0.53798132  0.52606163  0.55009748  0.55009748  0.43708226  0.44763325  0.46920071  0.64101043  0.39633049  0.00000000  0.00580319  0.01165256  
2_0_0      0.45833788  0.46920071  0.44763325  0.44763325  0.44763325  0.43708226  0.55009748  0.51433213  0.52606163  0.53798132  0.56241669  0.56241669  0.44763325  0.45833788  0.48022647  0.62731399  0.39633049  0.00580319  0.00000000  0.00580319  
1_0_0      0.46920071  0.48022647  0.45833788  0.45833788  0.45833788  0.44763325  0.56241669  0.50278686  0.51433213  0.55009748  0.57494588  0.57494588  0.45833788  0.46920071  0.46920071  0.64101043  0.38648601  0.01165256  0.00580319  0.00000000  

