41
8_8_0      0.00000000  0.01127922  0.02658958  0.03828303  0.13911344  0.17129851  0.16661440  0.16661440  0.39431306  0.39431306  0.41359292  0.41359292  0.40068425  0.40068425  0.32761508  0.33343709  0.33343709  0.31041791  0.32183835  0.33343709  0.33930507  0.32761508  0.32183835  0.33343709  0.38173228  0.38173228  0.35118193  0.29917037  0.24535328  0.23504233  0.32761508  0.32761508  0.33343709  0.33343709  0.32761508  0.33343709  0.28809057  0.29360981  0.28809057  0.28809057  0.29360981  
18_8_0     0.01127922  0.00000000  0.03046698  0.04222210  0.14362682  0.18553070  0.18075628  0.18075628  0.40068425  0.40068425  0.42013235  0.40711055  0.40711055  0.40711055  0.33343709  0.33930507  0.33930507  0.30477286  0.31610619  0.32761508  0.33343709  0.32183835  0.31610619  0.31610619  0.37552088  0.37552088  0.34521977  0.30477286  0.25056292  0.24017992  0.33343709  0.33343709  0.33930507  0.33930507  0.34521977  0.35118193  0.29360981  0.29917037  0.29360981  0.29360981  0.29917037  
8_0_0      0.02658958  0.03046698  0.00000000  0.01127922  0.14362682  0.17601234  0.17129851  0.17129851  0.37552088  0.37552088  0.39431306  0.39431306  0.39431306  0.39431306  0.34521977  0.33930507  0.33930507  0.31610619  0.31610619  0.33930507  0.34521977  0.34521977  0.33930507  0.32761508  0.38799604  0.38799604  0.36936099  0.28809057  0.24017992  0.22994003  0.32183835  0.32183835  0.32761508  0.32761508  0.34521977  0.36325175  0.29360981  0.29917037  0.29360981  0.29360981  0.29917037  
18_0_0     0.03828303  0.04222210  0.01127922  0.00000000  0.14816779  0.18075628  0.17601234  0.17601234  0.38173228  0.38173228  0.40068425  0.40068425  0.40068425  0.40068425  0.35118193  0.34521977  0.34521977  0.32183835  0.32183835  0.34521977  0.35118193  0.35118193  0.34521977  0.33343709  0.39431306  0.39431306  0.37552088  0.29360981  0.23504233  0.22487252  0.32183835  0.32183835  0.32761508  0.32761508  0.33930507  0.35719233  0.29917037  0.30477286  0.29917037  0.29917037  0.30477286  
19_0_0     0.13911344  0.14362682  0.14362682  0.14816779  0.00000000  0.16195963  0.15733384  0.15733384  0.35719233  0.35719233  0.38799604  0.34521977  0.34521977  0.34521977  0.33930507  0.33343709  0.33343709  0.35719233  0.34521977  0.32183835  0.33930507  0.37552088  0.35719233  0.33343709  0.34521977  0.34521977  0.33930507  0.28261202  0.25056292  0.25056292  0.37552088  0.37552088  0.36936099  0.36936099  0.34521977  0.35118193  0.33343709  0.33930507  0.33343709  0.32183835  0.32761508  
7_0_0      0.17129851  0.18553070  0.17601234  0.18075628  0.16195963  0.00000000  0.01127922  0.01127922  0.35118193  0.35118193  0.34521977  0.35719233  0.33343709  0.33343709  0.37552088  0.36936099  0.36936099  0.31610619  0.30477286  0.32761508  0.33343709  0.31610619  0.32183835  0.29917037  0.32183835  0.32183835  0.30477286  0.30477286  0.30477286  0.31610619  0.39431306  0.39431306  0.40068425  0.40068425  0.38173228  0.37552088  0.34521977  0.35118193  0.34521977  0.34521977  0.35118193  
9_0_0      0.16661440  0.18075628  0.17129851  0.17601234  0.15733384  0.01127922  0.00000000  0.00000000  0.34521977  0.34521977  0.33930507  0.33930507  0.31610619  0.31610619  0.36936099  0.36325175  0.36325175  0.31041791  0.31041791  0.32183835  0.32761508  0.32183835  0.32761508  0.30477286  0.32761508  0.32761508  0.31041791  0.31041791  0.29917037  0.31041791  0.40068425  0.40068425  0.39431306  0.39431306  0.38799604  0.38173228  0.32761508  0.33343709  0.32761508  0.32761508  0.33343709  
13_0_0     0.16661440  0.18075628  0.17129851  0.17601234  0.15733384  0.01127922  0.00000000  0.00000000  0.34521977  0.34521977  0.33930507  0.33930507  0.31610619  0.31610619  0.36936099  0.36325175  0.36325175  0.31041791  0.31041791  0.32183835  0.32761508  0.32183835  0.32761508  0.30477286  0.32761508  0.32761508  0.31041791  0.31041791  0.29917037  0.31041791  0.40068425  0.40068425  0.39431306  0.39431306  0.38799604  0.38173228  0.32761508  0.33343709  0.32761508  0.32761508  0.33343709  
9_6_0      0.39431306  0.40068425  0.37552088  0.38173228  0.35719233  0.35118193  0.34521977  0.34521977  0.00000000  0.00000000  0.01889496  0.09119574  0.09968131  0.09968131  0.20987415  0.20494123  0.20494123  0.18553070  0.18553070  0.20004085  0.21484004  0.30477286  0.31041791  0.29917037  0.26641467  0.26641467  0.25580935  0.36325175  0.36325175  0.33930507  0.40711055  0.40711055  0.42672985  0.42672985  0.38173228  0.36325175  0.36325175  0.36936099  0.36325175  0.37552088  0.38173228  
13_6_0     0.39431306  0.40068425  0.37552088  0.38173228  0.35719233  0.35118193  0.34521977  0.34521977  0.00000000  0.00000000  0.01889496  0.09119574  0.09968131  0.09968131  0.20987415  0.20494123  0.20494123  0.18553070  0.18553070  0.20004085  0.21484004  0.30477286  0.31041791  0.29917037  0.26641467  0.26641467  0.25580935  0.36325175  0.36325175  0.33930507  0.40711055  0.40711055  0.42672985  0.42672985  0.38173228  0.36325175  0.36325175  0.36936099  0.36325175  0.37552088  0.38173228  
7_6_0      0.41359292  0.42013235  0.39431306  0.40068425  0.38799604  0.34521977  0.33930507  0.33930507  0.01889496  0.01889496  0.00000000  0.09542641  0.09542641  0.09542641  0.23504233  0.22994003  0.22994003  0.19033600  0.19033600  0.20494123  0.21983935  0.28809057  0.29360981  0.29360981  0.26109309  0.26109309  0.25056292  0.38799604  0.39431306  0.36936099  0.42672985  0.42672985  0.44688132  0.44688132  0.38799604  0.36936099  0.34521977  0.35118193  0.34521977  0.35719233  0.36325175  
7_5_0      0.41359292  0.40711055  0.39431306  0.40068425  0.34521977  0.35719233  0.33930507  0.33930507  0.09119574  0.09119574  0.09542641  0.00000000  0.03046698  0.03046698  0.27177464  0.26641467  0.26641467  0.20494123  0.21484004  0.20004085  0.20494123  0.30477286  0.31041791  0.26641467  0.28809057  0.28809057  0.27717357  0.41359292  0.35118193  0.32761508  0.42672985  0.42672985  0.43338646  0.43338646  0.40711055  0.40068425  0.35118193  0.35719233  0.35118193  0.36325175  0.35719233  
13_5_0     0.40068425  0.40711055  0.39431306  0.40068425  0.34521977  0.33343709  0.31610619  0.31610619  0.09968131  0.09968131  0.09542641  0.03046698  0.00000000  0.00000000  0.27177464  0.26641467  0.26641467  0.19517258  0.21484004  0.20987415  0.21484004  0.30477286  0.31041791  0.29917037  0.29917037  0.29917037  0.27717357  0.40068425  0.36325175  0.33930507  0.44010325  0.44010325  0.44688132  0.44688132  0.42013235  0.41359292  0.36325175  0.36936099  0.36325175  0.37552088  0.36936099  
9_5_0      0.40068425  0.40711055  0.39431306  0.40068425  0.34521977  0.33343709  0.31610619  0.31610619  0.09968131  0.09968131  0.09542641  0.03046698  0.00000000  0.00000000  0.27177464  0.26641467  0.26641467  0.19517258  0.21484004  0.20987415  0.21484004  0.30477286  0.31041791  0.29917037  0.29917037  0.29917037  0.27717357  0.40068425  0.36325175  0.33930507  0.44010325  0.44010325  0.44688132  0.44688132  0.42013235  0.41359292  0.36325175  0.36936099  0.36325175  0.37552088  0.36936099  
7_4_0      0.32761508  0.33343709  0.34521977  0.35118193  0.33930507  0.37552088  0.36936099  0.36936099  0.20987415  0.20987415  0.23504233  0.27177464  0.27177464  0.27177464  0.00000000  0.01127922  0.01127922  0.13462731  0.13462731  0.16195963  0.16661440  0.33343709  0.32761508  0.29360981  0.32183835  0.32183835  0.31041791  0.35719233  0.32761508  0.30477286  0.36325175  0.36325175  0.35719233  0.35719233  0.35118193  0.35719233  0.35719233  0.35118193  0.35719233  0.36325175  0.36936099  
13_4_0     0.33343709  0.33930507  0.33930507  0.34521977  0.33343709  0.36936099  0.36325175  0.36325175  0.20494123  0.20494123  0.22994003  0.26641467  0.26641467  0.26641467  0.01127922  0.00000000  0.00000000  0.13911344  0.13911344  0.16661440  0.17129851  0.32761508  0.32183835  0.28809057  0.31610619  0.31610619  0.30477286  0.35118193  0.32183835  0.29917037  0.36936099  0.36936099  0.36325175  0.36325175  0.35719233  0.36325175  0.36325175  0.35719233  0.36325175  0.36936099  0.37552088  
9_4_0      0.33343709  0.33930507  0.33930507  0.34521977  0.33343709  0.36936099  0.36325175  0.36325175  0.20494123  0.20494123  0.22994003  0.26641467  0.26641467  0.26641467  0.01127922  0.00000000  0.00000000  0.13911344  0.13911344  0.16661440  0.17129851  0.32761508  0.32183835  0.28809057  0.31610619  0.31610619  0.30477286  0.35118193  0.32183835  0.29917037  0.36936099  0.36936099  0.36325175  0.36325175  0.35719233  0.36325175  0.36325175  0.35719233  0.36325175  0.36936099  0.37552088  
19_10_0    0.31041791  0.30477286  0.31610619  0.32183835  0.35719233  0.31610619  0.31041791  0.31041791  0.18553070  0.18553070  0.19033600  0.20494123  0.19517258  0.19517258  0.13462731  0.13911344  0.13911344  0.00000000  0.03828303  0.09968131  0.10396072  0.31610619  0.33343709  0.25580935  0.28261202  0.28261202  0.28261202  0.32761508  0.31041791  0.29917037  0.35118193  0.35118193  0.35719233  0.35719233  0.35719233  0.36325175  0.36325175  0.35719233  0.36325175  0.37552088  0.36936099  
19_4_0     0.32183835  0.31610619  0.31610619  0.32183835  0.34521977  0.30477286  0.31041791  0.31041791  0.18553070  0.18553070  0.19033600  0.21484004  0.21484004  0.21484004  0.13462731  0.13911344  0.13911344  0.03828303  0.00000000  0.09968131  0.10396072  0.31610619  0.33343709  0.24535328  0.29360981  0.29360981  0.28261202  0.31610619  0.32183835  0.29917037  0.38799604  0.38799604  0.39431306  0.39431306  0.33343709  0.33930507  0.35118193  0.35719233  0.35118193  0.36325175  0.35719233  
18_4_0     0.33343709  0.32761508  0.33930507  0.34521977  0.32183835  0.32761508  0.32183835  0.32183835  0.20004085  0.20004085  0.20494123  0.20004085  0.20987415  0.20987415  0.16195963  0.16661440  0.16661440  0.09968131  0.09968131  0.00000000  0.01127922  0.28809057  0.29360981  0.24017992  0.28809057  0.28809057  0.27717357  0.35118193  0.28809057  0.28809057  0.38173228  0.38173228  0.38799604  0.38799604  0.38799604  0.38173228  0.36936099  0.36325175  0.36936099  0.35719233  0.35118193  
8_4_0      0.33930507  0.33343709  0.34521977  0.35118193  0.33930507  0.33343709  0.32761508  0.32761508  0.21484004  0.21484004  0.21983935  0.20494123  0.21484004  0.21484004  0.16661440  0.17129851  0.17129851  0.10396072  0.10396072  0.01127922  0.00000000  0.30477286  0.31041791  0.24535328  0.30477286  0.30477286  0.29360981  0.35719233  0.28261202  0.28261202  0.37552088  0.37552088  0.38173228  0.38173228  0.39431306  0.38799604  0.37552088  0.36936099  0.37552088  0.36325175  0.35719233  
18_3_0     0.32761508  0.32183835  0.34521977  0.35118193  0.37552088  0.31610619  0.32183835  0.32183835  0.30477286  0.30477286  0.28809057  0.30477286  0.30477286  0.30477286  0.33343709  0.32761508  0.32761508  0.31610619  0.31610619  0.28809057  0.30477286  0.00000000  0.01127922  0.08698902  0.17129851  0.17129851  0.14362682  0.39431306  0.33930507  0.33343709  0.40711055  0.40711055  0.44010325  0.44010325  0.34521977  0.33930507  0.32183835  0.32761508  0.32183835  0.29917037  0.29360981  
8_3_0      0.32183835  0.31610619  0.33930507  0.34521977  0.35719233  0.32183835  0.32761508  0.32761508  0.31041791  0.31041791  0.29360981  0.31041791  0.31041791  0.31041791  0.32761508  0.32183835  0.32183835  0.33343709  0.33343709  0.29360981  0.31041791  0.01127922  0.00000000  0.09119574  0.17601234  0.17601234  0.14816779  0.38799604  0.33343709  0.31610619  0.41359292  0.41359292  0.44688132  0.44688132  0.33930507  0.33343709  0.31041791  0.31610619  0.31041791  0.28809057  0.28261202  
19_3_0     0.33343709  0.31610619  0.32761508  0.33343709  0.33343709  0.29917037  0.30477286  0.30477286  0.29917037  0.29917037  0.29360981  0.26641467  0.29917037  0.29917037  0.29360981  0.28809057  0.28809057  0.25580935  0.24535328  0.24017992  0.24535328  0.08698902  0.09119574  0.00000000  0.16661440  0.16661440  0.16661440  0.34521977  0.33343709  0.31610619  0.36325175  0.36325175  0.36936099  0.36936099  0.35118193  0.32183835  0.33930507  0.34521977  0.33930507  0.32761508  0.32183835  
9_3_0      0.38173228  0.37552088  0.38799604  0.39431306  0.34521977  0.32183835  0.32761508  0.32761508  0.26641467  0.26641467  0.26109309  0.28809057  0.29917037  0.29917037  0.32183835  0.31610619  0.31610619  0.28261202  0.29360981  0.28809057  0.30477286  0.17129851  0.17601234  0.16661440  0.00000000  0.00000000  0.03046698  0.40711055  0.36325175  0.35719233  0.42013235  0.42013235  0.45372179  0.45372179  0.35118193  0.33343709  0.39431306  0.40068425  0.39431306  0.38173228  0.37552088  
13_3_0     0.38173228  0.37552088  0.38799604  0.39431306  0.34521977  0.32183835  0.32761508  0.32761508  0.26641467  0.26641467  0.26109309  0.28809057  0.29917037  0.29917037  0.32183835  0.31610619  0.31610619  0.28261202  0.29360981  0.28809057  0.30477286  0.17129851  0.17601234  0.16661440  0.00000000  0.00000000  0.03046698  0.40711055  0.36325175  0.35719233  0.42013235  0.42013235  0.45372179  0.45372179  0.35118193  0.33343709  0.39431306  0.40068425  0.39431306  0.38173228  0.37552088  
7_3_0      0.35118193  0.34521977  0.36936099  0.37552088  0.33930507  0.30477286  0.31041791  0.31041791  0.25580935  0.25580935  0.25056292  0.27717357  0.27717357  0.27717357  0.31041791  0.30477286  0.30477286  0.28261202  0.28261202  0.27717357  0.29360981  0.14362682  0.14816779  0.16661440  0.03046698  0.03046698  0.00000000  0.38799604  0.34521977  0.33930507  0.40068425  0.40068425  0.43338646  0.43338646  0.32761508  0.31041791  0.35719233  0.36325175  0.35719233  0.34521977  0.33930507  
19_2_0     0.29917037  0.30477286  0.28809057  0.29360981  0.28261202  0.30477286  0.31041791  0.31041791  0.36325175  0.36325175  0.38799604  0.41359292  0.40068425  0.40068425  0.35719233  0.35118193  0.35118193  0.32761508  0.31610619  0.35118193  0.35719233  0.39431306  0.38799604  0.34521977  0.40711055  0.40711055  0.38799604  0.00000000  0.19033600  0.17129851  0.32183835  0.32183835  0.31610619  0.31610619  0.35118193  0.33343709  0.35118193  0.35719233  0.35118193  0.36325175  0.36936099  
8_2_0      0.24535328  0.25056292  0.24017992  0.23504233  0.25056292  0.30477286  0.29917037  0.29917037  0.36325175  0.36325175  0.39431306  0.35118193  0.36325175  0.36325175  0.32761508  0.32183835  0.32183835  0.31041791  0.32183835  0.28809057  0.28261202  0.33930507  0.33343709  0.33343709  0.36325175  0.36325175  0.34521977  0.19033600  0.00000000  0.02273231  0.25056292  0.25056292  0.25580935  0.25580935  0.35118193  0.35719233  0.31041791  0.30477286  0.31041791  0.29917037  0.30477286  
18_2_0     0.23504233  0.24017992  0.22994003  0.22487252  0.25056292  0.31610619  0.31041791  0.31041791  0.33930507  0.33930507  0.36936099  0.32761508  0.33930507  0.33930507  0.30477286  0.29917037  0.29917037  0.29917037  0.29917037  0.28809057  0.28261202  0.33343709  0.31610619  0.31610619  0.35719233  0.35719233  0.33930507  0.17129851  0.02273231  0.00000000  0.25056292  0.25056292  0.25580935  0.25580935  0.31610619  0.32183835  0.29360981  0.29917037  0.29360981  0.29360981  0.29917037  
7_7_0      0.32761508  0.33343709  0.32183835  0.32183835  0.37552088  0.39431306  0.40068425  0.40068425  0.40711055  0.40711055  0.42672985  0.42672985  0.44010325  0.44010325  0.36325175  0.36936099  0.36936099  0.35118193  0.38799604  0.38173228  0.37552088  0.40711055  0.41359292  0.36325175  0.42013235  0.42013235  0.40068425  0.32183835  0.25056292  0.25056292  0.00000000  0.00000000  0.01889496  0.01889496  0.43338646  0.41359292  0.38173228  0.37552088  0.38173228  0.38173228  0.37552088  
7_2_0      0.32761508  0.33343709  0.32183835  0.32183835  0.37552088  0.39431306  0.40068425  0.40068425  0.40711055  0.40711055  0.42672985  0.42672985  0.44010325  0.44010325  0.36325175  0.36936099  0.36936099  0.35118193  0.38799604  0.38173228  0.37552088  0.40711055  0.41359292  0.36325175  0.42013235  0.42013235  0.40068425  0.32183835  0.25056292  0.25056292  0.00000000  0.00000000  0.01889496  0.01889496  0.43338646  0.41359292  0.38173228  0.37552088  0.38173228  0.38173228  0.37552088  
13_2_0     0.33343709  0.33930507  0.32761508  0.32761508  0.36936099  0.40068425  0.39431306  0.39431306  0.42672985  0.42672985  0.44688132  0.43338646  0.44688132  0.44688132  0.35719233  0.36325175  0.36325175  0.35719233  0.39431306  0.38799604  0.38173228  0.44010325  0.44688132  0.36936099  0.45372179  0.45372179  0.43338646  0.31610619  0.25580935  0.25580935  0.01889496  0.01889496  0.00000000  0.00000000  0.44010325  0.42013235  0.37552088  0.36936099  0.37552088  0.37552088  0.36936099  
9_2_0      0.33343709  0.33930507  0.32761508  0.32761508  0.36936099  0.40068425  0.39431306  0.39431306  0.42672985  0.42672985  0.44688132  0.43338646  0.44688132  0.44688132  0.35719233  0.36325175  0.36325175  0.35719233  0.39431306  0.38799604  0.38173228  0.44010325  0.44688132  0.36936099  0.45372179  0.45372179  0.43338646  0.31610619  0.25580935  0.25580935  0.01889496  0.01889496  0.00000000  0.00000000  0.44010325  0.42013235  0.37552088  0.36936099  0.37552088  0.37552088  0.36936099  
17_0_0     0.32761508  0.34521977  0.34521977  0.33930507  0.34521977  0.38173228  0.38799604  0.38799604  0.38173228  0.38173228  0.38799604  0.40711055  0.42013235  0.42013235  0.35118193  0.35719233  0.35719233  0.35719233  0.33343709  0.38799604  0.39431306  0.34521977  0.33930507  0.35118193  0.35118193  0.35118193  0.32761508  0.35118193  0.35118193  0.31610619  0.43338646  0.43338646  0.44010325  0.44010325  0.00000000  0.02658958  0.15733384  0.16195963  0.15733384  0.15733384  0.15273668  
11_0_0     0.33343709  0.35118193  0.36325175  0.35719233  0.35118193  0.37552088  0.38173228  0.38173228  0.36325175  0.36325175  0.36936099  0.40068425  0.41359292  0.41359292  0.35719233  0.36325175  0.36325175  0.36325175  0.33930507  0.38173228  0.38799604  0.33930507  0.33343709  0.32183835  0.33343709  0.33343709  0.31041791  0.33343709  0.35719233  0.32183835  0.41359292  0.41359292  0.42013235  0.42013235  0.02658958  0.00000000  0.16195963  0.16661440  0.16195963  0.16195963  0.15733384  
10_0_0     0.28809057  0.29360981  0.29360981  0.29917037  0.33343709  0.34521977  0.32761508  0.32761508  0.36325175  0.36325175  0.34521977  0.35118193  0.36325175  0.36325175  0.35719233  0.36325175  0.36325175  0.36325175  0.35118193  0.36936099  0.37552088  0.32183835  0.31041791  0.33930507  0.39431306  0.39431306  0.35719233  0.35118193  0.31041791  0.29360981  0.38173228  0.38173228  0.37552088  0.37552088  0.15733384  0.16195963  0.00000000  0.00374074  0.00000000  0.01507733  0.01889496  
4_0_0      0.29360981  0.29917037  0.29917037  0.30477286  0.33930507  0.35118193  0.33343709  0.33343709  0.36936099  0.36936099  0.35118193  0.35719233  0.36936099  0.36936099  0.35118193  0.35719233  0.35719233  0.35719233  0.35719233  0.36325175  0.36936099  0.32761508  0.31610619  0.34521977  0.40068425  0.40068425  0.36325175  0.35719233  0.30477286  0.29917037  0.37552088  0.37552088  0.36936099  0.36936099  0.16195963  0.16661440  0.00374074  0.00000000  0.00374074  0.01889496  0.02273231  
12_0_0     0.28809057  0.29360981  0.29360981  0.29917037  0.33343709  0.34521977  0.32761508  0.32761508  0.36325175  0.36325175  0.34521977  0.35118193  0.36325175  0.36325175  0.35719233  0.36325175  0.36325175  0.36325175  0.35118193  0.36936099  0.37552088  0.32183835  0.31041791  0.33930507  0.39431306  0.39431306  0.35719233  0.35118193  0.31041791  0.29360981  0.38173228  0.38173228  0.37552088  0.37552088  0.15733384  0.16195963  0.00000000  0.00374074  0.00000000  0.01507733  0.01889496  
5_0_0      0.28809057  0.29360981  0.29360981  0.29917037  0.32183835  0.34521977  0.32761508  0.32761508  0.37552088  0.37552088  0.35719233  0.36325175  0.37552088  0.37552088  0.36325175  0.36936099  0.36936099  0.37552088  0.36325175  0.35719233  0.36325175  0.29917037  0.28809057  0.32761508  0.38173228  0.38173228  0.34521977  0.36325175  0.29917037  0.29360981  0.38173228  0.38173228  0.37552088  0.37552088  0.15733384  0.16195963  0.01507733  0.01889496  0.01507733  0.00000000  0.00374074  
5_1_0      0.29360981  0.29917037  0.29917037  0.30477286  0.32761508  0.35118193  0.33343709  0.33343709  0.38173228  0.38173228  0.36325175  0.35719233  0.36936099  0.36936099  0.36936099  0.37552088  0.37552088  0.36936099  0.35719233  0.35118193  0.35719233  0.29360981  0.28261202  0.32183835  0.37552088  0.37552088  0.33930507  0.36936099  0.30477286  0.29917037  0.37552088  0.37552088  0.36936099  0.36936099  0.15273668  0.15733384  0.01889496  0.02273231  0.01889496  0.00374074  0.00000000  

