20
16_0_0     0.00000000  0.13635993  0.15535103  0.13635993  0.14896546  0.14896546  0.96138079  1.02204982  0.98104741  0.96138079  1.02204982  0.90538044  0.98104741  0.96138079  0.68932046  0.71653001  0.70279814  0.68932046  0.68932046  0.68932046  
20_0_0     0.13635993  0.00000000  0.14263542  0.11178526  0.12396892  0.12396892  0.88763155  0.88763155  0.90538044  0.88763155  0.96138079  0.83684198  0.90538044  0.85338129  0.62543814  0.65032260  0.63777407  0.61330774  0.62543814  0.62543814  
15_0_0     0.15535103  0.14263542  0.00000000  0.03720395  0.03720395  0.04819240  0.83684198  0.85338129  0.85338129  0.83684198  0.94223143  0.83684198  0.88763155  0.90538044  0.61330774  0.61330774  0.60137612  0.61330774  0.61330774  0.61330774  
18_0_0     0.13635993  0.11178526  0.03720395  0.00000000  0.01043714  0.01043714  0.83684198  0.82067004  0.85338129  0.83684198  0.98104741  0.83684198  0.88763155  0.87030505  0.61330774  0.63777407  0.62543814  0.61330774  0.61330774  0.61330774  
17_0_0     0.14896546  0.12396892  0.03720395  0.01043714  0.00000000  0.02102608  0.85338129  0.83684198  0.87030505  0.85338129  1.00126003  0.82067004  0.90538044  0.88763155  0.60137612  0.62543814  0.61330774  0.60137612  0.60137612  0.60137612  
19_0_0     0.14896546  0.12396892  0.04819240  0.01043714  0.02102608  0.00000000  0.83684198  0.82067004  0.85338129  0.83684198  0.98104741  0.87030505  0.87030505  0.87030505  0.61330774  0.63777407  0.62543814  0.61330774  0.61330774  0.61330774  
1_0_0      0.96138079  0.88763155  0.83684198  0.83684198  0.85338129  0.83684198  0.00000000  0.02637886  0.00519987  0.00000000  0.16179309  0.10576904  0.05374945  0.11785160  0.50197184  0.48161091  0.49172020  0.45209887  0.45209887  0.49172020  
5_0_0      1.02204982  0.88763155  0.85338129  0.82067004  0.83684198  0.82067004  0.02637886  0.00000000  0.03177129  0.02637886  0.19488713  0.13635993  0.08218927  0.13635993  0.51236987  0.49172020  0.50197184  0.44252149  0.46180391  0.50197184  
10_0_0     0.98104741  0.90538044  0.85338129  0.85338129  0.87030505  0.85338129  0.00519987  0.03177129  0.00000000  0.00519987  0.16179309  0.11178526  0.05934924  0.12396892  0.49172020  0.47164006  0.48161091  0.44252149  0.44252149  0.48161091  
7_0_0      0.96138079  0.88763155  0.83684198  0.83684198  0.85338129  0.83684198  0.00000000  0.02637886  0.00519987  0.00000000  0.16179309  0.10576904  0.05374945  0.11785160  0.50197184  0.48161091  0.49172020  0.45209887  0.45209887  0.49172020  
4_0_0      1.02204982  0.96138079  0.94223143  0.98104741  1.00126003  0.98104741  0.16179309  0.19488713  0.16179309  0.16179309  0.00000000  0.22248994  0.14896546  0.21549052  0.57808392  0.55551379  0.56671140  0.54448578  0.54448578  0.58963689  
12_0_0     0.90538044  0.83684198  0.83684198  0.83684198  0.82067004  0.87030505  0.10576904  0.13635993  0.11178526  0.10576904  0.22248994  0.00000000  0.13013806  0.16829265  0.49172020  0.49172020  0.50197184  0.48161091  0.48161091  0.48161091  
8_0_0      0.98104741  0.90538044  0.88763155  0.88763155  0.90538044  0.87030505  0.05374945  0.08218927  0.05934924  0.05374945  0.14896546  0.13013806  0.00000000  0.11785160  0.47164006  0.47164006  0.48161091  0.48161091  0.48161091  0.50197184  
9_0_0      0.96138079  0.85338129  0.90538044  0.87030505  0.88763155  0.87030505  0.11785160  0.13635993  0.12396892  0.11785160  0.21549052  0.16829265  0.11785160  0.00000000  0.52291856  0.50197184  0.51236987  0.49172020  0.49172020  0.52291856  
11_0_0     0.68932046  0.62543814  0.61330774  0.61330774  0.60137612  0.61330774  0.50197184  0.51236987  0.49172020  0.50197184  0.57808392  0.49172020  0.47164006  0.52291856  0.00000000  0.03177129  0.02637886  0.07067970  0.05934924  0.04819240  
2_0_0      0.71653001  0.65032260  0.61330774  0.63777407  0.62543814  0.63777407  0.48161091  0.49172020  0.47164006  0.48161091  0.55551379  0.49172020  0.47164006  0.50197184  0.03177129  0.00000000  0.00519987  0.08218927  0.07067970  0.05934924  
14_0_0     0.70279814  0.63777407  0.60137612  0.62543814  0.61330774  0.62543814  0.49172020  0.50197184  0.48161091  0.49172020  0.56671140  0.50197184  0.48161091  0.51236987  0.02637886  0.00519987  0.00000000  0.07641174  0.06499243  0.05374945  
3_0_0      0.68932046  0.61330774  0.61330774  0.61330774  0.60137612  0.61330774  0.45209887  0.44252149  0.44252149  0.45209887  0.54448578  0.48161091  0.48161091  0.49172020  0.07067970  0.08218927  0.07641174  0.00000000  0.01043714  0.03177129  
6_0_0      0.68932046  0.62543814  0.61330774  0.61330774  0.60137612  0.61330774  0.45209887  0.46180391  0.44252149  0.45209887  0.54448578  0.48161091  0.48161091  0.49172020  0.05934924  0.07067970  0.06499243  0.01043714  0.00000000  0.03177129  
13_0_0     0.68932046  0.62543814  0.61330774  0.61330774  0.60137612  0.61330774  0.49172020  0.50197184  0.48161091  0.49172020  0.58963689  0.48161091  0.50197184  0.52291856  0.04819240  0.05934924  0.05374945  0.03177129  0.03177129  0.00000000  

