11
96_1_0     0.00000000  0.13304650  0.13304650  0.11944709  0.11052483  0.14691426  0.15159832  0.15631381  0.16106115  0.15159832  0.12848406  
97_1_0     0.13304650  0.00000000  0.17065313  0.16584078  0.16584078  0.18529110  0.19023897  0.20529505  0.21038628  0.20024044  0.18529110  
100_0_0    0.13304650  0.17065313  0.00000000  0.06753736  0.05924660  0.09735029  0.10171442  0.10610582  0.11052483  0.10171442  0.08870249  
95_4_0     0.11944709  0.16584078  0.06753736  0.00000000  0.00761688  0.05513761  0.05924660  0.06337975  0.06753736  0.05924660  0.05513761  
95_0_0     0.11052483  0.16584078  0.05924660  0.00761688  0.00000000  0.04699099  0.05105250  0.05513761  0.05924660  0.05105250  0.04699099  
94_0_0     0.14691426  0.18529110  0.09735029  0.05513761  0.04699099  0.00000000  0.01145650  0.02310285  0.02702825  0.01919925  0.06337975  
99_0_0     0.15159832  0.19023897  0.10171442  0.05924660  0.05105250  0.01145650  0.00000000  0.01919925  0.02310285  0.01531722  0.05924660  
99_2_0     0.15631381  0.20529505  0.10610582  0.06337975  0.05513761  0.02310285  0.01919925  0.00000000  0.01145650  0.00379812  0.06337975  
94_3_0     0.16106115  0.21038628  0.11052483  0.06753736  0.05924660  0.02702825  0.02310285  0.01145650  0.00000000  0.00761688  0.06753736  
99_3_0     0.15159832  0.20024044  0.10171442  0.05924660  0.05105250  0.01919925  0.01531722  0.00379812  0.00761688  0.00000000  0.05924660  
98_0_0     0.12848406  0.18529110  0.08870249  0.05513761  0.04699099  0.06337975  0.05924660  0.06337975  0.06753736  0.05924660  0.00000000  

