43
2_2_0      0.00000000  0.11530848  0.10228555  0.10228555  0.10228555  0.14206563  0.15581749  0.16279084  0.19868295  0.19868295  0.16983080  0.15581749  0.16983080  0.20607597  0.22108827  0.23641269  0.22871066  0.22108827  0.28439567  0.20607597  0.20607597  0.20607597  0.22871066  0.19136335  0.20607597  0.20607597  0.20607597  0.20607597  0.22871066  0.21354390  0.21354390  0.22108827  0.21354390  0.18411571  0.18411571  0.25206250  0.27617843  0.26001379  0.21354390  0.23641269  0.22108827  0.21354390  0.19136335  
2_1_0      0.11530848  0.00000000  0.09585937  0.09585937  0.08317268  0.18411571  0.19136335  0.19868295  0.19868295  0.19868295  0.18411571  0.17693865  0.16279084  0.16983080  0.23641269  0.25206250  0.23641269  0.19136335  0.23641269  0.24419606  0.24419606  0.24419606  0.21354390  0.18411571  0.19868295  0.19868295  0.19868295  0.19868295  0.21354390  0.19868295  0.19136335  0.19868295  0.18411571  0.20607597  0.19868295  0.23641269  0.24419606  0.22871066  0.24419606  0.23641269  0.25206250  0.19868295  0.23641269  
12_1_0     0.10228555  0.09585937  0.00000000  0.00000000  0.10876826  0.14890948  0.16983080  0.19136335  0.22108827  0.22108827  0.18411571  0.19136335  0.17693865  0.19868295  0.23641269  0.27617843  0.26805180  0.23641269  0.25206250  0.22871066  0.22871066  0.22871066  0.25206250  0.22871066  0.24419606  0.24419606  0.24419606  0.24419606  0.22871066  0.21354390  0.22108827  0.24419606  0.22108827  0.22108827  0.22108827  0.26805180  0.29270554  0.27617843  0.26001379  0.28439567  0.26805180  0.26001379  0.25206250  
12_3_0     0.10228555  0.09585937  0.00000000  0.00000000  0.10876826  0.14890948  0.16983080  0.19136335  0.22108827  0.22108827  0.18411571  0.19136335  0.17693865  0.19868295  0.23641269  0.27617843  0.26805180  0.23641269  0.25206250  0.22871066  0.22871066  0.22871066  0.25206250  0.22871066  0.24419606  0.24419606  0.24419606  0.24419606  0.22871066  0.21354390  0.22108827  0.24419606  0.22108827  0.22108827  0.22108827  0.26805180  0.29270554  0.27617843  0.26001379  0.28439567  0.26805180  0.26001379  0.25206250  
4_1_0      0.10228555  0.08317268  0.10876826  0.10876826  0.00000000  0.14890948  0.16983080  0.14890948  0.17693865  0.17693865  0.15581749  0.14890948  0.14890948  0.16983080  0.19136335  0.26001379  0.22871066  0.17693865  0.20607597  0.19868295  0.19868295  0.19868295  0.19136335  0.15581749  0.16983080  0.16983080  0.16983080  0.15581749  0.18411571  0.18411571  0.17693865  0.18411571  0.17693865  0.17693865  0.16279084  0.20607597  0.22871066  0.19868295  0.21354390  0.22108827  0.22108827  0.18411571  0.22108827  
9_0_0      0.14206563  0.18411571  0.14890948  0.14890948  0.14890948  0.00000000  0.01704961  0.03450296  0.08317268  0.08317268  0.15581749  0.15581749  0.14890948  0.19136335  0.22871066  0.24419606  0.21354390  0.21354390  0.22871066  0.19868295  0.19868295  0.19868295  0.25206250  0.22108827  0.23641269  0.23641269  0.23641269  0.23641269  0.17693865  0.16279084  0.19868295  0.17693865  0.19868295  0.19136335  0.19136335  0.24419606  0.22108827  0.22871066  0.24419606  0.26805180  0.25206250  0.27617843  0.22108827  
3_0_0      0.15581749  0.19136335  0.16983080  0.16983080  0.16983080  0.01704961  0.00000000  0.04041380  0.08948873  0.08948873  0.16279084  0.17693865  0.15581749  0.19868295  0.23641269  0.22108827  0.19136335  0.20607597  0.25206250  0.19136335  0.19136335  0.19136335  0.24419606  0.22871066  0.24419606  0.24419606  0.24419606  0.24419606  0.15581749  0.14206563  0.20607597  0.18411571  0.19136335  0.18411571  0.19868295  0.25206250  0.22871066  0.23641269  0.23641269  0.26001379  0.26001379  0.26805180  0.21354390  
8_0_0      0.16279084  0.19868295  0.19136335  0.19136335  0.14890948  0.03450296  0.04041380  0.00000000  0.09585937  0.09585937  0.14890948  0.16279084  0.15581749  0.21354390  0.25206250  0.25206250  0.22108827  0.23641269  0.22108827  0.18411571  0.18411571  0.18411571  0.25206250  0.21354390  0.22871066  0.22871066  0.22871066  0.22871066  0.17693865  0.17693865  0.22871066  0.20607597  0.22871066  0.19868295  0.19868295  0.23641269  0.21354390  0.22108827  0.23641269  0.26001379  0.24419606  0.25206250  0.20607597  
13_0_0     0.19868295  0.19868295  0.22108827  0.22108827  0.17693865  0.08317268  0.08948873  0.09585937  0.00000000  0.00000000  0.21354390  0.19868295  0.19136335  0.19136335  0.24419606  0.26805180  0.23641269  0.24419606  0.24419606  0.22871066  0.22871066  0.22871066  0.20607597  0.16983080  0.18411571  0.16983080  0.16983080  0.19868295  0.18411571  0.18411571  0.19136335  0.16983080  0.18411571  0.18411571  0.17693865  0.22108827  0.22871066  0.20607597  0.26805180  0.27617843  0.24419606  0.23641269  0.24419606  
7_0_0      0.19868295  0.19868295  0.22108827  0.22108827  0.17693865  0.08317268  0.08948873  0.09585937  0.00000000  0.00000000  0.21354390  0.19868295  0.19136335  0.19136335  0.24419606  0.26805180  0.23641269  0.24419606  0.24419606  0.22871066  0.22871066  0.22871066  0.20607597  0.16983080  0.18411571  0.16983080  0.16983080  0.19868295  0.18411571  0.18411571  0.19136335  0.16983080  0.18411571  0.18411571  0.17693865  0.22108827  0.22871066  0.20607597  0.26805180  0.27617843  0.24419606  0.23641269  0.24419606  
57_0_0     0.16983080  0.18411571  0.18411571  0.18411571  0.15581749  0.15581749  0.16279084  0.14890948  0.21354390  0.21354390  0.00000000  0.08317268  0.04041380  0.12856564  0.19868295  0.22871066  0.22108827  0.19136335  0.19136335  0.15581749  0.15581749  0.15581749  0.16983080  0.15581749  0.16983080  0.16983080  0.16983080  0.15581749  0.17693865  0.19136335  0.16983080  0.17693865  0.19136335  0.14890948  0.13528473  0.16983080  0.15581749  0.16983080  0.21354390  0.20607597  0.20607597  0.16983080  0.16279084  
57_4_0     0.15581749  0.17693865  0.19136335  0.19136335  0.14890948  0.15581749  0.17693865  0.16279084  0.19868295  0.19868295  0.08317268  0.00000000  0.05237963  0.11530848  0.20607597  0.22108827  0.24419606  0.14206563  0.16983080  0.14890948  0.14890948  0.14890948  0.15581749  0.14206563  0.15581749  0.15581749  0.15581749  0.14206563  0.17693865  0.19136335  0.16983080  0.17693865  0.17693865  0.12190726  0.10876826  0.16983080  0.18411571  0.18411571  0.19868295  0.19136335  0.19136335  0.16983080  0.17693865  
57_5_0     0.16983080  0.16279084  0.17693865  0.17693865  0.14890948  0.14890948  0.15581749  0.15581749  0.19136335  0.19136335  0.04041380  0.05237963  0.00000000  0.09585937  0.17693865  0.22108827  0.22871066  0.15581749  0.16983080  0.13528473  0.13528473  0.13528473  0.14206563  0.13528473  0.14890948  0.14890948  0.14890948  0.13528473  0.14206563  0.16983080  0.13528473  0.14206563  0.15581749  0.10228555  0.09585937  0.17693865  0.17693865  0.17693865  0.20607597  0.19868295  0.21354390  0.14890948  0.15581749  
79_0_0     0.20607597  0.16983080  0.19868295  0.19868295  0.16983080  0.19136335  0.19868295  0.21354390  0.19136335  0.19136335  0.12856564  0.11530848  0.09585937  0.00000000  0.20607597  0.21354390  0.23641269  0.18411571  0.21354390  0.19136335  0.19136335  0.19136335  0.13528473  0.13528473  0.14890948  0.14890948  0.14890948  0.14890948  0.18411571  0.15581749  0.14890948  0.14206563  0.12856564  0.11530848  0.13528473  0.17693865  0.20607597  0.17693865  0.19136335  0.19868295  0.19868295  0.17693865  0.16983080  
23_0_0     0.22108827  0.23641269  0.23641269  0.23641269  0.19136335  0.22871066  0.23641269  0.25206250  0.24419606  0.24419606  0.19868295  0.20607597  0.17693865  0.20607597  0.00000000  0.21354390  0.22108827  0.12856564  0.18411571  0.17693865  0.17693865  0.18411571  0.16279084  0.16983080  0.18411571  0.16983080  0.16983080  0.15581749  0.19868295  0.21354390  0.20607597  0.22871066  0.23641269  0.17693865  0.16983080  0.22108827  0.26805180  0.23641269  0.26805180  0.27617843  0.27617843  0.19868295  0.23641269  
63_8_0     0.23641269  0.25206250  0.27617843  0.27617843  0.26001379  0.24419606  0.22108827  0.25206250  0.26805180  0.26805180  0.22871066  0.22108827  0.22108827  0.21354390  0.21354390  0.00000000  0.04041380  0.16983080  0.22871066  0.16983080  0.16983080  0.17693865  0.20607597  0.21354390  0.21354390  0.21354390  0.21354390  0.21354390  0.25206250  0.25206250  0.26805180  0.27617843  0.26001379  0.21354390  0.21354390  0.22108827  0.22871066  0.22108827  0.22108827  0.22108827  0.23641269  0.24419606  0.24419606  
63_0_0     0.22871066  0.23641269  0.26805180  0.26805180  0.22871066  0.21354390  0.19136335  0.22108827  0.23641269  0.23641269  0.22108827  0.24419606  0.22871066  0.23641269  0.22108827  0.04041380  0.00000000  0.17693865  0.25206250  0.19136335  0.19136335  0.19136335  0.20607597  0.21354390  0.21354390  0.21354390  0.21354390  0.22108827  0.26001379  0.25206250  0.27617843  0.27617843  0.27617843  0.22108827  0.22108827  0.24419606  0.24419606  0.23641269  0.22871066  0.22871066  0.24419606  0.26805180  0.26805180  
63_7_0     0.22108827  0.19136335  0.23641269  0.23641269  0.17693865  0.21354390  0.20607597  0.23641269  0.24419606  0.24419606  0.19136335  0.14206563  0.15581749  0.18411571  0.12856564  0.16983080  0.17693865  0.00000000  0.13528473  0.12856564  0.12856564  0.13528473  0.15581749  0.15581749  0.16983080  0.16983080  0.16983080  0.14206563  0.17693865  0.17693865  0.16279084  0.18411571  0.18411571  0.14890948  0.16279084  0.17693865  0.22108827  0.19136335  0.19136335  0.18411571  0.19868295  0.19136335  0.19868295  
48_0_0     0.28439567  0.23641269  0.25206250  0.25206250  0.20607597  0.22871066  0.25206250  0.22108827  0.24419606  0.24419606  0.19136335  0.16983080  0.16983080  0.21354390  0.18411571  0.22871066  0.25206250  0.13528473  0.00000000  0.11530848  0.11530848  0.12190726  0.21354390  0.17693865  0.19136335  0.19136335  0.19136335  0.16279084  0.23641269  0.26805180  0.24419606  0.25206250  0.25206250  0.20607597  0.20607597  0.22871066  0.23641269  0.22871066  0.23641269  0.22871066  0.22871066  0.20607597  0.24419606  
84_0_0     0.20607597  0.24419606  0.22871066  0.22871066  0.19868295  0.19868295  0.19136335  0.18411571  0.22871066  0.22871066  0.15581749  0.14890948  0.13528473  0.19136335  0.17693865  0.16983080  0.19136335  0.12856564  0.11530848  0.00000000  0.00000000  0.00563950  0.19136335  0.15581749  0.16983080  0.16983080  0.16983080  0.16983080  0.17693865  0.19136335  0.21354390  0.23641269  0.21354390  0.13528473  0.15581749  0.19868295  0.19868295  0.19868295  0.20607597  0.22871066  0.21354390  0.16983080  0.15581749  
94_0_0     0.20607597  0.24419606  0.22871066  0.22871066  0.19868295  0.19868295  0.19136335  0.18411571  0.22871066  0.22871066  0.15581749  0.14890948  0.13528473  0.19136335  0.17693865  0.16983080  0.19136335  0.12856564  0.11530848  0.00000000  0.00000000  0.00563950  0.19136335  0.15581749  0.16983080  0.16983080  0.16983080  0.16983080  0.17693865  0.19136335  0.21354390  0.23641269  0.21354390  0.13528473  0.15581749  0.19868295  0.19868295  0.19868295  0.20607597  0.22871066  0.21354390  0.16983080  0.15581749  
17_0_0     0.20607597  0.24419606  0.22871066  0.22871066  0.19868295  0.19868295  0.19136335  0.18411571  0.22871066  0.22871066  0.15581749  0.14890948  0.13528473  0.19136335  0.18411571  0.17693865  0.19136335  0.13528473  0.12190726  0.00563950  0.00563950  0.00000000  0.19136335  0.15581749  0.16983080  0.16983080  0.16983080  0.16983080  0.18411571  0.19868295  0.22108827  0.24419606  0.22108827  0.13528473  0.15581749  0.20607597  0.20607597  0.20607597  0.21354390  0.23641269  0.22108827  0.17693865  0.16279084  
30_9_0     0.22871066  0.21354390  0.25206250  0.25206250  0.19136335  0.25206250  0.24419606  0.25206250  0.20607597  0.20607597  0.16983080  0.15581749  0.14206563  0.13528473  0.16279084  0.20607597  0.20607597  0.15581749  0.21354390  0.19136335  0.19136335  0.19136335  0.00000000  0.07070067  0.08317268  0.08317268  0.08317268  0.07691030  0.16279084  0.16983080  0.13528473  0.15581749  0.15581749  0.10228555  0.10228555  0.15581749  0.19868295  0.16983080  0.17693865  0.16279084  0.16983080  0.13528473  0.15581749  
38_0_0     0.19136335  0.18411571  0.22871066  0.22871066  0.15581749  0.22108827  0.22871066  0.21354390  0.16983080  0.16983080  0.15581749  0.14206563  0.13528473  0.13528473  0.16983080  0.21354390  0.21354390  0.15581749  0.17693865  0.15581749  0.15581749  0.15581749  0.07070067  0.00000000  0.01132248  0.01132248  0.01132248  0.05237963  0.14206563  0.15581749  0.12190726  0.12856564  0.13528473  0.08948873  0.08317268  0.14890948  0.17693865  0.14890948  0.19136335  0.19136335  0.16983080  0.12190726  0.16279084  
41_0_0     0.20607597  0.19868295  0.24419606  0.24419606  0.16983080  0.23641269  0.24419606  0.22871066  0.18411571  0.18411571  0.16983080  0.15581749  0.14890948  0.14890948  0.18411571  0.21354390  0.21354390  0.16983080  0.19136335  0.16983080  0.16983080  0.16983080  0.08317268  0.01132248  0.00000000  0.01132248  0.01132248  0.06454292  0.15581749  0.15581749  0.13528473  0.14206563  0.14890948  0.10228555  0.09585937  0.16279084  0.19136335  0.16279084  0.20607597  0.20607597  0.18411571  0.13528473  0.17693865  
100_0_0    0.20607597  0.19868295  0.24419606  0.24419606  0.16983080  0.23641269  0.24419606  0.22871066  0.16983080  0.16983080  0.16983080  0.15581749  0.14890948  0.14890948  0.16983080  0.21354390  0.21354390  0.16983080  0.19136335  0.16983080  0.16983080  0.16983080  0.08317268  0.01132248  0.01132248  0.00000000  0.00000000  0.06454292  0.15581749  0.15581749  0.13528473  0.14206563  0.14890948  0.10228555  0.08317268  0.14890948  0.17693865  0.14890948  0.20607597  0.20607597  0.18411571  0.13528473  0.17693865  
55_0_0     0.20607597  0.19868295  0.24419606  0.24419606  0.16983080  0.23641269  0.24419606  0.22871066  0.16983080  0.16983080  0.16983080  0.15581749  0.14890948  0.14890948  0.16983080  0.21354390  0.21354390  0.16983080  0.19136335  0.16983080  0.16983080  0.16983080  0.08317268  0.01132248  0.01132248  0.00000000  0.00000000  0.06454292  0.15581749  0.15581749  0.13528473  0.14206563  0.14890948  0.10228555  0.08317268  0.14890948  0.17693865  0.14890948  0.20607597  0.20607597  0.18411571  0.13528473  0.17693865  
30_0_0     0.20607597  0.19868295  0.24419606  0.24419606  0.15581749  0.23641269  0.24419606  0.22871066  0.19868295  0.19868295  0.15581749  0.14206563  0.13528473  0.14890948  0.15581749  0.21354390  0.22108827  0.14206563  0.16279084  0.16983080  0.16983080  0.16983080  0.07691030  0.05237963  0.06454292  0.06454292  0.06454292  0.00000000  0.16279084  0.17693865  0.15581749  0.17693865  0.14206563  0.10228555  0.09585937  0.15581749  0.19868295  0.16983080  0.18411571  0.16983080  0.16279084  0.12856564  0.16983080  
73_11_0    0.22871066  0.21354390  0.22871066  0.22871066  0.18411571  0.17693865  0.15581749  0.17693865  0.18411571  0.18411571  0.17693865  0.17693865  0.14206563  0.18411571  0.19868295  0.25206250  0.26001379  0.17693865  0.23641269  0.17693865  0.17693865  0.18411571  0.16279084  0.14206563  0.15581749  0.15581749  0.15581749  0.16279084  0.00000000  0.04637243  0.07691030  0.08317268  0.09585937  0.12190726  0.12190726  0.16279084  0.18411571  0.17693865  0.22108827  0.23641269  0.22871066  0.16279084  0.17693865  
22_11_0    0.21354390  0.19868295  0.21354390  0.21354390  0.18411571  0.16279084  0.14206563  0.17693865  0.18411571  0.18411571  0.19136335  0.19136335  0.16983080  0.15581749  0.21354390  0.25206250  0.25206250  0.17693865  0.26805180  0.19136335  0.19136335  0.19868295  0.16983080  0.15581749  0.15581749  0.15581749  0.15581749  0.17693865  0.04637243  0.00000000  0.08948873  0.08317268  0.07070067  0.13528473  0.14890948  0.16279084  0.16983080  0.16279084  0.20607597  0.23641269  0.21354390  0.17693865  0.14890948  
88_10_0    0.21354390  0.19136335  0.22108827  0.22108827  0.17693865  0.19868295  0.20607597  0.22871066  0.19136335  0.19136335  0.16983080  0.16983080  0.13528473  0.14890948  0.20607597  0.26805180  0.27617843  0.16279084  0.24419606  0.21354390  0.21354390  0.22108827  0.13528473  0.12190726  0.13528473  0.13528473  0.13528473  0.15581749  0.07691030  0.08948873  0.00000000  0.01704961  0.08317268  0.11530848  0.10876826  0.15581749  0.19868295  0.16983080  0.21354390  0.21354390  0.20607597  0.15581749  0.16983080  
73_10_0    0.22108827  0.19868295  0.24419606  0.24419606  0.18411571  0.17693865  0.18411571  0.20607597  0.16983080  0.16983080  0.17693865  0.17693865  0.14206563  0.14206563  0.22871066  0.27617843  0.27617843  0.18411571  0.25206250  0.23641269  0.23641269  0.24419606  0.15581749  0.12856564  0.14206563  0.14206563  0.14206563  0.17693865  0.08317268  0.08317268  0.01704961  0.00000000  0.07691030  0.13528473  0.12856564  0.17693865  0.19868295  0.17693865  0.22108827  0.22108827  0.21354390  0.17693865  0.17693865  
50_0_0     0.21354390  0.18411571  0.22108827  0.22108827  0.17693865  0.19868295  0.19136335  0.22871066  0.18411571  0.18411571  0.19136335  0.17693865  0.15581749  0.12856564  0.23641269  0.26001379  0.27617843  0.18411571  0.25206250  0.21354390  0.21354390  0.22108827  0.15581749  0.13528473  0.14890948  0.14890948  0.14890948  0.14206563  0.09585937  0.07070067  0.08317268  0.07691030  0.00000000  0.12190726  0.13528473  0.18411571  0.20607597  0.18411571  0.20607597  0.21354390  0.20607597  0.18411571  0.16279084  
35_0_0     0.18411571  0.20607597  0.22108827  0.22108827  0.17693865  0.19136335  0.18411571  0.19868295  0.18411571  0.18411571  0.14890948  0.12190726  0.10228555  0.11530848  0.17693865  0.21354390  0.22108827  0.14890948  0.20607597  0.13528473  0.13528473  0.13528473  0.10228555  0.08948873  0.10228555  0.10228555  0.10228555  0.10228555  0.12190726  0.13528473  0.11530848  0.13528473  0.12190726  0.00000000  0.03450296  0.16983080  0.19868295  0.18411571  0.18411571  0.21354390  0.19136335  0.14206563  0.12856564  
74_0_0     0.18411571  0.19868295  0.22108827  0.22108827  0.16279084  0.19136335  0.19868295  0.19868295  0.17693865  0.17693865  0.13528473  0.10876826  0.09585937  0.13528473  0.16983080  0.21354390  0.22108827  0.16279084  0.20607597  0.15581749  0.15581749  0.15581749  0.10228555  0.08317268  0.09585937  0.08317268  0.08317268  0.09585937  0.12190726  0.14890948  0.10876826  0.12856564  0.13528473  0.03450296  0.00000000  0.14206563  0.16983080  0.15581749  0.19136335  0.20607597  0.19136335  0.13528473  0.14890948  
49_12_0    0.25206250  0.23641269  0.26805180  0.26805180  0.20607597  0.24419606  0.25206250  0.23641269  0.22108827  0.22108827  0.16983080  0.16983080  0.17693865  0.17693865  0.22108827  0.22108827  0.24419606  0.17693865  0.22871066  0.19868295  0.19868295  0.20607597  0.15581749  0.14890948  0.16279084  0.14890948  0.14890948  0.15581749  0.16279084  0.16279084  0.15581749  0.17693865  0.18411571  0.16983080  0.14206563  0.00000000  0.03450296  0.01132248  0.09585937  0.09585937  0.07691030  0.09585937  0.11530848  
53_12_0    0.27617843  0.24419606  0.29270554  0.29270554  0.22871066  0.22108827  0.22871066  0.21354390  0.22871066  0.22871066  0.15581749  0.18411571  0.17693865  0.20607597  0.26805180  0.22871066  0.24419606  0.22108827  0.23641269  0.19868295  0.19868295  0.20607597  0.19868295  0.17693865  0.19136335  0.17693865  0.17693865  0.19868295  0.18411571  0.16983080  0.19868295  0.19868295  0.20607597  0.19868295  0.16983080  0.03450296  0.00000000  0.02282159  0.12190726  0.12190726  0.10228555  0.12190726  0.12856564  
24_12_0    0.26001379  0.22871066  0.27617843  0.27617843  0.19868295  0.22871066  0.23641269  0.22108827  0.20607597  0.20607597  0.16983080  0.18411571  0.17693865  0.17693865  0.23641269  0.22108827  0.23641269  0.19136335  0.22871066  0.19868295  0.19868295  0.20607597  0.16983080  0.14890948  0.16279084  0.14890948  0.14890948  0.16983080  0.17693865  0.16279084  0.16983080  0.17693865  0.18411571  0.18411571  0.15581749  0.01132248  0.02282159  0.00000000  0.09585937  0.09585937  0.07691030  0.09585937  0.11530848  
49_0_0     0.21354390  0.24419606  0.26001379  0.26001379  0.21354390  0.24419606  0.23641269  0.23641269  0.26805180  0.26805180  0.21354390  0.19868295  0.20607597  0.19136335  0.26805180  0.22108827  0.22871066  0.19136335  0.23641269  0.20607597  0.20607597  0.21354390  0.17693865  0.19136335  0.20607597  0.20607597  0.20607597  0.18411571  0.22108827  0.20607597  0.21354390  0.22108827  0.20607597  0.18411571  0.19136335  0.09585937  0.12190726  0.09585937  0.00000000  0.02282159  0.01704961  0.14890948  0.12856564  
53_0_0     0.23641269  0.23641269  0.28439567  0.28439567  0.22108827  0.26805180  0.26001379  0.26001379  0.27617843  0.27617843  0.20607597  0.19136335  0.19868295  0.19868295  0.27617843  0.22108827  0.22871066  0.18411571  0.22871066  0.22871066  0.22871066  0.23641269  0.16279084  0.19136335  0.20607597  0.20607597  0.20607597  0.16983080  0.23641269  0.23641269  0.21354390  0.22108827  0.21354390  0.21354390  0.20607597  0.09585937  0.12190726  0.09585937  0.02282159  0.00000000  0.02863914  0.14890948  0.14206563  
24_0_0     0.22108827  0.25206250  0.26805180  0.26805180  0.22108827  0.25206250  0.26001379  0.24419606  0.24419606  0.24419606  0.20607597  0.19136335  0.21354390  0.19868295  0.27617843  0.23641269  0.24419606  0.19868295  0.22871066  0.21354390  0.21354390  0.22108827  0.16983080  0.16983080  0.18411571  0.18411571  0.18411571  0.16279084  0.22871066  0.21354390  0.20607597  0.21354390  0.20607597  0.19136335  0.19136335  0.07691030  0.10228555  0.07691030  0.01704961  0.02863914  0.00000000  0.14206563  0.13528473  
95_0_0     0.21354390  0.19868295  0.26001379  0.26001379  0.18411571  0.27617843  0.26805180  0.25206250  0.23641269  0.23641269  0.16983080  0.16983080  0.14890948  0.17693865  0.19868295  0.24419606  0.26805180  0.19136335  0.20607597  0.16983080  0.16983080  0.17693865  0.13528473  0.12190726  0.13528473  0.13528473  0.13528473  0.12856564  0.16279084  0.17693865  0.15581749  0.17693865  0.18411571  0.14206563  0.13528473  0.09585937  0.12190726  0.09585937  0.14890948  0.14890948  0.14206563  0.00000000  0.08948873  
95_13_0    0.19136335  0.23641269  0.25206250  0.25206250  0.22108827  0.22108827  0.21354390  0.20607597  0.24419606  0.24419606  0.16279084  0.17693865  0.15581749  0.16983080  0.23641269  0.24419606  0.26805180  0.19868295  0.24419606  0.15581749  0.15581749  0.16279084  0.15581749  0.16279084  0.17693865  0.17693865  0.17693865  0.16983080  0.17693865  0.14890948  0.16983080  0.17693865  0.16279084  0.12856564  0.14890948  0.11530848  0.12856564  0.11530848  0.12856564  0.14206563  0.13528473  0.08948873  0.00000000  

