31
10_0_0     0.00000000  0.06355297  0.06355297  0.06910253  0.08032743  0.11505573  0.09748893  0.09748893  0.10915392  0.21647006  0.24414167  0.25837333  0.17039156  0.15773406  0.20971006  0.20301095  0.20301095  0.20301095  0.23712666  0.22329205  0.20301095  0.20301095  0.19637163  0.23712666  0.24414167  0.24414167  0.30277884  0.29519138  0.23017719  0.23712666  0.21647006  
9_0_0      0.06355297  0.00000000  0.01022220  0.02582383  0.04714847  0.12700174  0.10915392  0.09748893  0.10915392  0.24414167  0.26559259  0.28024477  0.17680200  0.13914273  0.25122346  0.24414167  0.24414167  0.24414167  0.28024477  0.26559259  0.24414167  0.24414167  0.20971006  0.25122346  0.25837333  0.25837333  0.28768053  0.26559259  0.23017719  0.23712666  0.20971006  
9_5_0      0.06355297  0.01022220  0.00000000  0.03640973  0.05804451  0.11505573  0.09748893  0.08600405  0.09748893  0.24414167  0.25122346  0.26559259  0.17039156  0.13914273  0.25122346  0.23017719  0.23017719  0.23017719  0.26559259  0.25122346  0.23017719  0.23017719  0.20971006  0.23712666  0.24414167  0.24414167  0.28768053  0.26559259  0.23017719  0.22329205  0.20971006  
6_0_0      0.06910253  0.02582383  0.03640973  0.00000000  0.02058684  0.13304746  0.11505573  0.10329856  0.11505573  0.23712666  0.25837333  0.28768053  0.19637163  0.15773406  0.25837333  0.25122346  0.25122346  0.25122346  0.27288260  0.25837333  0.23712666  0.23712666  0.17680200  0.26559259  0.27288260  0.27288260  0.28768053  0.26559259  0.24414167  0.25122346  0.22329205  
3_0_0      0.08032743  0.04714847  0.05804451  0.02058684  0.00000000  0.14528835  0.12700174  0.11505573  0.12700174  0.25122346  0.27288260  0.30277884  0.22329205  0.18326817  0.27288260  0.25122346  0.25122346  0.25122346  0.27288260  0.25837333  0.23712666  0.23712666  0.17680200  0.28024477  0.28768053  0.28768053  0.30277884  0.28024477  0.27288260  0.28024477  0.25122346  
3_2_0      0.11505573  0.12700174  0.11505573  0.13304746  0.14528835  0.00000000  0.02582383  0.06355297  0.05804451  0.28024477  0.28768053  0.28768053  0.18979105  0.18326817  0.23017719  0.19637163  0.19637163  0.19637163  0.21647006  0.21647006  0.22329205  0.22329205  0.25837333  0.25837333  0.26559259  0.26559259  0.25837333  0.26559259  0.23712666  0.23017719  0.20971006  
6_2_0      0.09748893  0.10915392  0.09748893  0.11505573  0.12700174  0.02582383  0.00000000  0.04714847  0.04175972  0.24414167  0.25122346  0.25122346  0.17039156  0.16403588  0.22329205  0.18979105  0.18979105  0.18979105  0.20971006  0.20971006  0.21647006  0.21647006  0.23712666  0.26559259  0.27288260  0.27288260  0.28768053  0.29519138  0.24414167  0.23712666  0.21647006  
9_6_0      0.09748893  0.09748893  0.08600405  0.10329856  0.11505573  0.06355297  0.04714847  0.00000000  0.02582383  0.24414167  0.23712666  0.23017719  0.15148518  0.14528835  0.21647006  0.18326817  0.18326817  0.18326817  0.20301095  0.18979105  0.19637163  0.19637163  0.21647006  0.24414167  0.26559259  0.26559259  0.29519138  0.30277884  0.23712666  0.23017719  0.20301095  
9_2_0      0.10915392  0.10915392  0.09748893  0.11505573  0.12700174  0.05804451  0.04175972  0.02582383  0.00000000  0.23017719  0.23712666  0.22329205  0.17039156  0.16403588  0.22329205  0.17680200  0.17680200  0.17680200  0.19637163  0.19637163  0.20301095  0.20301095  0.21647006  0.24414167  0.25122346  0.25122346  0.28024477  0.28768053  0.22329205  0.21647006  0.20971006  
3_1_0      0.21647006  0.24414167  0.24414167  0.23712666  0.25122346  0.28024477  0.24414167  0.24414167  0.23017719  0.00000000  0.06910253  0.09748893  0.27288260  0.30277884  0.27288260  0.26559259  0.26559259  0.26559259  0.25837333  0.27288260  0.26559259  0.26559259  0.25837333  0.31044450  0.28024477  0.28024477  0.31044450  0.29519138  0.24414167  0.25122346  0.28024477  
6_1_0      0.24414167  0.26559259  0.25122346  0.25837333  0.27288260  0.28768053  0.25122346  0.23712666  0.23712666  0.06910253  0.00000000  0.06910253  0.25837333  0.28768053  0.25837333  0.25122346  0.25122346  0.25122346  0.25837333  0.25837333  0.25122346  0.25122346  0.23712666  0.30277884  0.28768053  0.28768053  0.30277884  0.30277884  0.27288260  0.26559259  0.30277884  
9_1_0      0.25837333  0.28024477  0.26559259  0.28768053  0.30277884  0.28768053  0.25122346  0.23017719  0.22329205  0.09748893  0.06910253  0.00000000  0.25837333  0.28768053  0.28768053  0.28024477  0.28024477  0.28024477  0.28768053  0.28768053  0.28024477  0.28024477  0.25837333  0.33392717  0.33392717  0.33392717  0.36643706  0.35000452  0.30277884  0.29519138  0.30277884  
1_1_0      0.17039156  0.17680200  0.17039156  0.19637163  0.22329205  0.18979105  0.17039156  0.15148518  0.17039156  0.27288260  0.25837333  0.25837333  0.00000000  0.03640973  0.09172432  0.08032743  0.08032743  0.08032743  0.10915392  0.09748893  0.10329856  0.10329856  0.20971006  0.27288260  0.29519138  0.29519138  0.31818997  0.34192241  0.23712666  0.23017719  0.20971006  
8_1_0      0.15773406  0.13914273  0.13914273  0.15773406  0.18326817  0.18326817  0.16403588  0.14528835  0.16403588  0.30277884  0.28768053  0.28768053  0.03640973  0.00000000  0.12100475  0.10329856  0.10329856  0.10329856  0.13304746  0.12100475  0.12700174  0.12700174  0.23712666  0.25837333  0.28024477  0.28024477  0.31044450  0.31818997  0.23712666  0.23017719  0.20971006  
5_1_0      0.20971006  0.25122346  0.25122346  0.25837333  0.27288260  0.23017719  0.22329205  0.21647006  0.22329205  0.27288260  0.25837333  0.28768053  0.09172432  0.12100475  0.00000000  0.04714847  0.04714847  0.04714847  0.07469381  0.06355297  0.05804451  0.05804451  0.23712666  0.28024477  0.30277884  0.30277884  0.33392717  0.31044450  0.28768053  0.28024477  0.27288260  
4_4_0      0.20301095  0.24414167  0.23017719  0.25122346  0.25122346  0.19637163  0.18979105  0.18326817  0.17680200  0.26559259  0.25122346  0.28024477  0.08032743  0.10329856  0.04714847  0.00000000  0.00000000  0.00000000  0.03640973  0.02582383  0.03109795  0.03109795  0.26559259  0.25122346  0.27288260  0.27288260  0.30277884  0.31044450  0.24414167  0.23712666  0.24414167  
4_1_0      0.20301095  0.24414167  0.23017719  0.25122346  0.25122346  0.19637163  0.18979105  0.18326817  0.17680200  0.26559259  0.25122346  0.28024477  0.08032743  0.10329856  0.04714847  0.00000000  0.00000000  0.00000000  0.03640973  0.02582383  0.03109795  0.03109795  0.26559259  0.25122346  0.27288260  0.27288260  0.30277884  0.31044450  0.24414167  0.23712666  0.24414167  
11_1_0     0.20301095  0.24414167  0.23017719  0.25122346  0.25122346  0.19637163  0.18979105  0.18326817  0.17680200  0.26559259  0.25122346  0.28024477  0.08032743  0.10329856  0.04714847  0.00000000  0.00000000  0.00000000  0.03640973  0.02582383  0.03109795  0.03109795  0.26559259  0.25122346  0.27288260  0.27288260  0.30277884  0.31044450  0.24414167  0.23712666  0.24414167  
12_1_0     0.23712666  0.28024477  0.26559259  0.27288260  0.27288260  0.21647006  0.20971006  0.20301095  0.19637163  0.25837333  0.25837333  0.28768053  0.10915392  0.13304746  0.07469381  0.03640973  0.03640973  0.03640973  0.00000000  0.01022220  0.04714847  0.04714847  0.28024477  0.30277884  0.31044450  0.31044450  0.32601695  0.33392717  0.28024477  0.27288260  0.26559259  
2_1_0      0.22329205  0.26559259  0.25122346  0.25837333  0.25837333  0.21647006  0.20971006  0.18979105  0.19637163  0.27288260  0.25837333  0.28768053  0.09748893  0.12100475  0.06355297  0.02582383  0.02582383  0.02582383  0.01022220  0.00000000  0.03640973  0.03640973  0.28024477  0.28768053  0.31044450  0.31044450  0.34192241  0.35000452  0.28024477  0.27288260  0.26559259  
2_3_0      0.20301095  0.24414167  0.23017719  0.23712666  0.23712666  0.22329205  0.21647006  0.19637163  0.20301095  0.26559259  0.25122346  0.28024477  0.10329856  0.12700174  0.05804451  0.03109795  0.03109795  0.03109795  0.04714847  0.03640973  0.00000000  0.00000000  0.25837333  0.27288260  0.28024477  0.28024477  0.32601695  0.31818997  0.26559259  0.25837333  0.25122346  
12_3_0     0.20301095  0.24414167  0.23017719  0.23712666  0.23712666  0.22329205  0.21647006  0.19637163  0.20301095  0.26559259  0.25122346  0.28024477  0.10329856  0.12700174  0.05804451  0.03109795  0.03109795  0.03109795  0.04714847  0.03640973  0.00000000  0.00000000  0.25837333  0.27288260  0.28024477  0.28024477  0.32601695  0.31818997  0.26559259  0.25837333  0.25122346  
10_1_0     0.19637163  0.20971006  0.20971006  0.17680200  0.17680200  0.25837333  0.23712666  0.21647006  0.21647006  0.25837333  0.23712666  0.25837333  0.20971006  0.23712666  0.23712666  0.26559259  0.26559259  0.26559259  0.28024477  0.28024477  0.25837333  0.25837333  0.00000000  0.35000452  0.35817541  0.35817541  0.34192241  0.35000452  0.34192241  0.33392717  0.34192241  
18_0_0     0.23712666  0.25122346  0.23712666  0.26559259  0.28024477  0.25837333  0.26559259  0.24414167  0.24414167  0.31044450  0.30277884  0.33392717  0.27288260  0.25837333  0.28024477  0.25122346  0.25122346  0.25122346  0.30277884  0.28768053  0.27288260  0.27288260  0.35000452  0.00000000  0.04175972  0.04175972  0.17680200  0.15773406  0.10329856  0.09748893  0.13304746  
17_0_0     0.24414167  0.25837333  0.24414167  0.27288260  0.28768053  0.26559259  0.27288260  0.26559259  0.25122346  0.28024477  0.28768053  0.33392717  0.29519138  0.28024477  0.30277884  0.27288260  0.27288260  0.27288260  0.31044450  0.31044450  0.28024477  0.28024477  0.35817541  0.04175972  0.00000000  0.00000000  0.15148518  0.14528835  0.08032743  0.07469381  0.12700174  
15_0_0     0.24414167  0.25837333  0.24414167  0.27288260  0.28768053  0.26559259  0.27288260  0.26559259  0.25122346  0.28024477  0.28768053  0.33392717  0.29519138  0.28024477  0.30277884  0.27288260  0.27288260  0.27288260  0.31044450  0.31044450  0.28024477  0.28024477  0.35817541  0.04175972  0.00000000  0.00000000  0.15148518  0.14528835  0.08032743  0.07469381  0.12700174  
16_7_0     0.30277884  0.28768053  0.28768053  0.28768053  0.30277884  0.25837333  0.28768053  0.29519138  0.28024477  0.31044450  0.30277884  0.36643706  0.31818997  0.31044450  0.33392717  0.30277884  0.30277884  0.30277884  0.32601695  0.34192241  0.32601695  0.32601695  0.34192241  0.17680200  0.15148518  0.15148518  0.00000000  0.04714847  0.08600405  0.08032743  0.12100475  
16_0_0     0.29519138  0.26559259  0.26559259  0.26559259  0.28024477  0.26559259  0.29519138  0.30277884  0.28768053  0.29519138  0.30277884  0.35000452  0.34192241  0.31818997  0.31044450  0.31044450  0.31044450  0.31044450  0.33392717  0.35000452  0.31818997  0.31818997  0.35000452  0.15773406  0.14528835  0.14528835  0.04714847  0.00000000  0.11505573  0.10915392  0.13304746  
19_0_0     0.23017719  0.23017719  0.23017719  0.24414167  0.27288260  0.23712666  0.24414167  0.23712666  0.22329205  0.24414167  0.27288260  0.30277884  0.23712666  0.23712666  0.28768053  0.24414167  0.24414167  0.24414167  0.28024477  0.28024477  0.26559259  0.26559259  0.34192241  0.10329856  0.08032743  0.08032743  0.08600405  0.11505573  0.00000000  0.00509354  0.05257654  
13_0_0     0.23712666  0.23712666  0.22329205  0.25122346  0.28024477  0.23017719  0.23712666  0.23017719  0.21647006  0.25122346  0.26559259  0.29519138  0.23017719  0.23017719  0.28024477  0.23712666  0.23712666  0.23712666  0.27288260  0.27288260  0.25837333  0.25837333  0.33392717  0.09748893  0.07469381  0.07469381  0.08032743  0.10915392  0.00509354  0.00000000  0.05804451  
20_0_0     0.21647006  0.20971006  0.20971006  0.22329205  0.25122346  0.20971006  0.21647006  0.20301095  0.20971006  0.28024477  0.30277884  0.30277884  0.20971006  0.20971006  0.27288260  0.24414167  0.24414167  0.24414167  0.26559259  0.26559259  0.25122346  0.25122346  0.34192241  0.13304746  0.12700174  0.12700174  0.12100475  0.13304746  0.05257654  0.05804451  0.00000000  

