25
16_0_0     0.00000000  0.01519263  0.04654784  0.03070402  0.03070402  0.03070402  0.02679556  0.03070402  0.03070402  0.03070402  0.03070402  0.03070402  0.04255494  0.05865758  0.06684236  0.06684236  0.07096899  0.06684236  0.06684236  0.06273865  0.05865758  0.05056242  0.05865758  0.05056242  0.05459892  
17_0_0     0.01519263  0.00000000  0.03463326  0.01519263  0.01519263  0.01519263  0.01904008  0.01519263  0.01519263  0.02679556  0.02679556  0.02679556  0.03070402  0.05459892  0.05056242  0.05056242  0.06273865  0.06273865  0.06273865  0.05459892  0.05865758  0.05056242  0.06273865  0.04654784  0.04654784  
15_0_0     0.04654784  0.03463326  0.00000000  0.03463326  0.03463326  0.04255494  0.04654784  0.04255494  0.04255494  0.03070402  0.03070402  0.03070402  0.02679556  0.06684236  0.06273865  0.06273865  0.05056242  0.04255494  0.04255494  0.06684236  0.07929198  0.07096899  0.05865758  0.05056242  0.05056242  
14_0_0     0.03070402  0.01519263  0.03463326  0.00000000  0.00000000  0.00755729  0.01136510  0.00755729  0.00755729  0.02679556  0.02679556  0.02679556  0.01519263  0.05459892  0.05459892  0.05459892  0.05459892  0.06273865  0.06273865  0.05459892  0.05865758  0.05056242  0.05459892  0.05459892  0.04654784  
18_0_0     0.03070402  0.01519263  0.03463326  0.00000000  0.00000000  0.00755729  0.01136510  0.00755729  0.00755729  0.02679556  0.02679556  0.02679556  0.01519263  0.05459892  0.05459892  0.05459892  0.05459892  0.06273865  0.06273865  0.05459892  0.05865758  0.05056242  0.05459892  0.05459892  0.04654784  
13_0_0     0.03070402  0.01519263  0.04255494  0.00755729  0.00755729  0.00000000  0.01136510  0.00755729  0.00755729  0.03463326  0.03463326  0.03463326  0.02290765  0.05459892  0.05056242  0.05056242  0.06273865  0.07096899  0.07096899  0.06273865  0.06684236  0.05865758  0.06273865  0.05459892  0.05459892  
20_0_0     0.02679556  0.01904008  0.04654784  0.01136510  0.01136510  0.01136510  0.00000000  0.00376899  0.00376899  0.03070402  0.03070402  0.03070402  0.01904008  0.05056242  0.05056242  0.05056242  0.05865758  0.06684236  0.06684236  0.05865758  0.06273865  0.06273865  0.06273865  0.05459892  0.05459892  
12_0_0     0.03070402  0.01519263  0.04255494  0.00755729  0.00755729  0.00755729  0.00376899  0.00000000  0.00000000  0.02679556  0.02679556  0.02679556  0.01519263  0.04654784  0.04654784  0.04654784  0.05459892  0.06273865  0.06273865  0.05459892  0.05865758  0.05865758  0.05865758  0.05056242  0.05056242  
19_0_0     0.03070402  0.01519263  0.04255494  0.00755729  0.00755729  0.00755729  0.00376899  0.00000000  0.00000000  0.02679556  0.02679556  0.02679556  0.01519263  0.04654784  0.04654784  0.04654784  0.05459892  0.06273865  0.06273865  0.05459892  0.05865758  0.05865758  0.05865758  0.05056242  0.05056242  
20_3_0     0.03070402  0.02679556  0.03070402  0.02679556  0.02679556  0.03463326  0.03070402  0.02679556  0.02679556  0.00000000  0.00000000  0.00000000  0.01904008  0.05865758  0.06273865  0.06273865  0.05865758  0.05056242  0.05056242  0.05056242  0.05459892  0.06273865  0.05459892  0.04654784  0.04654784  
19_3_0     0.03070402  0.02679556  0.03070402  0.02679556  0.02679556  0.03463326  0.03070402  0.02679556  0.02679556  0.00000000  0.00000000  0.00000000  0.01904008  0.05865758  0.06273865  0.06273865  0.05865758  0.05056242  0.05056242  0.05056242  0.05459892  0.06273865  0.05459892  0.04654784  0.04654784  
12_3_0     0.03070402  0.02679556  0.03070402  0.02679556  0.02679556  0.03463326  0.03070402  0.02679556  0.02679556  0.00000000  0.00000000  0.00000000  0.01904008  0.05865758  0.06273865  0.06273865  0.05865758  0.05056242  0.05056242  0.05056242  0.05459892  0.06273865  0.05459892  0.04654784  0.04654784  
13_3_0     0.04255494  0.03070402  0.02679556  0.01519263  0.01519263  0.02290765  0.01904008  0.01519263  0.01519263  0.01904008  0.01904008  0.01904008  0.00000000  0.06273865  0.06273865  0.06273865  0.05459892  0.05459892  0.05459892  0.05459892  0.06684236  0.06684236  0.05865758  0.05865758  0.05865758  
9_0_0      0.05865758  0.05459892  0.06684236  0.05459892  0.05459892  0.05459892  0.05056242  0.04654784  0.04654784  0.05865758  0.05865758  0.05865758  0.06273865  0.00000000  0.03858349  0.03858349  0.02290765  0.02290765  0.02290765  0.03463326  0.03463326  0.03463326  0.03858349  0.01904008  0.01904008  
2_0_0      0.06684236  0.05056242  0.06273865  0.05459892  0.05459892  0.05056242  0.05056242  0.04654784  0.04654784  0.06273865  0.06273865  0.06273865  0.06273865  0.03858349  0.00000000  0.00000000  0.04255494  0.04654784  0.04654784  0.05459892  0.05865758  0.05865758  0.05056242  0.03463326  0.03463326  
8_0_0      0.06684236  0.05056242  0.06273865  0.05459892  0.05459892  0.05056242  0.05056242  0.04654784  0.04654784  0.06273865  0.06273865  0.06273865  0.06273865  0.03858349  0.00000000  0.00000000  0.04255494  0.04654784  0.04654784  0.05459892  0.05865758  0.05865758  0.05056242  0.03463326  0.03463326  
5_0_0      0.07096899  0.06273865  0.05056242  0.05459892  0.05459892  0.06273865  0.05865758  0.05459892  0.05459892  0.05865758  0.05865758  0.05865758  0.05459892  0.02290765  0.04255494  0.04255494  0.00000000  0.00755729  0.00755729  0.02679556  0.03070402  0.03070402  0.03463326  0.02679556  0.01904008  
4_0_0      0.06684236  0.06273865  0.04255494  0.06273865  0.06273865  0.07096899  0.06684236  0.06273865  0.06273865  0.05056242  0.05056242  0.05056242  0.05459892  0.02290765  0.04654784  0.04654784  0.00755729  0.00000000  0.00000000  0.03463326  0.03858349  0.03858349  0.03463326  0.01904008  0.01904008  
3_0_0      0.06684236  0.06273865  0.04255494  0.06273865  0.06273865  0.07096899  0.06684236  0.06273865  0.06273865  0.05056242  0.05056242  0.05056242  0.05459892  0.02290765  0.04654784  0.04654784  0.00755729  0.00000000  0.00000000  0.03463326  0.03858349  0.03858349  0.03463326  0.01904008  0.01904008  
10_1_0     0.06273865  0.05459892  0.06684236  0.05459892  0.05459892  0.06273865  0.05865758  0.05459892  0.05459892  0.05056242  0.05056242  0.05056242  0.05459892  0.03463326  0.05459892  0.05459892  0.02679556  0.03463326  0.03463326  0.00000000  0.01136510  0.01136510  0.04654784  0.03858349  0.03070402  
7_1_0      0.05865758  0.05865758  0.07929198  0.05865758  0.05865758  0.06684236  0.06273865  0.05865758  0.05865758  0.05459892  0.05459892  0.05459892  0.06684236  0.03463326  0.05865758  0.05865758  0.03070402  0.03858349  0.03858349  0.01136510  0.00000000  0.00755729  0.04255494  0.04255494  0.03463326  
11_1_0     0.05056242  0.05056242  0.07096899  0.05056242  0.05056242  0.05865758  0.06273865  0.05865758  0.05865758  0.06273865  0.06273865  0.06273865  0.06684236  0.03463326  0.05865758  0.05865758  0.03070402  0.03858349  0.03858349  0.01136510  0.00755729  0.00000000  0.03858349  0.03858349  0.03070402  
10_0_0     0.05865758  0.06273865  0.05865758  0.05459892  0.05459892  0.06273865  0.06273865  0.05865758  0.05865758  0.05459892  0.05459892  0.05459892  0.05865758  0.03858349  0.05056242  0.05056242  0.03463326  0.03463326  0.03463326  0.04654784  0.04255494  0.03858349  0.00000000  0.02290765  0.02290765  
7_0_0      0.05056242  0.04654784  0.05056242  0.05459892  0.05459892  0.05459892  0.05459892  0.05056242  0.05056242  0.04654784  0.04654784  0.04654784  0.05865758  0.01904008  0.03463326  0.03463326  0.02679556  0.01904008  0.01904008  0.03858349  0.04255494  0.03858349  0.02290765  0.00000000  0.00755729  
11_0_0     0.05459892  0.04654784  0.05056242  0.04654784  0.04654784  0.05459892  0.05459892  0.05056242  0.05056242  0.04654784  0.04654784  0.04654784  0.05865758  0.01904008  0.03463326  0.03463326  0.01904008  0.01904008  0.01904008  0.03070402  0.03463326  0.03070402  0.02290765  0.00755729  0.00000000  

