1 1 0 0 0 
10 1 0 0 0 
11 1 0 0 0 
12 1 0 0 0 
13 1 0 0 0 
14 1 0 0 1 
15 1 0 0 0 
16 1 0 0 0 
17 1 0 0 0 
18 1 0 0 0 
19 1 0 0 1 
2 1 0 0 0 
20 1 0 0 0 
3 1 0 0 0 
4 1 0 0 0 
5 1 0 0 0 
6 1 0 0 1 
7 1 0 0 1 
8 1 0 0 0 
9 1 0 0 0 
Node_10_12_0 1 0 0 0 
Node_11_17_0 1 0 0 1 
Node_11_5_0 1 0 0 0 
Node_11_7_0 1 0 0 0 
Node_12_4_0 1 0 0 0 
Node_14_6_0 0 0 0 0 
Node_15_11_0 1 0 0 0 
Node_15_14_0 1 0 1 0 
Node_15_16_0 1 0 0 0 
Node_1_20_0 0 0 0 0 
Node_1_2_0 1 0 0 0 
Node_20_15_0 1 0 0 0 
Node_2_3_0 1 0 0 0 
Node_5_10_0 1 0 0 0 
Node_7_8_0 1 0 0 0 
Node_7_9_0 1 0 1 0 
Node_8_18_0 1 0 0 0 
Node_8_19_0 1 0 1 0 
Node_9_13_0 1 0 0 0 
