20
19_0_0     0.00000000  0.07877902  0.05422838  0.07050222  0.07050222  0.06231938  0.06231938  0.03831385  0.07877902  0.07050222  0.07877902  0.07877902  0.08715196  0.08715196  0.09562330  0.08715196  0.08715196  0.08715196  0.07877902  0.13954096  
11_0_0     0.07877902  0.00000000  0.02274310  0.07877902  0.07877902  0.07050222  0.07050222  0.07050222  0.09562330  0.09562330  0.07877902  0.07877902  0.07050222  0.07050222  0.08715196  0.08715196  0.08715196  0.10419538  0.10419538  0.16723611  
17_0_0     0.05422838  0.02274310  0.00000000  0.07050222  0.07050222  0.05422838  0.05422838  0.04622720  0.08715196  0.08715196  0.08715196  0.08715196  0.07877902  0.07877902  0.09562330  0.09562330  0.09562330  0.08715196  0.07877902  0.14865496  
18_0_0     0.07050222  0.07877902  0.07050222  0.00000000  0.00000000  0.07877902  0.07877902  0.08715196  0.10419538  0.07877902  0.09562330  0.09562330  0.08715196  0.08715196  0.09562330  0.09562330  0.09562330  0.10419538  0.09562330  0.13954096  
8_0_0      0.07050222  0.07877902  0.07050222  0.00000000  0.00000000  0.07877902  0.07877902  0.08715196  0.10419538  0.07877902  0.09562330  0.09562330  0.08715196  0.08715196  0.09562330  0.09562330  0.09562330  0.10419538  0.09562330  0.13954096  
13_0_0     0.06231938  0.07050222  0.05422838  0.07877902  0.07877902  0.00000000  0.00000000  0.02274310  0.11287063  0.11287063  0.12165155  0.12165155  0.11287063  0.11287063  0.11287063  0.11287063  0.11287063  0.08715196  0.09562330  0.13954096  
9_0_0      0.06231938  0.07050222  0.05422838  0.07877902  0.07877902  0.00000000  0.00000000  0.02274310  0.11287063  0.11287063  0.12165155  0.12165155  0.11287063  0.11287063  0.11287063  0.11287063  0.11287063  0.08715196  0.09562330  0.13954096  
7_0_0      0.03831385  0.07050222  0.04622720  0.08715196  0.08715196  0.02274310  0.02274310  0.00000000  0.11287063  0.09562330  0.11287063  0.11287063  0.10419538  0.10419538  0.11287063  0.11287063  0.11287063  0.09562330  0.08715196  0.13054076  
15_0_0     0.07877902  0.09562330  0.08715196  0.10419538  0.10419538  0.11287063  0.11287063  0.11287063  0.00000000  0.07050222  0.04622720  0.04622720  0.05422838  0.05422838  0.08715196  0.07877902  0.07877902  0.08715196  0.09562330  0.12165155  
6_0_0      0.07050222  0.09562330  0.08715196  0.07877902  0.07877902  0.11287063  0.11287063  0.09562330  0.07050222  0.00000000  0.02274310  0.02274310  0.03048643  0.03048643  0.08715196  0.09562330  0.09562330  0.10419538  0.08715196  0.13954096  
14_0_0     0.07877902  0.07877902  0.08715196  0.09562330  0.09562330  0.12165155  0.12165155  0.11287063  0.04622720  0.02274310  0.00000000  0.00000000  0.00750158  0.00750158  0.07877902  0.07050222  0.07050222  0.09562330  0.08715196  0.13954096  
1_0_0      0.07877902  0.07877902  0.08715196  0.09562330  0.09562330  0.12165155  0.12165155  0.11287063  0.04622720  0.02274310  0.00000000  0.00000000  0.00750158  0.00750158  0.07877902  0.07050222  0.07050222  0.09562330  0.08715196  0.13954096  
3_0_0      0.08715196  0.07050222  0.07877902  0.08715196  0.08715196  0.11287063  0.11287063  0.10419538  0.05422838  0.03048643  0.00750158  0.00750158  0.00000000  0.00000000  0.07877902  0.07050222  0.07050222  0.09562330  0.08715196  0.13054076  
2_0_0      0.08715196  0.07050222  0.07877902  0.08715196  0.08715196  0.11287063  0.11287063  0.10419538  0.05422838  0.03048643  0.00750158  0.00750158  0.00000000  0.00000000  0.07877902  0.07050222  0.07050222  0.09562330  0.08715196  0.13054076  
10_0_0     0.09562330  0.08715196  0.09562330  0.09562330  0.09562330  0.11287063  0.11287063  0.11287063  0.08715196  0.08715196  0.07877902  0.07877902  0.07877902  0.07877902  0.00000000  0.00750158  0.00750158  0.02274310  0.03048643  0.15788566  
12_0_0     0.08715196  0.08715196  0.09562330  0.09562330  0.09562330  0.11287063  0.11287063  0.11287063  0.07877902  0.09562330  0.07050222  0.07050222  0.07050222  0.07050222  0.00750158  0.00000000  0.00000000  0.02274310  0.03048643  0.14865496  
4_0_0      0.08715196  0.08715196  0.09562330  0.09562330  0.09562330  0.11287063  0.11287063  0.11287063  0.07877902  0.09562330  0.07050222  0.07050222  0.07050222  0.07050222  0.00750158  0.00000000  0.00000000  0.02274310  0.03048643  0.14865496  
5_0_0      0.08715196  0.10419538  0.08715196  0.10419538  0.10419538  0.08715196  0.08715196  0.09562330  0.08715196  0.10419538  0.09562330  0.09562330  0.09562330  0.09562330  0.02274310  0.02274310  0.02274310  0.00000000  0.01508206  0.14865496  
16_0_0     0.07877902  0.10419538  0.07877902  0.09562330  0.09562330  0.09562330  0.09562330  0.08715196  0.09562330  0.08715196  0.08715196  0.08715196  0.08715196  0.08715196  0.03048643  0.03048643  0.03048643  0.01508206  0.00000000  0.15788566  
20_0_0     0.13954096  0.16723611  0.14865496  0.13954096  0.13954096  0.13954096  0.13954096  0.13054076  0.12165155  0.13954096  0.13954096  0.13954096  0.13054076  0.13054076  0.15788566  0.14865496  0.14865496  0.14865496  0.15788566  0.00000000  

