20
19_0_0     0.00000000  0.08055459  0.05492824  0.07185691  0.07185691  0.06260491  0.06260491  0.03840113  0.07916689  0.07050244  0.07892651  0.07892651  0.08745225  0.08745225  0.09567443  0.08724564  0.08724564  0.08718496  0.07878846  0.13964227  
11_0_0     0.08055459  0.00000000  0.02293659  0.07998234  0.07998234  0.07071392  0.07071392  0.07098633  0.09706267  0.09613489  0.07916689  0.07916689  0.07071392  0.07071392  0.08718496  0.08715592  0.08715592  0.10420658  0.10421615  0.16851602  
17_0_0     0.05492824  0.02293659  0.00000000  0.07136779  0.07136779  0.05424914  0.05424914  0.04627588  0.08820947  0.08745225  0.08777405  0.08777405  0.07916689  0.07916689  0.09562372  0.09567443  0.09567443  0.08733481  0.07889447  0.14923047  
18_0_0     0.07185691  0.07998234  0.07136779  0.00000000  0.00000000  0.07916689  0.07916689  0.08820947  0.10608515  0.07892651  0.09654114  0.09654114  0.08777405  0.08777405  0.09584543  0.09613489  0.09613489  0.10434956  0.09584543  0.13987544  
8_0_0      0.07185691  0.07998234  0.07136779  0.00000000  0.00000000  0.07916689  0.07916689  0.08820947  0.10608515  0.07892651  0.09654114  0.09654114  0.08777405  0.08777405  0.09584543  0.09613489  0.09613489  0.10434956  0.09584543  0.13987544  
13_0_0     0.06260491  0.07071392  0.05424914  0.07916689  0.07916689  0.00000000  0.00000000  0.02279070  0.11318717  0.11318717  0.12188514  0.12188514  0.11296795  0.11296795  0.11296795  0.11287422  0.11287422  0.08715592  0.09562372  0.13954419  
9_0_0      0.06260491  0.07071392  0.05424914  0.07916689  0.07916689  0.00000000  0.00000000  0.02279070  0.11318717  0.11318717  0.12188514  0.12188514  0.11296795  0.11296795  0.11296795  0.11287422  0.11287422  0.08715592  0.09562372  0.13954419  
7_0_0      0.03840113  0.07098633  0.04627588  0.08820947  0.08820947  0.02279070  0.02279070  0.00000000  0.11352998  0.09584543  0.11318717  0.11318717  0.10434956  0.10434956  0.11318717  0.11296795  0.11296795  0.09562372  0.08715592  0.13068213  
15_0_0     0.07916689  0.09706267  0.08820947  0.10608515  0.10608515  0.11318717  0.11318717  0.11352998  0.00000000  0.07136779  0.04668633  0.04668633  0.05492824  0.05492824  0.08715592  0.07879978  0.07879978  0.08718496  0.09567443  0.12262718  
6_0_0      0.07050244  0.09613489  0.08745225  0.07892651  0.07892651  0.11318717  0.11318717  0.09584543  0.07136779  0.00000000  0.02279070  0.02279070  0.03062222  0.03062222  0.08745225  0.09584543  0.09584543  0.10460486  0.08745225  0.14024158  
14_0_0     0.07892651  0.07916689  0.08777405  0.09654114  0.09654114  0.12188514  0.12188514  0.11318717  0.04668633  0.02279070  0.00000000  0.00000000  0.00752233  0.00752233  0.07879978  0.07055208  0.07055208  0.09567443  0.08724564  0.14073876  
1_0_0      0.07892651  0.07916689  0.08777405  0.09654114  0.09654114  0.12188514  0.12188514  0.11318717  0.04668633  0.02279070  0.00000000  0.00000000  0.00752233  0.00752233  0.07879978  0.07055208  0.07055208  0.09567443  0.08724564  0.14073876  
3_0_0      0.08745225  0.07071392  0.07916689  0.08777405  0.08777405  0.11296795  0.11296795  0.10434956  0.05492824  0.03062222  0.00752233  0.00752233  0.00000000  0.00000000  0.07879978  0.07055208  0.07055208  0.09567443  0.08724564  0.13137501  
2_0_0      0.08745225  0.07071392  0.07916689  0.08777405  0.08777405  0.11296795  0.11296795  0.10434956  0.05492824  0.03062222  0.00752233  0.00752233  0.00000000  0.00000000  0.07879978  0.07055208  0.07055208  0.09567443  0.08724564  0.13137501  
10_0_0     0.09567443  0.08718496  0.09562372  0.09584543  0.09584543  0.11296795  0.11296795  0.11318717  0.08715592  0.08745225  0.07879978  0.07879978  0.07879978  0.07879978  0.00000000  0.00750713  0.00750713  0.02279070  0.03083676  0.15877472  
12_0_0     0.08724564  0.08715592  0.09567443  0.09613489  0.09613489  0.11287422  0.11287422  0.11296795  0.07879978  0.09584543  0.07055208  0.07055208  0.07055208  0.07055208  0.00750713  0.00000000  0.00000000  0.02274312  0.03062222  0.14969472  
4_0_0      0.08724564  0.08715592  0.09567443  0.09613489  0.09613489  0.11287422  0.11287422  0.11296795  0.07879978  0.09584543  0.07055208  0.07055208  0.07055208  0.07055208  0.00750713  0.00000000  0.00000000  0.02274312  0.03062222  0.14969472  
5_0_0      0.08718496  0.10420658  0.08733481  0.10434956  0.10434956  0.08715592  0.08715592  0.09562372  0.08718496  0.10460486  0.09567443  0.09567443  0.09567443  0.09567443  0.02279070  0.02274312  0.02274312  0.00000000  0.01508704  0.14969472  
16_0_0     0.07878846  0.10421615  0.07889447  0.09584543  0.09584543  0.09562372  0.09562372  0.08715592  0.09567443  0.08745225  0.08724564  0.08724564  0.08724564  0.08724564  0.03083676  0.03062222  0.03062222  0.01508704  0.00000000  0.15877472  
20_0_0     0.13964227  0.16851602  0.14923047  0.13987544  0.13987544  0.13954419  0.13954419  0.13068213  0.12262718  0.14024158  0.14073876  0.14073876  0.13137501  0.13137501  0.15877472  0.14969472  0.14969472  0.14969472  0.15877472  0.00000000  

