18
3_31_0     0.00000000  0.13911831  0.47840877  0.47840877  0.45432164  0.43100928  0.42340219  0.53793512  0.48661904  0.50332396  0.56502316  0.55588087  0.52912616  0.52042297  0.49492338  0.49492338  0.47840877  0.56502316  
3_14_0     0.13911831  0.00000000  0.41587411  0.41587411  0.50332396  0.45432164  0.46226208  0.47840877  0.43100928  0.44646725  0.51182304  0.50332396  0.47840877  0.47029047  0.48661904  0.48661904  0.51182304  0.52042297  
3_28_0     0.47840877  0.41587411  0.00000000  0.10907642  0.22016843  0.17045939  0.16514086  0.47029047  0.50332396  0.50332396  0.49492338  0.47840877  0.45432164  0.46226208  0.45432164  0.45432164  0.45432164  0.44646725  
3_27_0     0.47840877  0.41587411  0.10907642  0.00000000  0.17581723  0.14941549  0.13402406  0.40842341  0.47840877  0.47840877  0.47029047  0.41587411  0.42340219  0.41587411  0.43869706  0.43869706  0.43100928  0.43100928  
3_26_0     0.45432164  0.50332396  0.22016843  0.17581723  0.00000000  0.12896536  0.12394173  0.44646725  0.52042297  0.50332396  0.46226208  0.44646725  0.45432164  0.44646725  0.46226208  0.46226208  0.49492338  0.52042297  
1_10_0     0.43100928  0.45432164  0.17045939  0.14941549  0.12896536  0.00000000  0.01277006  0.37227718  0.47029047  0.47029047  0.41587411  0.47029047  0.43100928  0.42340219  0.40104851  0.40104851  0.40104851  0.44646725  
2_10_0     0.42340219  0.46226208  0.16514086  0.13402406  0.12394173  0.01277006  0.00000000  0.37936365  0.47840877  0.47840877  0.42340219  0.47840877  0.43869706  0.43100928  0.40842341  0.40842341  0.39374791  0.43100928  
2_9_0      0.53793512  0.47840877  0.47029047  0.40842341  0.44646725  0.37227718  0.37936365  0.00000000  0.22590812  0.22590812  0.19213257  0.17045939  0.14424861  0.13911831  0.12394173  0.12394173  0.15461946  0.16514086  
3_40_0     0.48661904  0.43100928  0.50332396  0.47840877  0.52042297  0.47029047  0.47840877  0.22590812  0.00000000  0.01277006  0.14424861  0.23752568  0.23169362  0.22590812  0.19213257  0.19213257  0.21447383  0.24340504  
3_39_0     0.50332396  0.44646725  0.50332396  0.47840877  0.50332396  0.47029047  0.47840877  0.22590812  0.01277006  0.00000000  0.14424861  0.22590812  0.23169362  0.22590812  0.19213257  0.19213257  0.22590812  0.24340504  
3_20_0     0.56502316  0.51182304  0.49492338  0.47029047  0.46226208  0.41587411  0.42340219  0.19213257  0.14424861  0.14424861  0.00000000  0.21447383  0.20882363  0.20321712  0.18665322  0.18665322  0.20882363  0.22016843  
3_36_0     0.55588087  0.50332396  0.47840877  0.41587411  0.44646725  0.47029047  0.47840877  0.17045939  0.23752568  0.22590812  0.21447383  0.00000000  0.03900563  0.03456656  0.18665322  0.18665322  0.22016843  0.20882363  
3_38_0     0.52912616  0.47840877  0.45432164  0.42340219  0.45432164  0.43100928  0.43869706  0.14424861  0.23169362  0.23169362  0.20882363  0.03900563  0.00000000  0.00423174  0.15986107  0.15986107  0.19213257  0.19213257  
3_37_0     0.52042297  0.47029047  0.46226208  0.41587411  0.44646725  0.42340219  0.43100928  0.13911831  0.22590812  0.22590812  0.20321712  0.03456656  0.00423174  0.00000000  0.15461946  0.15461946  0.19765366  0.19765366  
1_17_0     0.49492338  0.48661904  0.45432164  0.43869706  0.46226208  0.40104851  0.40842341  0.12394173  0.19213257  0.19213257  0.18665322  0.18665322  0.15986107  0.15461946  0.00000000  0.00000000  0.17045939  0.19765366  
2_17_0     0.49492338  0.48661904  0.45432164  0.43869706  0.46226208  0.40104851  0.40842341  0.12394173  0.19213257  0.19213257  0.18665322  0.18665322  0.15986107  0.15461946  0.00000000  0.00000000  0.17045939  0.19765366  
3_33_0     0.47840877  0.51182304  0.45432164  0.43100928  0.49492338  0.40104851  0.39374791  0.15461946  0.21447383  0.22590812  0.20882363  0.22016843  0.19213257  0.19765366  0.17045939  0.17045939  0.00000000  0.05703888  
3_34_0     0.56502316  0.52042297  0.44646725  0.43100928  0.52042297  0.44646725  0.43100928  0.16514086  0.24340504  0.24340504  0.22016843  0.20882363  0.19213257  0.19765366  0.19765366  0.19765366  0.05703888  0.00000000  

