30
97_0_0     0.00000000  0.35671782  0.34537627  0.34537627  0.37993043  0.37993043  0.45423292  0.45423292  0.44132503  0.44132503  0.44132503  0.44132503  0.39181268  0.39181268  0.42863620  0.39181268  0.41615911  0.44132503  0.33420419  0.34537627  0.34537627  0.32319658  0.32319658  0.45423292  0.42863620  0.45423292  0.41615911  0.39181268  0.44132503  0.33420419  
95_0_0     0.35671782  0.00000000  0.00712605  0.00712605  0.03632943  0.03632943  0.45423292  0.37993043  0.36823405  0.36823405  0.34537627  0.34537627  0.37993043  0.37993043  0.40388681  0.37993043  0.40388681  0.42863620  0.35671782  0.36823405  0.36823405  0.36823405  0.36823405  0.50821526  0.46736755  0.46736755  0.52234257  0.39181268  0.34537627  0.39181268  
99_0_0     0.34537627  0.00712605  0.00000000  0.00000000  0.02892096  0.02892096  0.44132503  0.39181268  0.37993043  0.37993043  0.35671782  0.35671782  0.36823405  0.36823405  0.39181268  0.36823405  0.39181268  0.41615911  0.34537627  0.35671782  0.35671782  0.35671782  0.35671782  0.52234257  0.48073704  0.45423292  0.50821526  0.37993043  0.33420419  0.37993043  
96_0_0     0.34537627  0.00712605  0.00000000  0.00000000  0.02892096  0.02892096  0.44132503  0.39181268  0.37993043  0.37993043  0.35671782  0.35671782  0.36823405  0.36823405  0.39181268  0.36823405  0.39181268  0.41615911  0.34537627  0.35671782  0.35671782  0.35671782  0.35671782  0.52234257  0.48073704  0.45423292  0.50821526  0.37993043  0.33420419  0.37993043  
98_0_0     0.37993043  0.03632943  0.02892096  0.02892096  0.00000000  0.00000000  0.41615911  0.36823405  0.37993043  0.37993043  0.35671782  0.35671782  0.35671782  0.35671782  0.37993043  0.35671782  0.37993043  0.42863620  0.33420419  0.34537627  0.34537627  0.34537627  0.34537627  0.52234257  0.48073704  0.46736755  0.50821526  0.39181268  0.35671782  0.36823405  
94_0_0     0.37993043  0.03632943  0.02892096  0.02892096  0.00000000  0.00000000  0.41615911  0.36823405  0.37993043  0.37993043  0.35671782  0.35671782  0.35671782  0.35671782  0.37993043  0.35671782  0.37993043  0.42863620  0.33420419  0.34537627  0.34537627  0.34537627  0.34537627  0.52234257  0.48073704  0.46736755  0.50821526  0.39181268  0.35671782  0.36823405  
97_3_0     0.45423292  0.45423292  0.44132503  0.44132503  0.41615911  0.41615911  0.00000000  0.37993043  0.40388681  0.40388681  0.40388681  0.40388681  0.29111386  0.29111386  0.32319658  0.29111386  0.29111386  0.39181268  0.22120940  0.23080446  0.21173591  0.23080446  0.23080446  0.41615911  0.41615911  0.32319658  0.31234866  0.32319658  0.35671782  0.29111386  
95_6_0     0.45423292  0.37993043  0.39181268  0.39181268  0.36823405  0.36823405  0.37993043  0.00000000  0.01432066  0.02892096  0.02892096  0.02892096  0.30165588  0.30165588  0.32319658  0.30165588  0.31234866  0.41615911  0.32319658  0.31234866  0.33420419  0.33420419  0.33420419  0.44132503  0.41615911  0.48073704  0.45423292  0.39181268  0.40388681  0.39181268  
99_6_0     0.44132503  0.36823405  0.37993043  0.37993043  0.37993043  0.37993043  0.40388681  0.01432066  0.00000000  0.01432066  0.01432066  0.01432066  0.31234866  0.31234866  0.33420419  0.31234866  0.32319658  0.40388681  0.33420419  0.32319658  0.34537627  0.34537627  0.34537627  0.42863620  0.40388681  0.48073704  0.44132503  0.37993043  0.39181268  0.40388681  
96_6_0     0.44132503  0.36823405  0.37993043  0.37993043  0.37993043  0.37993043  0.40388681  0.02892096  0.01432066  0.00000000  0.02892096  0.02892096  0.31234866  0.31234866  0.33420419  0.31234866  0.32319658  0.37993043  0.33420419  0.32319658  0.34537627  0.34537627  0.34537627  0.42863620  0.40388681  0.48073704  0.42863620  0.37993043  0.39181268  0.40388681  
94_6_0     0.44132503  0.34537627  0.35671782  0.35671782  0.35671782  0.35671782  0.40388681  0.02892096  0.01432066  0.02892096  0.00000000  0.00000000  0.31234866  0.31234866  0.33420419  0.31234866  0.32319658  0.37993043  0.33420419  0.32319658  0.34537627  0.34537627  0.34537627  0.42863620  0.40388681  0.48073704  0.44132503  0.37993043  0.36823405  0.40388681  
98_6_0     0.44132503  0.34537627  0.35671782  0.35671782  0.35671782  0.35671782  0.40388681  0.02892096  0.01432066  0.02892096  0.00000000  0.00000000  0.31234866  0.31234866  0.33420419  0.31234866  0.32319658  0.37993043  0.33420419  0.32319658  0.34537627  0.34537627  0.34537627  0.42863620  0.40388681  0.48073704  0.44132503  0.37993043  0.36823405  0.40388681  
98_5_0     0.39181268  0.37993043  0.36823405  0.36823405  0.35671782  0.35671782  0.29111386  0.30165588  0.31234866  0.31234866  0.31234866  0.31234866  0.00000000  0.00000000  0.02158518  0.00000000  0.02158518  0.21173591  0.20238095  0.19314159  0.19314159  0.21173591  0.21173591  0.41615911  0.40388681  0.35671782  0.36823405  0.32319658  0.37993043  0.29111386  
94_5_0     0.39181268  0.37993043  0.36823405  0.36823405  0.35671782  0.35671782  0.29111386  0.30165588  0.31234866  0.31234866  0.31234866  0.31234866  0.00000000  0.00000000  0.02158518  0.00000000  0.02158518  0.21173591  0.20238095  0.19314159  0.19314159  0.21173591  0.21173591  0.41615911  0.40388681  0.35671782  0.36823405  0.32319658  0.37993043  0.29111386  
96_5_0     0.42863620  0.40388681  0.39181268  0.39181268  0.37993043  0.37993043  0.32319658  0.32319658  0.33420419  0.33420419  0.33420419  0.33420419  0.02158518  0.02158518  0.00000000  0.02158518  0.04381204  0.22120940  0.23080446  0.22120940  0.22120940  0.24052424  0.24052424  0.45423292  0.44132503  0.36823405  0.40388681  0.35671782  0.41615911  0.31234866  
95_5_0     0.39181268  0.37993043  0.36823405  0.36823405  0.35671782  0.35671782  0.29111386  0.30165588  0.31234866  0.31234866  0.31234866  0.31234866  0.00000000  0.00000000  0.02158518  0.00000000  0.02158518  0.21173591  0.20238095  0.19314159  0.19314159  0.21173591  0.21173591  0.41615911  0.40388681  0.35671782  0.36823405  0.32319658  0.37993043  0.29111386  
99_5_0     0.41615911  0.40388681  0.39181268  0.39181268  0.37993043  0.37993043  0.29111386  0.31234866  0.32319658  0.32319658  0.32319658  0.32319658  0.02158518  0.02158518  0.04381204  0.02158518  0.00000000  0.24052424  0.21173591  0.20238095  0.20238095  0.22120940  0.22120940  0.42863620  0.44132503  0.36823405  0.39181268  0.34537627  0.40388681  0.31234866  
93_3_0     0.44132503  0.42863620  0.41615911  0.41615911  0.42863620  0.42863620  0.39181268  0.41615911  0.40388681  0.37993043  0.37993043  0.37993043  0.21173591  0.21173591  0.22120940  0.21173591  0.24052424  0.00000000  0.28071841  0.27046550  0.27046550  0.27046550  0.27046550  0.40388681  0.39181268  0.32319658  0.37993043  0.36823405  0.34537627  0.39181268  
96_2_0     0.33420419  0.35671782  0.34537627  0.34537627  0.33420419  0.33420419  0.22120940  0.32319658  0.33420419  0.33420419  0.33420419  0.33420419  0.20238095  0.20238095  0.23080446  0.20238095  0.21173591  0.28071841  0.00000000  0.00712605  0.00712605  0.00712605  0.00712605  0.37993043  0.39181268  0.28071841  0.32319658  0.31234866  0.31234866  0.27046550  
99_2_0     0.34537627  0.36823405  0.35671782  0.35671782  0.34537627  0.34537627  0.23080446  0.31234866  0.32319658  0.32319658  0.32319658  0.32319658  0.19314159  0.19314159  0.22120940  0.19314159  0.20238095  0.27046550  0.00712605  0.00000000  0.01432066  0.01432066  0.01432066  0.37993043  0.39181268  0.28071841  0.32319658  0.32319658  0.32319658  0.28071841  
95_2_0     0.34537627  0.36823405  0.35671782  0.35671782  0.34537627  0.34537627  0.21173591  0.33420419  0.34537627  0.34537627  0.34537627  0.34537627  0.19314159  0.19314159  0.22120940  0.19314159  0.20238095  0.27046550  0.00712605  0.01432066  0.00000000  0.01432066  0.01432066  0.39181268  0.40388681  0.29111386  0.31234866  0.32319658  0.32319658  0.28071841  
94_2_0     0.32319658  0.36823405  0.35671782  0.35671782  0.34537627  0.34537627  0.23080446  0.33420419  0.34537627  0.34537627  0.34537627  0.34537627  0.21173591  0.21173591  0.24052424  0.21173591  0.22120940  0.27046550  0.00712605  0.01432066  0.01432066  0.00000000  0.00000000  0.36823405  0.37993043  0.27046550  0.33420419  0.32319658  0.32319658  0.28071841  
98_2_0     0.32319658  0.36823405  0.35671782  0.35671782  0.34537627  0.34537627  0.23080446  0.33420419  0.34537627  0.34537627  0.34537627  0.34537627  0.21173591  0.21173591  0.24052424  0.21173591  0.22120940  0.27046550  0.00712605  0.01432066  0.01432066  0.00000000  0.00000000  0.36823405  0.37993043  0.27046550  0.33420419  0.32319658  0.32319658  0.28071841  
97_12_0    0.45423292  0.50821526  0.52234257  0.52234257  0.52234257  0.52234257  0.41615911  0.44132503  0.42863620  0.42863620  0.42863620  0.42863620  0.41615911  0.41615911  0.45423292  0.41615911  0.42863620  0.40388681  0.37993043  0.37993043  0.39181268  0.36823405  0.36823405  0.00000000  0.05137029  0.34537627  0.36823405  0.48073704  0.41615911  0.45423292  
97_7_0     0.42863620  0.46736755  0.48073704  0.48073704  0.48073704  0.48073704  0.41615911  0.41615911  0.40388681  0.40388681  0.40388681  0.40388681  0.40388681  0.40388681  0.44132503  0.40388681  0.44132503  0.39181268  0.39181268  0.39181268  0.40388681  0.37993043  0.37993043  0.05137029  0.00000000  0.37993043  0.39181268  0.45423292  0.39181268  0.45423292  
97_10_0    0.45423292  0.46736755  0.45423292  0.45423292  0.46736755  0.46736755  0.32319658  0.48073704  0.48073704  0.48073704  0.48073704  0.48073704  0.35671782  0.35671782  0.36823405  0.35671782  0.36823405  0.32319658  0.28071841  0.28071841  0.29111386  0.27046550  0.27046550  0.34537627  0.37993043  0.00000000  0.30165588  0.42863620  0.41615911  0.45423292  
97_2_0     0.41615911  0.52234257  0.50821526  0.50821526  0.50821526  0.50821526  0.31234866  0.45423292  0.44132503  0.42863620  0.44132503  0.44132503  0.36823405  0.36823405  0.40388681  0.36823405  0.39181268  0.37993043  0.32319658  0.32319658  0.31234866  0.33420419  0.33420419  0.36823405  0.39181268  0.30165588  0.00000000  0.39181268  0.44132503  0.35671782  
97_9_0     0.39181268  0.39181268  0.37993043  0.37993043  0.39181268  0.39181268  0.32319658  0.39181268  0.37993043  0.37993043  0.37993043  0.37993043  0.32319658  0.32319658  0.35671782  0.32319658  0.34537627  0.36823405  0.31234866  0.32319658  0.32319658  0.32319658  0.32319658  0.48073704  0.45423292  0.42863620  0.39181268  0.00000000  0.21173591  0.30165588  
97_1_0     0.44132503  0.34537627  0.33420419  0.33420419  0.35671782  0.35671782  0.35671782  0.40388681  0.39181268  0.39181268  0.36823405  0.36823405  0.37993043  0.37993043  0.41615911  0.37993043  0.40388681  0.34537627  0.31234866  0.32319658  0.32319658  0.32319658  0.32319658  0.41615911  0.39181268  0.41615911  0.44132503  0.21173591  0.00000000  0.37993043  
100_1_0    0.33420419  0.39181268  0.37993043  0.37993043  0.36823405  0.36823405  0.29111386  0.39181268  0.40388681  0.40388681  0.40388681  0.40388681  0.29111386  0.29111386  0.31234866  0.29111386  0.31234866  0.39181268  0.27046550  0.28071841  0.28071841  0.28071841  0.28071841  0.45423292  0.45423292  0.45423292  0.35671782  0.30165588  0.37993043  0.00000000  

