10
15_0_0     0.00000000  0.12801427  0.12029670  0.15970738  0.17607281  0.17607281  0.17607281  0.17607281  0.17607281  0.17607281  
18_0_0     0.12801427  0.00000000  0.00656471  0.04028243  0.05420747  0.05420747  0.05420747  0.05420747  0.05420747  0.05420747  
14_0_0     0.12029670  0.00656471  0.00000000  0.04721251  0.06126855  0.06126855  0.06126855  0.06126855  0.06126855  0.06126855  
13_0_0     0.15970738  0.04028243  0.04721251  0.00000000  0.04028243  0.04028243  0.04028243  0.04028243  0.04028243  0.04028243  
12_0_0     0.17607281  0.05420747  0.06126855  0.04028243  0.00000000  0.00000000  0.00000000  0.00000000  0.00000000  0.00000000  
19_0_0     0.17607281  0.05420747  0.06126855  0.04028243  0.00000000  0.00000000  0.00000000  0.00000000  0.00000000  0.00000000  
20_0_0     0.17607281  0.05420747  0.06126855  0.04028243  0.00000000  0.00000000  0.00000000  0.00000000  0.00000000  0.00000000  
12_1_0     0.17607281  0.05420747  0.06126855  0.04028243  0.00000000  0.00000000  0.00000000  0.00000000  0.00000000  0.00000000  
19_1_0     0.17607281  0.05420747  0.06126855  0.04028243  0.00000000  0.00000000  0.00000000  0.00000000  0.00000000  0.00000000  
20_1_0     0.17607281  0.05420747  0.06126855  0.04028243  0.00000000  0.00000000  0.00000000  0.00000000  0.00000000  0.00000000  

