50
18_0_0     0.00000000  0.21902576  0.21511291  0.21511291  0.33797027  0.33797027  0.43645385  0.40550431  0.39050321  0.30638849  0.30638849  0.30198518  0.31081823  0.31081823  0.28893079  0.37096477  0.47984943  0.48545786  0.48545786  0.45242955  0.38556987  0.39546976  0.39546976  0.39546976  0.36615995  0.47984943  0.47984943  0.66999206  0.56253518  0.51415797  0.60102081  0.50832793  0.49680427  0.50832793  0.52003446  0.50832793  0.52003446  0.52003446  0.52595813  0.53795010  0.44706578  0.35193047  0.50254360  0.39050321  0.45242955  0.46327551  0.44706578  0.47428331  0.41057323  0.39050321  
12_0_0     0.21902576  0.00000000  0.00879862  0.00879862  0.39546976  0.39546976  0.55014023  0.52003446  0.45242955  0.36615995  0.36615995  0.36138623  0.37096477  0.36138623  0.34724766  0.43645385  0.52595813  0.47984943  0.46327551  0.49680427  0.47428331  0.47428331  0.47428331  0.49110925  0.45783260  0.54401999  0.54401999  0.70705690  0.56253518  0.61430882  0.71469870  0.65567229  0.64861531  0.62784058  0.62784058  0.64162520  0.62784058  0.62104368  0.62784058  0.62784058  0.56881164  0.43645385  0.60763490  0.47984943  0.57514195  0.58796791  0.52003446  0.55014023  0.48545786  0.49680427  
16_0_0     0.21511291  0.00879862  0.00000000  0.00585407  0.38066930  0.38066930  0.53795010  0.53192975  0.44706578  0.37096477  0.37096477  0.35664320  0.36615995  0.35664320  0.35193047  0.43120458  0.51415797  0.49680427  0.46875888  0.50254360  0.46875888  0.46875888  0.46875888  0.47428331  0.45242955  0.52595813  0.52595813  0.70705690  0.55014023  0.61430882  0.71469870  0.64162520  0.63470069  0.61430882  0.61430882  0.62784058  0.61430882  0.60763490  0.61430882  0.61430882  0.56881164  0.42081679  0.58796791  0.46327551  0.58152706  0.59446549  0.52595813  0.54401999  0.49110925  0.49110925  
7_0_0      0.21511291  0.00879862  0.00585407  0.00000000  0.38066930  0.38066930  0.54401999  0.52595813  0.44706578  0.37096477  0.37096477  0.35664320  0.36615995  0.36615995  0.35193047  0.43645385  0.52595813  0.49680427  0.46875888  0.49110925  0.47984943  0.47984943  0.47984943  0.48545786  0.45242955  0.52595813  0.52595813  0.70705690  0.56253518  0.62104368  0.72242048  0.64861531  0.64162520  0.62104368  0.62104368  0.63470069  0.62104368  0.61430882  0.62104368  0.62104368  0.57514195  0.43120458  0.60102081  0.46327551  0.58152706  0.59446549  0.52595813  0.54401999  0.49110925  0.50254360  
19_0_0     0.33797027  0.39546976  0.38066930  0.38066930  0.00000000  0.00585407  0.38066930  0.42081679  0.33797027  0.31081823  0.31081823  0.30198518  0.31081823  0.23890751  0.27610340  0.34724766  0.42081679  0.49680427  0.47984943  0.43645385  0.38066930  0.36138623  0.37096477  0.35193047  0.34259438  0.38066930  0.38556987  0.58796791  0.49680427  0.46875888  0.55014023  0.49680427  0.51415797  0.53795010  0.55014023  0.55631167  0.55014023  0.55014023  0.55631167  0.55014023  0.45783260  0.33337496  0.44706578  0.33797027  0.38066930  0.38066930  0.38066930  0.36138623  0.36138623  0.32880810  
9_0_0      0.33797027  0.39546976  0.38066930  0.38066930  0.00585407  0.00000000  0.38066930  0.43120458  0.33797027  0.31081823  0.31081823  0.30198518  0.31081823  0.23890751  0.27610340  0.34724766  0.42081679  0.49680427  0.49110925  0.43645385  0.38066930  0.36138623  0.37096477  0.35193047  0.34259438  0.38066930  0.38556987  0.59446549  0.49680427  0.45783260  0.53795010  0.49680427  0.50254360  0.52595813  0.53795010  0.54401999  0.53795010  0.53795010  0.54401999  0.53795010  0.44706578  0.33337496  0.44706578  0.32880810  0.37096477  0.37096477  0.37096477  0.37096477  0.36138623  0.32880810  
22_0_0     0.43645385  0.55014023  0.53795010  0.54401999  0.38066930  0.38066930  0.00000000  0.31975833  0.24294897  0.40550431  0.40550431  0.39546976  0.39050321  0.34259438  0.36615995  0.40550431  0.42599240  0.64162520  0.60102081  0.59446549  0.41567723  0.41057323  0.42081679  0.42081679  0.34724766  0.48545786  0.46875888  0.72242048  0.49680427  0.45783260  0.63470069  0.52003446  0.53192975  0.51415797  0.52595813  0.53192975  0.54401999  0.54401999  0.53795010  0.55631167  0.45783260  0.41567723  0.53192975  0.41057323  0.48545786  0.47428331  0.43645385  0.50254360  0.42599240  0.38066930  
29_0_0     0.40550431  0.52003446  0.53192975  0.52595813  0.42081679  0.43120458  0.31975833  0.00000000  0.28893079  0.44174073  0.44174073  0.39050321  0.39050321  0.34724766  0.33797027  0.44174073  0.52595813  0.60102081  0.55014023  0.60102081  0.47984943  0.47428331  0.48545786  0.48545786  0.41057323  0.46327551  0.46875888  0.77886188  0.56253518  0.56881164  0.64861531  0.55631167  0.55631167  0.55631167  0.56881164  0.56881164  0.60102081  0.59446549  0.58796791  0.56881164  0.48545786  0.45242955  0.60102081  0.43645385  0.52595813  0.53795010  0.51415797  0.49110925  0.47428331  0.44706578  
4_0_0      0.39050321  0.45242955  0.44706578  0.44706578  0.33797027  0.33797027  0.24294897  0.28893079  0.00000000  0.35193047  0.35193047  0.34724766  0.34724766  0.28035446  0.30198518  0.38556987  0.42081679  0.64861531  0.57514195  0.57514195  0.44706578  0.42599240  0.43645385  0.42599240  0.36138623  0.42599240  0.41057323  0.68459530  0.56253518  0.50832793  0.60763490  0.55631167  0.52003446  0.50832793  0.52003446  0.53192975  0.54401999  0.53795010  0.54401999  0.52003446  0.46875888  0.41057323  0.52595813  0.40550431  0.45242955  0.44174073  0.42599240  0.43120458  0.40046997  0.38556987  
11_0_0     0.30638849  0.36615995  0.37096477  0.37096477  0.31081823  0.31081823  0.40550431  0.44174073  0.35193047  0.00000000  0.00000000  0.07674309  0.07674309  0.21122070  0.21902576  0.32426934  0.49110925  0.55014023  0.50254360  0.47428331  0.39546976  0.36615995  0.36615995  0.37580108  0.34259438  0.41057323  0.41567723  0.59446549  0.52595813  0.46875888  0.60102081  0.49110925  0.49680427  0.50254360  0.50254360  0.50254360  0.47428331  0.47984943  0.48545786  0.47428331  0.40550431  0.34259438  0.44706578  0.37096477  0.35193047  0.35193047  0.36138623  0.42599240  0.35193047  0.35193047  
17_0_0     0.30638849  0.36615995  0.37096477  0.37096477  0.31081823  0.31081823  0.40550431  0.44174073  0.35193047  0.00000000  0.00000000  0.07674309  0.07674309  0.21122070  0.21902576  0.32426934  0.49110925  0.55014023  0.50254360  0.47428331  0.39546976  0.36615995  0.36615995  0.37580108  0.34259438  0.41057323  0.41567723  0.59446549  0.52595813  0.46875888  0.60102081  0.49110925  0.49680427  0.50254360  0.50254360  0.50254360  0.47428331  0.47984943  0.48545786  0.47428331  0.40550431  0.34259438  0.44706578  0.37096477  0.35193047  0.35193047  0.36138623  0.42599240  0.35193047  0.35193047  
2_0_0      0.30198518  0.36138623  0.35664320  0.35664320  0.30198518  0.30198518  0.39546976  0.39050321  0.34724766  0.07674309  0.07674309  0.00000000  0.01472321  0.17338801  0.19966579  0.30638849  0.45242955  0.53795010  0.43645385  0.45783260  0.35193047  0.32880810  0.32880810  0.33797027  0.31527474  0.39546976  0.40046997  0.55014023  0.49680427  0.45783260  0.58152706  0.49680427  0.50254360  0.46327551  0.46327551  0.45783260  0.44174073  0.43645385  0.44174073  0.43645385  0.40550431  0.30638849  0.42599240  0.31975833  0.31975833  0.31975833  0.32426934  0.36615995  0.30198518  0.32426934  
24_0_0     0.31081823  0.37096477  0.36615995  0.36615995  0.31081823  0.31081823  0.39050321  0.39050321  0.34724766  0.07674309  0.07674309  0.01472321  0.00000000  0.17338801  0.19966579  0.30638849  0.45783260  0.54401999  0.45783260  0.47428331  0.36138623  0.33797027  0.33797027  0.34724766  0.32426934  0.40550431  0.41057323  0.55631167  0.51415797  0.47428331  0.59446549  0.50254360  0.50832793  0.46875888  0.46875888  0.46327551  0.44706578  0.44174073  0.44706578  0.44174073  0.42081679  0.32426934  0.44706578  0.32880810  0.33797027  0.33797027  0.33797027  0.38556987  0.31975833  0.34259438  
23_0_0     0.31081823  0.36138623  0.35664320  0.36615995  0.23890751  0.23890751  0.34259438  0.34724766  0.28035446  0.21122070  0.21122070  0.17338801  0.17338801  0.00000000  0.12004542  0.28035446  0.38556987  0.49110925  0.43120458  0.42081679  0.32880810  0.31527474  0.31527474  0.31081823  0.30198518  0.35193047  0.36615995  0.62104368  0.49110925  0.45783260  0.55631167  0.44174073  0.44706578  0.45242955  0.46327551  0.43645385  0.43120458  0.43120458  0.42599240  0.41057323  0.38556987  0.28893079  0.39546976  0.32880810  0.36138623  0.36138623  0.36138623  0.40550431  0.33797027  0.34724766  
14_0_0     0.28893079  0.34724766  0.35193047  0.35193047  0.27610340  0.27610340  0.36615995  0.33797027  0.30198518  0.21902576  0.21902576  0.19966579  0.19966579  0.12004542  0.00000000  0.26349523  0.38556987  0.47984943  0.41567723  0.41567723  0.32426934  0.30198518  0.30198518  0.31975833  0.29760800  0.33337496  0.34724766  0.61430882  0.47984943  0.45242955  0.52595813  0.41057323  0.41567723  0.44706578  0.45783260  0.43120458  0.43645385  0.43645385  0.43120458  0.43645385  0.35664320  0.28463016  0.42081679  0.33337496  0.38066930  0.38066930  0.36138623  0.37580108  0.33797027  0.30638849  
14_1_0     0.37096477  0.43645385  0.43120458  0.43645385  0.34724766  0.34724766  0.40550431  0.44174073  0.38556987  0.32426934  0.32426934  0.30638849  0.30638849  0.28035446  0.26349523  0.00000000  0.32880810  0.43645385  0.38066930  0.39546976  0.18453550  0.16604885  0.17338801  0.18080093  0.18080093  0.30198518  0.30638849  0.66279743  0.52003446  0.45783260  0.50254360  0.48545786  0.50254360  0.46875888  0.46875888  0.46327551  0.46327551  0.45783260  0.45242955  0.45242955  0.39546976  0.25933995  0.44174073  0.30198518  0.38066930  0.38066930  0.33337496  0.37580108  0.33337496  0.29760800  
23_1_0     0.47984943  0.52595813  0.51415797  0.52595813  0.42081679  0.42081679  0.42599240  0.52595813  0.42081679  0.49110925  0.49110925  0.45242955  0.45783260  0.38556987  0.38556987  0.32880810  0.00000000  0.53192975  0.49110925  0.46875888  0.31527474  0.29325664  0.30198518  0.30198518  0.28463016  0.40550431  0.40550431  0.74608294  0.54401999  0.50254360  0.62104368  0.58152706  0.56881164  0.53192975  0.54401999  0.53795010  0.56253518  0.56253518  0.55631167  0.54401999  0.55014023  0.41567723  0.53795010  0.36138623  0.47984943  0.48545786  0.40550431  0.44174073  0.42081679  0.36615995  
22_1_0     0.48545786  0.47984943  0.49680427  0.49680427  0.49680427  0.49680427  0.64162520  0.60102081  0.64861531  0.55014023  0.55014023  0.53795010  0.54401999  0.49110925  0.47984943  0.43645385  0.53192975  0.00000000  0.26349523  0.28035446  0.46327551  0.46875888  0.47984943  0.47428331  0.42081679  0.53795010  0.55014023  0.69949346  0.65567229  0.62784058  0.68459530  0.73811082  0.69949346  0.64162520  0.64162520  0.64861531  0.66999206  0.66999206  0.67725755  0.69200677  0.61430882  0.50832793  0.63470069  0.47984943  0.56881164  0.58152706  0.52595813  0.56881164  0.53192975  0.49110925  
29_1_0     0.48545786  0.46327551  0.46875888  0.46875888  0.47984943  0.49110925  0.60102081  0.55014023  0.57514195  0.50254360  0.50254360  0.43645385  0.45783260  0.43120458  0.41567723  0.38066930  0.49110925  0.26349523  0.00000000  0.19206186  0.40550431  0.39546976  0.40550431  0.41057323  0.40046997  0.48545786  0.48545786  0.69200677  0.55631167  0.63470069  0.64861531  0.64162520  0.63470069  0.56253518  0.56253518  0.58152706  0.60102081  0.59446549  0.60102081  0.59446549  0.56881164  0.38066930  0.61430882  0.45242955  0.50254360  0.51415797  0.53795010  0.54401999  0.49110925  0.43645385  
4_1_0      0.45242955  0.49680427  0.50254360  0.49110925  0.43645385  0.43645385  0.59446549  0.60102081  0.57514195  0.47428331  0.47428331  0.45783260  0.47428331  0.42081679  0.41567723  0.39546976  0.46875888  0.28035446  0.19206186  0.00000000  0.38556987  0.39050321  0.39050321  0.38556987  0.35664320  0.45242955  0.44174073  0.68459530  0.60102081  0.64162520  0.64861531  0.63470069  0.62784058  0.64162520  0.63470069  0.63470069  0.66279743  0.66279743  0.66999206  0.66279743  0.60102081  0.43645385  0.55631167  0.49110925  0.51415797  0.50254360  0.55014023  0.56881164  0.50832793  0.46327551  
18_1_0     0.38556987  0.47428331  0.46875888  0.47984943  0.38066930  0.38066930  0.41567723  0.47984943  0.44706578  0.39546976  0.39546976  0.35193047  0.36138623  0.32880810  0.32426934  0.18453550  0.31527474  0.46327551  0.40550431  0.38556987  0.00000000  0.05758361  0.06391497  0.06391497  0.09309843  0.30638849  0.30198518  0.60763490  0.49110925  0.42081679  0.52003446  0.44706578  0.45242955  0.43645385  0.43120458  0.44174073  0.44174073  0.43645385  0.44174073  0.45242955  0.42599240  0.28035446  0.46327551  0.29325664  0.40046997  0.39050321  0.39546976  0.37580108  0.37580108  0.30198518  
7_1_0      0.39546976  0.47428331  0.46875888  0.47984943  0.36138623  0.36138623  0.41057323  0.47428331  0.42599240  0.36615995  0.36615995  0.32880810  0.33797027  0.31527474  0.30198518  0.16604885  0.29325664  0.46875888  0.39546976  0.39050321  0.05758361  0.00000000  0.00585407  0.01472321  0.06391497  0.28463016  0.28035446  0.59446549  0.48545786  0.39546976  0.49110925  0.45242955  0.45783260  0.43120458  0.42599240  0.43645385  0.44706578  0.44174073  0.43645385  0.43645385  0.40046997  0.26767406  0.44706578  0.30198518  0.39050321  0.38066930  0.35664320  0.36615995  0.37580108  0.28893079  
16_1_0     0.39546976  0.47428331  0.46875888  0.47984943  0.37096477  0.37096477  0.42081679  0.48545786  0.43645385  0.36615995  0.36615995  0.32880810  0.33797027  0.31527474  0.30198518  0.17338801  0.30198518  0.47984943  0.40550431  0.39050321  0.06391497  0.00585407  0.00000000  0.02069576  0.07030115  0.28463016  0.28035446  0.59446549  0.49680427  0.40550431  0.49680427  0.45783260  0.46327551  0.44174073  0.43645385  0.44706578  0.45783260  0.45242955  0.44706578  0.44706578  0.41057323  0.26767406  0.44706578  0.31081823  0.39050321  0.38066930  0.36138623  0.37580108  0.38556987  0.29760800  
12_1_0     0.39546976  0.49110925  0.47428331  0.48545786  0.35193047  0.35193047  0.42081679  0.48545786  0.42599240  0.37580108  0.37580108  0.33797027  0.34724766  0.31081823  0.31975833  0.18080093  0.30198518  0.47428331  0.41057323  0.38556987  0.06391497  0.01472321  0.02069576  0.00000000  0.07351509  0.29760800  0.29325664  0.58796791  0.48545786  0.41567723  0.49680427  0.44706578  0.45242955  0.43120458  0.42599240  0.43645385  0.44706578  0.44174073  0.43645385  0.43645385  0.42081679  0.28035446  0.45783260  0.30198518  0.40046997  0.39050321  0.37580108  0.37096477  0.39546976  0.30638849  
20_1_0     0.36615995  0.45783260  0.45242955  0.45242955  0.34259438  0.34259438  0.34724766  0.41057323  0.36138623  0.34259438  0.34259438  0.31527474  0.32426934  0.30198518  0.29760800  0.18080093  0.28463016  0.42081679  0.40046997  0.35664320  0.09309843  0.06391497  0.07030115  0.07351509  0.00000000  0.25109894  0.24701270  0.58796791  0.48545786  0.40550431  0.51415797  0.45783260  0.45242955  0.44706578  0.44174073  0.45242955  0.45242955  0.44706578  0.44174073  0.45242955  0.40550431  0.27610340  0.45242955  0.27187669  0.39546976  0.38556987  0.36138623  0.38066930  0.36138623  0.27610340  
19_1_0     0.47984943  0.54401999  0.52595813  0.52595813  0.38066930  0.38066930  0.48545786  0.46327551  0.42599240  0.41057323  0.41057323  0.39546976  0.40550431  0.35193047  0.33337496  0.30198518  0.40550431  0.53795010  0.48545786  0.45242955  0.30638849  0.28463016  0.28463016  0.29760800  0.25109894  0.00000000  0.00879862  0.67725755  0.60763490  0.53795010  0.61430882  0.49680427  0.50254360  0.55014023  0.56253518  0.53795010  0.54401999  0.53795010  0.53192975  0.54401999  0.46875888  0.40046997  0.54401999  0.36615995  0.49680427  0.50832793  0.45242955  0.45783260  0.46327551  0.38556987  
9_1_0      0.47984943  0.54401999  0.52595813  0.52595813  0.38556987  0.38556987  0.46875888  0.46875888  0.41057323  0.41567723  0.41567723  0.40046997  0.41057323  0.36615995  0.34724766  0.30638849  0.40550431  0.55014023  0.48545786  0.44174073  0.30198518  0.28035446  0.28035446  0.29325664  0.24701270  0.00879862  0.00000000  0.68459530  0.61430882  0.53192975  0.62104368  0.50254360  0.50832793  0.55631167  0.56881164  0.55631167  0.55014023  0.54401999  0.53795010  0.55014023  0.47428331  0.39546976  0.55014023  0.37096477  0.51415797  0.51415797  0.46327551  0.45783260  0.46327551  0.37096477  
26_2_0     0.66999206  0.70705690  0.70705690  0.70705690  0.58796791  0.59446549  0.72242048  0.77886188  0.68459530  0.59446549  0.59446549  0.55014023  0.55631167  0.62104368  0.61430882  0.66279743  0.74608294  0.69949346  0.69200677  0.68459530  0.60763490  0.59446549  0.59446549  0.58796791  0.58796791  0.67725755  0.68459530  0.00000000  0.41567723  0.56253518  0.54401999  0.50832793  0.53795010  0.51415797  0.51415797  0.50832793  0.51415797  0.50832793  0.51415797  0.51415797  0.49680427  0.60763490  0.64861531  0.56253518  0.54401999  0.55014023  0.58152706  0.62104368  0.55631167  0.56253518  
26_0_0     0.56253518  0.56253518  0.55014023  0.56253518  0.49680427  0.49680427  0.49680427  0.56253518  0.56253518  0.52595813  0.52595813  0.49680427  0.51415797  0.49110925  0.47984943  0.52003446  0.54401999  0.65567229  0.55631167  0.60102081  0.49110925  0.48545786  0.49680427  0.48545786  0.48545786  0.60763490  0.61430882  0.41567723  0.00000000  0.42081679  0.50254360  0.38066930  0.40550431  0.38556987  0.38556987  0.38066930  0.41567723  0.41567723  0.42081679  0.40046997  0.34724766  0.44706578  0.59446549  0.43645385  0.53192975  0.52595813  0.53192975  0.54401999  0.52003446  0.47428331  
3_0_0      0.51415797  0.61430882  0.61430882  0.62104368  0.46875888  0.45783260  0.45783260  0.56881164  0.50832793  0.46875888  0.46875888  0.45783260  0.47428331  0.45783260  0.45242955  0.45783260  0.50254360  0.62784058  0.63470069  0.64162520  0.42081679  0.39546976  0.40550431  0.41567723  0.40550431  0.53795010  0.53192975  0.56253518  0.42081679  0.00000000  0.38556987  0.25109894  0.25109894  0.26767406  0.27610340  0.25933995  0.27610340  0.27187669  0.26767406  0.28035446  0.18828908  0.39050321  0.47984943  0.42599240  0.43645385  0.42599240  0.40046997  0.46327551  0.41057323  0.38066930  
8_0_0      0.60102081  0.71469870  0.71469870  0.72242048  0.55014023  0.53795010  0.63470069  0.64861531  0.60763490  0.60102081  0.60102081  0.58152706  0.59446549  0.55631167  0.52595813  0.50254360  0.62104368  0.68459530  0.64861531  0.64861531  0.52003446  0.49110925  0.49680427  0.49680427  0.51415797  0.61430882  0.62104368  0.54401999  0.50254360  0.38556987  0.00000000  0.37580108  0.39546976  0.40550431  0.41567723  0.41567723  0.42599240  0.42081679  0.42081679  0.42081679  0.33337496  0.49680427  0.66999206  0.46327551  0.49110925  0.48545786  0.49680427  0.46327551  0.50832793  0.46327551  
28_0_0     0.50832793  0.65567229  0.64162520  0.64861531  0.49680427  0.49680427  0.52003446  0.55631167  0.55631167  0.49110925  0.49110925  0.49680427  0.50254360  0.44174073  0.41057323  0.48545786  0.58152706  0.73811082  0.64162520  0.63470069  0.44706578  0.45242955  0.45783260  0.44706578  0.45783260  0.49680427  0.50254360  0.50832793  0.38066930  0.25109894  0.37580108  0.00000000  0.03278792  0.17338801  0.18080093  0.15517521  0.18080093  0.18080093  0.17708516  0.18828908  0.13740122  0.43120458  0.49680427  0.41567723  0.49680427  0.48545786  0.46327551  0.46875888  0.45242955  0.40550431  
5_0_0      0.49680427  0.64861531  0.63470069  0.64162520  0.51415797  0.50254360  0.53192975  0.55631167  0.52003446  0.49680427  0.49680427  0.50254360  0.50832793  0.44706578  0.41567723  0.50254360  0.56881164  0.69949346  0.63470069  0.62784058  0.45242955  0.45783260  0.46327551  0.45242955  0.45242955  0.50254360  0.50832793  0.53795010  0.40550431  0.25109894  0.39546976  0.03278792  0.00000000  0.15158599  0.15878197  0.13740122  0.15158599  0.15158599  0.14801414  0.15878197  0.11662272  0.41567723  0.50832793  0.43120458  0.47984943  0.46875888  0.43645385  0.46327551  0.42599240  0.40046997  
6_0_0      0.50832793  0.62784058  0.61430882  0.62104368  0.53795010  0.52595813  0.51415797  0.55631167  0.50832793  0.50254360  0.50254360  0.46327551  0.46875888  0.45242955  0.44706578  0.46875888  0.53192975  0.64162520  0.56253518  0.64162520  0.43645385  0.43120458  0.44174073  0.43120458  0.44706578  0.55014023  0.55631167  0.51415797  0.38556987  0.26767406  0.40550431  0.17338801  0.15158599  0.00000000  0.00585407  0.02370027  0.05130612  0.04818729  0.05130612  0.05443819  0.12348407  0.41567723  0.55631167  0.42599240  0.44706578  0.44706578  0.41567723  0.50254360  0.40550431  0.39546976  
27_0_0     0.52003446  0.62784058  0.61430882  0.62104368  0.55014023  0.53795010  0.52595813  0.56881164  0.52003446  0.50254360  0.50254360  0.46327551  0.46875888  0.46327551  0.45783260  0.46875888  0.54401999  0.64162520  0.56253518  0.63470069  0.43120458  0.42599240  0.43645385  0.42599240  0.44174073  0.56253518  0.56881164  0.51415797  0.38556987  0.27610340  0.41567723  0.18080093  0.15878197  0.00585407  0.00000000  0.02974625  0.05758361  0.05443819  0.05758361  0.06074250  0.13040983  0.41567723  0.55631167  0.43645385  0.45783260  0.45783260  0.42599240  0.51415797  0.41567723  0.40550431  
13_0_0     0.50832793  0.64162520  0.62784058  0.63470069  0.55631167  0.54401999  0.53192975  0.56881164  0.53192975  0.50254360  0.50254360  0.45783260  0.46327551  0.43645385  0.43120458  0.46327551  0.53795010  0.64861531  0.58152706  0.63470069  0.44174073  0.43645385  0.44706578  0.43645385  0.45242955  0.53795010  0.55631167  0.50832793  0.38066930  0.25933995  0.41567723  0.15517521  0.13740122  0.02370027  0.02974625  0.00000000  0.04198892  0.04198892  0.04508159  0.04818729  0.11662272  0.43645385  0.51415797  0.43120458  0.46327551  0.46327551  0.42599240  0.50832793  0.41567723  0.40550431  
1_0_0      0.52003446  0.62784058  0.61430882  0.62104368  0.55014023  0.53795010  0.54401999  0.60102081  0.54401999  0.47428331  0.47428331  0.44174073  0.44706578  0.43120458  0.43645385  0.46327551  0.56253518  0.66999206  0.60102081  0.66279743  0.44174073  0.44706578  0.45783260  0.44706578  0.45242955  0.54401999  0.55014023  0.51415797  0.41567723  0.27610340  0.42599240  0.18080093  0.15158599  0.05130612  0.05758361  0.04198892  0.00000000  0.00292123  0.00585407  0.02671707  0.13040983  0.41567723  0.52595813  0.43645385  0.48545786  0.48545786  0.43120458  0.50254360  0.43120458  0.41567723  
10_0_0     0.52003446  0.62104368  0.60763490  0.61430882  0.55014023  0.53795010  0.54401999  0.59446549  0.53795010  0.47984943  0.47984943  0.43645385  0.44174073  0.43120458  0.43645385  0.45783260  0.56253518  0.66999206  0.59446549  0.66279743  0.43645385  0.44174073  0.45242955  0.44174073  0.44706578  0.53795010  0.54401999  0.50832793  0.41567723  0.27187669  0.42081679  0.18080093  0.15158599  0.04818729  0.05443819  0.04198892  0.00292123  0.00000000  0.00292123  0.02370027  0.12693882  0.41057323  0.52595813  0.43120458  0.47984943  0.47984943  0.42599240  0.49680427  0.42599240  0.41567723  
15_0_0     0.52595813  0.62784058  0.61430882  0.62104368  0.55631167  0.54401999  0.53795010  0.58796791  0.54401999  0.48545786  0.48545786  0.44174073  0.44706578  0.42599240  0.43120458  0.45242955  0.55631167  0.67725755  0.60102081  0.66999206  0.44174073  0.43645385  0.44706578  0.43645385  0.44174073  0.53192975  0.53795010  0.51415797  0.42081679  0.26767406  0.42081679  0.17708516  0.14801414  0.05130612  0.05758361  0.04508159  0.00585407  0.00292123  0.00000000  0.02671707  0.12348407  0.40550431  0.52003446  0.42599240  0.47428331  0.47428331  0.42081679  0.49110925  0.42081679  0.41567723  
25_0_0     0.53795010  0.62784058  0.61430882  0.62104368  0.55014023  0.53795010  0.55631167  0.56881164  0.52003446  0.47428331  0.47428331  0.43645385  0.44174073  0.41057323  0.43645385  0.45242955  0.54401999  0.69200677  0.59446549  0.66279743  0.45242955  0.43645385  0.44706578  0.43645385  0.45242955  0.54401999  0.55014023  0.51415797  0.40046997  0.28035446  0.42081679  0.18828908  0.15878197  0.05443819  0.06074250  0.04818729  0.02671707  0.02370027  0.02671707  0.00000000  0.12693882  0.41567723  0.53192975  0.42599240  0.46327551  0.46327551  0.41057323  0.50254360  0.40046997  0.41057323  
21_0_0     0.44706578  0.56881164  0.56881164  0.57514195  0.45783260  0.44706578  0.45783260  0.48545786  0.46875888  0.40550431  0.40550431  0.40550431  0.42081679  0.38556987  0.35664320  0.39546976  0.55014023  0.61430882  0.56881164  0.60102081  0.42599240  0.40046997  0.41057323  0.42081679  0.40550431  0.46875888  0.47428331  0.49680427  0.34724766  0.18828908  0.33337496  0.13740122  0.11662272  0.12348407  0.13040983  0.11662272  0.13040983  0.12693882  0.12348407  0.12693882  0.00000000  0.33797027  0.44706578  0.38066930  0.40046997  0.39050321  0.36615995  0.42599240  0.35664320  0.29760800  
98_0_0     0.35193047  0.43645385  0.42081679  0.43120458  0.33337496  0.33337496  0.41567723  0.45242955  0.41057323  0.34259438  0.34259438  0.30638849  0.32426934  0.28893079  0.28463016  0.25933995  0.41567723  0.50832793  0.38066930  0.43645385  0.28035446  0.26767406  0.26767406  0.28035446  0.27610340  0.40046997  0.39546976  0.60763490  0.44706578  0.39050321  0.49680427  0.43120458  0.41567723  0.41567723  0.41567723  0.43645385  0.41567723  0.41057323  0.40550431  0.41567723  0.33797027  0.00000000  0.28893079  0.22691428  0.24701270  0.25520794  0.25109894  0.30638849  0.23488806  0.17708516  
58_0_0     0.50254360  0.60763490  0.58796791  0.60102081  0.44706578  0.44706578  0.53192975  0.60102081  0.52595813  0.44706578  0.44706578  0.42599240  0.44706578  0.39546976  0.42081679  0.44174073  0.53795010  0.63470069  0.61430882  0.55631167  0.46327551  0.44706578  0.44706578  0.45783260  0.45242955  0.54401999  0.55014023  0.64861531  0.59446549  0.47984943  0.66999206  0.49680427  0.50832793  0.55631167  0.55631167  0.51415797  0.52595813  0.52595813  0.52003446  0.53192975  0.44706578  0.28893079  0.00000000  0.35193047  0.40046997  0.39050321  0.37580108  0.44174073  0.36615995  0.34259438  
46_0_0     0.39050321  0.47984943  0.46327551  0.46327551  0.33797027  0.32880810  0.41057323  0.43645385  0.40550431  0.37096477  0.37096477  0.31975833  0.32880810  0.32880810  0.33337496  0.30198518  0.36138623  0.47984943  0.45242955  0.49110925  0.29325664  0.30198518  0.31081823  0.30198518  0.27187669  0.36615995  0.37096477  0.56253518  0.43645385  0.42599240  0.46327551  0.41567723  0.43120458  0.42599240  0.43645385  0.43120458  0.43645385  0.43120458  0.42599240  0.42599240  0.38066930  0.22691428  0.35193047  0.00000000  0.25520794  0.26349523  0.21902576  0.26349523  0.21902576  0.14445951  
74_0_0     0.45242955  0.57514195  0.58152706  0.58152706  0.38066930  0.37096477  0.48545786  0.52595813  0.45242955  0.35193047  0.35193047  0.31975833  0.33797027  0.36138623  0.38066930  0.38066930  0.47984943  0.56881164  0.50254360  0.51415797  0.40046997  0.39050321  0.39050321  0.40046997  0.39546976  0.49680427  0.51415797  0.54401999  0.53192975  0.43645385  0.49110925  0.49680427  0.47984943  0.44706578  0.45783260  0.46327551  0.48545786  0.47984943  0.47428331  0.46327551  0.40046997  0.24701270  0.40046997  0.25520794  0.00000000  0.00585407  0.11662272  0.19585403  0.10308856  0.20734892  
35_0_0     0.46327551  0.58796791  0.59446549  0.59446549  0.38066930  0.37096477  0.47428331  0.53795010  0.44174073  0.35193047  0.35193047  0.31975833  0.33797027  0.36138623  0.38066930  0.38066930  0.48545786  0.58152706  0.51415797  0.50254360  0.39050321  0.38066930  0.38066930  0.39050321  0.38556987  0.50832793  0.51415797  0.55014023  0.52595813  0.42599240  0.48545786  0.48545786  0.46875888  0.44706578  0.45783260  0.46327551  0.48545786  0.47984943  0.47428331  0.46327551  0.39050321  0.25520794  0.39050321  0.26349523  0.00585407  0.00000000  0.12348407  0.19585403  0.10982460  0.20734892  
89_0_0     0.44706578  0.52003446  0.52595813  0.52595813  0.38066930  0.37096477  0.43645385  0.51415797  0.42599240  0.36138623  0.36138623  0.32426934  0.33797027  0.36138623  0.36138623  0.33337496  0.40550431  0.52595813  0.53795010  0.55014023  0.39546976  0.35664320  0.36138623  0.37580108  0.36138623  0.45242955  0.46327551  0.58152706  0.53192975  0.40046997  0.49680427  0.46327551  0.43645385  0.41567723  0.42599240  0.42599240  0.43120458  0.42599240  0.42081679  0.41057323  0.36615995  0.25109894  0.37580108  0.21902576  0.11662272  0.12348407  0.00000000  0.17338801  0.07351509  0.18080093  
82_0_0     0.47428331  0.55014023  0.54401999  0.54401999  0.36138623  0.37096477  0.50254360  0.49110925  0.43120458  0.42599240  0.42599240  0.36615995  0.38556987  0.40550431  0.37580108  0.37580108  0.44174073  0.56881164  0.54401999  0.56881164  0.37580108  0.36615995  0.37580108  0.37096477  0.38066930  0.45783260  0.45783260  0.62104368  0.54401999  0.46327551  0.46327551  0.46875888  0.46327551  0.50254360  0.51415797  0.50832793  0.50254360  0.49680427  0.49110925  0.50254360  0.42599240  0.30638849  0.44174073  0.26349523  0.19585403  0.19585403  0.17338801  0.00000000  0.14801414  0.25520794  
81_0_0     0.41057323  0.48545786  0.49110925  0.49110925  0.36138623  0.36138623  0.42599240  0.47428331  0.40046997  0.35193047  0.35193047  0.30198518  0.31975833  0.33797027  0.33797027  0.33337496  0.42081679  0.53192975  0.49110925  0.50832793  0.37580108  0.37580108  0.38556987  0.39546976  0.36138623  0.46327551  0.46327551  0.55631167  0.52003446  0.41057323  0.50832793  0.45242955  0.42599240  0.40550431  0.41567723  0.41567723  0.43120458  0.42599240  0.42081679  0.40046997  0.35664320  0.23488806  0.36615995  0.21902576  0.10308856  0.10982460  0.07351509  0.14801414  0.00000000  0.16240646  
63_0_0     0.39050321  0.49680427  0.49110925  0.50254360  0.32880810  0.32880810  0.38066930  0.44706578  0.38556987  0.35193047  0.35193047  0.32426934  0.34259438  0.34724766  0.30638849  0.29760800  0.36615995  0.49110925  0.43645385  0.46327551  0.30198518  0.28893079  0.29760800  0.30638849  0.27610340  0.38556987  0.37096477  0.56253518  0.47428331  0.38066930  0.46327551  0.40550431  0.40046997  0.39546976  0.40550431  0.40550431  0.41567723  0.41567723  0.41567723  0.41057323  0.29760800  0.17708516  0.34259438  0.14445951  0.20734892  0.20734892  0.18080093  0.25520794  0.16240646  0.00000000  

