29
15_0_0     0.00000000  0.00000000  0.05713828  0.02542953  0.14287743  0.14896043  0.14287743  0.18654102  0.19299317  0.17380214  0.17380214  0.18654102  0.16751355  0.16751355  0.16751355  0.17380214  0.17380214  0.17380214  0.16751355  0.18014432  0.19299317  0.26792388  0.26792388  0.21269217  0.22612061  0.25372696  0.25372696  0.23292679  0.26792388  
17_0_0     0.00000000  0.00000000  0.05713828  0.02542953  0.14287743  0.14896043  0.14287743  0.18654102  0.19299317  0.17380214  0.17380214  0.18654102  0.16751355  0.16751355  0.16751355  0.17380214  0.17380214  0.17380214  0.16751355  0.18014432  0.19299317  0.26792388  0.26792388  0.21269217  0.22612061  0.25372696  0.25372696  0.23292679  0.26792388  
14_0_0     0.05713828  0.05713828  0.00000000  0.04111505  0.10738797  0.14896043  0.14287743  0.18014432  0.18654102  0.16127764  0.16127764  0.16127764  0.15509356  0.15509356  0.20606774  0.18654102  0.18654102  0.18654102  0.18014432  0.18014432  0.19299317  0.23979579  0.23979579  0.22612061  0.22612061  0.23979579  0.25372696  0.26079157  0.28239690  
18_0_0     0.02542953  0.02542953  0.04111505  0.00000000  0.12492118  0.11903077  0.14896043  0.18014432  0.18654102  0.16751355  0.16751355  0.16751355  0.14896043  0.14896043  0.18654102  0.18014432  0.18014432  0.18014432  0.17380214  0.18654102  0.21269217  0.24672878  0.24672878  0.19950174  0.21269217  0.22612061  0.25372696  0.24672878  0.26792388  
16_0_0     0.14287743  0.14287743  0.10738797  0.12492118  0.00000000  0.14896043  0.12492118  0.19950174  0.19299317  0.18014432  0.15509356  0.16127764  0.14287743  0.15509356  0.19950174  0.19299317  0.19299317  0.19299317  0.18654102  0.18654102  0.17380214  0.23979579  0.23979579  0.22612061  0.22612061  0.21269217  0.23979579  0.23292679  0.24672878  
16_8_0     0.14896043  0.14896043  0.14896043  0.11903077  0.14896043  0.00000000  0.17380214  0.21937611  0.22612061  0.22612061  0.20606774  0.18014432  0.14896043  0.16127764  0.19299317  0.18014432  0.18014432  0.19299317  0.18654102  0.18654102  0.22612061  0.25372696  0.25372696  0.20606774  0.21937611  0.20606774  0.26079157  0.24672878  0.25372696  
20_0_0     0.14287743  0.14287743  0.14287743  0.14896043  0.12492118  0.17380214  0.00000000  0.18654102  0.19299317  0.20606774  0.18014432  0.21937611  0.20606774  0.20606774  0.23292679  0.21269217  0.21269217  0.21269217  0.20606774  0.19950174  0.18654102  0.25372696  0.25372696  0.24672878  0.25372696  0.26792388  0.29715695  0.23979579  0.26079157  
17_5_0     0.18654102  0.18654102  0.18014432  0.18014432  0.19950174  0.21937611  0.18654102  0.00000000  0.00501687  0.05713828  0.05713828  0.16127764  0.13684375  0.12492118  0.16127764  0.14287743  0.14287743  0.14287743  0.13684375  0.13085859  0.15509356  0.26792388  0.26792388  0.23979579  0.24672878  0.25372696  0.25372696  0.23979579  0.24672878  
15_5_0     0.19299317  0.19299317  0.18654102  0.18654102  0.19299317  0.22612061  0.19299317  0.00501687  0.00000000  0.05175878  0.05175878  0.15509356  0.13085859  0.11903077  0.15509356  0.14896043  0.14896043  0.14896043  0.14287743  0.13684375  0.14896043  0.26079157  0.26079157  0.23292679  0.23979579  0.24672878  0.24672878  0.23292679  0.23979579  
18_5_0     0.17380214  0.17380214  0.16127764  0.16751355  0.18014432  0.22612061  0.20606774  0.05713828  0.05175878  0.00000000  0.03062139  0.13085859  0.11318660  0.11318660  0.12492118  0.12492118  0.12492118  0.13085859  0.12492118  0.09592451  0.11318660  0.23979579  0.23979579  0.20606774  0.20606774  0.24672878  0.26079157  0.23979579  0.25372696  
14_5_0     0.17380214  0.17380214  0.16127764  0.16751355  0.15509356  0.20606774  0.18014432  0.05713828  0.05175878  0.03062139  0.00000000  0.13085859  0.11318660  0.12492118  0.13684375  0.13085859  0.13085859  0.11903077  0.12492118  0.10163417  0.10163417  0.23979579  0.23979579  0.20606774  0.20606774  0.23979579  0.25372696  0.21937611  0.23979579  
20_5_0     0.18654102  0.18654102  0.16127764  0.16751355  0.16127764  0.18014432  0.21937611  0.16127764  0.15509356  0.13085859  0.13085859  0.00000000  0.03584973  0.04641789  0.10163417  0.08463495  0.08463495  0.08463495  0.07905374  0.06801534  0.11903077  0.23979579  0.23979579  0.21937611  0.21937611  0.22612061  0.25372696  0.26079157  0.25372696  
19_5_0     0.16751355  0.16751355  0.15509356  0.14896043  0.14287743  0.14896043  0.20606774  0.13684375  0.13085859  0.11318660  0.11318660  0.03584973  0.00000000  0.01006779  0.07351408  0.04641789  0.04641789  0.04641789  0.04111505  0.05175878  0.10738797  0.22612061  0.22612061  0.18014432  0.19299317  0.20606774  0.23292679  0.21937611  0.21269217  
13_5_0     0.16751355  0.16751355  0.15509356  0.14896043  0.15509356  0.16127764  0.20606774  0.12492118  0.11903077  0.11318660  0.12492118  0.04641789  0.01006779  0.00000000  0.07351408  0.05713828  0.05713828  0.05713828  0.05175878  0.06255694  0.11903077  0.23979579  0.23979579  0.19299317  0.20606774  0.20606774  0.23292679  0.23292679  0.22612061  
16_5_0     0.16751355  0.16751355  0.20606774  0.18654102  0.19950174  0.19299317  0.23292679  0.16127764  0.15509356  0.12492118  0.13684375  0.10163417  0.07351408  0.07351408  0.00000000  0.09025832  0.09025832  0.09025832  0.08463495  0.07351408  0.10738797  0.23979579  0.23979579  0.21269217  0.22612061  0.23979579  0.25372696  0.18654102  0.21937611  
13_6_0     0.17380214  0.17380214  0.18654102  0.18014432  0.19299317  0.18014432  0.21269217  0.14287743  0.14896043  0.12492118  0.13085859  0.08463495  0.04641789  0.05713828  0.09025832  0.00000000  0.00000000  0.01006779  0.00501687  0.03584973  0.11318660  0.25372696  0.25372696  0.20606774  0.21937611  0.22612061  0.25372696  0.21937611  0.22612061  
19_6_0     0.17380214  0.17380214  0.18654102  0.18014432  0.19299317  0.18014432  0.21269217  0.14287743  0.14896043  0.12492118  0.13085859  0.08463495  0.04641789  0.05713828  0.09025832  0.00000000  0.00000000  0.01006779  0.00501687  0.03584973  0.11318660  0.25372696  0.25372696  0.20606774  0.21937611  0.22612061  0.25372696  0.21937611  0.22612061  
19_7_0     0.17380214  0.17380214  0.18654102  0.18014432  0.19299317  0.19299317  0.21269217  0.14287743  0.14896043  0.13085859  0.11903077  0.08463495  0.04641789  0.05713828  0.09025832  0.01006779  0.01006779  0.00000000  0.00501687  0.04641789  0.11318660  0.25372696  0.25372696  0.20606774  0.21937611  0.22612061  0.25372696  0.21937611  0.22612061  
13_7_0     0.16751355  0.16751355  0.18014432  0.17380214  0.18654102  0.18654102  0.20606774  0.13684375  0.14287743  0.12492118  0.12492118  0.07905374  0.04111505  0.05175878  0.08463495  0.00501687  0.00501687  0.00501687  0.00000000  0.04111505  0.10738797  0.26079157  0.26079157  0.21269217  0.22612061  0.23292679  0.26079157  0.22612061  0.21937611  
20_6_0     0.18014432  0.18014432  0.18014432  0.18654102  0.18654102  0.18654102  0.19950174  0.13085859  0.13684375  0.09592451  0.10163417  0.06801534  0.05175878  0.06255694  0.07351408  0.03584973  0.03584973  0.04641789  0.04111505  0.00000000  0.08463495  0.24672878  0.24672878  0.21269217  0.21269217  0.22612061  0.25372696  0.22612061  0.23292679  
16_6_0     0.19299317  0.19299317  0.19299317  0.21269217  0.17380214  0.22612061  0.18654102  0.15509356  0.14896043  0.11318660  0.10163417  0.11903077  0.10738797  0.11903077  0.10738797  0.11318660  0.11318660  0.11318660  0.10738797  0.08463495  0.00000000  0.26792388  0.26792388  0.23979579  0.22612061  0.26792388  0.29715695  0.22612061  0.23292679  
11_0_0     0.26792388  0.26792388  0.23979579  0.24672878  0.23979579  0.25372696  0.25372696  0.26792388  0.26079157  0.23979579  0.23979579  0.23979579  0.22612061  0.23979579  0.23979579  0.25372696  0.25372696  0.25372696  0.26079157  0.24672878  0.26792388  0.00000000  0.00000000  0.05713828  0.06255694  0.13684375  0.14896043  0.11318660  0.13684375  
4_0_0      0.26792388  0.26792388  0.23979579  0.24672878  0.23979579  0.25372696  0.25372696  0.26792388  0.26079157  0.23979579  0.23979579  0.23979579  0.22612061  0.23979579  0.23979579  0.25372696  0.25372696  0.25372696  0.26079157  0.24672878  0.26792388  0.00000000  0.00000000  0.05713828  0.06255694  0.13684375  0.14896043  0.11318660  0.13684375  
12_0_0     0.21269217  0.21269217  0.22612061  0.19950174  0.22612061  0.20606774  0.24672878  0.23979579  0.23292679  0.20606774  0.20606774  0.21937611  0.18014432  0.19299317  0.21269217  0.20606774  0.20606774  0.20606774  0.21269217  0.21269217  0.23979579  0.05713828  0.05713828  0.00000000  0.01515322  0.10738797  0.11318660  0.07905374  0.09592451  
2_0_0      0.22612061  0.22612061  0.22612061  0.21269217  0.22612061  0.21937611  0.25372696  0.24672878  0.23979579  0.20606774  0.20606774  0.21937611  0.19299317  0.20606774  0.22612061  0.21937611  0.21937611  0.21937611  0.22612061  0.21269217  0.22612061  0.06255694  0.06255694  0.01515322  0.00000000  0.10738797  0.11318660  0.09025832  0.10738797  
5_0_0      0.25372696  0.25372696  0.23979579  0.22612061  0.21269217  0.20606774  0.26792388  0.25372696  0.24672878  0.24672878  0.23979579  0.22612061  0.20606774  0.20606774  0.23979579  0.22612061  0.22612061  0.22612061  0.23292679  0.22612061  0.26792388  0.13684375  0.13684375  0.10738797  0.10738797  0.00000000  0.05713828  0.10738797  0.12492118  
5_4_0      0.25372696  0.25372696  0.25372696  0.25372696  0.23979579  0.26079157  0.29715695  0.25372696  0.24672878  0.26079157  0.25372696  0.25372696  0.23292679  0.23292679  0.25372696  0.25372696  0.25372696  0.25372696  0.26079157  0.25372696  0.29715695  0.14896043  0.14896043  0.11318660  0.11318660  0.05713828  0.00000000  0.11318660  0.14287743  
8_0_0      0.23292679  0.23292679  0.26079157  0.24672878  0.23292679  0.24672878  0.23979579  0.23979579  0.23292679  0.23979579  0.21937611  0.26079157  0.21937611  0.23292679  0.18654102  0.21937611  0.21937611  0.21937611  0.22612061  0.22612061  0.22612061  0.11318660  0.11318660  0.07905374  0.09025832  0.10738797  0.11318660  0.00000000  0.04641789  
1_0_0      0.26792388  0.26792388  0.28239690  0.26792388  0.24672878  0.25372696  0.26079157  0.24672878  0.23979579  0.25372696  0.23979579  0.25372696  0.21269217  0.22612061  0.21937611  0.22612061  0.22612061  0.22612061  0.21937611  0.23292679  0.23292679  0.13684375  0.13684375  0.09592451  0.10738797  0.12492118  0.14287743  0.04641789  0.00000000  

