43
7_2_0      0.00000000  0.00000000  0.00656510  0.12043623  0.12043623  0.12043623  0.12817285  0.23692087  0.23692087  0.23692087  0.15995795  0.25517274  0.27388809  0.28342705  0.32286753  0.32286753  0.24599031  0.25517274  0.23692087  0.23692087  0.33306648  0.25517274  0.24599031  0.36453846  0.28342705  0.28342705  0.29309108  0.21036354  0.24599031  0.24599031  0.26447101  0.24599031  0.28342705  0.23692087  0.23692087  0.22796168  0.22796168  0.30288350  0.26447101  0.24599031  0.29309108  0.25517274  0.27388809  
16_2_0     0.00000000  0.00000000  0.00656510  0.12043623  0.12043623  0.12043623  0.12817285  0.23692087  0.23692087  0.23692087  0.15995795  0.25517274  0.27388809  0.28342705  0.32286753  0.32286753  0.24599031  0.25517274  0.23692087  0.23692087  0.33306648  0.25517274  0.24599031  0.36453846  0.28342705  0.28342705  0.29309108  0.21036354  0.24599031  0.24599031  0.26447101  0.24599031  0.28342705  0.23692087  0.23692087  0.22796168  0.22796168  0.30288350  0.26447101  0.24599031  0.29309108  0.25517274  0.27388809  
12_2_0     0.00656510  0.00656510  0.00000000  0.12817285  0.12817285  0.12817285  0.13599155  0.24599031  0.24599031  0.24599031  0.16812312  0.26447101  0.28342705  0.29309108  0.31280779  0.31280779  0.25517274  0.26447101  0.24599031  0.24599031  0.34340854  0.26447101  0.25517274  0.37533501  0.29309108  0.29309108  0.30288350  0.21911009  0.25517274  0.25517274  0.27388809  0.25517274  0.29309108  0.24599031  0.24599031  0.23692087  0.23692087  0.31280779  0.27388809  0.25517274  0.30288350  0.26447101  0.28342705  
12_3_0     0.12043623  0.12043623  0.12817285  0.00000000  0.00000000  0.00000000  0.15188225  0.21036354  0.21036354  0.21911009  0.16812312  0.26447101  0.30288350  0.29309108  0.35389778  0.35389778  0.25517274  0.26447101  0.24599031  0.24599031  0.34340854  0.26447101  0.29309108  0.39741447  0.31280779  0.30288350  0.30288350  0.27388809  0.27388809  0.27388809  0.30288350  0.25517274  0.29309108  0.30288350  0.30288350  0.29309108  0.22796168  0.25517274  0.25517274  0.21911009  0.28342705  0.26447101  0.23692087  
16_3_0     0.12043623  0.12043623  0.12817285  0.00000000  0.00000000  0.00000000  0.15188225  0.21036354  0.21036354  0.21911009  0.16812312  0.26447101  0.30288350  0.29309108  0.35389778  0.35389778  0.25517274  0.26447101  0.24599031  0.24599031  0.34340854  0.26447101  0.29309108  0.39741447  0.31280779  0.30288350  0.30288350  0.27388809  0.27388809  0.27388809  0.30288350  0.25517274  0.29309108  0.30288350  0.30288350  0.29309108  0.22796168  0.25517274  0.25517274  0.21911009  0.28342705  0.26447101  0.23692087  
7_3_0      0.12043623  0.12043623  0.12817285  0.00000000  0.00000000  0.00000000  0.15188225  0.21036354  0.21036354  0.21911009  0.16812312  0.26447101  0.30288350  0.29309108  0.35389778  0.35389778  0.25517274  0.26447101  0.24599031  0.24599031  0.34340854  0.26447101  0.29309108  0.39741447  0.31280779  0.30288350  0.30288350  0.27388809  0.27388809  0.27388809  0.30288350  0.25517274  0.29309108  0.30288350  0.30288350  0.29309108  0.22796168  0.25517274  0.25517274  0.21911009  0.28342705  0.26447101  0.23692087  
18_2_0     0.12817285  0.12817285  0.13599155  0.15188225  0.15188225  0.15188225  0.00000000  0.18472993  0.18472993  0.19317580  0.11277998  0.21911009  0.23692087  0.24599031  0.26447101  0.26447101  0.22796168  0.25517274  0.20171957  0.20171957  0.27388809  0.21911009  0.22796168  0.28342705  0.20171957  0.20171957  0.21036354  0.17637975  0.17637975  0.17637975  0.19317580  0.19317580  0.19317580  0.21911009  0.21911009  0.19317580  0.15995795  0.22796168  0.15995795  0.15995795  0.20171957  0.16812312  0.20171957  
7_0_0      0.23692087  0.23692087  0.24599031  0.21036354  0.21036354  0.21036354  0.18472993  0.00000000  0.00000000  0.00656510  0.09027714  0.26447101  0.26447101  0.29309108  0.29309108  0.29309108  0.23692087  0.24599031  0.24599031  0.24599031  0.30288350  0.22796168  0.25517274  0.31280779  0.29309108  0.28342705  0.30288350  0.25517274  0.27388809  0.27388809  0.23692087  0.21911009  0.18472993  0.23692087  0.23692087  0.20171957  0.22796168  0.25517274  0.25517274  0.21911009  0.26447101  0.26447101  0.26447101  
16_0_0     0.23692087  0.23692087  0.24599031  0.21036354  0.21036354  0.21036354  0.18472993  0.00000000  0.00000000  0.00656510  0.09027714  0.26447101  0.26447101  0.29309108  0.29309108  0.29309108  0.23692087  0.24599031  0.24599031  0.24599031  0.30288350  0.22796168  0.25517274  0.31280779  0.29309108  0.28342705  0.30288350  0.25517274  0.27388809  0.27388809  0.23692087  0.21911009  0.18472993  0.23692087  0.23692087  0.20171957  0.22796168  0.25517274  0.25517274  0.21911009  0.26447101  0.26447101  0.26447101  
12_0_0     0.23692087  0.23692087  0.24599031  0.21911009  0.21911009  0.21911009  0.19317580  0.00656510  0.00656510  0.00000000  0.09770201  0.27388809  0.27388809  0.30288350  0.30288350  0.30288350  0.24599031  0.25517274  0.25517274  0.25517274  0.31280779  0.22796168  0.25517274  0.31280779  0.29309108  0.28342705  0.30288350  0.26447101  0.28342705  0.28342705  0.24599031  0.21911009  0.19317580  0.23692087  0.23692087  0.21036354  0.22796168  0.26447101  0.26447101  0.21911009  0.27388809  0.27388809  0.27388809  
18_0_0     0.15995795  0.15995795  0.16812312  0.16812312  0.16812312  0.16812312  0.11277998  0.09027714  0.09027714  0.09770201  0.00000000  0.24599031  0.28342705  0.29309108  0.33306648  0.33306648  0.21911009  0.24599031  0.22796168  0.22796168  0.34340854  0.23692087  0.24599031  0.30288350  0.26447101  0.27388809  0.29309108  0.22796168  0.24599031  0.24599031  0.21036354  0.21036354  0.22796168  0.25517274  0.25517274  0.21036354  0.21911009  0.28342705  0.22796168  0.21036354  0.23692087  0.21911009  0.25517274  
14_0_0     0.25517274  0.25517274  0.26447101  0.26447101  0.26447101  0.26447101  0.21911009  0.26447101  0.26447101  0.27388809  0.24599031  0.00000000  0.18472993  0.21911009  0.24599031  0.24599031  0.17637975  0.21911009  0.15188225  0.15188225  0.20171957  0.20171957  0.22796168  0.31280779  0.21036354  0.26447101  0.24599031  0.25517274  0.23692087  0.23692087  0.22796168  0.21911009  0.23692087  0.22796168  0.22796168  0.21036354  0.22796168  0.26447101  0.26447101  0.24599031  0.22796168  0.24599031  0.23692087  
24_10_0    0.27388809  0.27388809  0.28342705  0.30288350  0.30288350  0.30288350  0.23692087  0.26447101  0.26447101  0.27388809  0.28342705  0.18472993  0.00000000  0.04723328  0.06130376  0.06130376  0.09027714  0.12043623  0.11277998  0.11277998  0.16812312  0.18472993  0.21036354  0.32286753  0.26447101  0.26447101  0.25517274  0.18472993  0.20171957  0.20171957  0.26447101  0.25517274  0.23692087  0.26447101  0.26447101  0.23692087  0.22796168  0.22796168  0.22796168  0.26447101  0.23692087  0.23692087  0.26447101  
2_10_0     0.28342705  0.28342705  0.29309108  0.29309108  0.29309108  0.29309108  0.24599031  0.29309108  0.29309108  0.30288350  0.29309108  0.21911009  0.04723328  0.00000000  0.08292632  0.08292632  0.09770201  0.12817285  0.12043623  0.12043623  0.19317580  0.16812312  0.24599031  0.32286753  0.30288350  0.30288350  0.29309108  0.15995795  0.17637975  0.17637975  0.27388809  0.26447101  0.24599031  0.26447101  0.26447101  0.24599031  0.23692087  0.25517274  0.23692087  0.27388809  0.25517274  0.25517274  0.28342705  
17_10_0    0.32286753  0.32286753  0.31280779  0.35389778  0.35389778  0.35389778  0.26447101  0.29309108  0.29309108  0.30288350  0.33306648  0.24599031  0.06130376  0.08292632  0.00000000  0.00000000  0.11277998  0.12817285  0.13599155  0.13599155  0.15995795  0.21036354  0.27388809  0.35389778  0.29309108  0.31280779  0.28342705  0.19317580  0.21036354  0.21036354  0.27388809  0.24599031  0.21036354  0.25517274  0.25517274  0.24599031  0.25517274  0.27388809  0.25517274  0.29309108  0.26447101  0.26447101  0.29309108  
11_10_0    0.32286753  0.32286753  0.31280779  0.35389778  0.35389778  0.35389778  0.26447101  0.29309108  0.29309108  0.30288350  0.33306648  0.24599031  0.06130376  0.08292632  0.00000000  0.00000000  0.11277998  0.12817285  0.13599155  0.13599155  0.15995795  0.21036354  0.27388809  0.35389778  0.29309108  0.31280779  0.28342705  0.19317580  0.21036354  0.21036354  0.27388809  0.24599031  0.21036354  0.25517274  0.25517274  0.24599031  0.25517274  0.27388809  0.25517274  0.29309108  0.26447101  0.26447101  0.29309108  
24_0_0     0.24599031  0.24599031  0.25517274  0.25517274  0.25517274  0.25517274  0.22796168  0.23692087  0.23692087  0.24599031  0.21911009  0.17637975  0.09027714  0.09770201  0.11277998  0.11277998  0.00000000  0.05423494  0.09027714  0.09027714  0.17637975  0.19317580  0.23692087  0.33306648  0.26447101  0.27388809  0.29309108  0.21036354  0.22796168  0.22796168  0.25517274  0.22796168  0.22796168  0.25517274  0.25517274  0.22796168  0.22796168  0.25517274  0.21911009  0.25517274  0.22796168  0.22796168  0.27388809  
2_0_0      0.25517274  0.25517274  0.26447101  0.26447101  0.26447101  0.26447101  0.25517274  0.24599031  0.24599031  0.25517274  0.24599031  0.21911009  0.12043623  0.12817285  0.12817285  0.12817285  0.05423494  0.00000000  0.10520243  0.10520243  0.19317580  0.18472993  0.21036354  0.34340854  0.28342705  0.29309108  0.31280779  0.22796168  0.26447101  0.26447101  0.24599031  0.23692087  0.21911009  0.24599031  0.24599031  0.21036354  0.25517274  0.26447101  0.22796168  0.26447101  0.23692087  0.21911009  0.28342705  
11_0_0     0.23692087  0.23692087  0.24599031  0.24599031  0.24599031  0.24599031  0.20171957  0.24599031  0.24599031  0.25517274  0.22796168  0.15188225  0.11277998  0.12043623  0.13599155  0.13599155  0.09027714  0.10520243  0.00000000  0.00000000  0.16812312  0.16812312  0.22796168  0.32286753  0.23692087  0.27388809  0.24599031  0.20171957  0.20171957  0.20171957  0.22796168  0.20171957  0.21911009  0.21036354  0.21036354  0.18472993  0.21036354  0.24599031  0.22796168  0.24599031  0.21911009  0.21911009  0.24599031  
17_0_0     0.23692087  0.23692087  0.24599031  0.24599031  0.24599031  0.24599031  0.20171957  0.24599031  0.24599031  0.25517274  0.22796168  0.15188225  0.11277998  0.12043623  0.13599155  0.13599155  0.09027714  0.10520243  0.00000000  0.00000000  0.16812312  0.16812312  0.22796168  0.32286753  0.23692087  0.27388809  0.24599031  0.20171957  0.20171957  0.20171957  0.22796168  0.20171957  0.21911009  0.21036354  0.21036354  0.18472993  0.21036354  0.24599031  0.22796168  0.24599031  0.21911009  0.21911009  0.24599031  
23_0_0     0.33306648  0.33306648  0.34340854  0.34340854  0.34340854  0.34340854  0.27388809  0.30288350  0.30288350  0.31280779  0.34340854  0.20171957  0.16812312  0.19317580  0.15995795  0.15995795  0.17637975  0.19317580  0.16812312  0.16812312  0.00000000  0.27388809  0.28342705  0.38629206  0.31280779  0.31280779  0.26447101  0.23692087  0.21911009  0.21911009  0.26447101  0.25517274  0.23692087  0.24599031  0.24599031  0.22796168  0.25517274  0.26447101  0.22796168  0.26447101  0.24599031  0.24599031  0.25517274  
22_5_0     0.25517274  0.25517274  0.26447101  0.26447101  0.26447101  0.26447101  0.21911009  0.22796168  0.22796168  0.22796168  0.23692087  0.20171957  0.18472993  0.16812312  0.21036354  0.21036354  0.19317580  0.18472993  0.16812312  0.16812312  0.27388809  0.00000000  0.06130376  0.13599155  0.22796168  0.22796168  0.20171957  0.18472993  0.20171957  0.20171957  0.20171957  0.21911009  0.21911009  0.21036354  0.21036354  0.20171957  0.16812312  0.23692087  0.23692087  0.18472993  0.17637975  0.19317580  0.22796168  
29_5_0     0.24599031  0.24599031  0.25517274  0.29309108  0.29309108  0.29309108  0.22796168  0.25517274  0.25517274  0.25517274  0.24599031  0.22796168  0.21036354  0.24599031  0.27388809  0.27388809  0.23692087  0.21036354  0.22796168  0.22796168  0.28342705  0.06130376  0.00000000  0.17637975  0.21036354  0.22796168  0.21911009  0.22796168  0.24599031  0.24599031  0.21036354  0.26447101  0.26447101  0.21911009  0.21911009  0.20171957  0.19317580  0.22796168  0.24599031  0.19317580  0.16812312  0.15188225  0.21911009  
4_5_0      0.36453846  0.36453846  0.37533501  0.39741447  0.39741447  0.39741447  0.28342705  0.31280779  0.31280779  0.31280779  0.30288350  0.31280779  0.32286753  0.32286753  0.35389778  0.35389778  0.33306648  0.34340854  0.32286753  0.32286753  0.38629206  0.13599155  0.17637975  0.00000000  0.27388809  0.27388809  0.28342705  0.30288350  0.30288350  0.30288350  0.24599031  0.32286753  0.32286753  0.31280779  0.31280779  0.32286753  0.30288350  0.34340854  0.34340854  0.28342705  0.26447101  0.26447101  0.28342705  
29_4_0     0.28342705  0.28342705  0.29309108  0.31280779  0.31280779  0.31280779  0.20171957  0.29309108  0.29309108  0.29309108  0.26447101  0.21036354  0.26447101  0.30288350  0.29309108  0.29309108  0.26447101  0.28342705  0.23692087  0.23692087  0.31280779  0.22796168  0.21036354  0.27388809  0.00000000  0.12817285  0.12043623  0.29309108  0.27388809  0.27388809  0.27388809  0.27388809  0.28342705  0.26447101  0.26447101  0.21911009  0.24599031  0.28342705  0.29309108  0.26447101  0.29309108  0.27388809  0.31280779  
4_4_0      0.28342705  0.28342705  0.29309108  0.30288350  0.30288350  0.30288350  0.20171957  0.28342705  0.28342705  0.28342705  0.27388809  0.26447101  0.26447101  0.30288350  0.31280779  0.31280779  0.27388809  0.29309108  0.27388809  0.27388809  0.31280779  0.22796168  0.22796168  0.27388809  0.12817285  0.00000000  0.12043623  0.25517274  0.23692087  0.23692087  0.23692087  0.21036354  0.23692087  0.22796168  0.22796168  0.20171957  0.19317580  0.25517274  0.26447101  0.23692087  0.27388809  0.29309108  0.29309108  
22_4_0     0.29309108  0.29309108  0.30288350  0.30288350  0.30288350  0.30288350  0.21036354  0.30288350  0.30288350  0.30288350  0.29309108  0.24599031  0.25517274  0.29309108  0.28342705  0.28342705  0.29309108  0.31280779  0.24599031  0.24599031  0.26447101  0.20171957  0.21911009  0.28342705  0.12043623  0.12043623  0.00000000  0.22796168  0.21036354  0.21036354  0.24599031  0.26447101  0.27388809  0.27388809  0.27388809  0.21036354  0.20171957  0.21911009  0.26447101  0.21911009  0.28342705  0.30288350  0.28342705  
24_1_0     0.21036354  0.21036354  0.21911009  0.27388809  0.27388809  0.27388809  0.17637975  0.25517274  0.25517274  0.26447101  0.22796168  0.25517274  0.18472993  0.15995795  0.19317580  0.19317580  0.21036354  0.22796168  0.20171957  0.20171957  0.23692087  0.18472993  0.22796168  0.30288350  0.29309108  0.25517274  0.22796168  0.00000000  0.02661873  0.02661873  0.15995795  0.19317580  0.19317580  0.18472993  0.18472993  0.16812312  0.19317580  0.22796168  0.19317580  0.21036354  0.23692087  0.23692087  0.23692087  
17_1_0     0.24599031  0.24599031  0.25517274  0.27388809  0.27388809  0.27388809  0.17637975  0.27388809  0.27388809  0.28342705  0.24599031  0.23692087  0.20171957  0.17637975  0.21036354  0.21036354  0.22796168  0.26447101  0.20171957  0.20171957  0.21911009  0.20171957  0.24599031  0.30288350  0.27388809  0.23692087  0.21036354  0.02661873  0.00000000  0.00000000  0.15995795  0.19317580  0.19317580  0.16812312  0.16812312  0.16812312  0.19317580  0.22796168  0.21036354  0.21036354  0.21911009  0.21911009  0.20171957  
11_1_0     0.24599031  0.24599031  0.25517274  0.27388809  0.27388809  0.27388809  0.17637975  0.27388809  0.27388809  0.28342705  0.24599031  0.23692087  0.20171957  0.17637975  0.21036354  0.21036354  0.22796168  0.26447101  0.20171957  0.20171957  0.21911009  0.20171957  0.24599031  0.30288350  0.27388809  0.23692087  0.21036354  0.02661873  0.00000000  0.00000000  0.15995795  0.19317580  0.19317580  0.16812312  0.16812312  0.16812312  0.19317580  0.22796168  0.21036354  0.21036354  0.21911009  0.21911009  0.20171957  
14_1_0     0.26447101  0.26447101  0.27388809  0.30288350  0.30288350  0.30288350  0.19317580  0.23692087  0.23692087  0.24599031  0.21036354  0.22796168  0.26447101  0.27388809  0.27388809  0.27388809  0.25517274  0.24599031  0.22796168  0.22796168  0.26447101  0.20171957  0.21036354  0.24599031  0.27388809  0.23692087  0.24599031  0.15995795  0.15995795  0.15995795  0.00000000  0.14389407  0.15995795  0.16812312  0.16812312  0.12043623  0.22796168  0.24599031  0.22796168  0.21036354  0.26447101  0.21036354  0.24599031  
24_8_0     0.24599031  0.24599031  0.25517274  0.25517274  0.25517274  0.25517274  0.19317580  0.21911009  0.21911009  0.21911009  0.21036354  0.21911009  0.25517274  0.26447101  0.24599031  0.24599031  0.22796168  0.23692087  0.20171957  0.20171957  0.25517274  0.21911009  0.26447101  0.32286753  0.27388809  0.21036354  0.26447101  0.19317580  0.19317580  0.19317580  0.14389407  0.00000000  0.08292632  0.09027714  0.09027714  0.14389407  0.18472993  0.26447101  0.22796168  0.19317580  0.26447101  0.22796168  0.22796168  
2_8_0      0.28342705  0.28342705  0.29309108  0.29309108  0.29309108  0.29309108  0.19317580  0.18472993  0.18472993  0.19317580  0.22796168  0.23692087  0.23692087  0.24599031  0.21036354  0.21036354  0.22796168  0.21911009  0.21911009  0.21911009  0.23692087  0.21911009  0.26447101  0.32286753  0.28342705  0.23692087  0.27388809  0.19317580  0.19317580  0.19317580  0.15995795  0.08292632  0.00000000  0.10520243  0.10520243  0.15995795  0.21911009  0.28342705  0.24599031  0.22796168  0.26447101  0.24599031  0.26447101  
17_8_0     0.23692087  0.23692087  0.24599031  0.30288350  0.30288350  0.30288350  0.21911009  0.23692087  0.23692087  0.23692087  0.25517274  0.22796168  0.26447101  0.26447101  0.25517274  0.25517274  0.25517274  0.24599031  0.21036354  0.21036354  0.24599031  0.21036354  0.21911009  0.31280779  0.26447101  0.22796168  0.27388809  0.18472993  0.16812312  0.16812312  0.16812312  0.09027714  0.10520243  0.00000000  0.00000000  0.16812312  0.21911009  0.31280779  0.27388809  0.23692087  0.23692087  0.18472993  0.21911009  
11_8_0     0.23692087  0.23692087  0.24599031  0.30288350  0.30288350  0.30288350  0.21911009  0.23692087  0.23692087  0.23692087  0.25517274  0.22796168  0.26447101  0.26447101  0.25517274  0.25517274  0.25517274  0.24599031  0.21036354  0.21036354  0.24599031  0.21036354  0.21911009  0.31280779  0.26447101  0.22796168  0.27388809  0.18472993  0.16812312  0.16812312  0.16812312  0.09027714  0.10520243  0.00000000  0.00000000  0.16812312  0.21911009  0.31280779  0.27388809  0.23692087  0.23692087  0.18472993  0.21911009  
14_9_0     0.22796168  0.22796168  0.23692087  0.29309108  0.29309108  0.29309108  0.19317580  0.20171957  0.20171957  0.21036354  0.21036354  0.21036354  0.23692087  0.24599031  0.24599031  0.24599031  0.22796168  0.21036354  0.18472993  0.18472993  0.22796168  0.20171957  0.20171957  0.32286753  0.21911009  0.20171957  0.21036354  0.16812312  0.16812312  0.16812312  0.12043623  0.14389407  0.15995795  0.16812312  0.16812312  0.00000000  0.17637975  0.21911009  0.20171957  0.18472993  0.26447101  0.21036354  0.25517274  
4_1_0      0.22796168  0.22796168  0.23692087  0.22796168  0.22796168  0.22796168  0.15995795  0.22796168  0.22796168  0.22796168  0.21911009  0.22796168  0.22796168  0.23692087  0.25517274  0.25517274  0.22796168  0.25517274  0.21036354  0.21036354  0.25517274  0.16812312  0.19317580  0.30288350  0.24599031  0.19317580  0.20171957  0.19317580  0.19317580  0.19317580  0.22796168  0.18472993  0.21911009  0.21911009  0.21911009  0.17637975  0.00000000  0.10520243  0.10520243  0.07564809  0.18472993  0.18472993  0.21911009  
29_7_0     0.30288350  0.30288350  0.31280779  0.25517274  0.25517274  0.25517274  0.22796168  0.25517274  0.25517274  0.26447101  0.28342705  0.26447101  0.22796168  0.25517274  0.27388809  0.27388809  0.25517274  0.26447101  0.24599031  0.24599031  0.26447101  0.23692087  0.22796168  0.34340854  0.28342705  0.25517274  0.21911009  0.22796168  0.22796168  0.22796168  0.24599031  0.26447101  0.28342705  0.31280779  0.31280779  0.21911009  0.10520243  0.00000000  0.08292632  0.11277998  0.21911009  0.21911009  0.25517274  
29_1_0     0.26447101  0.26447101  0.27388809  0.25517274  0.25517274  0.25517274  0.15995795  0.25517274  0.25517274  0.26447101  0.22796168  0.26447101  0.22796168  0.23692087  0.25517274  0.25517274  0.21911009  0.22796168  0.22796168  0.22796168  0.22796168  0.23692087  0.24599031  0.34340854  0.29309108  0.26447101  0.26447101  0.19317580  0.21036354  0.21036354  0.22796168  0.22796168  0.24599031  0.27388809  0.27388809  0.20171957  0.10520243  0.08292632  0.00000000  0.09770201  0.18472993  0.16812312  0.25517274  
22_1_0     0.24599031  0.24599031  0.25517274  0.21911009  0.21911009  0.21911009  0.15995795  0.21911009  0.21911009  0.21911009  0.21036354  0.24599031  0.26447101  0.27388809  0.29309108  0.29309108  0.25517274  0.26447101  0.24599031  0.24599031  0.26447101  0.18472993  0.19317580  0.28342705  0.26447101  0.23692087  0.21911009  0.21036354  0.21036354  0.21036354  0.21036354  0.19317580  0.22796168  0.23692087  0.23692087  0.18472993  0.07564809  0.11277998  0.09770201  0.00000000  0.18472993  0.18472993  0.25517274  
29_6_0     0.29309108  0.29309108  0.30288350  0.28342705  0.28342705  0.28342705  0.20171957  0.26447101  0.26447101  0.27388809  0.23692087  0.22796168  0.23692087  0.25517274  0.26447101  0.26447101  0.22796168  0.23692087  0.21911009  0.21911009  0.24599031  0.17637975  0.16812312  0.26447101  0.29309108  0.27388809  0.28342705  0.23692087  0.21911009  0.21911009  0.26447101  0.26447101  0.26447101  0.23692087  0.23692087  0.26447101  0.18472993  0.21911009  0.18472993  0.18472993  0.00000000  0.05423494  0.11277998  
4_6_0      0.25517274  0.25517274  0.26447101  0.26447101  0.26447101  0.26447101  0.16812312  0.26447101  0.26447101  0.27388809  0.21911009  0.24599031  0.23692087  0.25517274  0.26447101  0.26447101  0.22796168  0.21911009  0.21911009  0.21911009  0.24599031  0.19317580  0.15188225  0.26447101  0.27388809  0.29309108  0.30288350  0.23692087  0.21911009  0.21911009  0.21036354  0.22796168  0.24599031  0.18472993  0.18472993  0.21036354  0.18472993  0.21911009  0.16812312  0.18472993  0.05423494  0.00000000  0.11277998  
22_6_0     0.27388809  0.27388809  0.28342705  0.23692087  0.23692087  0.23692087  0.20171957  0.26447101  0.26447101  0.27388809  0.25517274  0.23692087  0.26447101  0.28342705  0.29309108  0.29309108  0.27388809  0.28342705  0.24599031  0.24599031  0.25517274  0.22796168  0.21911009  0.28342705  0.31280779  0.29309108  0.28342705  0.23692087  0.20171957  0.20171957  0.24599031  0.22796168  0.26447101  0.21911009  0.21911009  0.25517274  0.21911009  0.25517274  0.25517274  0.25517274  0.11277998  0.11277998  0.00000000  

