26
10_8_0     0.00000000  0.10184855  0.11032221  0.09347468  0.12757863  0.11032221  0.15427484  0.14526427  0.14526427  0.12757863  0.11032221  0.12757863  0.13636647  0.11032221  0.10184855  0.11032221  0.13636647  0.12757863  0.13636647  0.12757863  0.12757863  0.11889807  0.12757863  0.17264592  0.17264592  0.16340105  
10_13_0    0.10184855  0.00000000  0.08519828  0.06892899  0.11032221  0.10184855  0.12757863  0.10184855  0.11889807  0.11889807  0.08519828  0.10184855  0.07701711  0.08519828  0.07701711  0.08519828  0.09347468  0.08519828  0.09347468  0.08519828  0.09347468  0.08519828  0.10184855  0.12757863  0.12757863  0.15427484  
11_8_0     0.11032221  0.08519828  0.00000000  0.01475048  0.06892899  0.06093185  0.08519828  0.09347468  0.07701711  0.07701711  0.11032221  0.11032221  0.10184855  0.11032221  0.11889807  0.12757863  0.11889807  0.12757863  0.13636647  0.06093185  0.11889807  0.09347468  0.07701711  0.08519828  0.08519828  0.09347468  
7_8_0      0.09347468  0.06892899  0.01475048  0.00000000  0.05302365  0.04520243  0.08519828  0.07701711  0.07701711  0.09347468  0.09347468  0.09347468  0.08519828  0.09347468  0.10184855  0.11032221  0.10184855  0.12757863  0.13636647  0.07701711  0.10184855  0.09347468  0.07701711  0.08519828  0.08519828  0.09347468  
10_14_0    0.12757863  0.11032221  0.06892899  0.05302365  0.00000000  0.03746631  0.12757863  0.11889807  0.10184855  0.13636647  0.10184855  0.10184855  0.09347468  0.10184855  0.12757863  0.13636647  0.12757863  0.11889807  0.12757863  0.10184855  0.09347468  0.08519828  0.08519828  0.09347468  0.09347468  0.10184855  
10_11_0    0.11032221  0.10184855  0.06093185  0.04520243  0.03746631  0.00000000  0.11889807  0.11032221  0.09347468  0.11032221  0.09347468  0.09347468  0.10184855  0.09347468  0.11889807  0.12757863  0.13636647  0.11032221  0.11889807  0.09347468  0.11889807  0.11032221  0.09347468  0.10184855  0.10184855  0.09347468  
6_16_0     0.15427484  0.12757863  0.08519828  0.08519828  0.12757863  0.11889807  0.00000000  0.13636647  0.08519828  0.10184855  0.15427484  0.13636647  0.12757863  0.13636647  0.16340105  0.17264592  0.16340105  0.13636647  0.14526427  0.15427484  0.12757863  0.15427484  0.10184855  0.12757863  0.12757863  0.10184855  
6_17_0     0.14526427  0.10184855  0.09347468  0.07701711  0.11889807  0.11032221  0.13636647  0.00000000  0.11032221  0.12757863  0.11032221  0.11032221  0.10184855  0.09347468  0.11889807  0.12757863  0.10184855  0.14526427  0.15427484  0.09347468  0.08519828  0.09347468  0.11032221  0.10184855  0.10184855  0.12757863  
1_8_0      0.14526427  0.11889807  0.07701711  0.07701711  0.10184855  0.09347468  0.08519828  0.11032221  0.00000000  0.06093185  0.11032221  0.12757863  0.10184855  0.11032221  0.15427484  0.14526427  0.11889807  0.14526427  0.13636647  0.12757863  0.08519828  0.11032221  0.09347468  0.11889807  0.11889807  0.09347468  
9_8_0      0.12757863  0.11889807  0.07701711  0.09347468  0.13636647  0.11032221  0.10184855  0.12757863  0.06093185  0.00000000  0.11032221  0.12757863  0.13636647  0.12757863  0.13636647  0.12757863  0.11889807  0.14526427  0.13636647  0.11032221  0.11889807  0.09347468  0.11032221  0.13636647  0.13636647  0.12757863  
4_20_0     0.11032221  0.08519828  0.11032221  0.09347468  0.10184855  0.09347468  0.15427484  0.11032221  0.11032221  0.11032221  0.00000000  0.02981345  0.03746631  0.01475048  0.03746631  0.02981345  0.06892899  0.14526427  0.13636647  0.09347468  0.11889807  0.11032221  0.11032221  0.11889807  0.11889807  0.12757863  
3_20_0     0.12757863  0.10184855  0.11032221  0.09347468  0.10184855  0.09347468  0.13636647  0.11032221  0.12757863  0.12757863  0.02981345  0.00000000  0.05302365  0.02981345  0.05302365  0.06093185  0.10184855  0.16340105  0.17264592  0.09347468  0.15427484  0.14526427  0.11032221  0.11889807  0.11889807  0.11032221  
4_24_0     0.13636647  0.07701711  0.10184855  0.08519828  0.09347468  0.10184855  0.12757863  0.10184855  0.10184855  0.13636647  0.03746631  0.05302365  0.00000000  0.03746631  0.06093185  0.06892899  0.06093185  0.13636647  0.14526427  0.11889807  0.11032221  0.11889807  0.11889807  0.12757863  0.12757863  0.11889807  
3_24_0     0.11032221  0.08519828  0.11032221  0.09347468  0.10184855  0.09347468  0.13636647  0.09347468  0.11032221  0.12757863  0.01475048  0.02981345  0.03746631  0.00000000  0.03746631  0.04520243  0.08519828  0.14526427  0.15427484  0.09347468  0.11889807  0.12757863  0.11032221  0.10184855  0.10184855  0.11032221  
4_23_0     0.10184855  0.07701711  0.11889807  0.10184855  0.12757863  0.11889807  0.16340105  0.11889807  0.15427484  0.13636647  0.03746631  0.05302365  0.06093185  0.03746631  0.00000000  0.00733699  0.07701711  0.15427484  0.16340105  0.10184855  0.12757863  0.11889807  0.11889807  0.12757863  0.12757863  0.15427484  
3_23_0     0.11032221  0.08519828  0.12757863  0.11032221  0.13636647  0.12757863  0.17264592  0.12757863  0.14526427  0.12757863  0.02981345  0.06093185  0.06892899  0.04520243  0.00733699  0.00000000  0.06892899  0.16340105  0.15427484  0.11032221  0.11889807  0.11032221  0.12757863  0.13636647  0.13636647  0.16340105  
5_20_0     0.13636647  0.09347468  0.11889807  0.10184855  0.12757863  0.13636647  0.16340105  0.10184855  0.11889807  0.11889807  0.06892899  0.10184855  0.06093185  0.08519828  0.07701711  0.06892899  0.00000000  0.15427484  0.14526427  0.13636647  0.06093185  0.08519828  0.11889807  0.11032221  0.11032221  0.17264592  
8_19_0     0.12757863  0.08519828  0.12757863  0.12757863  0.11889807  0.11032221  0.13636647  0.14526427  0.14526427  0.14526427  0.14526427  0.16340105  0.13636647  0.14526427  0.15427484  0.16340105  0.15427484  0.00000000  0.00733699  0.12757863  0.11889807  0.11032221  0.11032221  0.13636647  0.13636647  0.14526427  
2_19_0     0.13636647  0.09347468  0.13636647  0.13636647  0.12757863  0.11889807  0.14526427  0.15427484  0.13636647  0.13636647  0.13636647  0.17264592  0.14526427  0.15427484  0.16340105  0.15427484  0.14526427  0.00733699  0.00000000  0.13636647  0.11032221  0.10184855  0.11889807  0.14526427  0.14526427  0.15427484  
5_22_0     0.12757863  0.08519828  0.06093185  0.07701711  0.10184855  0.09347468  0.15427484  0.09347468  0.12757863  0.11032221  0.09347468  0.09347468  0.11889807  0.09347468  0.10184855  0.11032221  0.13636647  0.12757863  0.13636647  0.00000000  0.11889807  0.07701711  0.07701711  0.08519828  0.08519828  0.12757863  
4_15_0     0.12757863  0.09347468  0.11889807  0.10184855  0.09347468  0.11889807  0.12757863  0.08519828  0.08519828  0.11889807  0.11889807  0.15427484  0.11032221  0.11889807  0.12757863  0.11889807  0.06093185  0.11889807  0.11032221  0.11889807  0.00000000  0.03746631  0.08519828  0.09347468  0.09347468  0.13636647  
3_15_0     0.11889807  0.08519828  0.09347468  0.09347468  0.08519828  0.11032221  0.15427484  0.09347468  0.11032221  0.09347468  0.11032221  0.14526427  0.11889807  0.12757863  0.11889807  0.11032221  0.08519828  0.11032221  0.10184855  0.07701711  0.03746631  0.00000000  0.09347468  0.11889807  0.11889807  0.14526427  
3_21_0     0.12757863  0.10184855  0.07701711  0.07701711  0.08519828  0.09347468  0.10184855  0.11032221  0.09347468  0.11032221  0.11032221  0.11032221  0.11889807  0.11032221  0.11889807  0.12757863  0.11889807  0.11032221  0.11889807  0.07701711  0.08519828  0.09347468  0.00000000  0.03746631  0.03746631  0.07701711  
4_25_0     0.17264592  0.12757863  0.08519828  0.08519828  0.09347468  0.10184855  0.12757863  0.10184855  0.11889807  0.13636647  0.11889807  0.11889807  0.12757863  0.10184855  0.12757863  0.13636647  0.11032221  0.13636647  0.14526427  0.08519828  0.09347468  0.11889807  0.03746631  0.00000000  0.00000000  0.08519828  
4_21_0     0.17264592  0.12757863  0.08519828  0.08519828  0.09347468  0.10184855  0.12757863  0.10184855  0.11889807  0.13636647  0.11889807  0.11889807  0.12757863  0.10184855  0.12757863  0.13636647  0.11032221  0.13636647  0.14526427  0.08519828  0.09347468  0.11889807  0.03746631  0.00000000  0.00000000  0.08519828  
5_21_0     0.16340105  0.15427484  0.09347468  0.09347468  0.10184855  0.09347468  0.10184855  0.12757863  0.09347468  0.12757863  0.12757863  0.11032221  0.11889807  0.11032221  0.15427484  0.16340105  0.17264592  0.14526427  0.15427484  0.12757863  0.13636647  0.14526427  0.07701711  0.08519828  0.08519828  0.00000000  

