54
27_0_0     0.00000000  0.00000000  0.06556486  0.08601457  0.07776641  0.06960962  0.14649333  0.26334850  0.33535254  0.32955679  0.37111904  0.40231164  0.37725275  0.38343798  0.37725275  0.37111904  0.42825346  0.44157534  0.43488427  0.44157534  0.42168182  0.38967560  0.43488427  0.44832777  0.44832777  0.46202128  0.44157534  0.44157534  0.44832777  0.38967560  0.39596652  0.41516831  0.46896473  0.42168182  0.44832777  0.44832777  0.39596652  0.39596652  0.38343798  0.49019678  0.42825346  0.43488427  0.48305119  0.40231164  0.38967560  0.44157534  0.42825346  0.43488427  0.46896473  0.45514270  0.44832777  0.45514270  0.37725275  0.39596652  
6_0_0      0.00000000  0.00000000  0.06556486  0.08601457  0.07776641  0.06960962  0.14649333  0.26334850  0.33535254  0.32955679  0.37111904  0.40231164  0.37725275  0.38343798  0.37725275  0.37111904  0.42825346  0.44157534  0.43488427  0.44157534  0.42168182  0.38967560  0.43488427  0.44832777  0.44832777  0.46202128  0.44157534  0.44157534  0.44832777  0.38967560  0.39596652  0.41516831  0.46896473  0.42168182  0.44832777  0.44832777  0.39596652  0.39596652  0.38343798  0.49019678  0.42825346  0.43488427  0.48305119  0.40231164  0.38967560  0.44157534  0.42825346  0.43488427  0.46896473  0.45514270  0.44832777  0.45514270  0.37725275  0.39596652  
15_0_0     0.06556486  0.06556486  0.00000000  0.04566776  0.03785706  0.06154219  0.20260529  0.28476323  0.38967560  0.37111904  0.42168182  0.44157534  0.43488427  0.44157534  0.43488427  0.40871192  0.45514270  0.46896473  0.46896473  0.47597428  0.45514270  0.42168182  0.46896473  0.53459077  0.53459077  0.48305119  0.47597428  0.47597428  0.48305119  0.44832777  0.44157534  0.46202128  0.49741239  0.45514270  0.48305119  0.46896473  0.43488427  0.43488427  0.42168182  0.53459077  0.48305119  0.49019678  0.51949342  0.45514270  0.42825346  0.44832777  0.43488427  0.43488427  0.45514270  0.44832777  0.44832777  0.44157534  0.42825346  0.41516831  
10_0_0     0.08601457  0.08601457  0.04566776  0.00000000  0.03012834  0.06960962  0.22230147  0.26334850  0.39596652  0.38967560  0.41516831  0.44832777  0.42825346  0.42168182  0.42825346  0.38967560  0.46896473  0.46896473  0.46896473  0.47597428  0.45514270  0.40871192  0.45514270  0.51949342  0.51949342  0.46896473  0.46202128  0.46202128  0.46896473  0.45514270  0.46202128  0.45514270  0.47597428  0.46202128  0.47597428  0.47597428  0.44832777  0.44832777  0.43488427  0.53459077  0.46896473  0.47597428  0.52700340  0.42825346  0.41516831  0.44832777  0.42825346  0.43488427  0.45514270  0.46202128  0.46202128  0.45514270  0.44832777  0.42825346  
1_0_0      0.07776641  0.07776641  0.03785706  0.03012834  0.00000000  0.06154219  0.20260529  0.26864408  0.39596652  0.38967560  0.40231164  0.43488427  0.40871192  0.41516831  0.40871192  0.38343798  0.45514270  0.45514270  0.45514270  0.46202128  0.44157534  0.41516831  0.45514270  0.50469941  0.50469941  0.48305119  0.47597428  0.47597428  0.46896473  0.44157534  0.44832777  0.44832777  0.48305119  0.45514270  0.45514270  0.46896473  0.44157534  0.44157534  0.41516831  0.52700340  0.45514270  0.46202128  0.51949342  0.43488427  0.40871192  0.43488427  0.42825346  0.42825346  0.44832777  0.45514270  0.45514270  0.44832777  0.42825346  0.40231164  
25_0_0     0.06960962  0.06960962  0.06154219  0.06960962  0.06154219  0.00000000  0.18342226  0.23235071  0.35301865  0.34708273  0.35900282  0.37725275  0.37725275  0.37111904  0.36503601  0.38343798  0.42825346  0.42825346  0.46896473  0.46202128  0.45514270  0.42168182  0.45514270  0.49019678  0.49019678  0.49741239  0.47597428  0.47597428  0.46896473  0.38343798  0.38967560  0.40871192  0.48305119  0.44832777  0.44832777  0.44832777  0.39596652  0.39596652  0.38343798  0.49019678  0.42825346  0.43488427  0.51205926  0.41516831  0.38967560  0.45514270  0.44157534  0.44157534  0.40231164  0.42168182  0.42168182  0.40231164  0.42168182  0.38967560  
21_4_0     0.14649333  0.14649333  0.20260529  0.22230147  0.20260529  0.18342226  0.00000000  0.27935087  0.32380629  0.32955679  0.38343798  0.38343798  0.40871192  0.40871192  0.41516831  0.37725275  0.44832777  0.45514270  0.51949342  0.54225713  0.53459077  0.48305119  0.51205926  0.48305119  0.48305119  0.51949342  0.51205926  0.49741239  0.50469941  0.44832777  0.45514270  0.48305119  0.47597428  0.45514270  0.46202128  0.48305119  0.42168182  0.42168182  0.40871192  0.49019678  0.40231164  0.40871192  0.43488427  0.40871192  0.40871192  0.47597428  0.49019678  0.48305119  0.47597428  0.45514270  0.46202128  0.42825346  0.41516831  0.39596652  
8_5_0      0.26334850  0.26334850  0.28476323  0.26334850  0.26864408  0.23235071  0.27935087  0.00000000  0.39596652  0.38343798  0.38967560  0.40871192  0.40871192  0.42168182  0.42168182  0.40231164  0.54225713  0.51205926  0.63231726  0.62365935  0.61510205  0.60664305  0.60664305  0.59828013  0.59828013  0.61510205  0.60664305  0.59001112  0.58183394  0.51949342  0.52700340  0.51205926  0.56574707  0.59828013  0.55000415  0.61510205  0.52700340  0.53459077  0.53459077  0.54225713  0.49019678  0.49741239  0.58183394  0.51205926  0.50469941  0.51949342  0.51205926  0.51205926  0.49019678  0.49019678  0.51949342  0.46202128  0.46896473  0.42825346  
26_2_0     0.33535254  0.33535254  0.38967560  0.39596652  0.39596652  0.35301865  0.32380629  0.39596652  0.00000000  0.05356220  0.37111904  0.35301865  0.38967560  0.37111904  0.38967560  0.40231164  0.41516831  0.37111904  0.41516831  0.43488427  0.42825346  0.42825346  0.44832777  0.44157534  0.44157534  0.44832777  0.45514270  0.45514270  0.44157534  0.44832777  0.45514270  0.38967560  0.47597428  0.44157534  0.46896473  0.44157534  0.40871192  0.40871192  0.41516831  0.44832777  0.43488427  0.42825346  0.48305119  0.38967560  0.41516831  0.43488427  0.45514270  0.44832777  0.44832777  0.42168182  0.43488427  0.43488427  0.38343798  0.35900282  
26_3_0     0.32955679  0.32955679  0.37111904  0.38967560  0.38967560  0.34708273  0.32955679  0.38343798  0.05356220  0.00000000  0.37111904  0.38343798  0.38343798  0.38967560  0.40871192  0.38343798  0.41516831  0.36503601  0.41516831  0.43488427  0.42825346  0.44157534  0.44832777  0.45514270  0.45514270  0.46896473  0.46202128  0.46202128  0.42825346  0.49019678  0.49741239  0.41516831  0.48305119  0.47597428  0.50469941  0.46896473  0.40871192  0.40871192  0.41516831  0.42825346  0.42168182  0.41516831  0.48305119  0.35900282  0.38343798  0.40871192  0.42825346  0.42168182  0.42168182  0.39596652  0.40871192  0.40871192  0.37111904  0.37111904  
56_7_0     0.37111904  0.37111904  0.42168182  0.41516831  0.40231164  0.35900282  0.38343798  0.38967560  0.37111904  0.37111904  0.00000000  0.07367672  0.11563321  0.11563321  0.12870093  0.15100942  0.30681945  0.27935087  0.35301865  0.35301865  0.35900282  0.34708273  0.34708273  0.34119428  0.34119428  0.36503601  0.39596652  0.38343798  0.30681945  0.34119428  0.34708273  0.30681945  0.33535254  0.32380629  0.32955679  0.31810036  0.25809073  0.25809073  0.24768650  0.34708273  0.28476323  0.29021565  0.35301865  0.31243830  0.27935087  0.31243830  0.31810036  0.30681945  0.30124315  0.27935087  0.27935087  0.27935087  0.27397802  0.28476323  
56_11_0    0.40231164  0.40231164  0.44157534  0.44832777  0.43488427  0.37725275  0.38343798  0.40871192  0.35301865  0.38343798  0.07367672  0.00000000  0.13754339  0.12870093  0.12431921  0.17401495  0.30681945  0.27935087  0.36503601  0.35900282  0.36503601  0.35900282  0.35900282  0.34119428  0.34119428  0.35301865  0.35900282  0.34708273  0.35301865  0.33535254  0.32955679  0.31810036  0.36503601  0.34119428  0.33535254  0.30681945  0.29021565  0.28476323  0.26864408  0.38967560  0.30124315  0.30681945  0.37111904  0.32955679  0.30681945  0.32380629  0.32955679  0.31810036  0.26864408  0.28476323  0.29570876  0.26334850  0.30124315  0.26864408  
38_7_0     0.37725275  0.37725275  0.43488427  0.42825346  0.40871192  0.37725275  0.40871192  0.40871192  0.38967560  0.38343798  0.11563321  0.13754339  0.00000000  0.03012834  0.03398256  0.14200476  0.32380629  0.31243830  0.32955679  0.31810036  0.33535254  0.33535254  0.32380629  0.34708273  0.34708273  0.35900282  0.36503601  0.35301865  0.31810036  0.37725275  0.38343798  0.35900282  0.34708273  0.37725275  0.38343798  0.35301865  0.30124315  0.30124315  0.27935087  0.37111904  0.31810036  0.32380629  0.35900282  0.32380629  0.30681945  0.33535254  0.35301865  0.35301865  0.31243830  0.27935087  0.30124315  0.28476323  0.29570876  0.25287024  
72_7_0     0.38343798  0.38343798  0.44157534  0.42168182  0.41516831  0.37111904  0.40871192  0.42168182  0.37111904  0.38967560  0.11563321  0.12870093  0.03012834  0.00000000  0.02629419  0.14649333  0.32955679  0.31810036  0.32955679  0.31810036  0.33535254  0.33535254  0.32380629  0.34119428  0.34119428  0.35301865  0.35900282  0.34708273  0.30681945  0.38343798  0.38967560  0.36503601  0.33535254  0.36503601  0.37111904  0.34119428  0.30681945  0.30124315  0.28476323  0.37111904  0.33535254  0.34119428  0.37111904  0.32380629  0.31810036  0.35301865  0.35900282  0.35900282  0.31243830  0.27935087  0.30124315  0.28476323  0.33535254  0.29021565  
96_7_0     0.37725275  0.37725275  0.43488427  0.42825346  0.40871192  0.36503601  0.41516831  0.42168182  0.38967560  0.40871192  0.12870093  0.12431921  0.03398256  0.02629419  0.00000000  0.16012556  0.32380629  0.32380629  0.33535254  0.31243830  0.32955679  0.34119428  0.32955679  0.34708273  0.34708273  0.35900282  0.36503601  0.35301865  0.33535254  0.35900282  0.36503601  0.35301865  0.33535254  0.36503601  0.35900282  0.32955679  0.31243830  0.30681945  0.29021565  0.38343798  0.31810036  0.32380629  0.36503601  0.35301865  0.32380629  0.35900282  0.36503601  0.36503601  0.30681945  0.29570876  0.31810036  0.27935087  0.32955679  0.28476323  
51_7_0     0.37111904  0.37111904  0.40871192  0.38967560  0.38343798  0.38343798  0.37725275  0.40231164  0.40231164  0.38343798  0.15100942  0.17401495  0.14200476  0.14649333  0.16012556  0.00000000  0.29570876  0.30124315  0.36503601  0.34708273  0.35301865  0.36503601  0.37111904  0.34119428  0.34119428  0.38967560  0.37111904  0.35900282  0.32380629  0.38967560  0.39596652  0.37725275  0.38343798  0.37111904  0.37725275  0.38967560  0.30124315  0.30124315  0.27935087  0.40231164  0.34119428  0.34708273  0.32380629  0.26864408  0.29021565  0.31810036  0.32380629  0.31243830  0.31243830  0.29570876  0.29021565  0.29570876  0.28476323  0.26864408  
88_7_0     0.42825346  0.42825346  0.45514270  0.46896473  0.45514270  0.42825346  0.44832777  0.54225713  0.41516831  0.41516831  0.30681945  0.30681945  0.32380629  0.32955679  0.32380629  0.29570876  0.00000000  0.05754139  0.21732781  0.23235071  0.24253900  0.24253900  0.24768650  0.22730895  0.22730895  0.25809073  0.28476323  0.28476323  0.24768650  0.26334850  0.26864408  0.24768650  0.32380629  0.24253900  0.27935087  0.24768650  0.16012556  0.15555339  0.16012556  0.30681945  0.26334850  0.26864408  0.29570876  0.24253900  0.23235071  0.28476323  0.31810036  0.31243830  0.30124315  0.29021565  0.29021565  0.27935087  0.33535254  0.28476323  
92_7_0     0.44157534  0.44157534  0.46896473  0.46896473  0.45514270  0.42825346  0.45514270  0.51205926  0.37111904  0.36503601  0.27935087  0.27935087  0.31243830  0.31810036  0.32380629  0.30124315  0.05754139  0.00000000  0.21238752  0.22730895  0.23742724  0.24253900  0.24253900  0.23742724  0.23742724  0.26864408  0.30681945  0.30681945  0.23742724  0.27397802  0.27935087  0.24253900  0.32955679  0.25809073  0.27397802  0.26334850  0.14649333  0.15100942  0.15555339  0.30124315  0.24253900  0.24768650  0.32380629  0.24768650  0.22730895  0.25287024  0.28476323  0.27935087  0.29570876  0.26334850  0.27397802  0.26334850  0.33535254  0.30681945  
65_7_0     0.43488427  0.43488427  0.46896473  0.46896473  0.45514270  0.46896473  0.51949342  0.63231726  0.41516831  0.41516831  0.35301865  0.36503601  0.32955679  0.32955679  0.33535254  0.36503601  0.21732781  0.21238752  0.00000000  0.03398256  0.04175205  0.05356220  0.04566776  0.13754339  0.13754339  0.11132833  0.14649333  0.14649333  0.12870093  0.30124315  0.30681945  0.25287024  0.32380629  0.25809073  0.28476323  0.27397802  0.17870358  0.17401495  0.16012556  0.34119428  0.29021565  0.28476323  0.35301865  0.26864408  0.25809073  0.33535254  0.35301865  0.35900282  0.33535254  0.31243830  0.32955679  0.30124315  0.38967560  0.37725275  
57_7_0     0.44157534  0.44157534  0.47597428  0.47597428  0.46202128  0.46202128  0.54225713  0.62365935  0.43488427  0.43488427  0.35301865  0.35900282  0.31810036  0.31810036  0.31243830  0.34708273  0.23235071  0.22730895  0.03398256  0.00000000  0.01491009  0.06960962  0.06556486  0.15100942  0.15100942  0.13310889  0.16935598  0.16935598  0.14200476  0.30124315  0.30681945  0.26334850  0.31810036  0.25809073  0.28476323  0.28476323  0.20260529  0.19776247  0.18342226  0.37111904  0.29570876  0.30124315  0.38343798  0.29570876  0.27935087  0.35900282  0.37725275  0.38343798  0.35301865  0.34119428  0.35301865  0.32955679  0.40871192  0.39596652  
61_7_0     0.42168182  0.42168182  0.45514270  0.45514270  0.44157534  0.45514270  0.53459077  0.61510205  0.42825346  0.42825346  0.35900282  0.36503601  0.33535254  0.33535254  0.32955679  0.35301865  0.24253900  0.23742724  0.04175205  0.01491009  0.00000000  0.07776641  0.07367672  0.16012556  0.16012556  0.13310889  0.16935598  0.16935598  0.14200476  0.30124315  0.30681945  0.26334850  0.32955679  0.24768650  0.27397802  0.28476323  0.19295130  0.18817137  0.17401495  0.35900282  0.31810036  0.32380629  0.39596652  0.30681945  0.29021565  0.35900282  0.36503601  0.37111904  0.35900282  0.34708273  0.35900282  0.33535254  0.40231164  0.40231164  
50_8_0     0.38967560  0.38967560  0.42168182  0.40871192  0.41516831  0.42168182  0.48305119  0.60664305  0.42825346  0.44157534  0.34708273  0.35900282  0.33535254  0.33535254  0.34119428  0.36503601  0.24253900  0.24253900  0.05356220  0.06960962  0.07776641  0.00000000  0.03012834  0.11996340  0.11996340  0.10279336  0.13754339  0.13754339  0.15555339  0.28476323  0.29021565  0.25287024  0.32380629  0.25809073  0.28476323  0.26334850  0.18817137  0.18817137  0.16935598  0.34708273  0.29021565  0.29570876  0.35301865  0.26334850  0.25287024  0.32955679  0.33535254  0.34708273  0.35900282  0.33535254  0.34708273  0.32380629  0.37111904  0.38343798  
50_7_0     0.43488427  0.43488427  0.46896473  0.45514270  0.45514270  0.45514270  0.51205926  0.60664305  0.44832777  0.44832777  0.34708273  0.35900282  0.32380629  0.32380629  0.32955679  0.37111904  0.24768650  0.24253900  0.04566776  0.06556486  0.07367672  0.03012834  0.00000000  0.13754339  0.13754339  0.10279336  0.13754339  0.13754339  0.15555339  0.31243830  0.31810036  0.26334850  0.33535254  0.27397802  0.30124315  0.27935087  0.20748016  0.20260529  0.18817137  0.35301865  0.30124315  0.30681945  0.36503601  0.26864408  0.25809073  0.34708273  0.35301865  0.36503601  0.35900282  0.33535254  0.35301865  0.32380629  0.38967560  0.38967560  
43_7_0     0.44832777  0.44832777  0.53459077  0.51949342  0.50469941  0.49019678  0.48305119  0.59828013  0.44157534  0.45514270  0.34119428  0.34119428  0.34708273  0.34119428  0.34708273  0.34119428  0.22730895  0.23742724  0.13754339  0.15100942  0.16012556  0.11996340  0.13754339  0.00000000  0.00000000  0.16935598  0.19776247  0.19776247  0.19295130  0.32380629  0.32955679  0.31243830  0.34708273  0.30124315  0.31243830  0.31243830  0.23235071  0.23235071  0.21238752  0.37725275  0.29570876  0.30124315  0.34119428  0.27397802  0.28476323  0.38343798  0.37725275  0.37725275  0.35900282  0.34708273  0.34708273  0.34119428  0.37111904  0.37111904  
97_7_0     0.44832777  0.44832777  0.53459077  0.51949342  0.50469941  0.49019678  0.48305119  0.59828013  0.44157534  0.45514270  0.34119428  0.34119428  0.34708273  0.34119428  0.34708273  0.34119428  0.22730895  0.23742724  0.13754339  0.15100942  0.16012556  0.11996340  0.13754339  0.00000000  0.00000000  0.16935598  0.19776247  0.19776247  0.19295130  0.32380629  0.32955679  0.31243830  0.34708273  0.30124315  0.31243830  0.31243830  0.23235071  0.23235071  0.21238752  0.37725275  0.29570876  0.30124315  0.34119428  0.27397802  0.28476323  0.38343798  0.37725275  0.37725275  0.35900282  0.34708273  0.34708273  0.34119428  0.37111904  0.37111904  
100_7_0    0.46202128  0.46202128  0.48305119  0.46896473  0.48305119  0.49741239  0.51949342  0.61510205  0.44832777  0.46896473  0.36503601  0.35301865  0.35900282  0.35301865  0.35900282  0.38967560  0.25809073  0.26864408  0.11132833  0.13310889  0.13310889  0.10279336  0.10279336  0.16935598  0.16935598  0.00000000  0.03785706  0.03785706  0.19295130  0.32380629  0.31810036  0.32380629  0.33535254  0.29021565  0.31810036  0.29570876  0.20748016  0.20260529  0.20260529  0.40231164  0.34708273  0.35301865  0.39596652  0.31810036  0.31810036  0.37111904  0.36503601  0.37725275  0.35301865  0.34119428  0.37111904  0.34119428  0.39596652  0.41516831  
39_7_0     0.44157534  0.44157534  0.47597428  0.46202128  0.47597428  0.47597428  0.51205926  0.60664305  0.45514270  0.46202128  0.39596652  0.35900282  0.36503601  0.35900282  0.36503601  0.37111904  0.28476323  0.30681945  0.14649333  0.16935598  0.16935598  0.13754339  0.13754339  0.19776247  0.19776247  0.03785706  0.00000000  0.00741731  0.20260529  0.34119428  0.33535254  0.34119428  0.32955679  0.32380629  0.35301865  0.31810036  0.24253900  0.23742724  0.21732781  0.43488427  0.37725275  0.38343798  0.38967560  0.31243830  0.31243830  0.40231164  0.38343798  0.39596652  0.34708273  0.34708273  0.37725275  0.34708273  0.40871192  0.40231164  
48_7_0     0.44157534  0.44157534  0.47597428  0.46202128  0.47597428  0.47597428  0.49741239  0.59001112  0.45514270  0.46202128  0.38343798  0.34708273  0.35301865  0.34708273  0.35301865  0.35900282  0.28476323  0.30681945  0.14649333  0.16935598  0.16935598  0.13754339  0.13754339  0.19776247  0.19776247  0.03785706  0.00741731  0.00000000  0.20260529  0.32955679  0.32380629  0.34119428  0.32955679  0.32380629  0.34119428  0.30681945  0.23235071  0.22730895  0.21732781  0.42168182  0.36503601  0.37111904  0.38967560  0.30124315  0.30124315  0.38967560  0.38343798  0.39596652  0.34708273  0.34708273  0.37725275  0.34708273  0.42168182  0.40231164  
31_7_0     0.44832777  0.44832777  0.48305119  0.46896473  0.46896473  0.46896473  0.50469941  0.58183394  0.44157534  0.42825346  0.30681945  0.35301865  0.31810036  0.30681945  0.33535254  0.32380629  0.24768650  0.23742724  0.12870093  0.14200476  0.14200476  0.15555339  0.15555339  0.19295130  0.19295130  0.19295130  0.20260529  0.20260529  0.00000000  0.30124315  0.30681945  0.29570876  0.31243830  0.27397802  0.30681945  0.31810036  0.21238752  0.20748016  0.18342226  0.34119428  0.31243830  0.31810036  0.34708273  0.24253900  0.24253900  0.32380629  0.34119428  0.34708273  0.32380629  0.26864408  0.30681945  0.30124315  0.36503601  0.38967560  
76_7_0     0.38967560  0.38967560  0.44832777  0.45514270  0.44157534  0.38343798  0.44832777  0.51949342  0.44832777  0.49019678  0.34119428  0.33535254  0.37725275  0.38343798  0.35900282  0.38967560  0.26334850  0.27397802  0.30124315  0.30124315  0.30124315  0.28476323  0.31243830  0.32380629  0.32380629  0.32380629  0.34119428  0.32955679  0.30124315  0.00000000  0.00369931  0.15555339  0.26864408  0.16935598  0.20260529  0.17401495  0.24253900  0.24253900  0.23742724  0.34119428  0.31243830  0.31810036  0.35301865  0.29021565  0.26864408  0.34119428  0.35301865  0.34708273  0.33535254  0.35301865  0.37111904  0.32955679  0.40231164  0.40871192  
70_7_0     0.39596652  0.39596652  0.44157534  0.46202128  0.44832777  0.38967560  0.45514270  0.52700340  0.45514270  0.49741239  0.34708273  0.32955679  0.38343798  0.38967560  0.36503601  0.39596652  0.26864408  0.27935087  0.30681945  0.30681945  0.30681945  0.29021565  0.31810036  0.32955679  0.32955679  0.31810036  0.33535254  0.32380629  0.30681945  0.00369931  0.00000000  0.16012556  0.27397802  0.17401495  0.20748016  0.17870358  0.24768650  0.24768650  0.24253900  0.34708273  0.31810036  0.32380629  0.34708273  0.29570876  0.27397802  0.33535254  0.34708273  0.34119428  0.32955679  0.34708273  0.36503601  0.32380629  0.40871192  0.41516831  
32_7_0     0.41516831  0.41516831  0.46202128  0.45514270  0.44832777  0.40871192  0.48305119  0.51205926  0.38967560  0.41516831  0.30681945  0.31810036  0.35900282  0.36503601  0.35301865  0.37725275  0.24768650  0.24253900  0.25287024  0.26334850  0.26334850  0.25287024  0.26334850  0.31243830  0.31243830  0.32380629  0.34119428  0.34119428  0.29570876  0.15555339  0.16012556  0.00000000  0.17401495  0.12870093  0.14649333  0.12431921  0.21732781  0.21238752  0.20260529  0.31810036  0.31243830  0.31810036  0.34708273  0.26334850  0.24253900  0.30681945  0.32955679  0.32380629  0.32955679  0.32380629  0.34119428  0.31243830  0.36503601  0.37725275  
47_9_0     0.46896473  0.46896473  0.49741239  0.47597428  0.48305119  0.48305119  0.47597428  0.56574707  0.47597428  0.48305119  0.33535254  0.36503601  0.34708273  0.33535254  0.33535254  0.38343798  0.32380629  0.32955679  0.32380629  0.31810036  0.32955679  0.32380629  0.33535254  0.34708273  0.34708273  0.33535254  0.32955679  0.32955679  0.31243830  0.26864408  0.27397802  0.17401495  0.00000000  0.18342226  0.21238752  0.17870358  0.30124315  0.29570876  0.29570876  0.37111904  0.37725275  0.38343798  0.37725275  0.32955679  0.31810036  0.34119428  0.35900282  0.35301865  0.35900282  0.37725275  0.37111904  0.35301865  0.46202128  0.45514270  
75_7_0     0.42168182  0.42168182  0.45514270  0.46202128  0.45514270  0.44832777  0.45514270  0.59828013  0.44157534  0.47597428  0.32380629  0.34119428  0.37725275  0.36503601  0.36503601  0.37111904  0.24253900  0.25809073  0.25809073  0.25809073  0.24768650  0.25809073  0.27397802  0.30124315  0.30124315  0.29021565  0.32380629  0.32380629  0.27397802  0.16935598  0.17401495  0.12870093  0.18342226  0.00000000  0.06960962  0.06556486  0.20748016  0.20260529  0.20260529  0.32380629  0.32380629  0.32955679  0.34708273  0.27397802  0.27397802  0.31810036  0.32955679  0.32380629  0.35301865  0.34708273  0.36503601  0.32380629  0.41516831  0.44157534  
53_7_0     0.44832777  0.44832777  0.48305119  0.47597428  0.45514270  0.44832777  0.46202128  0.55000415  0.46896473  0.50469941  0.32955679  0.33535254  0.38343798  0.37111904  0.35900282  0.37725275  0.27935087  0.27397802  0.28476323  0.28476323  0.27397802  0.28476323  0.30124315  0.31243830  0.31243830  0.31810036  0.35301865  0.34119428  0.30681945  0.20260529  0.20748016  0.14649333  0.21238752  0.06960962  0.00000000  0.09017356  0.21238752  0.20748016  0.20260529  0.31810036  0.34119428  0.34708273  0.38343798  0.28476323  0.27397802  0.34119428  0.35301865  0.34708273  0.35900282  0.35301865  0.38343798  0.32955679  0.41516831  0.42825346  
40_7_0     0.44832777  0.44832777  0.46896473  0.47597428  0.46896473  0.44832777  0.48305119  0.61510205  0.44157534  0.46896473  0.31810036  0.30681945  0.35301865  0.34119428  0.32955679  0.38967560  0.24768650  0.26334850  0.27397802  0.28476323  0.28476323  0.26334850  0.27935087  0.31243830  0.31243830  0.29570876  0.31810036  0.30681945  0.31810036  0.17401495  0.17870358  0.12431921  0.17870358  0.06556486  0.09017356  0.00000000  0.22230147  0.21732781  0.21732781  0.35301865  0.32955679  0.33535254  0.36503601  0.29021565  0.27935087  0.32380629  0.33535254  0.32955679  0.31810036  0.34119428  0.35900282  0.30124315  0.44157534  0.40871192  
45_7_0     0.39596652  0.39596652  0.43488427  0.44832777  0.44157534  0.39596652  0.42168182  0.52700340  0.40871192  0.40871192  0.25809073  0.29021565  0.30124315  0.30681945  0.31243830  0.30124315  0.16012556  0.14649333  0.17870358  0.20260529  0.19295130  0.18817137  0.20748016  0.23235071  0.23235071  0.20748016  0.24253900  0.23235071  0.21238752  0.24253900  0.24768650  0.21732781  0.30124315  0.20748016  0.21238752  0.22230147  0.00000000  0.00741731  0.03012834  0.25287024  0.26864408  0.26334850  0.31243830  0.20748016  0.18817137  0.29021565  0.29570876  0.29021565  0.26864408  0.24768650  0.27397802  0.24768650  0.34119428  0.32380629  
49_7_0     0.39596652  0.39596652  0.43488427  0.44832777  0.44157534  0.39596652  0.42168182  0.53459077  0.40871192  0.40871192  0.25809073  0.28476323  0.30124315  0.30124315  0.30681945  0.30124315  0.15555339  0.15100942  0.17401495  0.19776247  0.18817137  0.18817137  0.20260529  0.23235071  0.23235071  0.20260529  0.23742724  0.22730895  0.20748016  0.24253900  0.24768650  0.21238752  0.29570876  0.20260529  0.20748016  0.21732781  0.00741731  0.00000000  0.03012834  0.24768650  0.26864408  0.26334850  0.31243830  0.20260529  0.18342226  0.29021565  0.29570876  0.29021565  0.26864408  0.24768650  0.27397802  0.24768650  0.34119428  0.32380629  
66_7_0     0.38343798  0.38343798  0.42168182  0.43488427  0.41516831  0.38343798  0.40871192  0.53459077  0.41516831  0.41516831  0.24768650  0.26864408  0.27935087  0.28476323  0.29021565  0.27935087  0.16012556  0.15555339  0.16012556  0.18342226  0.17401495  0.16935598  0.18817137  0.21238752  0.21238752  0.20260529  0.21732781  0.21732781  0.18342226  0.23742724  0.24253900  0.20260529  0.29570876  0.20260529  0.20260529  0.21732781  0.03012834  0.03012834  0.00000000  0.23235071  0.25809073  0.25287024  0.29021565  0.18817137  0.16935598  0.27935087  0.27397802  0.26864408  0.25809073  0.23742724  0.26334850  0.23742724  0.30681945  0.29021565  
33_7_0     0.49019678  0.49019678  0.53459077  0.53459077  0.52700340  0.49019678  0.49019678  0.54225713  0.44832777  0.42825346  0.34708273  0.38967560  0.37111904  0.37111904  0.38343798  0.40231164  0.30681945  0.30124315  0.34119428  0.37111904  0.35900282  0.34708273  0.35301865  0.37725275  0.37725275  0.40231164  0.43488427  0.42168182  0.34119428  0.34119428  0.34708273  0.31810036  0.37111904  0.32380629  0.31810036  0.35301865  0.25287024  0.24768650  0.23235071  0.00000000  0.37725275  0.38343798  0.37725275  0.31243830  0.30124315  0.33535254  0.35900282  0.35301865  0.38343798  0.35900282  0.36503601  0.35900282  0.38967560  0.38343798  
52_10_0    0.42825346  0.42825346  0.48305119  0.46896473  0.45514270  0.42825346  0.40231164  0.49019678  0.43488427  0.42168182  0.28476323  0.30124315  0.31810036  0.33535254  0.31810036  0.34119428  0.26334850  0.24253900  0.29021565  0.29570876  0.31810036  0.29021565  0.30124315  0.29570876  0.29570876  0.34708273  0.37725275  0.36503601  0.31243830  0.31243830  0.31810036  0.31243830  0.37725275  0.32380629  0.34119428  0.32955679  0.26864408  0.26864408  0.25809073  0.37725275  0.00000000  0.00369931  0.37111904  0.27397802  0.26334850  0.37111904  0.37725275  0.37111904  0.31243830  0.31243830  0.30681945  0.30681945  0.38967560  0.40231164  
52_7_0     0.43488427  0.43488427  0.49019678  0.47597428  0.46202128  0.43488427  0.40871192  0.49741239  0.42825346  0.41516831  0.29021565  0.30681945  0.32380629  0.34119428  0.32380629  0.34708273  0.26864408  0.24768650  0.28476323  0.30124315  0.32380629  0.29570876  0.30681945  0.30124315  0.30124315  0.35301865  0.38343798  0.37111904  0.31810036  0.31810036  0.32380629  0.31810036  0.38343798  0.32955679  0.34708273  0.33535254  0.26334850  0.26334850  0.25287024  0.38343798  0.00369931  0.00000000  0.36503601  0.26864408  0.25809073  0.36503601  0.37111904  0.36503601  0.30681945  0.30681945  0.30124315  0.30124315  0.39596652  0.39596652  
68_7_0     0.48305119  0.48305119  0.51949342  0.52700340  0.51949342  0.51205926  0.43488427  0.58183394  0.48305119  0.48305119  0.35301865  0.37111904  0.35900282  0.37111904  0.36503601  0.32380629  0.29570876  0.32380629  0.35301865  0.38343798  0.39596652  0.35301865  0.36503601  0.34119428  0.34119428  0.39596652  0.38967560  0.38967560  0.34708273  0.35301865  0.34708273  0.34708273  0.37725275  0.34708273  0.38343798  0.36503601  0.31243830  0.31243830  0.29021565  0.37725275  0.37111904  0.36503601  0.00000000  0.28476323  0.29570876  0.35900282  0.36503601  0.37725275  0.32955679  0.29570876  0.29570876  0.34708273  0.43488427  0.39596652  
71_7_0     0.40231164  0.40231164  0.45514270  0.42825346  0.43488427  0.41516831  0.40871192  0.51205926  0.38967560  0.35900282  0.31243830  0.32955679  0.32380629  0.32380629  0.35301865  0.26864408  0.24253900  0.24768650  0.26864408  0.29570876  0.30681945  0.26334850  0.26864408  0.27397802  0.27397802  0.31810036  0.31243830  0.30124315  0.24253900  0.29021565  0.29570876  0.26334850  0.32955679  0.27397802  0.28476323  0.29021565  0.20748016  0.20260529  0.18817137  0.31243830  0.27397802  0.26864408  0.28476323  0.00000000  0.03012834  0.29570876  0.31243830  0.31243830  0.31810036  0.29570876  0.30681945  0.27397802  0.35301865  0.32955679  
30_7_0     0.38967560  0.38967560  0.42825346  0.41516831  0.40871192  0.38967560  0.40871192  0.50469941  0.41516831  0.38343798  0.27935087  0.30681945  0.30681945  0.31810036  0.32380629  0.29021565  0.23235071  0.22730895  0.25809073  0.27935087  0.29021565  0.25287024  0.25809073  0.28476323  0.28476323  0.31810036  0.31243830  0.30124315  0.24253900  0.26864408  0.27397802  0.24253900  0.31810036  0.27397802  0.27397802  0.27935087  0.18817137  0.18342226  0.16935598  0.30124315  0.26334850  0.25809073  0.29570876  0.03012834  0.00000000  0.29570876  0.31243830  0.31243830  0.29570876  0.27397802  0.28476323  0.25287024  0.32955679  0.30681945  
87_7_0     0.44157534  0.44157534  0.44832777  0.44832777  0.43488427  0.45514270  0.47597428  0.51949342  0.43488427  0.40871192  0.31243830  0.32380629  0.33535254  0.35301865  0.35900282  0.31810036  0.28476323  0.25287024  0.33535254  0.35900282  0.35900282  0.32955679  0.34708273  0.38343798  0.38343798  0.37111904  0.40231164  0.38967560  0.32380629  0.34119428  0.33535254  0.30681945  0.34119428  0.31810036  0.34119428  0.32380629  0.29021565  0.29021565  0.27935087  0.33535254  0.37111904  0.36503601  0.35900282  0.29570876  0.29570876  0.00000000  0.04960440  0.05356220  0.31810036  0.27935087  0.30681945  0.29570876  0.36503601  0.36503601  
85_7_0     0.42825346  0.42825346  0.43488427  0.42825346  0.42825346  0.44157534  0.49019678  0.51205926  0.45514270  0.42825346  0.31810036  0.32955679  0.35301865  0.35900282  0.36503601  0.32380629  0.31810036  0.28476323  0.35301865  0.37725275  0.36503601  0.33535254  0.35301865  0.37725275  0.37725275  0.36503601  0.38343798  0.38343798  0.34119428  0.35301865  0.34708273  0.32955679  0.35900282  0.32955679  0.35301865  0.33535254  0.29570876  0.29570876  0.27397802  0.35900282  0.37725275  0.37111904  0.36503601  0.31243830  0.31243830  0.04960440  0.00000000  0.00741731  0.30681945  0.26864408  0.29570876  0.28476323  0.38343798  0.38343798  
93_7_0     0.43488427  0.43488427  0.43488427  0.43488427  0.42825346  0.44157534  0.48305119  0.51205926  0.44832777  0.42168182  0.30681945  0.31810036  0.35301865  0.35900282  0.36503601  0.31243830  0.31243830  0.27935087  0.35900282  0.38343798  0.37111904  0.34708273  0.36503601  0.37725275  0.37725275  0.37725275  0.39596652  0.39596652  0.34708273  0.34708273  0.34119428  0.32380629  0.35301865  0.32380629  0.34708273  0.32955679  0.29021565  0.29021565  0.26864408  0.35301865  0.37111904  0.36503601  0.37725275  0.31243830  0.31243830  0.05356220  0.00741731  0.00000000  0.30124315  0.27397802  0.30124315  0.27935087  0.37725275  0.37725275  
62_7_0     0.46896473  0.46896473  0.45514270  0.45514270  0.44832777  0.40231164  0.47597428  0.49019678  0.44832777  0.42168182  0.30124315  0.26864408  0.31243830  0.31243830  0.30681945  0.31243830  0.30124315  0.29570876  0.33535254  0.35301865  0.35900282  0.35900282  0.35900282  0.35900282  0.35900282  0.35301865  0.34708273  0.34708273  0.32380629  0.33535254  0.32955679  0.32955679  0.35900282  0.35301865  0.35900282  0.31810036  0.26864408  0.26864408  0.25809073  0.38343798  0.31243830  0.30681945  0.32955679  0.31810036  0.29570876  0.31810036  0.30681945  0.30124315  0.00000000  0.05356220  0.06556486  0.06154219  0.37725275  0.30681945  
83_7_0     0.45514270  0.45514270  0.44832777  0.46202128  0.45514270  0.42168182  0.45514270  0.49019678  0.42168182  0.39596652  0.27935087  0.28476323  0.27935087  0.27935087  0.29570876  0.29570876  0.29021565  0.26334850  0.31243830  0.34119428  0.34708273  0.33535254  0.33535254  0.34708273  0.34708273  0.34119428  0.34708273  0.34708273  0.26864408  0.35301865  0.34708273  0.32380629  0.37725275  0.34708273  0.35301865  0.34119428  0.24768650  0.24768650  0.23742724  0.35900282  0.31243830  0.30681945  0.29570876  0.29570876  0.27397802  0.27935087  0.26864408  0.27397802  0.05356220  0.00000000  0.03398256  0.05356220  0.36503601  0.29570876  
69_7_0     0.44832777  0.44832777  0.44832777  0.46202128  0.45514270  0.42168182  0.46202128  0.51949342  0.43488427  0.40871192  0.27935087  0.29570876  0.30124315  0.30124315  0.31810036  0.29021565  0.29021565  0.27397802  0.32955679  0.35301865  0.35900282  0.34708273  0.35301865  0.34708273  0.34708273  0.37111904  0.37725275  0.37725275  0.30681945  0.37111904  0.36503601  0.34119428  0.37111904  0.36503601  0.38343798  0.35900282  0.27397802  0.27397802  0.26334850  0.36503601  0.30681945  0.30124315  0.29570876  0.30681945  0.28476323  0.30681945  0.29570876  0.30124315  0.06556486  0.03398256  0.00000000  0.07367672  0.35900282  0.30124315  
55_7_0     0.45514270  0.45514270  0.44157534  0.45514270  0.44832777  0.40231164  0.42825346  0.46202128  0.43488427  0.40871192  0.27935087  0.26334850  0.28476323  0.28476323  0.27935087  0.29570876  0.27935087  0.26334850  0.30124315  0.32955679  0.33535254  0.32380629  0.32380629  0.34119428  0.34119428  0.34119428  0.34708273  0.34708273  0.30124315  0.32955679  0.32380629  0.31243830  0.35301865  0.32380629  0.32955679  0.30124315  0.24768650  0.24768650  0.23742724  0.35900282  0.30681945  0.30124315  0.34708273  0.27397802  0.25287024  0.29570876  0.28476323  0.27935087  0.06154219  0.05356220  0.07367672  0.00000000  0.37111904  0.27397802  
58_6_0     0.37725275  0.37725275  0.42825346  0.44832777  0.42825346  0.42168182  0.41516831  0.46896473  0.38343798  0.37111904  0.27397802  0.30124315  0.29570876  0.33535254  0.32955679  0.28476323  0.33535254  0.33535254  0.38967560  0.40871192  0.40231164  0.37111904  0.38967560  0.37111904  0.37111904  0.39596652  0.40871192  0.42168182  0.36503601  0.40231164  0.40871192  0.36503601  0.46202128  0.41516831  0.41516831  0.44157534  0.34119428  0.34119428  0.30681945  0.38967560  0.38967560  0.39596652  0.43488427  0.35301865  0.32955679  0.36503601  0.38343798  0.37725275  0.37725275  0.36503601  0.35900282  0.37111904  0.00000000  0.11132833  
58_0_0     0.39596652  0.39596652  0.41516831  0.42825346  0.40231164  0.38967560  0.39596652  0.42825346  0.35900282  0.37111904  0.28476323  0.26864408  0.25287024  0.29021565  0.28476323  0.26864408  0.28476323  0.30681945  0.37725275  0.39596652  0.40231164  0.38343798  0.38967560  0.37111904  0.37111904  0.41516831  0.40231164  0.40231164  0.38967560  0.40871192  0.41516831  0.37725275  0.45514270  0.44157534  0.42825346  0.40871192  0.32380629  0.32380629  0.29021565  0.38343798  0.40231164  0.39596652  0.39596652  0.32955679  0.30681945  0.36503601  0.38343798  0.37725275  0.30681945  0.29570876  0.30124315  0.27397802  0.11132833  0.00000000  

