15
78_0_0     0.00000000  0.01422002  0.02143363  0.09771518  0.17379888  0.16494914  0.19182173  0.23889430  0.28915963  0.27883022  0.27883022  0.28915963  0.26864275  0.25859338  0.27883022  
79_0_0     0.01422002  0.00000000  0.03607492  0.09771518  0.17379888  0.16494914  0.17379888  0.23889430  0.28915963  0.25859338  0.27883022  0.28915963  0.26864275  0.25859338  0.27883022  
76_0_0     0.02143363  0.03607492  0.00000000  0.08972399  0.18275554  0.17379888  0.21970514  0.23889430  0.31026052  0.27883022  0.26864275  0.27883022  0.25859338  0.28915963  0.31026052  
85_0_0     0.09771518  0.09771518  0.08972399  0.00000000  0.18275554  0.17379888  0.16494914  0.23889430  0.27883022  0.24867841  0.29963500  0.31026052  0.28915963  0.35435428  0.35435428  
98_0_0     0.17379888  0.17379888  0.18275554  0.18275554  0.00000000  0.00707591  0.06625460  0.21970514  0.29963500  0.32104054  0.33197963  0.32104054  0.32104054  0.28915963  0.22923764  
87_0_0     0.16494914  0.16494914  0.17379888  0.17379888  0.00707591  0.00000000  0.05859372  0.21029366  0.28915963  0.33197963  0.33197963  0.32104054  0.32104054  0.28915963  0.23889430  
83_0_0     0.19182173  0.17379888  0.21970514  0.16494914  0.06625460  0.05859372  0.00000000  0.23889430  0.28915963  0.33197963  0.35435428  0.34308255  0.34308255  0.31026052  0.29963500  
96_0_0     0.23889430  0.23889430  0.23889430  0.23889430  0.21970514  0.21029366  0.23889430  0.00000000  0.13901666  0.15620380  0.27883022  0.28915963  0.28915963  0.28915963  0.29963500  
77_0_0     0.28915963  0.28915963  0.31026052  0.27883022  0.29963500  0.28915963  0.28915963  0.13901666  0.00000000  0.08972399  0.33197963  0.34308255  0.34308255  0.33197963  0.32104054  
97_0_0     0.27883022  0.25859338  0.27883022  0.24867841  0.32104054  0.33197963  0.33197963  0.15620380  0.08972399  0.00000000  0.27883022  0.28915963  0.28915963  0.29963500  0.36580005  
95_0_0     0.27883022  0.27883022  0.26864275  0.29963500  0.33197963  0.33197963  0.35435428  0.27883022  0.33197963  0.27883022  0.00000000  0.00707591  0.00707591  0.10579345  0.29963500  
88_0_0     0.28915963  0.28915963  0.27883022  0.31026052  0.32104054  0.32104054  0.34308255  0.28915963  0.34308255  0.28915963  0.00707591  0.00000000  0.01422002  0.09771518  0.28915963  
91_0_0     0.26864275  0.26864275  0.25859338  0.28915963  0.32104054  0.32104054  0.34308255  0.28915963  0.34308255  0.28915963  0.00707591  0.01422002  0.00000000  0.09771518  0.31026052  
100_0_0    0.25859338  0.25859338  0.28915963  0.35435428  0.28915963  0.28915963  0.31026052  0.28915963  0.33197963  0.29963500  0.10579345  0.09771518  0.09771518  0.00000000  0.24867841  
93_0_0     0.27883022  0.27883022  0.31026052  0.35435428  0.22923764  0.23889430  0.29963500  0.29963500  0.32104054  0.36580005  0.29963500  0.28915963  0.31026052  0.24867841  0.00000000  

