46
23_0_0     0.00000000  0.14368861  0.11969288  0.08509208  0.08509208  0.07390739  0.07390739  0.08509208  0.09644764  0.36999180  0.31426718  0.32976681  0.30663691  0.53602995  0.32197660  0.33763954  0.33763954  0.35363967  0.39521498  0.38671179  0.36999180  0.49579550  0.49579550  0.54643832  0.44838418  0.44838418  0.43925431  0.29908418  0.32197660  0.32197660  0.38671179  0.42132426  0.52576532  0.49579550  0.32976681  0.32197660  0.32197660  0.37830479  0.36999180  0.33763954  0.32197660  0.36999180  0.35363967  0.32976681  0.36999180  0.39521498  
16_0_0     0.14368861  0.00000000  0.21397445  0.16848493  0.16848493  0.16848493  0.16848493  0.18764058  0.18764058  0.46698740  0.44838418  0.46698740  0.43925431  0.54643832  0.42132426  0.43925431  0.43925431  0.40381657  0.40381657  0.39521498  0.43023522  0.52576532  0.54643832  0.56770279  0.46698740  0.50565178  0.48606821  0.37830479  0.36999180  0.36999180  0.37830479  0.43023522  0.55699451  0.52576532  0.40381657  0.39521498  0.42132426  0.45762759  0.42132426  0.42132426  0.38671179  0.40381657  0.39521498  0.39521498  0.39521498  0.45762759  
15_0_0     0.11969288  0.21397445  0.00000000  0.13761666  0.13761666  0.13761666  0.16220787  0.17481545  0.15598337  0.49579550  0.45762759  0.47646658  0.44838418  0.55699451  0.43023522  0.46698740  0.46698740  0.36999180  0.39521498  0.40381657  0.36999180  0.49579550  0.51564052  0.58959357  0.42132426  0.46698740  0.48606821  0.38671179  0.44838418  0.44838418  0.49579550  0.47646658  0.52576532  0.49579550  0.39521498  0.37830479  0.37830479  0.48606821  0.46698740  0.40381657  0.36999180  0.43023522  0.36999180  0.36177077  0.40381657  0.46698740  
11_0_0     0.08509208  0.16848493  0.13761666  0.00000000  0.00000000  0.01011882  0.14368861  0.15598337  0.11969288  0.42132426  0.39521498  0.41251887  0.38671179  0.54643832  0.40381657  0.42132426  0.42132426  0.36177077  0.40381657  0.41251887  0.37830479  0.51564052  0.51564052  0.57856759  0.51564052  0.53602995  0.50565178  0.32976681  0.35363967  0.35363967  0.37830479  0.38671179  0.52576532  0.47646658  0.34559655  0.35363967  0.34559655  0.41251887  0.40381657  0.35363967  0.33763954  0.36999180  0.40381657  0.37830479  0.36999180  0.41251887  
17_0_0     0.08509208  0.16848493  0.13761666  0.00000000  0.00000000  0.01011882  0.14368861  0.15598337  0.11969288  0.42132426  0.39521498  0.41251887  0.38671179  0.54643832  0.40381657  0.42132426  0.42132426  0.36177077  0.40381657  0.41251887  0.37830479  0.51564052  0.51564052  0.57856759  0.51564052  0.53602995  0.50565178  0.32976681  0.35363967  0.35363967  0.37830479  0.38671179  0.52576532  0.47646658  0.34559655  0.35363967  0.34559655  0.41251887  0.40381657  0.35363967  0.33763954  0.36999180  0.40381657  0.37830479  0.36999180  0.41251887  
2_0_0      0.07390739  0.16848493  0.13761666  0.01011882  0.01011882  0.00000000  0.14368861  0.15598337  0.11969288  0.43023522  0.38671179  0.40381657  0.37830479  0.54643832  0.39521498  0.41251887  0.41251887  0.36177077  0.40381657  0.39521498  0.39521498  0.51564052  0.51564052  0.57856759  0.49579550  0.53602995  0.50565178  0.31426718  0.33763954  0.33763954  0.37830479  0.40381657  0.54643832  0.49579550  0.32976681  0.33763954  0.32976681  0.39521498  0.38671179  0.33763954  0.33763954  0.36999180  0.40381657  0.37830479  0.36999180  0.41251887  
5_0_0      0.07390739  0.16848493  0.16220787  0.14368861  0.14368861  0.14368861  0.00000000  0.05203060  0.14368861  0.41251887  0.36999180  0.36999180  0.36177077  0.55699451  0.37830479  0.39521498  0.39521498  0.36999180  0.39521498  0.40381657  0.38671179  0.54643832  0.53602995  0.60078557  0.41251887  0.43023522  0.42132426  0.33763954  0.36999180  0.36999180  0.42132426  0.43925431  0.48606821  0.45762759  0.36177077  0.36177077  0.35363967  0.39521498  0.38671179  0.35363967  0.33763954  0.36999180  0.36177077  0.35363967  0.36999180  0.39521498  
9_0_0      0.08509208  0.18764058  0.17481545  0.15598337  0.15598337  0.15598337  0.05203060  0.00000000  0.16848493  0.45762759  0.42132426  0.43925431  0.41251887  0.63540972  0.42132426  0.42132426  0.42132426  0.39521498  0.43925431  0.44838418  0.39521498  0.52576532  0.53602995  0.58959357  0.43925431  0.43925431  0.43023522  0.35363967  0.36999180  0.36999180  0.42132426  0.42132426  0.48606821  0.47646658  0.34559655  0.34559655  0.35363967  0.39521498  0.38671179  0.36999180  0.32197660  0.36999180  0.36999180  0.32976681  0.36999180  0.37830479  
8_0_0      0.09644764  0.18764058  0.15598337  0.11969288  0.11969288  0.11969288  0.14368861  0.16848493  0.00000000  0.37830479  0.36177077  0.36177077  0.33763954  0.52576532  0.35363967  0.36999180  0.36999180  0.35363967  0.39521498  0.43925431  0.35363967  0.46698740  0.48606821  0.51564052  0.52576532  0.49579550  0.48606821  0.31426718  0.34559655  0.34559655  0.42132426  0.39521498  0.48606821  0.44838418  0.36999180  0.37830479  0.36999180  0.42132426  0.40381657  0.37830479  0.39521498  0.41251887  0.36999180  0.36177077  0.36177077  0.40381657  
57_1_0     0.36999180  0.46698740  0.49579550  0.42132426  0.42132426  0.43023522  0.41251887  0.45762759  0.37830479  0.00000000  0.11381306  0.11381306  0.10797939  0.40381657  0.18764058  0.20069090  0.20069090  0.46698740  0.42132426  0.43023522  0.46698740  0.64731904  0.64731904  0.67172589  0.63540972  0.50565178  0.48606821  0.46698740  0.43023522  0.43023522  0.48606821  0.52576532  0.52576532  0.53602995  0.47646658  0.48606821  0.46698740  0.46698740  0.43925431  0.43925431  0.48606821  0.50565178  0.49579550  0.53602995  0.43925431  0.48606821  
56_1_0     0.31426718  0.44838418  0.45762759  0.39521498  0.39521498  0.38671179  0.36999180  0.42132426  0.36177077  0.11381306  0.00000000  0.01011882  0.01523036  0.32197660  0.10797939  0.10797939  0.10797939  0.43023522  0.38671179  0.37830479  0.42132426  0.57856759  0.55699451  0.61214868  0.57856759  0.46698740  0.43023522  0.39521498  0.39521498  0.39521498  0.43023522  0.49579550  0.54643832  0.51564052  0.42132426  0.43023522  0.41251887  0.41251887  0.38671179  0.38671179  0.43023522  0.41251887  0.46698740  0.45762759  0.40381657  0.45762759  
49_1_0     0.32976681  0.46698740  0.47646658  0.41251887  0.41251887  0.40381657  0.36999180  0.43925431  0.36177077  0.11381306  0.01011882  0.00000000  0.01523036  0.33763954  0.10797939  0.10797939  0.10797939  0.41251887  0.36999180  0.37830479  0.40381657  0.60078557  0.57856759  0.61214868  0.57856759  0.44838418  0.41251887  0.37830479  0.39521498  0.39521498  0.44838418  0.49579550  0.52576532  0.49579550  0.42132426  0.43023522  0.41251887  0.41251887  0.38671179  0.38671179  0.44838418  0.43023522  0.47646658  0.46698740  0.40381657  0.45762759  
79_1_0     0.30663691  0.43925431  0.44838418  0.38671179  0.38671179  0.37830479  0.36177077  0.41251887  0.33763954  0.10797939  0.01523036  0.01523036  0.00000000  0.32976681  0.10219116  0.10219116  0.10219116  0.42132426  0.39521498  0.40381657  0.41251887  0.58959357  0.56770279  0.60078557  0.61214868  0.45762759  0.43925431  0.38671179  0.38671179  0.38671179  0.42132426  0.50565178  0.55699451  0.52576532  0.41251887  0.42132426  0.40381657  0.40381657  0.37830479  0.37830479  0.43925431  0.42132426  0.45762759  0.44838418  0.38671179  0.43925431  
57_0_0     0.53602995  0.54643832  0.55699451  0.54643832  0.54643832  0.54643832  0.55699451  0.63540972  0.52576532  0.40381657  0.32197660  0.33763954  0.32976681  0.00000000  0.31426718  0.34559655  0.34559655  0.52576532  0.47646658  0.48606821  0.50565178  0.82250051  0.76407434  0.82250051  0.68423658  0.63540972  0.57856759  0.57856759  0.61214868  0.61214868  0.69696146  0.67172589  0.75015822  0.75015822  0.72308403  0.70990799  0.68423658  0.69696146  0.70990799  0.69696146  0.72308403  0.64731904  0.68423658  0.64731904  0.61214868  0.67172589  
79_0_0     0.32197660  0.42132426  0.43023522  0.40381657  0.40381657  0.39521498  0.37830479  0.42132426  0.35363967  0.18764058  0.10797939  0.10797939  0.10219116  0.31426718  0.00000000  0.02037729  0.02037729  0.36177077  0.40381657  0.41251887  0.36177077  0.53602995  0.51564052  0.54643832  0.55699451  0.41251887  0.41251887  0.40381657  0.39521498  0.39521498  0.48606821  0.51564052  0.54643832  0.54643832  0.42132426  0.44838418  0.40381657  0.43023522  0.42132426  0.40381657  0.48606821  0.47646658  0.45762759  0.44838418  0.43023522  0.49579550  
49_0_0     0.33763954  0.43925431  0.46698740  0.42132426  0.42132426  0.41251887  0.39521498  0.42132426  0.36999180  0.20069090  0.10797939  0.10797939  0.10219116  0.34559655  0.02037729  0.00000000  0.00000000  0.37830479  0.42132426  0.43023522  0.39521498  0.51564052  0.49579550  0.52576532  0.57856759  0.41251887  0.41251887  0.42132426  0.41251887  0.41251887  0.48606821  0.49579550  0.56770279  0.54643832  0.42132426  0.44838418  0.40381657  0.43023522  0.42132426  0.40381657  0.46698740  0.45762759  0.47646658  0.44838418  0.43023522  0.49579550  
56_0_0     0.33763954  0.43925431  0.46698740  0.42132426  0.42132426  0.41251887  0.39521498  0.42132426  0.36999180  0.20069090  0.10797939  0.10797939  0.10219116  0.34559655  0.02037729  0.00000000  0.00000000  0.37830479  0.42132426  0.43023522  0.39521498  0.51564052  0.49579550  0.52576532  0.57856759  0.41251887  0.41251887  0.42132426  0.41251887  0.41251887  0.48606821  0.49579550  0.56770279  0.54643832  0.42132426  0.44838418  0.40381657  0.43023522  0.42132426  0.40381657  0.46698740  0.45762759  0.47646658  0.44838418  0.43023522  0.49579550  
98_0_0     0.35363967  0.40381657  0.36999180  0.36177077  0.36177077  0.36177077  0.36999180  0.39521498  0.35363967  0.46698740  0.43023522  0.41251887  0.42132426  0.52576532  0.36177077  0.37830479  0.37830479  0.00000000  0.09644764  0.12561958  0.12561958  0.42132426  0.42132426  0.43023522  0.36177077  0.36177077  0.36999180  0.35363967  0.38671179  0.38671179  0.43023522  0.39521498  0.38671179  0.41251887  0.34559655  0.35363967  0.34559655  0.38671179  0.36999180  0.36177077  0.38671179  0.40381657  0.44838418  0.42132426  0.34559655  0.38671179  
85_0_0     0.39521498  0.40381657  0.39521498  0.40381657  0.40381657  0.40381657  0.39521498  0.43925431  0.39521498  0.42132426  0.38671179  0.36999180  0.39521498  0.47646658  0.40381657  0.42132426  0.42132426  0.09644764  0.00000000  0.02556012  0.12561958  0.44838418  0.44838418  0.49579550  0.37830479  0.44838418  0.40381657  0.35363967  0.39521498  0.39521498  0.42132426  0.39521498  0.39521498  0.38671179  0.37830479  0.38671179  0.37830479  0.41251887  0.38671179  0.36177077  0.42132426  0.42132426  0.45762759  0.44838418  0.36177077  0.43925431  
73_0_0     0.38671179  0.39521498  0.40381657  0.41251887  0.41251887  0.39521498  0.40381657  0.44838418  0.43925431  0.43023522  0.37830479  0.37830479  0.40381657  0.48606821  0.41251887  0.43023522  0.43023522  0.12561958  0.02556012  0.00000000  0.15598337  0.45762759  0.45762759  0.52576532  0.35363967  0.45762759  0.41251887  0.36177077  0.38671179  0.38671179  0.39521498  0.43925431  0.41251887  0.39521498  0.40381657  0.41251887  0.40381657  0.42132426  0.39521498  0.36999180  0.43023522  0.44838418  0.49579550  0.48606821  0.40381657  0.48606821  
54_0_0     0.36999180  0.43023522  0.36999180  0.37830479  0.37830479  0.39521498  0.38671179  0.39521498  0.35363967  0.46698740  0.42132426  0.40381657  0.41251887  0.50565178  0.36177077  0.39521498  0.39521498  0.12561958  0.12561958  0.15598337  0.00000000  0.48606821  0.48606821  0.50565178  0.43925431  0.45762759  0.44838418  0.36177077  0.36999180  0.36999180  0.46698740  0.39521498  0.42132426  0.41251887  0.38671179  0.37830479  0.38671179  0.42132426  0.43023522  0.40381657  0.46698740  0.50565178  0.48606821  0.47646658  0.42132426  0.46698740  
78_0_0     0.49579550  0.52576532  0.49579550  0.51564052  0.51564052  0.51564052  0.54643832  0.52576532  0.46698740  0.64731904  0.57856759  0.60078557  0.58959357  0.82250051  0.53602995  0.51564052  0.51564052  0.42132426  0.44838418  0.45762759  0.48606821  0.00000000  0.03603546  0.07947869  0.35363967  0.51564052  0.52576532  0.53602995  0.51564052  0.51564052  0.53602995  0.45762759  0.57856759  0.58959357  0.49579550  0.52576532  0.50565178  0.53602995  0.51564052  0.51564052  0.50565178  0.46698740  0.53602995  0.52576532  0.48606821  0.45762759  
81_0_0     0.49579550  0.54643832  0.51564052  0.51564052  0.51564052  0.51564052  0.53602995  0.53602995  0.48606821  0.64731904  0.55699451  0.57856759  0.56770279  0.76407434  0.51564052  0.49579550  0.49579550  0.42132426  0.44838418  0.45762759  0.48606821  0.03603546  0.00000000  0.05743973  0.37830479  0.54643832  0.53602995  0.53602995  0.49579550  0.49579550  0.51564052  0.47646658  0.57856759  0.56770279  0.47646658  0.52576532  0.46698740  0.49579550  0.47646658  0.47646658  0.48606821  0.43023522  0.51564052  0.52576532  0.44838418  0.43925431  
70_0_0     0.54643832  0.56770279  0.58959357  0.57856759  0.57856759  0.57856759  0.60078557  0.58959357  0.51564052  0.67172589  0.61214868  0.61214868  0.60078557  0.82250051  0.54643832  0.52576532  0.52576532  0.43023522  0.49579550  0.52576532  0.50565178  0.07947869  0.05743973  0.00000000  0.42132426  0.57856759  0.57856759  0.57856759  0.50565178  0.50565178  0.55699451  0.51564052  0.57856759  0.60078557  0.53602995  0.58959357  0.53602995  0.52576532  0.51564052  0.54643832  0.56770279  0.49579550  0.56770279  0.56770279  0.49579550  0.47646658  
92_0_0     0.44838418  0.46698740  0.42132426  0.51564052  0.51564052  0.49579550  0.41251887  0.43925431  0.52576532  0.63540972  0.57856759  0.57856759  0.61214868  0.68423658  0.55699451  0.57856759  0.57856759  0.36177077  0.37830479  0.35363967  0.43925431  0.35363967  0.37830479  0.42132426  0.00000000  0.44838418  0.41251887  0.43023522  0.39521498  0.39521498  0.47646658  0.51564052  0.48606821  0.51564052  0.43925431  0.43023522  0.42132426  0.46698740  0.44838418  0.43023522  0.44838418  0.44838418  0.49579550  0.47646658  0.48606821  0.50565178  
27_0_0     0.44838418  0.50565178  0.46698740  0.53602995  0.53602995  0.53602995  0.43023522  0.43925431  0.49579550  0.50565178  0.46698740  0.44838418  0.45762759  0.63540972  0.41251887  0.41251887  0.41251887  0.36177077  0.44838418  0.45762759  0.45762759  0.51564052  0.54643832  0.57856759  0.44838418  0.00000000  0.07947869  0.36177077  0.35363967  0.35363967  0.42132426  0.44838418  0.47646658  0.55699451  0.32976681  0.33763954  0.32976681  0.36177077  0.34559655  0.32976681  0.33763954  0.36999180  0.36177077  0.36999180  0.32976681  0.30663691  
47_0_0     0.43925431  0.48606821  0.48606821  0.50565178  0.50565178  0.50565178  0.42132426  0.43023522  0.48606821  0.48606821  0.43023522  0.41251887  0.43925431  0.57856759  0.41251887  0.41251887  0.41251887  0.36999180  0.40381657  0.41251887  0.44838418  0.52576532  0.53602995  0.57856759  0.41251887  0.07947869  0.00000000  0.29908418  0.33763954  0.33763954  0.38671179  0.37830479  0.45762759  0.47646658  0.29160741  0.28420511  0.27687581  0.30663691  0.30663691  0.30663691  0.32197660  0.35363967  0.34559655  0.33763954  0.29908418  0.32197660  
52_0_0     0.29908418  0.37830479  0.38671179  0.32976681  0.32976681  0.31426718  0.33763954  0.35363967  0.31426718  0.46698740  0.39521498  0.37830479  0.38671179  0.57856759  0.40381657  0.42132426  0.42132426  0.35363967  0.35363967  0.36177077  0.36177077  0.53602995  0.53602995  0.57856759  0.43023522  0.36177077  0.29908418  0.00000000  0.13761666  0.13761666  0.18120036  0.26243051  0.35363967  0.31426718  0.20069090  0.20069090  0.21397445  0.23435578  0.22749972  0.20069090  0.23435578  0.27687581  0.25531179  0.24826060  0.26243051  0.31426718  
90_0_0     0.32197660  0.36999180  0.44838418  0.35363967  0.35363967  0.33763954  0.36999180  0.36999180  0.34559655  0.43023522  0.39521498  0.39521498  0.38671179  0.61214868  0.39521498  0.41251887  0.41251887  0.38671179  0.39521498  0.38671179  0.36999180  0.51564052  0.49579550  0.50565178  0.39521498  0.35363967  0.33763954  0.13761666  0.00000000  0.00000000  0.13761666  0.28420511  0.34559655  0.36999180  0.23435578  0.26243051  0.24826060  0.26961806  0.23435578  0.22070632  0.26243051  0.29160741  0.27687581  0.26961806  0.26961806  0.30663691  
95_0_0     0.32197660  0.36999180  0.44838418  0.35363967  0.35363967  0.33763954  0.36999180  0.36999180  0.34559655  0.43023522  0.39521498  0.39521498  0.38671179  0.61214868  0.39521498  0.41251887  0.41251887  0.38671179  0.39521498  0.38671179  0.36999180  0.51564052  0.49579550  0.50565178  0.39521498  0.35363967  0.33763954  0.13761666  0.00000000  0.00000000  0.13761666  0.28420511  0.34559655  0.36999180  0.23435578  0.26243051  0.24826060  0.26961806  0.23435578  0.22070632  0.26243051  0.29160741  0.27687581  0.26961806  0.26961806  0.30663691  
83_0_0     0.38671179  0.37830479  0.49579550  0.37830479  0.37830479  0.37830479  0.42132426  0.42132426  0.42132426  0.48606821  0.43023522  0.44838418  0.42132426  0.69696146  0.48606821  0.48606821  0.48606821  0.43023522  0.42132426  0.39521498  0.46698740  0.53602995  0.51564052  0.55699451  0.47646658  0.42132426  0.38671179  0.18120036  0.13761666  0.13761666  0.00000000  0.26243051  0.39521498  0.35363967  0.22749972  0.25531179  0.26961806  0.25531179  0.22070632  0.22070632  0.24127568  0.27687581  0.29908418  0.32197660  0.25531179  0.29908418  
93_0_0     0.42132426  0.43023522  0.47646658  0.38671179  0.38671179  0.40381657  0.43925431  0.42132426  0.39521498  0.52576532  0.49579550  0.49579550  0.50565178  0.67172589  0.51564052  0.49579550  0.49579550  0.39521498  0.39521498  0.43925431  0.39521498  0.45762759  0.47646658  0.51564052  0.51564052  0.44838418  0.37830479  0.26243051  0.28420511  0.28420511  0.26243051  0.00000000  0.20069090  0.16848493  0.20069090  0.22749972  0.22070632  0.26243051  0.25531179  0.21397445  0.22749972  0.24826060  0.30663691  0.31426718  0.22070632  0.28420511  
46_0_0     0.52576532  0.55699451  0.52576532  0.52576532  0.52576532  0.54643832  0.48606821  0.48606821  0.48606821  0.52576532  0.54643832  0.52576532  0.55699451  0.75015822  0.54643832  0.56770279  0.56770279  0.38671179  0.39521498  0.41251887  0.42132426  0.57856759  0.57856759  0.57856759  0.48606821  0.47646658  0.45762759  0.35363967  0.34559655  0.34559655  0.39521498  0.20069090  0.00000000  0.06288851  0.34559655  0.39521498  0.37830479  0.38671179  0.35363967  0.33763954  0.36177077  0.40381657  0.43023522  0.38671179  0.37830479  0.43925431  
99_0_0     0.49579550  0.52576532  0.49579550  0.47646658  0.47646658  0.49579550  0.45762759  0.47646658  0.44838418  0.53602995  0.51564052  0.49579550  0.52576532  0.75015822  0.54643832  0.54643832  0.54643832  0.41251887  0.38671179  0.39521498  0.41251887  0.58959357  0.56770279  0.60078557  0.51564052  0.55699451  0.47646658  0.31426718  0.36999180  0.36999180  0.35363967  0.16848493  0.06288851  0.00000000  0.32197660  0.35363967  0.35363967  0.34559655  0.33763954  0.31426718  0.31426718  0.37830479  0.38671179  0.37830479  0.36999180  0.43023522  
89_3_0     0.32976681  0.40381657  0.39521498  0.34559655  0.34559655  0.32976681  0.36177077  0.34559655  0.36999180  0.47646658  0.42132426  0.42132426  0.41251887  0.72308403  0.42132426  0.42132426  0.42132426  0.34559655  0.37830479  0.40381657  0.38671179  0.49579550  0.47646658  0.53602995  0.43925431  0.32976681  0.29160741  0.20069090  0.23435578  0.23435578  0.22749972  0.20069090  0.34559655  0.32197660  0.00000000  0.03603546  0.03603546  0.07947869  0.05203060  0.03603546  0.07390739  0.12561958  0.19413710  0.20069090  0.13761666  0.19413710  
65_3_0     0.32197660  0.39521498  0.37830479  0.35363967  0.35363967  0.33763954  0.36177077  0.34559655  0.37830479  0.48606821  0.43023522  0.43023522  0.42132426  0.70990799  0.44838418  0.44838418  0.44838418  0.35363967  0.38671179  0.41251887  0.37830479  0.52576532  0.52576532  0.58959357  0.43023522  0.33763954  0.28420511  0.20069090  0.26243051  0.26243051  0.25531179  0.22749972  0.39521498  0.35363967  0.03603546  0.00000000  0.04666055  0.10797939  0.09074818  0.07390739  0.09074818  0.13159392  0.18764058  0.20730300  0.15598337  0.20069090  
37_3_0     0.32197660  0.42132426  0.37830479  0.34559655  0.34559655  0.32976681  0.35363967  0.35363967  0.36999180  0.46698740  0.41251887  0.41251887  0.40381657  0.68423658  0.40381657  0.40381657  0.40381657  0.34559655  0.37830479  0.40381657  0.38671179  0.50565178  0.46698740  0.53602995  0.42132426  0.32976681  0.27687581  0.21397445  0.24826060  0.24826060  0.26961806  0.22070632  0.37830479  0.35363967  0.03603546  0.04666055  0.00000000  0.09644764  0.07947869  0.06288851  0.09644764  0.12561958  0.19413710  0.21397445  0.14981057  0.22070632  
39_3_0     0.37830479  0.45762759  0.48606821  0.41251887  0.41251887  0.39521498  0.39521498  0.39521498  0.42132426  0.46698740  0.41251887  0.41251887  0.40381657  0.69696146  0.43023522  0.43023522  0.43023522  0.38671179  0.41251887  0.42132426  0.42132426  0.53602995  0.49579550  0.52576532  0.46698740  0.36177077  0.30663691  0.23435578  0.26961806  0.26961806  0.25531179  0.26243051  0.38671179  0.34559655  0.07947869  0.10797939  0.09644764  0.00000000  0.04132902  0.07390739  0.14981057  0.16848493  0.22070632  0.25531179  0.18120036  0.20730300  
40_3_0     0.36999180  0.42132426  0.46698740  0.40381657  0.40381657  0.38671179  0.38671179  0.38671179  0.40381657  0.43925431  0.38671179  0.38671179  0.37830479  0.70990799  0.42132426  0.42132426  0.42132426  0.36999180  0.38671179  0.39521498  0.43023522  0.51564052  0.47646658  0.51564052  0.44838418  0.34559655  0.30663691  0.22749972  0.23435578  0.23435578  0.22070632  0.25531179  0.35363967  0.33763954  0.05203060  0.09074818  0.07947869  0.04132902  0.00000000  0.03603546  0.13159392  0.15598337  0.22070632  0.24127568  0.16848493  0.21397445  
68_3_0     0.33763954  0.42132426  0.40381657  0.35363967  0.35363967  0.33763954  0.35363967  0.36999180  0.37830479  0.43925431  0.38671179  0.38671179  0.37830479  0.69696146  0.40381657  0.40381657  0.40381657  0.36177077  0.36177077  0.36999180  0.40381657  0.51564052  0.47646658  0.54643832  0.43023522  0.32976681  0.30663691  0.20069090  0.22070632  0.22070632  0.22070632  0.21397445  0.33763954  0.31426718  0.03603546  0.07390739  0.06288851  0.07390739  0.03603546  0.00000000  0.10797939  0.14981057  0.20730300  0.22749972  0.15598337  0.23435578  
41_3_0     0.32197660  0.38671179  0.36999180  0.33763954  0.33763954  0.33763954  0.33763954  0.32197660  0.39521498  0.48606821  0.43023522  0.44838418  0.43925431  0.72308403  0.48606821  0.46698740  0.46698740  0.38671179  0.42132426  0.43023522  0.46698740  0.50565178  0.48606821  0.56770279  0.44838418  0.33763954  0.32197660  0.23435578  0.26243051  0.26243051  0.24127568  0.22749972  0.36177077  0.31426718  0.07390739  0.09074818  0.09644764  0.14981057  0.13159392  0.10797939  0.00000000  0.06837753  0.17481545  0.18120036  0.12561958  0.16848493  
59_3_0     0.36999180  0.40381657  0.43023522  0.36999180  0.36999180  0.36999180  0.36999180  0.36999180  0.41251887  0.50565178  0.41251887  0.43023522  0.42132426  0.64731904  0.47646658  0.45762759  0.45762759  0.40381657  0.42132426  0.44838418  0.50565178  0.46698740  0.43023522  0.49579550  0.44838418  0.36999180  0.35363967  0.27687581  0.29160741  0.29160741  0.27687581  0.24826060  0.40381657  0.37830479  0.12561958  0.13159392  0.12561958  0.16848493  0.15598337  0.14981057  0.06837753  0.00000000  0.20730300  0.20069090  0.13159392  0.16220787  
46_3_0     0.35363967  0.39521498  0.36999180  0.40381657  0.40381657  0.40381657  0.36177077  0.36999180  0.36999180  0.49579550  0.46698740  0.47646658  0.45762759  0.68423658  0.45762759  0.47646658  0.47646658  0.44838418  0.45762759  0.49579550  0.48606821  0.53602995  0.51564052  0.56770279  0.49579550  0.36177077  0.34559655  0.25531179  0.27687581  0.27687581  0.29908418  0.30663691  0.43023522  0.38671179  0.19413710  0.18764058  0.19413710  0.22070632  0.22070632  0.20730300  0.17481545  0.20730300  0.00000000  0.04666055  0.14368861  0.22070632  
99_3_0     0.32976681  0.39521498  0.36177077  0.37830479  0.37830479  0.37830479  0.35363967  0.32976681  0.36177077  0.53602995  0.45762759  0.46698740  0.44838418  0.64731904  0.44838418  0.44838418  0.44838418  0.42132426  0.44838418  0.48606821  0.47646658  0.52576532  0.52576532  0.56770279  0.47646658  0.36999180  0.33763954  0.24826060  0.26961806  0.26961806  0.32197660  0.31426718  0.38671179  0.37830479  0.20069090  0.20730300  0.21397445  0.25531179  0.24127568  0.22749972  0.18120036  0.20069090  0.04666055  0.00000000  0.14981057  0.23435578  
93_3_0     0.36999180  0.39521498  0.40381657  0.36999180  0.36999180  0.36999180  0.36999180  0.36999180  0.36177077  0.43925431  0.40381657  0.40381657  0.38671179  0.61214868  0.43023522  0.43023522  0.43023522  0.34559655  0.36177077  0.40381657  0.42132426  0.48606821  0.44838418  0.49579550  0.48606821  0.32976681  0.29908418  0.26243051  0.26961806  0.26961806  0.25531179  0.22070632  0.37830479  0.36999180  0.13761666  0.15598337  0.14981057  0.18120036  0.16848493  0.15598337  0.12561958  0.13159392  0.14368861  0.14981057  0.00000000  0.12561958  
31_3_0     0.39521498  0.45762759  0.46698740  0.41251887  0.41251887  0.41251887  0.39521498  0.37830479  0.40381657  0.48606821  0.45762759  0.45762759  0.43925431  0.67172589  0.49579550  0.49579550  0.49579550  0.38671179  0.43925431  0.48606821  0.46698740  0.45762759  0.43925431  0.47646658  0.50565178  0.30663691  0.32197660  0.31426718  0.30663691  0.30663691  0.29908418  0.28420511  0.43925431  0.43023522  0.19413710  0.20069090  0.22070632  0.20730300  0.21397445  0.23435578  0.16848493  0.16220787  0.22070632  0.23435578  0.12561958  0.00000000  

