36
70_1_0     0.00000000  0.07771456  0.09615248  0.34976991  0.36976844  0.33673183  0.37655663  0.32391963  0.29894253  0.34322213  0.36304199  0.44810301  0.47099005  0.46328207  0.44062874  0.43322925  0.53572920  0.51900539  0.51900539  0.55283998  0.56154616  0.54423510  0.54423510  0.55283998  0.55283998  0.44810301  0.46328207  0.45565359  0.46328207  0.45565359  0.47099005  0.45565359  0.46328207  0.43322925  0.42590307  0.46328207  
77_1_0     0.07771456  0.00000000  0.02500829  0.31759582  0.33673183  0.28074818  0.30510816  0.26886263  0.22314330  0.28676336  0.29282787  0.40435019  0.42590307  0.41864876  0.42590307  0.39032284  0.50265143  0.50265143  0.50265143  0.50265143  0.51900539  0.51078320  0.51078320  0.51900539  0.51900539  0.42590307  0.41864876  0.41146492  0.41864876  0.41864876  0.42590307  0.41146492  0.41864876  0.39032284  0.38340770  0.41864876  
73_1_0     0.09615248  0.02500829  0.00000000  0.33029798  0.34976991  0.30510816  0.33029798  0.26886263  0.21214184  0.28676336  0.29282787  0.40435019  0.44062874  0.43322925  0.44062874  0.40435019  0.50265143  0.50265143  0.50265143  0.51900539  0.51900539  0.50265143  0.50265143  0.49460810  0.51900539  0.44062874  0.43322925  0.42590307  0.43322925  0.41864876  0.44062874  0.42590307  0.43322925  0.40435019  0.39730326  0.43322925  
64_0_0     0.34976991  0.31759582  0.33029798  0.00000000  0.02078107  0.05972518  0.11028901  0.36304199  0.31132564  0.35637618  0.35637618  0.51900539  0.51078320  0.50265143  0.51078320  0.53572920  0.54423510  0.56154616  0.56154616  0.57035605  0.58829710  0.54423510  0.54423510  0.55283998  0.54423510  0.46328207  0.47099005  0.47877922  0.47099005  0.40435019  0.45565359  0.46328207  0.47877922  0.47877922  0.46328207  0.47099005  
57_0_0     0.36976844  0.33673183  0.34976991  0.02078107  0.00000000  0.07317602  0.11986575  0.35637618  0.29282787  0.33673183  0.34976991  0.51078320  0.51900539  0.51078320  0.51900539  0.54423510  0.51900539  0.53572920  0.53572920  0.56154616  0.56154616  0.51900539  0.51900539  0.52732002  0.51900539  0.45565359  0.46328207  0.47099005  0.46328207  0.41146492  0.46328207  0.45565359  0.47099005  0.48665131  0.47099005  0.46328207  
75_0_0     0.33673183  0.28074818  0.30510816  0.05972518  0.07317602  0.00000000  0.09149972  0.31132564  0.27478153  0.34322213  0.33029798  0.48665131  0.49460810  0.48665131  0.49460810  0.50265143  0.49460810  0.51078320  0.51078320  0.50265143  0.53572920  0.49460810  0.49460810  0.50265143  0.49460810  0.47877922  0.47099005  0.46328207  0.47099005  0.40435019  0.47099005  0.46328207  0.47877922  0.43322925  0.42590307  0.45565359  
88_0_0     0.37655663  0.30510816  0.33029798  0.11028901  0.11986575  0.09149972  0.00000000  0.35637618  0.29282787  0.33673183  0.33029798  0.47877922  0.47099005  0.46328207  0.45565359  0.49460810  0.47099005  0.47099005  0.47099005  0.47877922  0.49460810  0.44810301  0.44810301  0.45565359  0.47099005  0.48665131  0.46328207  0.45565359  0.46328207  0.42590307  0.49460810  0.47099005  0.47099005  0.47099005  0.51078320  0.46328207  
60_0_0     0.32391963  0.26886263  0.26886263  0.36304199  0.35637618  0.31132564  0.35637618  0.00000000  0.07317602  0.23995857  0.23995857  0.36976844  0.39032284  0.38340770  0.39032284  0.38340770  0.41864876  0.43322925  0.43322925  0.43322925  0.43322925  0.44062874  0.44062874  0.43322925  0.41864876  0.39032284  0.36976844  0.36304199  0.36976844  0.38340770  0.36976844  0.36304199  0.36304199  0.32391963  0.33029798  0.38340770  
92_0_0     0.29894253  0.22314330  0.21214184  0.31132564  0.29282787  0.27478153  0.29282787  0.07317602  0.00000000  0.16456548  0.17487664  0.33673183  0.36976844  0.36304199  0.36976844  0.36304199  0.34976991  0.36304199  0.36304199  0.37655663  0.35637618  0.36976844  0.36976844  0.36304199  0.36304199  0.33029798  0.32391963  0.31759582  0.32391963  0.33673183  0.32391963  0.31759582  0.31759582  0.29282787  0.29894253  0.34976991  
68_2_0     0.34322213  0.28676336  0.28676336  0.35637618  0.33673183  0.34322213  0.33673183  0.23995857  0.16456548  0.00000000  0.03353592  0.40435019  0.38340770  0.37655663  0.38340770  0.39032284  0.45565359  0.45565359  0.45565359  0.51900539  0.46328207  0.44810301  0.44810301  0.45565359  0.45565359  0.38340770  0.37655663  0.36976844  0.37655663  0.41864876  0.39032284  0.38340770  0.38340770  0.39032284  0.40435019  0.39032284  
68_0_0     0.36304199  0.29282787  0.29282787  0.35637618  0.34976991  0.33029798  0.33029798  0.23995857  0.17487664  0.03353592  0.00000000  0.39730326  0.40435019  0.39730326  0.41864876  0.39730326  0.44062874  0.44062874  0.44062874  0.50265143  0.46328207  0.43322925  0.43322925  0.44062874  0.44062874  0.37655663  0.36976844  0.36304199  0.36976844  0.41146492  0.38340770  0.37655663  0.37655663  0.35637618  0.38340770  0.36976844  
90_0_0     0.44810301  0.40435019  0.40435019  0.51900539  0.51078320  0.48665131  0.47877922  0.36976844  0.33673183  0.40435019  0.39730326  0.00000000  0.05089197  0.05529538  0.05089197  0.03353592  0.22314330  0.23431089  0.23431089  0.25138499  0.25138499  0.29282787  0.29282787  0.29894253  0.23431089  0.10083469  0.06866517  0.07317602  0.06866517  0.11986575  0.08687606  0.07317602  0.09149972  0.14436467  0.15439610  0.07771456  
78_0_0     0.47099005  0.42590307  0.44062874  0.51078320  0.51900539  0.49460810  0.47099005  0.39032284  0.36976844  0.38340770  0.40435019  0.05089197  0.00000000  0.00410976  0.02500829  0.04216303  0.29282787  0.30510816  0.30510816  0.32391963  0.32391963  0.33029798  0.33029798  0.33673183  0.29282787  0.13939953  0.10554674  0.11028901  0.10554674  0.16970309  0.11506188  0.11028901  0.12956815  0.16456548  0.16456548  0.10554674  
82_0_0     0.46328207  0.41864876  0.43322925  0.50265143  0.51078320  0.48665131  0.46328207  0.38340770  0.36304199  0.37655663  0.39730326  0.05529538  0.00410976  0.00000000  0.02925981  0.04651462  0.29894253  0.31132564  0.31132564  0.33029798  0.33029798  0.32391963  0.32391963  0.33029798  0.29894253  0.14436467  0.11028901  0.11506188  0.11028901  0.17487664  0.11986575  0.11506188  0.13446750  0.15946331  0.15946331  0.11028901  
94_0_0     0.44062874  0.42590307  0.44062874  0.51078320  0.51900539  0.49460810  0.45565359  0.39032284  0.36976844  0.38340770  0.41864876  0.05089197  0.02500829  0.02925981  0.00000000  0.04216303  0.28074818  0.29282787  0.29282787  0.31132564  0.31132564  0.33029798  0.33029798  0.33673183  0.29282787  0.13939953  0.10554674  0.11028901  0.10554674  0.16970309  0.12470104  0.11028901  0.12956815  0.16456548  0.16456548  0.10554674  
80_0_0     0.43322925  0.39032284  0.40435019  0.53572920  0.54423510  0.50265143  0.49460810  0.38340770  0.36304199  0.39032284  0.39730326  0.03353592  0.04216303  0.04651462  0.04216303  0.00000000  0.25716510  0.26886263  0.26886263  0.29894253  0.28676336  0.31759582  0.31759582  0.32391963  0.26886263  0.12956815  0.09615248  0.10083469  0.09615248  0.15946331  0.11506188  0.10083469  0.11986575  0.16456548  0.17487664  0.09615248  
99_0_0     0.53572920  0.50265143  0.50265143  0.54423510  0.51900539  0.49460810  0.47099005  0.41864876  0.34976991  0.45565359  0.44062874  0.22314330  0.29282787  0.29894253  0.28074818  0.25716510  0.00000000  0.01657788  0.01657788  0.04651462  0.05089197  0.06866517  0.06866517  0.07317602  0.00824249  0.28074818  0.26886263  0.26299074  0.26886263  0.25138499  0.28074818  0.26299074  0.28676336  0.28676336  0.33029798  0.26886263  
61_0_0     0.51900539  0.50265143  0.50265143  0.56154616  0.53572920  0.51078320  0.47099005  0.43322925  0.36304199  0.45565359  0.44062874  0.23431089  0.30510816  0.31132564  0.29282787  0.26886263  0.01657788  0.00000000  0.00000000  0.06418166  0.06866517  0.08687606  0.08687606  0.09149972  0.02500829  0.29282787  0.28074818  0.27478153  0.28074818  0.27478153  0.30510816  0.28676336  0.31132564  0.29894253  0.34322213  0.28074818  
97_0_0     0.51900539  0.50265143  0.50265143  0.56154616  0.53572920  0.51078320  0.47099005  0.43322925  0.36304199  0.45565359  0.44062874  0.23431089  0.30510816  0.31132564  0.29282787  0.26886263  0.01657788  0.00000000  0.00000000  0.06418166  0.06866517  0.08687606  0.08687606  0.09149972  0.02500829  0.29282787  0.28074818  0.27478153  0.28074818  0.27478153  0.30510816  0.28676336  0.31132564  0.29894253  0.34322213  0.28074818  
72_0_0     0.55283998  0.50265143  0.51900539  0.57035605  0.56154616  0.50265143  0.47877922  0.43322925  0.37655663  0.51900539  0.50265143  0.25138499  0.32391963  0.33029798  0.31132564  0.29894253  0.04651462  0.06418166  0.06418166  0.00000000  0.10083469  0.11986575  0.11986575  0.12470104  0.05529538  0.32391963  0.29894253  0.29282787  0.29894253  0.26886263  0.31132564  0.29282787  0.31759582  0.33029798  0.36304199  0.29894253  
100_0_0    0.56154616  0.51900539  0.51900539  0.58829710  0.56154616  0.53572920  0.49460810  0.43322925  0.35637618  0.46328207  0.46328207  0.25138499  0.32391963  0.33029798  0.31132564  0.28676336  0.05089197  0.06866517  0.06866517  0.10083469  0.00000000  0.11506188  0.11506188  0.11986575  0.05972518  0.31132564  0.29894253  0.29282787  0.29894253  0.29894253  0.31132564  0.29282787  0.31759582  0.33029798  0.37655663  0.29894253  
65_0_0     0.54423510  0.51078320  0.50265143  0.54423510  0.51900539  0.49460810  0.44810301  0.44062874  0.36976844  0.44810301  0.43322925  0.29282787  0.33029798  0.32391963  0.33029798  0.31759582  0.06866517  0.08687606  0.08687606  0.11986575  0.11506188  0.00000000  0.00000000  0.00410976  0.07771456  0.34322213  0.33029798  0.32391963  0.33029798  0.29894253  0.34322213  0.32391963  0.34976991  0.33673183  0.36976844  0.33029798  
83_0_0     0.54423510  0.51078320  0.50265143  0.54423510  0.51900539  0.49460810  0.44810301  0.44062874  0.36976844  0.44810301  0.43322925  0.29282787  0.33029798  0.32391963  0.33029798  0.31759582  0.06866517  0.08687606  0.08687606  0.11986575  0.11506188  0.00000000  0.00000000  0.00410976  0.07771456  0.34322213  0.33029798  0.32391963  0.33029798  0.29894253  0.34322213  0.32391963  0.34976991  0.33673183  0.36976844  0.33029798  
95_0_0     0.55283998  0.51900539  0.49460810  0.55283998  0.52732002  0.50265143  0.45565359  0.43322925  0.36304199  0.45565359  0.44062874  0.29894253  0.33673183  0.33029798  0.33673183  0.32391963  0.07317602  0.09149972  0.09149972  0.12470104  0.11986575  0.00410976  0.00410976  0.00000000  0.08228112  0.34976991  0.33673183  0.33029798  0.33673183  0.30510816  0.34976991  0.33029798  0.35637618  0.34322213  0.37655663  0.33673183  
86_0_0     0.55283998  0.51900539  0.51900539  0.54423510  0.51900539  0.49460810  0.47099005  0.41864876  0.36304199  0.45565359  0.44062874  0.23431089  0.29282787  0.29894253  0.29282787  0.26886263  0.00824249  0.02500829  0.02500829  0.05529538  0.05972518  0.07771456  0.07771456  0.08228112  0.00000000  0.29282787  0.28074818  0.27478153  0.28074818  0.26299074  0.29282787  0.27478153  0.29894253  0.29894253  0.34322213  0.28074818  
69_0_0     0.44810301  0.42590307  0.44062874  0.46328207  0.45565359  0.47877922  0.48665131  0.39032284  0.33029798  0.38340770  0.37655663  0.10083469  0.13939953  0.14436467  0.13939953  0.12956815  0.28074818  0.29282787  0.29282787  0.32391963  0.31132564  0.34322213  0.34322213  0.34976991  0.29282787  0.00000000  0.03783689  0.04216303  0.03783689  0.09149972  0.03783689  0.02500829  0.04216303  0.14936338  0.15946331  0.06418166  
62_0_0     0.46328207  0.41864876  0.43322925  0.47099005  0.46328207  0.47099005  0.46328207  0.36976844  0.32391963  0.37655663  0.36976844  0.06866517  0.10554674  0.11028901  0.10554674  0.09615248  0.26886263  0.28074818  0.28074818  0.29894253  0.29894253  0.33029798  0.33029798  0.33673183  0.28074818  0.03783689  0.00000000  0.00410976  0.00000000  0.07317602  0.02500829  0.01239844  0.02925981  0.14436467  0.13446750  0.05089197  
87_0_0     0.45565359  0.41146492  0.42590307  0.47877922  0.47099005  0.46328207  0.45565359  0.36304199  0.31759582  0.36976844  0.36304199  0.07317602  0.11028901  0.11506188  0.11028901  0.10083469  0.26299074  0.27478153  0.27478153  0.29282787  0.29282787  0.32391963  0.32391963  0.33029798  0.27478153  0.04216303  0.00410976  0.00000000  0.00410976  0.07771456  0.02925981  0.01657788  0.03353592  0.14936338  0.13939953  0.05529538  
93_0_0     0.46328207  0.41864876  0.43322925  0.47099005  0.46328207  0.47099005  0.46328207  0.36976844  0.32391963  0.37655663  0.36976844  0.06866517  0.10554674  0.11028901  0.10554674  0.09615248  0.26886263  0.28074818  0.28074818  0.29894253  0.29894253  0.33029798  0.33029798  0.33673183  0.28074818  0.03783689  0.00000000  0.00410976  0.00000000  0.07317602  0.02500829  0.01239844  0.02925981  0.14436467  0.13446750  0.05089197  
81_0_0     0.45565359  0.41864876  0.41864876  0.40435019  0.41146492  0.40435019  0.42590307  0.38340770  0.33673183  0.41864876  0.41146492  0.11986575  0.16970309  0.17487664  0.16970309  0.15946331  0.25138499  0.27478153  0.27478153  0.26886263  0.29894253  0.29894253  0.29894253  0.30510816  0.26299074  0.09149972  0.07317602  0.07771456  0.07317602  0.00000000  0.08228112  0.06866517  0.08687606  0.19061808  0.19061808  0.10083469  
89_0_0     0.47099005  0.42590307  0.44062874  0.45565359  0.46328207  0.47099005  0.49460810  0.36976844  0.32391963  0.39032284  0.38340770  0.08687606  0.11506188  0.11986575  0.12470104  0.11506188  0.28074818  0.30510816  0.30510816  0.31132564  0.31132564  0.34322213  0.34322213  0.34976991  0.29282787  0.03783689  0.02500829  0.02925981  0.02500829  0.08228112  0.00000000  0.01239844  0.02500829  0.13446750  0.13446750  0.05089197  
98_0_0     0.45565359  0.41146492  0.42590307  0.46328207  0.45565359  0.46328207  0.47099005  0.36304199  0.31759582  0.38340770  0.37655663  0.07317602  0.11028901  0.11506188  0.11028901  0.10083469  0.26299074  0.28676336  0.28676336  0.29282787  0.29282787  0.32391963  0.32391963  0.33029798  0.27478153  0.02500829  0.01239844  0.01657788  0.01239844  0.06866517  0.01239844  0.00000000  0.01657788  0.12956815  0.12956815  0.03783689  
66_0_0     0.46328207  0.41864876  0.43322925  0.47877922  0.47099005  0.47877922  0.47099005  0.36304199  0.31759582  0.38340770  0.37655663  0.09149972  0.12956815  0.13446750  0.12956815  0.11986575  0.28676336  0.31132564  0.31132564  0.31759582  0.31759582  0.34976991  0.34976991  0.35637618  0.29894253  0.04216303  0.02925981  0.03353592  0.02925981  0.08687606  0.02500829  0.01657788  0.00000000  0.13939953  0.13939953  0.05529538  
91_0_0     0.43322925  0.39032284  0.40435019  0.47877922  0.48665131  0.43322925  0.47099005  0.32391963  0.29282787  0.39032284  0.35637618  0.14436467  0.16456548  0.15946331  0.16456548  0.16456548  0.28676336  0.29894253  0.29894253  0.33029798  0.33029798  0.33673183  0.33673183  0.34322213  0.29894253  0.14936338  0.14436467  0.14936338  0.14436467  0.19061808  0.13446750  0.12956815  0.13939953  0.00000000  0.05089197  0.11506188  
85_0_0     0.42590307  0.38340770  0.39730326  0.46328207  0.47099005  0.42590307  0.51078320  0.33029798  0.29894253  0.40435019  0.38340770  0.15439610  0.16456548  0.15946331  0.16456548  0.17487664  0.33029798  0.34322213  0.34322213  0.36304199  0.37655663  0.36976844  0.36976844  0.37655663  0.34322213  0.15946331  0.13446750  0.13939953  0.13446750  0.19061808  0.13446750  0.12956815  0.13939953  0.05089197  0.00000000  0.14436467  
76_3_0     0.46328207  0.41864876  0.43322925  0.47099005  0.46328207  0.45565359  0.46328207  0.38340770  0.34976991  0.39032284  0.36976844  0.07771456  0.10554674  0.11028901  0.10554674  0.09615248  0.26886263  0.28074818  0.28074818  0.29894253  0.29894253  0.33029798  0.33029798  0.33673183  0.28074818  0.06418166  0.05089197  0.05529538  0.05089197  0.10083469  0.05089197  0.03783689  0.05529538  0.11506188  0.14436467  0.00000000  

