20
3_0_0      0.00000000  0.00453942  0.00000000  0.22754423  0.22132953  0.22132953  0.20906159  0.21516896  0.21516896  0.28607982  0.28607982  0.28607982  0.25946424  0.25946424  0.25296395  0.25946424  0.28607982  0.25296395  0.21516896  0.27933144  
2_0_0      0.00453942  0.00000000  0.00453942  0.23381402  0.22754423  0.22754423  0.21516896  0.22132953  0.22132953  0.29289321  0.29289321  0.29289321  0.25296395  0.25296395  0.25946424  0.26602483  0.29289321  0.25946424  0.22132953  0.28607982  
1_0_0      0.00000000  0.00453942  0.00000000  0.22754423  0.22132953  0.22132953  0.20906159  0.21516896  0.21516896  0.28607982  0.28607982  0.28607982  0.25946424  0.25946424  0.25296395  0.25946424  0.28607982  0.25296395  0.21516896  0.27933144  
17_0_0     0.22754423  0.23381402  0.22754423  0.00000000  0.00453942  0.05161192  0.04676116  0.03715833  0.03715833  0.23381402  0.22132953  0.22132953  0.17929161  0.17929161  0.17929161  0.16201310  0.20906159  0.19700281  0.20300650  0.20300650  
11_0_0     0.22132953  0.22754423  0.22132953  0.00453942  0.00000000  0.04676116  0.04194345  0.03240537  0.03240537  0.24013990  0.22754423  0.22754423  0.17348508  0.17348508  0.17348508  0.16772583  0.21516896  0.20300650  0.19700281  0.19700281  
5_0_0      0.22132953  0.22754423  0.22132953  0.05161192  0.04676116  0.00000000  0.02299420  0.01370662  0.01370662  0.25296395  0.24013990  0.24013990  0.19700281  0.19700281  0.19700281  0.16201310  0.23381402  0.22132953  0.22754423  0.20906159  
10_0_0     0.20906159  0.21516896  0.20906159  0.04676116  0.04194345  0.02299420  0.00000000  0.00910817  0.00910817  0.25946424  0.24652286  0.24652286  0.19104966  0.19104966  0.19104966  0.16772583  0.22754423  0.21516896  0.20906159  0.20300650  
12_0_0     0.21516896  0.22132953  0.21516896  0.03715833  0.03240537  0.01370662  0.00910817  0.00000000  0.00000000  0.25946424  0.24652286  0.24652286  0.19104966  0.19104966  0.19104966  0.15634615  0.22754423  0.21516896  0.22132953  0.19104966  
4_0_0      0.21516896  0.22132953  0.21516896  0.03715833  0.03240537  0.01370662  0.00910817  0.00000000  0.00000000  0.25946424  0.24652286  0.24652286  0.19104966  0.19104966  0.19104966  0.15634615  0.22754423  0.21516896  0.22132953  0.19104966  
7_0_0      0.28607982  0.29289321  0.28607982  0.23381402  0.24013990  0.25296395  0.25946424  0.25946424  0.25946424  0.00000000  0.01833517  0.01833517  0.17929161  0.17929161  0.16201310  0.26602483  0.24652286  0.25296395  0.22754423  0.29977288  
13_0_0     0.28607982  0.29289321  0.28607982  0.22132953  0.22754423  0.24013990  0.24652286  0.24652286  0.24652286  0.01833517  0.00000000  0.00000000  0.16772583  0.16772583  0.15072424  0.25946424  0.25296395  0.25946424  0.23381402  0.29289321  
9_0_0      0.28607982  0.29289321  0.28607982  0.22132953  0.22754423  0.24013990  0.24652286  0.24652286  0.24652286  0.01833517  0.00000000  0.00000000  0.16772583  0.16772583  0.15072424  0.25946424  0.25296395  0.25946424  0.23381402  0.29289321  
8_0_0      0.25946424  0.25296395  0.25946424  0.17929161  0.17348508  0.19700281  0.19104966  0.19104966  0.19104966  0.17929161  0.16772583  0.16772583  0.00000000  0.00453942  0.04194345  0.22132953  0.27933144  0.27264684  0.24652286  0.26602483  
18_0_0     0.25946424  0.25296395  0.25946424  0.17929161  0.17348508  0.19700281  0.19104966  0.19104966  0.19104966  0.17929161  0.16772583  0.16772583  0.00453942  0.00000000  0.04194345  0.22132953  0.27933144  0.27264684  0.24652286  0.26602483  
19_0_0     0.25296395  0.25946424  0.25296395  0.17929161  0.17348508  0.19700281  0.19104966  0.19104966  0.19104966  0.16201310  0.15072424  0.15072424  0.04194345  0.04194345  0.00000000  0.20300650  0.25946424  0.26602483  0.23381402  0.22754423  
16_0_0     0.25946424  0.26602483  0.25946424  0.16201310  0.16772583  0.16201310  0.16772583  0.15634615  0.15634615  0.26602483  0.25946424  0.25946424  0.22132953  0.22132953  0.20300650  0.00000000  0.17348508  0.15634615  0.16201310  0.20300650  
14_0_0     0.28607982  0.29289321  0.28607982  0.20906159  0.21516896  0.23381402  0.22754423  0.22754423  0.22754423  0.24652286  0.25296395  0.25296395  0.27933144  0.27933144  0.25946424  0.17348508  0.00000000  0.07135464  0.09166433  0.27933144  
6_0_0      0.25296395  0.25946424  0.25296395  0.19700281  0.20300650  0.22132953  0.21516896  0.21516896  0.21516896  0.25296395  0.25946424  0.25946424  0.27264684  0.27264684  0.26602483  0.15634615  0.07135464  0.00000000  0.08653197  0.27933144  
15_0_0     0.21516896  0.22132953  0.21516896  0.20300650  0.19700281  0.22754423  0.20906159  0.22132953  0.22132953  0.22754423  0.23381402  0.23381402  0.24652286  0.24652286  0.23381402  0.16201310  0.09166433  0.08653197  0.00000000  0.23381402  
20_0_0     0.27933144  0.28607982  0.27933144  0.20300650  0.19700281  0.20906159  0.20300650  0.19104966  0.19104966  0.29977288  0.29289321  0.29289321  0.26602483  0.26602483  0.22754423  0.20300650  0.27933144  0.27933144  0.23381402  0.00000000  

