53
26_0_0     0.00000000  0.00000000  0.01485623  0.02239944  0.01485623  0.01485623  0.00000000  0.01485623  0.01485623  0.03002151  0.02239944  0.02239944  0.01485623  0.06133261  0.07750733  0.07750733  0.07750733  0.07750733  0.07750733  0.08573128  0.07750733  0.08573128  0.09404907  0.09404907  0.10246286  0.09404907  0.09404907  0.06133261  0.07750733  0.06937511  0.11097488  0.10246286  0.06937511  0.07750733  0.08573128  0.11097488  0.11958746  0.11097488  0.11097488  0.09404907  0.10246286  0.06937511  0.08573128  0.09404907  0.09404907  0.09404907  0.10246286  0.08573128  0.09404907  0.11097488  0.14605306  0.13712402  0.12830301  
59_0_0     0.00000000  0.00000000  0.01485623  0.02239944  0.01485623  0.01485623  0.00000000  0.01485623  0.01485623  0.03002151  0.02239944  0.02239944  0.01485623  0.06133261  0.07750733  0.07750733  0.07750733  0.07750733  0.07750733  0.08573128  0.07750733  0.08573128  0.09404907  0.09404907  0.10246286  0.09404907  0.09404907  0.06133261  0.07750733  0.06937511  0.11097488  0.10246286  0.06937511  0.07750733  0.08573128  0.11097488  0.11958746  0.11097488  0.11097488  0.09404907  0.10246286  0.06937511  0.08573128  0.09404907  0.09404907  0.09404907  0.10246286  0.08573128  0.09404907  0.11097488  0.14605306  0.13712402  0.12830301  
26_9_0     0.01485623  0.01485623  0.00000000  0.02239944  0.03002151  0.03002151  0.01485623  0.03002151  0.03002151  0.04550897  0.03772412  0.03772412  0.03002151  0.04550897  0.07750733  0.07750733  0.07750733  0.07750733  0.07750733  0.07750733  0.07750733  0.08573128  0.07750733  0.07750733  0.08573128  0.07750733  0.07750733  0.06133261  0.07750733  0.06937511  0.09404907  0.08573128  0.06937511  0.07750733  0.08573128  0.09404907  0.10246286  0.09404907  0.09404907  0.07750733  0.08573128  0.05337786  0.06937511  0.07750733  0.07750733  0.07750733  0.08573128  0.06937511  0.07750733  0.09404907  0.12830301  0.11958746  0.11097488  
59_9_0     0.02239944  0.02239944  0.02239944  0.00000000  0.02239944  0.03002151  0.02239944  0.03002151  0.03002151  0.05337786  0.04550897  0.04550897  0.03772412  0.04550897  0.06937511  0.06937511  0.05337786  0.05337786  0.05337786  0.06133261  0.05337786  0.06133261  0.07750733  0.07750733  0.08573128  0.07750733  0.07750733  0.06133261  0.07750733  0.05337786  0.09404907  0.10246286  0.06937511  0.07750733  0.06937511  0.11097488  0.10246286  0.09404907  0.09404907  0.09404907  0.08573128  0.06937511  0.06937511  0.07750733  0.06937511  0.07750733  0.08573128  0.07750733  0.08573128  0.08573128  0.11958746  0.11097488  0.11958746  
84_0_0     0.01485623  0.01485623  0.03002151  0.02239944  0.00000000  0.00739027  0.01485623  0.02239944  0.02239944  0.03002151  0.02239944  0.02239944  0.03002151  0.06133261  0.09404907  0.07750733  0.06133261  0.06133261  0.06133261  0.06937511  0.06133261  0.06937511  0.07750733  0.07750733  0.08573128  0.07750733  0.09404907  0.06133261  0.07750733  0.06937511  0.09404907  0.11958746  0.07750733  0.08573128  0.07750733  0.11958746  0.11097488  0.09404907  0.09404907  0.09404907  0.08573128  0.08573128  0.08573128  0.09404907  0.09404907  0.09404907  0.11097488  0.10246286  0.11097488  0.11097488  0.12830301  0.11958746  0.12830301  
87_0_0     0.01485623  0.01485623  0.03002151  0.03002151  0.00739027  0.00000000  0.01485623  0.01485623  0.01485623  0.03002151  0.02239944  0.02239944  0.03002151  0.06937511  0.09404907  0.07750733  0.06937511  0.06937511  0.06937511  0.07750733  0.06937511  0.07750733  0.08573128  0.08573128  0.09404907  0.08573128  0.10246286  0.06133261  0.07750733  0.07750733  0.10246286  0.11958746  0.07750733  0.08573128  0.08573128  0.11958746  0.11958746  0.10246286  0.10246286  0.09404907  0.09404907  0.08573128  0.09404907  0.10246286  0.10246286  0.10246286  0.10246286  0.10246286  0.11097488  0.11958746  0.13712402  0.12830301  0.12830301  
47_0_0     0.00000000  0.00000000  0.01485623  0.02239944  0.01485623  0.01485623  0.00000000  0.01485623  0.01485623  0.03002151  0.02239944  0.02239944  0.01485623  0.06133261  0.07750733  0.07750733  0.07750733  0.07750733  0.07750733  0.08573128  0.07750733  0.08573128  0.09404907  0.09404907  0.10246286  0.09404907  0.09404907  0.06133261  0.07750733  0.06937511  0.11097488  0.10246286  0.06937511  0.07750733  0.08573128  0.11097488  0.11958746  0.11097488  0.11097488  0.09404907  0.10246286  0.06937511  0.08573128  0.09404907  0.09404907  0.09404907  0.10246286  0.08573128  0.09404907  0.11097488  0.14605306  0.13712402  0.12830301  
55_0_0     0.01485623  0.01485623  0.03002151  0.03002151  0.02239944  0.01485623  0.01485623  0.00000000  0.00000000  0.04550897  0.03772412  0.03772412  0.03002151  0.06937511  0.09404907  0.09404907  0.08573128  0.08573128  0.08573128  0.09404907  0.08573128  0.09404907  0.10246286  0.10246286  0.11097488  0.10246286  0.10246286  0.07750733  0.09404907  0.07750733  0.11958746  0.11958746  0.08573128  0.09404907  0.09404907  0.12830301  0.12830301  0.11958746  0.11958746  0.11097488  0.11097488  0.08573128  0.09404907  0.10246286  0.10246286  0.10246286  0.10246286  0.10246286  0.11097488  0.11958746  0.15509282  0.14605306  0.14605306  
65_0_0     0.01485623  0.01485623  0.03002151  0.03002151  0.02239944  0.01485623  0.01485623  0.00000000  0.00000000  0.04550897  0.03772412  0.03772412  0.03002151  0.06937511  0.09404907  0.09404907  0.08573128  0.08573128  0.08573128  0.09404907  0.08573128  0.09404907  0.10246286  0.10246286  0.11097488  0.10246286  0.10246286  0.07750733  0.09404907  0.07750733  0.11958746  0.11958746  0.08573128  0.09404907  0.09404907  0.12830301  0.12830301  0.11958746  0.11958746  0.11097488  0.11097488  0.08573128  0.09404907  0.10246286  0.10246286  0.10246286  0.10246286  0.10246286  0.11097488  0.11958746  0.15509282  0.14605306  0.14605306  
40_0_0     0.03002151  0.03002151  0.04550897  0.05337786  0.03002151  0.03002151  0.03002151  0.04550897  0.04550897  0.00000000  0.00739027  0.00739027  0.01485623  0.06133261  0.08573128  0.06937511  0.08573128  0.08573128  0.08573128  0.09404907  0.08573128  0.09404907  0.10246286  0.10246286  0.09404907  0.10246286  0.11097488  0.06937511  0.06937511  0.09404907  0.10246286  0.11097488  0.08573128  0.09404907  0.10246286  0.11097488  0.11958746  0.10246286  0.10246286  0.08573128  0.09404907  0.09404907  0.09404907  0.10246286  0.10246286  0.10246286  0.12830301  0.09404907  0.11958746  0.11958746  0.13712402  0.12830301  0.11958746  
30_0_0     0.02239944  0.02239944  0.03772412  0.04550897  0.02239944  0.02239944  0.02239944  0.03772412  0.03772412  0.00739027  0.00000000  0.00000000  0.00739027  0.05337786  0.09404907  0.07750733  0.07750733  0.07750733  0.07750733  0.08573128  0.07750733  0.08573128  0.09404907  0.09404907  0.08573128  0.09404907  0.11097488  0.06133261  0.07750733  0.08573128  0.11097488  0.11958746  0.07750733  0.08573128  0.09404907  0.11958746  0.12830301  0.11097488  0.11097488  0.09404907  0.10246286  0.08573128  0.10246286  0.11097488  0.11097488  0.11097488  0.11958746  0.10246286  0.11097488  0.12830301  0.12830301  0.11958746  0.11097488  
67_0_0     0.02239944  0.02239944  0.03772412  0.04550897  0.02239944  0.02239944  0.02239944  0.03772412  0.03772412  0.00739027  0.00000000  0.00000000  0.00739027  0.05337786  0.09404907  0.07750733  0.07750733  0.07750733  0.07750733  0.08573128  0.07750733  0.08573128  0.09404907  0.09404907  0.08573128  0.09404907  0.11097488  0.06133261  0.07750733  0.08573128  0.11097488  0.11958746  0.07750733  0.08573128  0.09404907  0.11958746  0.12830301  0.11097488  0.11097488  0.09404907  0.10246286  0.08573128  0.10246286  0.11097488  0.11097488  0.11097488  0.11958746  0.10246286  0.11097488  0.12830301  0.12830301  0.11958746  0.11097488  
76_0_0     0.01485623  0.01485623  0.03002151  0.03772412  0.03002151  0.03002151  0.01485623  0.03002151  0.03002151  0.01485623  0.00739027  0.00739027  0.00000000  0.04550897  0.08573128  0.08573128  0.08573128  0.08573128  0.08573128  0.09404907  0.08573128  0.09404907  0.10246286  0.10246286  0.09404907  0.10246286  0.10246286  0.06937511  0.08573128  0.07750733  0.11958746  0.11097488  0.07750733  0.08573128  0.09404907  0.11958746  0.12830301  0.11958746  0.11958746  0.10246286  0.11097488  0.07750733  0.09404907  0.10246286  0.10246286  0.10246286  0.11097488  0.09404907  0.10246286  0.11958746  0.13712402  0.12830301  0.11958746  
39_0_0     0.06133261  0.06133261  0.04550897  0.04550897  0.06133261  0.06937511  0.06133261  0.06937511  0.06937511  0.06133261  0.05337786  0.05337786  0.04550897  0.00000000  0.10246286  0.11097488  0.09404907  0.09404907  0.09404907  0.09404907  0.09404907  0.10246286  0.09404907  0.09404907  0.08573128  0.09404907  0.09404907  0.09404907  0.11097488  0.08573128  0.09404907  0.10246286  0.10246286  0.11097488  0.10246286  0.11097488  0.10246286  0.09404907  0.09404907  0.09404907  0.08573128  0.08573128  0.08573128  0.07750733  0.07750733  0.07750733  0.09404907  0.10246286  0.09404907  0.09404907  0.11097488  0.11958746  0.12830301  
5_1_0      0.07750733  0.07750733  0.07750733  0.06937511  0.09404907  0.09404907  0.07750733  0.09404907  0.09404907  0.08573128  0.09404907  0.09404907  0.08573128  0.10246286  0.00000000  0.02239944  0.03002151  0.03002151  0.03002151  0.03772412  0.03002151  0.04550897  0.06937511  0.06937511  0.07750733  0.06937511  0.05337786  0.06937511  0.04550897  0.04550897  0.06937511  0.05337786  0.06133261  0.06133261  0.06937511  0.07750733  0.07750733  0.07750733  0.07750733  0.05337786  0.06133261  0.06133261  0.06133261  0.05337786  0.04550897  0.05337786  0.06937511  0.06133261  0.06937511  0.06937511  0.10246286  0.09404907  0.08573128  
2_1_0      0.07750733  0.07750733  0.07750733  0.06937511  0.07750733  0.07750733  0.07750733  0.09404907  0.09404907  0.06937511  0.07750733  0.07750733  0.08573128  0.11097488  0.02239944  0.00000000  0.02239944  0.02239944  0.02239944  0.03002151  0.02239944  0.03002151  0.05337786  0.05337786  0.06133261  0.05337786  0.05337786  0.05337786  0.03002151  0.05337786  0.06133261  0.06937511  0.06133261  0.06133261  0.06937511  0.07750733  0.08573128  0.06937511  0.06937511  0.04550897  0.06133261  0.06133261  0.06133261  0.06937511  0.06133261  0.06937511  0.08573128  0.06133261  0.08573128  0.08573128  0.09404907  0.08573128  0.07750733  
9_6_0      0.07750733  0.07750733  0.07750733  0.05337786  0.06133261  0.06937511  0.07750733  0.08573128  0.08573128  0.08573128  0.07750733  0.07750733  0.08573128  0.09404907  0.03002151  0.02239944  0.00000000  0.00000000  0.00000000  0.00739027  0.00000000  0.01485623  0.03772412  0.03772412  0.04550897  0.03772412  0.04550897  0.05337786  0.04550897  0.03002151  0.06133261  0.07750733  0.05337786  0.05337786  0.04550897  0.09404907  0.07750733  0.06937511  0.06937511  0.06133261  0.05337786  0.06133261  0.06133261  0.06133261  0.05337786  0.06133261  0.06937511  0.07750733  0.07750733  0.07750733  0.06937511  0.06133261  0.06937511  
9_1_0      0.07750733  0.07750733  0.07750733  0.05337786  0.06133261  0.06937511  0.07750733  0.08573128  0.08573128  0.08573128  0.07750733  0.07750733  0.08573128  0.09404907  0.03002151  0.02239944  0.00000000  0.00000000  0.00000000  0.00739027  0.00000000  0.01485623  0.03772412  0.03772412  0.04550897  0.03772412  0.04550897  0.05337786  0.04550897  0.03002151  0.06133261  0.07750733  0.05337786  0.05337786  0.04550897  0.09404907  0.07750733  0.06937511  0.06937511  0.06133261  0.05337786  0.06133261  0.06133261  0.06133261  0.05337786  0.06133261  0.06937511  0.07750733  0.07750733  0.07750733  0.06937511  0.06133261  0.06937511  
12_1_0     0.07750733  0.07750733  0.07750733  0.05337786  0.06133261  0.06937511  0.07750733  0.08573128  0.08573128  0.08573128  0.07750733  0.07750733  0.08573128  0.09404907  0.03002151  0.02239944  0.00000000  0.00000000  0.00000000  0.00739027  0.00000000  0.01485623  0.03772412  0.03772412  0.04550897  0.03772412  0.04550897  0.05337786  0.04550897  0.03002151  0.06133261  0.07750733  0.05337786  0.05337786  0.04550897  0.09404907  0.07750733  0.06937511  0.06937511  0.06133261  0.05337786  0.06133261  0.06133261  0.06133261  0.05337786  0.06133261  0.06937511  0.07750733  0.07750733  0.07750733  0.06937511  0.06133261  0.06937511  
8_1_0      0.08573128  0.08573128  0.07750733  0.06133261  0.06937511  0.07750733  0.08573128  0.09404907  0.09404907  0.09404907  0.08573128  0.08573128  0.09404907  0.09404907  0.03772412  0.03002151  0.00739027  0.00739027  0.00739027  0.00000000  0.00739027  0.02239944  0.03772412  0.03772412  0.04550897  0.03772412  0.04550897  0.06133261  0.05337786  0.03772412  0.06133261  0.07750733  0.06133261  0.06133261  0.05337786  0.09404907  0.07750733  0.06937511  0.06937511  0.06133261  0.05337786  0.06133261  0.06133261  0.06133261  0.05337786  0.06133261  0.06937511  0.07750733  0.07750733  0.07750733  0.06937511  0.06133261  0.06937511  
14_1_0     0.07750733  0.07750733  0.07750733  0.05337786  0.06133261  0.06937511  0.07750733  0.08573128  0.08573128  0.08573128  0.07750733  0.07750733  0.08573128  0.09404907  0.03002151  0.02239944  0.00000000  0.00000000  0.00000000  0.00739027  0.00000000  0.01485623  0.03772412  0.03772412  0.04550897  0.03772412  0.04550897  0.05337786  0.04550897  0.03002151  0.06133261  0.07750733  0.05337786  0.05337786  0.04550897  0.09404907  0.07750733  0.06937511  0.06937511  0.06133261  0.05337786  0.06133261  0.06133261  0.06133261  0.05337786  0.06133261  0.06937511  0.07750733  0.07750733  0.07750733  0.06937511  0.06133261  0.06937511  
10_1_0     0.08573128  0.08573128  0.08573128  0.06133261  0.06937511  0.07750733  0.08573128  0.09404907  0.09404907  0.09404907  0.08573128  0.08573128  0.09404907  0.10246286  0.04550897  0.03002151  0.01485623  0.01485623  0.01485623  0.02239944  0.01485623  0.00000000  0.03772412  0.03772412  0.04550897  0.03772412  0.04550897  0.05337786  0.04550897  0.04550897  0.06133261  0.09404907  0.06937511  0.06937511  0.06133261  0.07750733  0.09404907  0.06937511  0.06937511  0.06133261  0.06937511  0.06133261  0.06133261  0.07750733  0.06937511  0.07750733  0.07750733  0.06937511  0.08573128  0.08573128  0.07750733  0.06937511  0.07750733  
8_5_0      0.09404907  0.09404907  0.07750733  0.07750733  0.07750733  0.08573128  0.09404907  0.10246286  0.10246286  0.10246286  0.09404907  0.09404907  0.10246286  0.09404907  0.06937511  0.05337786  0.03772412  0.03772412  0.03772412  0.03772412  0.03772412  0.03772412  0.00000000  0.00000000  0.00739027  0.00000000  0.02239944  0.03772412  0.03772412  0.03772412  0.03772412  0.06937511  0.06133261  0.06133261  0.05337786  0.06133261  0.06133261  0.03772412  0.03772412  0.03772412  0.03002151  0.02239944  0.02239944  0.03772412  0.04550897  0.03772412  0.08573128  0.07750733  0.08573128  0.08573128  0.07750733  0.06937511  0.07750733  
14_5_0     0.09404907  0.09404907  0.07750733  0.07750733  0.07750733  0.08573128  0.09404907  0.10246286  0.10246286  0.10246286  0.09404907  0.09404907  0.10246286  0.09404907  0.06937511  0.05337786  0.03772412  0.03772412  0.03772412  0.03772412  0.03772412  0.03772412  0.00000000  0.00000000  0.00739027  0.00000000  0.02239944  0.03772412  0.03772412  0.03772412  0.03772412  0.06937511  0.06133261  0.06133261  0.05337786  0.06133261  0.06133261  0.03772412  0.03772412  0.03772412  0.03002151  0.02239944  0.02239944  0.03772412  0.04550897  0.03772412  0.08573128  0.07750733  0.08573128  0.08573128  0.07750733  0.06937511  0.07750733  
12_5_0     0.10246286  0.10246286  0.08573128  0.08573128  0.08573128  0.09404907  0.10246286  0.11097488  0.11097488  0.09404907  0.08573128  0.08573128  0.09404907  0.08573128  0.07750733  0.06133261  0.04550897  0.04550897  0.04550897  0.04550897  0.04550897  0.04550897  0.00739027  0.00739027  0.00000000  0.00739027  0.03002151  0.04550897  0.04550897  0.04550897  0.04550897  0.07750733  0.06937511  0.06937511  0.06133261  0.06937511  0.06937511  0.04550897  0.04550897  0.04550897  0.03772412  0.03002151  0.03002151  0.04550897  0.05337786  0.04550897  0.09404907  0.08573128  0.09404907  0.09404907  0.06937511  0.06133261  0.06937511  
9_5_0      0.09404907  0.09404907  0.07750733  0.07750733  0.07750733  0.08573128  0.09404907  0.10246286  0.10246286  0.10246286  0.09404907  0.09404907  0.10246286  0.09404907  0.06937511  0.05337786  0.03772412  0.03772412  0.03772412  0.03772412  0.03772412  0.03772412  0.00000000  0.00000000  0.00739027  0.00000000  0.02239944  0.03772412  0.03772412  0.03772412  0.03772412  0.06937511  0.06133261  0.06133261  0.05337786  0.06133261  0.06133261  0.03772412  0.03772412  0.03772412  0.03002151  0.02239944  0.02239944  0.03772412  0.04550897  0.03772412  0.08573128  0.07750733  0.08573128  0.08573128  0.07750733  0.06937511  0.07750733  
13_5_0     0.09404907  0.09404907  0.07750733  0.07750733  0.09404907  0.10246286  0.09404907  0.10246286  0.10246286  0.11097488  0.11097488  0.11097488  0.10246286  0.09404907  0.05337786  0.05337786  0.04550897  0.04550897  0.04550897  0.04550897  0.04550897  0.04550897  0.02239944  0.02239944  0.03002151  0.02239944  0.00000000  0.06133261  0.03772412  0.03002151  0.03772412  0.05337786  0.06133261  0.06133261  0.05337786  0.06937511  0.06937511  0.05337786  0.05337786  0.03772412  0.04550897  0.03002151  0.02239944  0.03772412  0.04550897  0.03772412  0.07750733  0.06133261  0.07750733  0.06937511  0.08573128  0.07750733  0.08573128  
5_7_0      0.06133261  0.06133261  0.06133261  0.06133261  0.06133261  0.06133261  0.06133261  0.07750733  0.07750733  0.06937511  0.06133261  0.06133261  0.06937511  0.09404907  0.06937511  0.05337786  0.05337786  0.05337786  0.05337786  0.06133261  0.05337786  0.05337786  0.03772412  0.03772412  0.04550897  0.03772412  0.06133261  0.00000000  0.03002151  0.04550897  0.06133261  0.07750733  0.03772412  0.04550897  0.05337786  0.05337786  0.06937511  0.04550897  0.04550897  0.04550897  0.05337786  0.03002151  0.04550897  0.06133261  0.06937511  0.06133261  0.07750733  0.05337786  0.07750733  0.09404907  0.11097488  0.10246286  0.09404907  
5_5_0      0.07750733  0.07750733  0.07750733  0.07750733  0.07750733  0.07750733  0.07750733  0.09404907  0.09404907  0.06937511  0.07750733  0.07750733  0.08573128  0.11097488  0.04550897  0.03002151  0.04550897  0.04550897  0.04550897  0.05337786  0.04550897  0.04550897  0.03772412  0.03772412  0.04550897  0.03772412  0.03772412  0.03002151  0.00000000  0.03002151  0.03002151  0.04550897  0.03772412  0.04550897  0.05337786  0.05337786  0.06937511  0.04550897  0.04550897  0.01485623  0.03772412  0.03002151  0.03002151  0.04550897  0.05337786  0.04550897  0.09404907  0.05337786  0.07750733  0.07750733  0.09404907  0.08573128  0.07750733  
2_5_0      0.06937511  0.06937511  0.06937511  0.05337786  0.06937511  0.07750733  0.06937511  0.07750733  0.07750733  0.09404907  0.08573128  0.08573128  0.07750733  0.08573128  0.04550897  0.05337786  0.03002151  0.03002151  0.03002151  0.03772412  0.03002151  0.04550897  0.03772412  0.03772412  0.04550897  0.03772412  0.03002151  0.04550897  0.03002151  0.00000000  0.04550897  0.04550897  0.03002151  0.03772412  0.03002151  0.07750733  0.06133261  0.06133261  0.06133261  0.04550897  0.03772412  0.03002151  0.03002151  0.03002151  0.03772412  0.03002151  0.06937511  0.06937511  0.06133261  0.06133261  0.07750733  0.06937511  0.07750733  
1_1_0      0.11097488  0.11097488  0.09404907  0.09404907  0.09404907  0.10246286  0.11097488  0.11958746  0.11958746  0.10246286  0.11097488  0.11097488  0.11958746  0.09404907  0.06937511  0.06133261  0.06133261  0.06133261  0.06133261  0.06133261  0.06133261  0.06133261  0.03772412  0.03772412  0.04550897  0.03772412  0.03772412  0.06133261  0.03002151  0.04550897  0.00000000  0.03002151  0.05337786  0.06133261  0.05337786  0.03772412  0.03772412  0.03002151  0.03002151  0.01485623  0.02239944  0.04550897  0.03002151  0.03002151  0.03772412  0.03002151  0.08573128  0.06937511  0.07750733  0.06133261  0.09404907  0.08573128  0.09404907  
15_1_0     0.10246286  0.10246286  0.08573128  0.10246286  0.11958746  0.11958746  0.10246286  0.11958746  0.11958746  0.11097488  0.11958746  0.11958746  0.11097488  0.10246286  0.05337786  0.06937511  0.07750733  0.07750733  0.07750733  0.07750733  0.07750733  0.09404907  0.06937511  0.06937511  0.07750733  0.06937511  0.05337786  0.07750733  0.04550897  0.04550897  0.03002151  0.00000000  0.04550897  0.05337786  0.06133261  0.04550897  0.04550897  0.06133261  0.06133261  0.03002151  0.03772412  0.04550897  0.04550897  0.03002151  0.03772412  0.03002151  0.07750733  0.06937511  0.06133261  0.06133261  0.11097488  0.10246286  0.09404907  
7_1_0      0.06937511  0.06937511  0.06937511  0.06937511  0.07750733  0.07750733  0.06937511  0.08573128  0.08573128  0.08573128  0.07750733  0.07750733  0.07750733  0.10246286  0.06133261  0.06133261  0.05337786  0.05337786  0.05337786  0.06133261  0.05337786  0.06937511  0.06133261  0.06133261  0.06937511  0.06133261  0.06133261  0.03772412  0.03772412  0.03002151  0.05337786  0.04550897  0.00000000  0.00739027  0.02239944  0.06133261  0.06937511  0.08573128  0.08573128  0.05337786  0.06133261  0.04550897  0.06133261  0.06133261  0.06937511  0.06133261  0.07750733  0.06937511  0.06133261  0.07750733  0.10246286  0.09404907  0.08573128  
3_1_0      0.07750733  0.07750733  0.07750733  0.07750733  0.08573128  0.08573128  0.07750733  0.09404907  0.09404907  0.09404907  0.08573128  0.08573128  0.08573128  0.11097488  0.06133261  0.06133261  0.05337786  0.05337786  0.05337786  0.06133261  0.05337786  0.06937511  0.06133261  0.06133261  0.06937511  0.06133261  0.06133261  0.04550897  0.04550897  0.03772412  0.06133261  0.05337786  0.00739027  0.00000000  0.02239944  0.06937511  0.07750733  0.09404907  0.09404907  0.06133261  0.06937511  0.05337786  0.06937511  0.06937511  0.07750733  0.06937511  0.06937511  0.07750733  0.06937511  0.08573128  0.09404907  0.08573128  0.07750733  
4_1_0      0.08573128  0.08573128  0.08573128  0.06937511  0.07750733  0.08573128  0.08573128  0.09404907  0.09404907  0.10246286  0.09404907  0.09404907  0.09404907  0.10246286  0.06937511  0.06937511  0.04550897  0.04550897  0.04550897  0.05337786  0.04550897  0.06133261  0.05337786  0.05337786  0.06133261  0.05337786  0.05337786  0.05337786  0.05337786  0.03002151  0.05337786  0.06133261  0.02239944  0.02239944  0.00000000  0.08573128  0.06133261  0.08573128  0.08573128  0.06937511  0.06133261  0.06133261  0.06133261  0.06133261  0.06937511  0.06133261  0.07750733  0.08573128  0.07750733  0.07750733  0.09404907  0.08573128  0.09404907  
11_1_0     0.11097488  0.11097488  0.09404907  0.11097488  0.11958746  0.11958746  0.11097488  0.12830301  0.12830301  0.11097488  0.11958746  0.11958746  0.11958746  0.11097488  0.07750733  0.07750733  0.09404907  0.09404907  0.09404907  0.09404907  0.09404907  0.07750733  0.06133261  0.06133261  0.06937511  0.06133261  0.06937511  0.05337786  0.05337786  0.07750733  0.03772412  0.04550897  0.06133261  0.06937511  0.08573128  0.00000000  0.03772412  0.03772412  0.03772412  0.03772412  0.04550897  0.04550897  0.04550897  0.04550897  0.05337786  0.04550897  0.08573128  0.06133261  0.08573128  0.08573128  0.12830301  0.11958746  0.11097488  
6_1_0      0.11958746  0.11958746  0.10246286  0.10246286  0.11097488  0.11958746  0.11958746  0.12830301  0.12830301  0.11958746  0.12830301  0.12830301  0.12830301  0.10246286  0.07750733  0.08573128  0.07750733  0.07750733  0.07750733  0.07750733  0.07750733  0.09404907  0.06133261  0.06133261  0.06937511  0.06133261  0.06937511  0.06937511  0.06937511  0.06133261  0.03772412  0.04550897  0.06937511  0.07750733  0.06133261  0.03772412  0.00000000  0.02239944  0.02239944  0.05337786  0.03002151  0.06133261  0.04550897  0.03002151  0.03772412  0.03002151  0.08573128  0.08573128  0.09404907  0.07750733  0.11958746  0.11097488  0.11958746  
15_3_0     0.11097488  0.11097488  0.09404907  0.09404907  0.09404907  0.10246286  0.11097488  0.11958746  0.11958746  0.10246286  0.11097488  0.11097488  0.11958746  0.09404907  0.07750733  0.06937511  0.06937511  0.06937511  0.06937511  0.06937511  0.06937511  0.06937511  0.03772412  0.03772412  0.04550897  0.03772412  0.05337786  0.04550897  0.04550897  0.06133261  0.03002151  0.06133261  0.08573128  0.09404907  0.08573128  0.03772412  0.02239944  0.00000000  0.00000000  0.03002151  0.02239944  0.04550897  0.03002151  0.03002151  0.03772412  0.03002151  0.08573128  0.06937511  0.09404907  0.07750733  0.11097488  0.10246286  0.11097488  
1_3_0      0.11097488  0.11097488  0.09404907  0.09404907  0.09404907  0.10246286  0.11097488  0.11958746  0.11958746  0.10246286  0.11097488  0.11097488  0.11958746  0.09404907  0.07750733  0.06937511  0.06937511  0.06937511  0.06937511  0.06937511  0.06937511  0.06937511  0.03772412  0.03772412  0.04550897  0.03772412  0.05337786  0.04550897  0.04550897  0.06133261  0.03002151  0.06133261  0.08573128  0.09404907  0.08573128  0.03772412  0.02239944  0.00000000  0.00000000  0.03002151  0.02239944  0.04550897  0.03002151  0.03002151  0.03772412  0.03002151  0.08573128  0.06937511  0.09404907  0.07750733  0.11097488  0.10246286  0.11097488  
15_4_0     0.09404907  0.09404907  0.07750733  0.09404907  0.09404907  0.09404907  0.09404907  0.11097488  0.11097488  0.08573128  0.09404907  0.09404907  0.10246286  0.09404907  0.05337786  0.04550897  0.06133261  0.06133261  0.06133261  0.06133261  0.06133261  0.06133261  0.03772412  0.03772412  0.04550897  0.03772412  0.03772412  0.04550897  0.01485623  0.04550897  0.01485623  0.03002151  0.05337786  0.06133261  0.06937511  0.03772412  0.05337786  0.03002151  0.03002151  0.00000000  0.02239944  0.03002151  0.03002151  0.03002151  0.03772412  0.03002151  0.07750733  0.05337786  0.06133261  0.06133261  0.09404907  0.08573128  0.07750733  
1_4_0      0.10246286  0.10246286  0.08573128  0.08573128  0.08573128  0.09404907  0.10246286  0.11097488  0.11097488  0.09404907  0.10246286  0.10246286  0.11097488  0.08573128  0.06133261  0.06133261  0.05337786  0.05337786  0.05337786  0.05337786  0.05337786  0.06937511  0.03002151  0.03002151  0.03772412  0.03002151  0.04550897  0.05337786  0.03772412  0.03772412  0.02239944  0.03772412  0.06133261  0.06937511  0.06133261  0.04550897  0.03002151  0.02239944  0.02239944  0.02239944  0.00000000  0.03772412  0.02239944  0.00739027  0.01485623  0.00739027  0.07750733  0.07750733  0.06937511  0.05337786  0.08573128  0.07750733  0.08573128  
11_3_0     0.06937511  0.06937511  0.05337786  0.06937511  0.08573128  0.08573128  0.06937511  0.08573128  0.08573128  0.09404907  0.08573128  0.08573128  0.07750733  0.08573128  0.06133261  0.06133261  0.06133261  0.06133261  0.06133261  0.06133261  0.06133261  0.06133261  0.02239944  0.02239944  0.03002151  0.02239944  0.03002151  0.03002151  0.03002151  0.03002151  0.04550897  0.04550897  0.04550897  0.05337786  0.06133261  0.04550897  0.06133261  0.04550897  0.04550897  0.03002151  0.03772412  0.00000000  0.01485623  0.03002151  0.03772412  0.03002151  0.07750733  0.05337786  0.06133261  0.07750733  0.09404907  0.08573128  0.07750733  
6_3_0      0.08573128  0.08573128  0.06937511  0.06937511  0.08573128  0.09404907  0.08573128  0.09404907  0.09404907  0.09404907  0.10246286  0.10246286  0.09404907  0.08573128  0.06133261  0.06133261  0.06133261  0.06133261  0.06133261  0.06133261  0.06133261  0.06133261  0.02239944  0.02239944  0.03002151  0.02239944  0.02239944  0.04550897  0.03002151  0.03002151  0.03002151  0.04550897  0.06133261  0.06937511  0.06133261  0.04550897  0.04550897  0.03002151  0.03002151  0.03002151  0.02239944  0.01485623  0.00000000  0.01485623  0.02239944  0.01485623  0.08573128  0.05337786  0.07750733  0.06133261  0.09404907  0.08573128  0.09404907  
7_3_0      0.09404907  0.09404907  0.07750733  0.07750733  0.09404907  0.10246286  0.09404907  0.10246286  0.10246286  0.10246286  0.11097488  0.11097488  0.10246286  0.07750733  0.05337786  0.06937511  0.06133261  0.06133261  0.06133261  0.06133261  0.06133261  0.07750733  0.03772412  0.03772412  0.04550897  0.03772412  0.03772412  0.06133261  0.04550897  0.03002151  0.03002151  0.03002151  0.06133261  0.06937511  0.06133261  0.04550897  0.03002151  0.03002151  0.03002151  0.03002151  0.00739027  0.03002151  0.01485623  0.00000000  0.00739027  0.00000000  0.06937511  0.06937511  0.06133261  0.04550897  0.09404907  0.08573128  0.09404907  
4_3_0      0.09404907  0.09404907  0.07750733  0.06937511  0.09404907  0.10246286  0.09404907  0.10246286  0.10246286  0.10246286  0.11097488  0.11097488  0.10246286  0.07750733  0.04550897  0.06133261  0.05337786  0.05337786  0.05337786  0.05337786  0.05337786  0.06937511  0.04550897  0.04550897  0.05337786  0.04550897  0.04550897  0.06937511  0.05337786  0.03772412  0.03772412  0.03772412  0.06937511  0.07750733  0.06937511  0.05337786  0.03772412  0.03772412  0.03772412  0.03772412  0.01485623  0.03772412  0.02239944  0.00739027  0.00000000  0.00739027  0.06133261  0.06133261  0.05337786  0.03772412  0.08573128  0.07750733  0.08573128  
3_3_0      0.09404907  0.09404907  0.07750733  0.07750733  0.09404907  0.10246286  0.09404907  0.10246286  0.10246286  0.10246286  0.11097488  0.11097488  0.10246286  0.07750733  0.05337786  0.06937511  0.06133261  0.06133261  0.06133261  0.06133261  0.06133261  0.07750733  0.03772412  0.03772412  0.04550897  0.03772412  0.03772412  0.06133261  0.04550897  0.03002151  0.03002151  0.03002151  0.06133261  0.06937511  0.06133261  0.04550897  0.03002151  0.03002151  0.03002151  0.03002151  0.00739027  0.03002151  0.01485623  0.00000000  0.00739027  0.00000000  0.06937511  0.06937511  0.06133261  0.04550897  0.09404907  0.08573128  0.09404907  
1_2_0      0.10246286  0.10246286  0.08573128  0.08573128  0.11097488  0.10246286  0.10246286  0.10246286  0.10246286  0.12830301  0.11958746  0.11958746  0.11097488  0.09404907  0.06937511  0.08573128  0.06937511  0.06937511  0.06937511  0.06937511  0.06937511  0.07750733  0.08573128  0.08573128  0.09404907  0.08573128  0.07750733  0.07750733  0.09404907  0.06937511  0.08573128  0.07750733  0.07750733  0.06937511  0.07750733  0.08573128  0.08573128  0.08573128  0.08573128  0.07750733  0.07750733  0.07750733  0.08573128  0.06937511  0.06133261  0.06937511  0.00000000  0.04550897  0.03002151  0.04550897  0.07750733  0.06937511  0.06937511  
15_2_0     0.08573128  0.08573128  0.06937511  0.07750733  0.10246286  0.10246286  0.08573128  0.10246286  0.10246286  0.09404907  0.10246286  0.10246286  0.09404907  0.10246286  0.06133261  0.06133261  0.07750733  0.07750733  0.07750733  0.07750733  0.07750733  0.06937511  0.07750733  0.07750733  0.08573128  0.07750733  0.06133261  0.05337786  0.05337786  0.06937511  0.06937511  0.06937511  0.06937511  0.07750733  0.08573128  0.06133261  0.08573128  0.06937511  0.06937511  0.05337786  0.07750733  0.05337786  0.05337786  0.06937511  0.06133261  0.06937511  0.04550897  0.00000000  0.04550897  0.03772412  0.08573128  0.07750733  0.06937511  
6_2_0      0.09404907  0.09404907  0.07750733  0.08573128  0.11097488  0.11097488  0.09404907  0.11097488  0.11097488  0.11958746  0.11097488  0.11097488  0.10246286  0.09404907  0.06937511  0.08573128  0.07750733  0.07750733  0.07750733  0.07750733  0.07750733  0.08573128  0.08573128  0.08573128  0.09404907  0.08573128  0.07750733  0.07750733  0.07750733  0.06133261  0.07750733  0.06133261  0.06133261  0.06937511  0.07750733  0.08573128  0.09404907  0.09404907  0.09404907  0.06133261  0.06937511  0.06133261  0.07750733  0.06133261  0.05337786  0.06133261  0.03002151  0.04550897  0.00000000  0.02239944  0.06937511  0.06133261  0.05337786  
11_2_0     0.11097488  0.11097488  0.09404907  0.08573128  0.11097488  0.11958746  0.11097488  0.11958746  0.11958746  0.11958746  0.12830301  0.12830301  0.11958746  0.09404907  0.06937511  0.08573128  0.07750733  0.07750733  0.07750733  0.07750733  0.07750733  0.08573128  0.08573128  0.08573128  0.09404907  0.08573128  0.06937511  0.09404907  0.07750733  0.06133261  0.06133261  0.06133261  0.07750733  0.08573128  0.07750733  0.08573128  0.07750733  0.07750733  0.07750733  0.06133261  0.05337786  0.07750733  0.06133261  0.04550897  0.03772412  0.04550897  0.04550897  0.03772412  0.02239944  0.00000000  0.06133261  0.05337786  0.06133261  
7_2_0      0.14605306  0.14605306  0.12830301  0.11958746  0.12830301  0.13712402  0.14605306  0.15509282  0.15509282  0.13712402  0.12830301  0.12830301  0.13712402  0.11097488  0.10246286  0.09404907  0.06937511  0.06937511  0.06937511  0.06937511  0.06937511  0.07750733  0.07750733  0.07750733  0.06937511  0.07750733  0.08573128  0.11097488  0.09404907  0.07750733  0.09404907  0.11097488  0.10246286  0.09404907  0.09404907  0.12830301  0.11958746  0.11097488  0.11097488  0.09404907  0.08573128  0.09404907  0.09404907  0.09404907  0.08573128  0.09404907  0.07750733  0.08573128  0.06937511  0.06133261  0.00000000  0.00739027  0.01485623  
3_2_0      0.13712402  0.13712402  0.11958746  0.11097488  0.11958746  0.12830301  0.13712402  0.14605306  0.14605306  0.12830301  0.11958746  0.11958746  0.12830301  0.11958746  0.09404907  0.08573128  0.06133261  0.06133261  0.06133261  0.06133261  0.06133261  0.06937511  0.06937511  0.06937511  0.06133261  0.06937511  0.07750733  0.10246286  0.08573128  0.06937511  0.08573128  0.10246286  0.09404907  0.08573128  0.08573128  0.11958746  0.11097488  0.10246286  0.10246286  0.08573128  0.07750733  0.08573128  0.08573128  0.08573128  0.07750733  0.08573128  0.06937511  0.07750733  0.06133261  0.05337786  0.00739027  0.00000000  0.00739027  
4_2_0      0.12830301  0.12830301  0.11097488  0.11958746  0.12830301  0.12830301  0.12830301  0.14605306  0.14605306  0.11958746  0.11097488  0.11097488  0.11958746  0.12830301  0.08573128  0.07750733  0.06937511  0.06937511  0.06937511  0.06937511  0.06937511  0.07750733  0.07750733  0.07750733  0.06937511  0.07750733  0.08573128  0.09404907  0.07750733  0.07750733  0.09404907  0.09404907  0.08573128  0.07750733  0.09404907  0.11097488  0.11958746  0.11097488  0.11097488  0.07750733  0.08573128  0.07750733  0.09404907  0.09404907  0.08573128  0.09404907  0.06937511  0.06937511  0.05337786  0.06133261  0.01485623  0.00739027  0.00000000  

