20
2_0_0      0.00000000  0.00000000  0.00539657  0.02183400  0.03300513  0.03300513  0.09162668  0.12283569  0.11648443  0.11648443  0.12283569  0.12283569  0.12283569  0.11018885  0.13570928  0.13570928  0.13570928  0.14223368  0.14223368  0.14223368  
14_0_0     0.00000000  0.00000000  0.00539657  0.02183400  0.03300513  0.03300513  0.09162668  0.12283569  0.11648443  0.11648443  0.12283569  0.12283569  0.12283569  0.11018885  0.13570928  0.13570928  0.13570928  0.14223368  0.14223368  0.14223368  
11_0_0     0.00539657  0.00539657  0.00000000  0.02739784  0.03865655  0.03865655  0.09776090  0.11648443  0.11018885  0.11018885  0.11648443  0.12924364  0.12924364  0.11648443  0.13570928  0.13570928  0.13570928  0.14223368  0.14223368  0.14223368  
13_0_0     0.02183400  0.02183400  0.02739784  0.00000000  0.01083401  0.01083401  0.10394799  0.12283569  0.11648443  0.11648443  0.12283569  0.12283569  0.12283569  0.11018885  0.13570928  0.13570928  0.13570928  0.14223368  0.14223368  0.14223368  
3_0_0      0.03300513  0.03300513  0.03865655  0.01083401  0.00000000  0.00000000  0.10394799  0.12283569  0.12924364  0.12924364  0.13570928  0.12283569  0.12283569  0.11018885  0.14223368  0.12924364  0.12924364  0.13570928  0.13570928  0.13570928  
6_0_0      0.03300513  0.03300513  0.03865655  0.01083401  0.00000000  0.00000000  0.10394799  0.12283569  0.12924364  0.12924364  0.13570928  0.12283569  0.12283569  0.11018885  0.14223368  0.12924364  0.12924364  0.13570928  0.13570928  0.13570928  
9_0_0      0.09162668  0.09162668  0.09776090  0.10394799  0.10394799  0.10394799  0.00000000  0.05588270  0.05009461  0.05009461  0.05588270  0.04435280  0.06171783  0.04435280  0.14881791  0.14881791  0.14881791  0.15546307  0.15546307  0.15546307  
5_0_0      0.12283569  0.12283569  0.11648443  0.12283569  0.12283569  0.12283569  0.05588270  0.00000000  0.00539657  0.00539657  0.01083401  0.02183400  0.01631294  0.02739784  0.16894078  0.16217030  0.16217030  0.16894078  0.16894078  0.16217030  
10_0_0     0.11648443  0.11648443  0.11018885  0.11648443  0.12924364  0.12924364  0.05009461  0.00539657  0.00000000  0.00000000  0.00539657  0.01631294  0.02183400  0.03300513  0.16217030  0.16894078  0.16894078  0.17577570  0.17577570  0.16894078  
7_0_0      0.11648443  0.11648443  0.11018885  0.11648443  0.12924364  0.12924364  0.05009461  0.00539657  0.00000000  0.00000000  0.00539657  0.01631294  0.02183400  0.03300513  0.16217030  0.16894078  0.16894078  0.17577570  0.17577570  0.16894078  
1_0_0      0.12283569  0.12283569  0.11648443  0.12283569  0.13570928  0.13570928  0.05588270  0.01083401  0.00539657  0.00539657  0.00000000  0.02183400  0.02739784  0.03865655  0.16894078  0.17577570  0.17577570  0.18267631  0.18267631  0.17577570  
12_0_0     0.12283569  0.12283569  0.12924364  0.12283569  0.12283569  0.12283569  0.04435280  0.02183400  0.01631294  0.01631294  0.02183400  0.00000000  0.02739784  0.03865655  0.16894078  0.17577570  0.17577570  0.18267631  0.18267631  0.17577570  
4_0_0      0.12283569  0.12283569  0.12924364  0.12283569  0.12283569  0.12283569  0.06171783  0.01631294  0.02183400  0.02183400  0.02739784  0.02739784  0.00000000  0.03300513  0.16217030  0.15546307  0.15546307  0.16217030  0.16217030  0.15546307  
8_0_0      0.11018885  0.11018885  0.11648443  0.11018885  0.11018885  0.11018885  0.04435280  0.02739784  0.03300513  0.03300513  0.03865655  0.03865655  0.03300513  0.00000000  0.17577570  0.15546307  0.15546307  0.16217030  0.16217030  0.16894078  
20_0_0     0.13570928  0.13570928  0.13570928  0.13570928  0.14223368  0.14223368  0.14881791  0.16894078  0.16217030  0.16217030  0.16894078  0.16894078  0.16217030  0.17577570  0.00000000  0.02183400  0.05009461  0.04435280  0.04435280  0.03865655  
16_0_0     0.13570928  0.13570928  0.13570928  0.13570928  0.12924364  0.12924364  0.14881791  0.16217030  0.16894078  0.16894078  0.17577570  0.17577570  0.15546307  0.15546307  0.02183400  0.00000000  0.03865655  0.03300513  0.03300513  0.03865655  
15_0_0     0.13570928  0.13570928  0.13570928  0.13570928  0.12924364  0.12924364  0.14881791  0.16217030  0.16894078  0.16894078  0.17577570  0.17577570  0.15546307  0.15546307  0.05009461  0.03865655  0.00000000  0.00539657  0.00539657  0.01083401  
17_0_0     0.14223368  0.14223368  0.14223368  0.14223368  0.13570928  0.13570928  0.15546307  0.16894078  0.17577570  0.17577570  0.18267631  0.18267631  0.16217030  0.16217030  0.04435280  0.03300513  0.00539657  0.00000000  0.00000000  0.00539657  
19_0_0     0.14223368  0.14223368  0.14223368  0.14223368  0.13570928  0.13570928  0.15546307  0.16894078  0.17577570  0.17577570  0.18267631  0.18267631  0.16217030  0.16217030  0.04435280  0.03300513  0.00539657  0.00000000  0.00000000  0.00539657  
18_0_0     0.14223368  0.14223368  0.14223368  0.14223368  0.13570928  0.13570928  0.15546307  0.16217030  0.16894078  0.16894078  0.17577570  0.17577570  0.15546307  0.16894078  0.03865655  0.03865655  0.01083401  0.00539657  0.00539657  0.00000000  

