45
72_0_0     0.00000000  0.02632114  0.02632114  0.00000000  0.00000000  0.16316807  0.14201284  0.15251544  0.12144119  0.20736874  0.35826557  0.37233468  0.33089941  0.27900713  0.33089941  0.31758392  0.34445697  0.38667433  0.33089941  0.33089941  0.37233468  0.31758392  0.31758392  0.31758392  0.33089941  0.34445697  0.41620827  0.49560495  0.46282517  0.49560495  0.56583183  0.56583183  0.51255148  0.49560495  0.46282517  0.46282517  0.47903497  0.44696022  0.44696022  0.44696022  0.46282517  0.46282517  0.43142574  0.44696022  0.47903497  
94_0_0     0.02632114  0.00000000  0.01744381  0.02632114  0.02632114  0.18494099  0.16316807  0.17397508  0.14201284  0.23049193  0.38667433  0.40129510  0.35826557  0.30450201  0.35826557  0.34445697  0.37233468  0.38667433  0.33089941  0.33089941  0.34445697  0.31758392  0.31758392  0.31758392  0.33089941  0.34445697  0.44696022  0.49560495  0.46282517  0.49560495  0.52989206  0.52989206  0.51255148  0.49560495  0.46282517  0.46282517  0.47903497  0.44696022  0.44696022  0.44696022  0.46282517  0.44696022  0.41620827  0.43142574  0.47903497  
49_0_0     0.02632114  0.01744381  0.00000000  0.02632114  0.02632114  0.18494099  0.16316807  0.17397508  0.14201284  0.23049193  0.38667433  0.40129510  0.35826557  0.30450201  0.35826557  0.34445697  0.37233468  0.41620827  0.33089941  0.33089941  0.37233468  0.31758392  0.31758392  0.31758392  0.33089941  0.34445697  0.44696022  0.49560495  0.46282517  0.49560495  0.56583183  0.56583183  0.51255148  0.49560495  0.46282517  0.46282517  0.44696022  0.44696022  0.44696022  0.41620827  0.46282517  0.46282517  0.43142574  0.44696022  0.44696022  
97_0_0     0.00000000  0.02632114  0.02632114  0.00000000  0.00000000  0.16316807  0.14201284  0.15251544  0.12144119  0.20736874  0.35826557  0.37233468  0.33089941  0.27900713  0.33089941  0.31758392  0.34445697  0.38667433  0.33089941  0.33089941  0.37233468  0.31758392  0.31758392  0.31758392  0.33089941  0.34445697  0.41620827  0.49560495  0.46282517  0.49560495  0.56583183  0.56583183  0.51255148  0.49560495  0.46282517  0.46282517  0.47903497  0.44696022  0.44696022  0.44696022  0.46282517  0.46282517  0.43142574  0.44696022  0.47903497  
100_0_0    0.00000000  0.02632114  0.02632114  0.00000000  0.00000000  0.16316807  0.14201284  0.15251544  0.12144119  0.20736874  0.35826557  0.37233468  0.33089941  0.27900713  0.33089941  0.31758392  0.34445697  0.38667433  0.33089941  0.33089941  0.37233468  0.31758392  0.31758392  0.31758392  0.33089941  0.34445697  0.41620827  0.49560495  0.46282517  0.49560495  0.56583183  0.56583183  0.51255148  0.49560495  0.46282517  0.46282517  0.47903497  0.44696022  0.44696022  0.44696022  0.46282517  0.46282517  0.43142574  0.44696022  0.47903497  
46_0_0     0.16316807  0.18494099  0.18494099  0.16316807  0.16316807  0.00000000  0.03530542  0.04439926  0.03530542  0.14201284  0.35826557  0.37233468  0.31758392  0.30450201  0.33089941  0.31758392  0.40129510  0.44696022  0.38667433  0.38667433  0.40129510  0.37233468  0.37233468  0.37233468  0.38667433  0.35826557  0.38667433  0.52989206  0.52989206  0.52989206  0.60359168  0.60359168  0.54764547  0.52989206  0.38667433  0.38667433  0.43142574  0.40129510  0.40129510  0.46282517  0.44696022  0.38667433  0.35826557  0.37233468  0.40129510  
50_0_0     0.14201284  0.16316807  0.16316807  0.14201284  0.14201284  0.03530542  0.00000000  0.02632114  0.01744381  0.10142181  0.33089941  0.34445697  0.29164563  0.25435509  0.27900713  0.26657925  0.34445697  0.43142574  0.35826557  0.35826557  0.37233468  0.34445697  0.34445697  0.34445697  0.35826557  0.33089941  0.35826557  0.49560495  0.52989206  0.49560495  0.56583183  0.56583183  0.51255148  0.49560495  0.38667433  0.38667433  0.43142574  0.40129510  0.37233468  0.46282517  0.44696022  0.35826557  0.33089941  0.34445697  0.40129510  
95_0_0     0.15251544  0.17397508  0.17397508  0.15251544  0.15251544  0.04439926  0.02632114  0.00000000  0.02632114  0.13165609  0.37233468  0.38667433  0.33089941  0.29164563  0.31758392  0.30450201  0.38667433  0.44696022  0.35826557  0.35826557  0.37233468  0.34445697  0.34445697  0.34445697  0.35826557  0.33089941  0.38667433  0.52989206  0.52989206  0.52989206  0.60359168  0.60359168  0.54764547  0.52989206  0.38667433  0.38667433  0.43142574  0.40129510  0.40129510  0.46282517  0.44696022  0.38667433  0.35826557  0.37233468  0.40129510  
66_0_0     0.12144119  0.14201284  0.14201284  0.12144119  0.12144119  0.03530542  0.01744381  0.02632114  0.00000000  0.10142181  0.35826557  0.37233468  0.31758392  0.27900713  0.30450201  0.29164563  0.37233468  0.43142574  0.33089941  0.33089941  0.35826557  0.33089941  0.33089941  0.33089941  0.34445697  0.31758392  0.35826557  0.49560495  0.49560495  0.52989206  0.56583183  0.56583183  0.51255148  0.49560495  0.38667433  0.38667433  0.43142574  0.40129510  0.40129510  0.46282517  0.44696022  0.38667433  0.35826557  0.37233468  0.40129510  
76_0_0     0.20736874  0.23049193  0.23049193  0.20736874  0.20736874  0.14201284  0.10142181  0.13165609  0.10142181  0.00000000  0.30450201  0.31758392  0.26657925  0.23049193  0.27900713  0.26657925  0.31758392  0.40129510  0.38667433  0.38667433  0.41620827  0.35826557  0.35826557  0.35826557  0.37233468  0.34445697  0.35826557  0.44696022  0.47903497  0.47903497  0.51255148  0.51255148  0.49560495  0.47903497  0.37233468  0.37233468  0.41620827  0.38667433  0.35826557  0.41620827  0.40129510  0.34445697  0.31758392  0.33089941  0.37233468  
70_0_0     0.35826557  0.38667433  0.38667433  0.35826557  0.35826557  0.35826557  0.33089941  0.37233468  0.35826557  0.30450201  0.00000000  0.00867090  0.07236567  0.09161011  0.11136433  0.10142181  0.17397508  0.27900713  0.41620827  0.44696022  0.44696022  0.41620827  0.41620827  0.41620827  0.43142574  0.40129510  0.47903497  0.47903497  0.51255148  0.47903497  0.58447279  0.58447279  0.46282517  0.47903497  0.37233468  0.34445697  0.38667433  0.35826557  0.33089941  0.38667433  0.41620827  0.31758392  0.31758392  0.33089941  0.44696022  
96_0_0     0.37233468  0.40129510  0.40129510  0.37233468  0.37233468  0.37233468  0.34445697  0.38667433  0.37233468  0.31758392  0.00867090  0.00000000  0.08192581  0.10142181  0.12144119  0.11136433  0.18494099  0.29164563  0.43142574  0.46282517  0.46282517  0.43142574  0.43142574  0.43142574  0.44696022  0.41620827  0.46282517  0.49560495  0.52989206  0.49560495  0.60359168  0.60359168  0.47903497  0.49560495  0.38667433  0.35826557  0.40129510  0.37233468  0.34445697  0.37233468  0.43142574  0.33089941  0.33089941  0.34445697  0.46282517  
63_0_0     0.33089941  0.35826557  0.35826557  0.33089941  0.33089941  0.31758392  0.29164563  0.33089941  0.31758392  0.26657925  0.07236567  0.08192581  0.00000000  0.05360536  0.09161011  0.08192581  0.13165609  0.24232807  0.40129510  0.43142574  0.44696022  0.43142574  0.43142574  0.43142574  0.44696022  0.34445697  0.43142574  0.43142574  0.46282517  0.43142574  0.52989206  0.52989206  0.47903497  0.46282517  0.40129510  0.37233468  0.43142574  0.40129510  0.37233468  0.43142574  0.44696022  0.35826557  0.35826557  0.37233468  0.49560495  
80_0_0     0.27900713  0.30450201  0.30450201  0.27900713  0.27900713  0.30450201  0.25435509  0.29164563  0.27900713  0.23049193  0.09161011  0.10142181  0.05360536  0.00000000  0.03530542  0.02632114  0.07236567  0.19607056  0.34445697  0.38667433  0.38667433  0.37233468  0.37233468  0.37233468  0.38667433  0.30450201  0.40129510  0.44696022  0.47903497  0.44696022  0.52989206  0.52989206  0.49560495  0.47903497  0.38667433  0.38667433  0.40129510  0.37233468  0.34445697  0.40129510  0.41620827  0.33089941  0.33089941  0.34445697  0.46282517  
99_0_0     0.33089941  0.35826557  0.35826557  0.33089941  0.33089941  0.33089941  0.27900713  0.31758392  0.30450201  0.27900713  0.11136433  0.12144119  0.09161011  0.03530542  0.00000000  0.00867090  0.10142181  0.24232807  0.37233468  0.41620827  0.38667433  0.40129510  0.40129510  0.40129510  0.41620827  0.35826557  0.44696022  0.44696022  0.47903497  0.44696022  0.52989206  0.52989206  0.46282517  0.44696022  0.38667433  0.38667433  0.40129510  0.37233468  0.34445697  0.40129510  0.41620827  0.35826557  0.35826557  0.37233468  0.46282517  
91_0_0     0.31758392  0.34445697  0.34445697  0.31758392  0.31758392  0.31758392  0.26657925  0.30450201  0.29164563  0.26657925  0.10142181  0.11136433  0.08192581  0.02632114  0.00867090  0.00000000  0.09161011  0.23049193  0.35826557  0.40129510  0.37233468  0.38667433  0.38667433  0.38667433  0.40129510  0.34445697  0.43142574  0.46282517  0.49560495  0.46282517  0.54764547  0.54764547  0.47903497  0.46282517  0.37233468  0.37233468  0.38667433  0.35826557  0.33089941  0.38667433  0.40129510  0.34445697  0.34445697  0.35826557  0.44696022  
88_0_0     0.34445697  0.37233468  0.37233468  0.34445697  0.34445697  0.40129510  0.34445697  0.38667433  0.37233468  0.31758392  0.17397508  0.18494099  0.13165609  0.07236567  0.10142181  0.09161011  0.00000000  0.23049193  0.34445697  0.38667433  0.38667433  0.37233468  0.37233468  0.37233468  0.38667433  0.30450201  0.46282517  0.52989206  0.56583183  0.52989206  0.62321362  0.62321362  0.58447279  0.56583183  0.44696022  0.44696022  0.46282517  0.43142574  0.40129510  0.46282517  0.47903497  0.38667433  0.40129510  0.40129510  0.52989206  
68_0_0     0.38667433  0.38667433  0.41620827  0.38667433  0.38667433  0.44696022  0.43142574  0.44696022  0.43142574  0.40129510  0.27900713  0.29164563  0.24232807  0.19607056  0.24232807  0.23049193  0.23049193  0.00000000  0.44696022  0.43142574  0.44696022  0.46282517  0.46282517  0.46282517  0.47903497  0.41620827  0.52989206  0.58447279  0.58447279  0.58447279  0.60359168  0.60359168  0.64336583  0.62321362  0.38667433  0.37233468  0.41620827  0.38667433  0.38667433  0.43142574  0.43142574  0.38667433  0.37233468  0.38667433  0.49560495  
56_1_0     0.33089941  0.33089941  0.33089941  0.33089941  0.33089941  0.38667433  0.35826557  0.35826557  0.33089941  0.38667433  0.41620827  0.43142574  0.40129510  0.34445697  0.37233468  0.35826557  0.34445697  0.44696022  0.00000000  0.06292652  0.09161011  0.03530542  0.03530542  0.03530542  0.04439926  0.06292652  0.47903497  0.49560495  0.46282517  0.49560495  0.51255148  0.51255148  0.44696022  0.46282517  0.43142574  0.46282517  0.46282517  0.44696022  0.44696022  0.47903497  0.46282517  0.43142574  0.43142574  0.44696022  0.44696022  
56_0_0     0.33089941  0.33089941  0.33089941  0.33089941  0.33089941  0.38667433  0.35826557  0.35826557  0.33089941  0.38667433  0.44696022  0.46282517  0.43142574  0.38667433  0.41620827  0.40129510  0.38667433  0.43142574  0.06292652  0.00000000  0.12144119  0.08192581  0.08192581  0.08192581  0.09161011  0.09161011  0.46282517  0.56583183  0.52989206  0.56583183  0.54764547  0.54764547  0.51255148  0.52989206  0.41620827  0.44696022  0.44696022  0.43142574  0.46282517  0.46282517  0.47903497  0.44696022  0.44696022  0.46282517  0.46282517  
67_0_0     0.37233468  0.34445697  0.37233468  0.37233468  0.37233468  0.40129510  0.37233468  0.37233468  0.35826557  0.41620827  0.44696022  0.46282517  0.44696022  0.38667433  0.38667433  0.37233468  0.38667433  0.44696022  0.09161011  0.12144119  0.00000000  0.09161011  0.09161011  0.09161011  0.10142181  0.10142181  0.46282517  0.49560495  0.46282517  0.47903497  0.51255148  0.51255148  0.44696022  0.46282517  0.47903497  0.51255148  0.51255148  0.49560495  0.49560495  0.52989206  0.51255148  0.49560495  0.49560495  0.51255148  0.46282517  
89_0_0     0.31758392  0.31758392  0.31758392  0.31758392  0.31758392  0.37233468  0.34445697  0.34445697  0.33089941  0.35826557  0.41620827  0.43142574  0.43142574  0.37233468  0.40129510  0.38667433  0.37233468  0.46282517  0.03530542  0.08192581  0.09161011  0.00000000  0.00000000  0.00000000  0.00867090  0.06292652  0.47903497  0.52989206  0.49560495  0.51255148  0.54764547  0.54764547  0.47903497  0.49560495  0.38667433  0.41620827  0.41620827  0.40129510  0.40129510  0.43142574  0.41620827  0.41620827  0.38667433  0.40129510  0.40129510  
58_0_0     0.31758392  0.31758392  0.31758392  0.31758392  0.31758392  0.37233468  0.34445697  0.34445697  0.33089941  0.35826557  0.41620827  0.43142574  0.43142574  0.37233468  0.40129510  0.38667433  0.37233468  0.46282517  0.03530542  0.08192581  0.09161011  0.00000000  0.00000000  0.00000000  0.00867090  0.06292652  0.47903497  0.52989206  0.49560495  0.51255148  0.54764547  0.54764547  0.47903497  0.49560495  0.38667433  0.41620827  0.41620827  0.40129510  0.40129510  0.43142574  0.41620827  0.41620827  0.38667433  0.40129510  0.40129510  
61_0_0     0.31758392  0.31758392  0.31758392  0.31758392  0.31758392  0.37233468  0.34445697  0.34445697  0.33089941  0.35826557  0.41620827  0.43142574  0.43142574  0.37233468  0.40129510  0.38667433  0.37233468  0.46282517  0.03530542  0.08192581  0.09161011  0.00000000  0.00000000  0.00000000  0.00867090  0.06292652  0.47903497  0.52989206  0.49560495  0.51255148  0.54764547  0.54764547  0.47903497  0.49560495  0.38667433  0.41620827  0.41620827  0.40129510  0.40129510  0.43142574  0.41620827  0.41620827  0.38667433  0.40129510  0.40129510  
48_0_0     0.33089941  0.33089941  0.33089941  0.33089941  0.33089941  0.38667433  0.35826557  0.35826557  0.34445697  0.37233468  0.43142574  0.44696022  0.44696022  0.38667433  0.41620827  0.40129510  0.38667433  0.47903497  0.04439926  0.09161011  0.10142181  0.00867090  0.00867090  0.00867090  0.00000000  0.07236567  0.49560495  0.54764547  0.51255148  0.52989206  0.56583183  0.56583183  0.49560495  0.51255148  0.40129510  0.43142574  0.43142574  0.41620827  0.41620827  0.44696022  0.43142574  0.43142574  0.40129510  0.41620827  0.41620827  
75_0_0     0.34445697  0.34445697  0.34445697  0.34445697  0.34445697  0.35826557  0.33089941  0.33089941  0.31758392  0.34445697  0.40129510  0.41620827  0.34445697  0.30450201  0.35826557  0.34445697  0.30450201  0.41620827  0.06292652  0.09161011  0.10142181  0.06292652  0.06292652  0.06292652  0.07236567  0.00000000  0.47903497  0.47903497  0.47903497  0.49560495  0.56583183  0.56583183  0.49560495  0.51255148  0.40129510  0.43142574  0.46282517  0.44696022  0.44696022  0.47903497  0.46282517  0.43142574  0.43142574  0.44696022  0.47903497  
52_0_0     0.41620827  0.44696022  0.44696022  0.41620827  0.41620827  0.38667433  0.35826557  0.38667433  0.35826557  0.35826557  0.47903497  0.46282517  0.43142574  0.40129510  0.44696022  0.43142574  0.46282517  0.52989206  0.47903497  0.46282517  0.46282517  0.47903497  0.47903497  0.47903497  0.49560495  0.47903497  0.00000000  0.58447279  0.58447279  0.58447279  0.56583183  0.56583183  0.56583183  0.58447279  0.52989206  0.52989206  0.49560495  0.47903497  0.49560495  0.49560495  0.52989206  0.46282517  0.43142574  0.44696022  0.49560495  
74_0_0     0.49560495  0.49560495  0.49560495  0.49560495  0.49560495  0.52989206  0.49560495  0.52989206  0.49560495  0.44696022  0.47903497  0.49560495  0.43142574  0.44696022  0.44696022  0.46282517  0.52989206  0.58447279  0.49560495  0.56583183  0.49560495  0.52989206  0.52989206  0.52989206  0.54764547  0.47903497  0.58447279  0.00000000  0.01744381  0.01744381  0.09161011  0.09161011  0.02632114  0.02632114  0.33089941  0.31758392  0.37233468  0.33089941  0.31758392  0.34445697  0.31758392  0.34445697  0.33089941  0.34445697  0.35826557  
82_0_0     0.46282517  0.46282517  0.46282517  0.46282517  0.46282517  0.52989206  0.52989206  0.52989206  0.49560495  0.47903497  0.51255148  0.52989206  0.46282517  0.47903497  0.47903497  0.49560495  0.56583183  0.58447279  0.46282517  0.52989206  0.46282517  0.49560495  0.49560495  0.49560495  0.51255148  0.47903497  0.58447279  0.01744381  0.00000000  0.01744381  0.09161011  0.09161011  0.02632114  0.02632114  0.33089941  0.31758392  0.37233468  0.33089941  0.34445697  0.34445697  0.31758392  0.37233468  0.35826557  0.37233468  0.35826557  
65_0_0     0.49560495  0.49560495  0.49560495  0.49560495  0.49560495  0.52989206  0.49560495  0.52989206  0.52989206  0.47903497  0.47903497  0.49560495  0.43142574  0.44696022  0.44696022  0.46282517  0.52989206  0.58447279  0.49560495  0.56583183  0.47903497  0.51255148  0.51255148  0.51255148  0.52989206  0.49560495  0.58447279  0.01744381  0.01744381  0.00000000  0.09161011  0.09161011  0.02632114  0.02632114  0.33089941  0.31758392  0.37233468  0.33089941  0.31758392  0.34445697  0.31758392  0.34445697  0.33089941  0.34445697  0.35826557  
69_0_0     0.56583183  0.52989206  0.56583183  0.56583183  0.56583183  0.60359168  0.56583183  0.60359168  0.56583183  0.51255148  0.58447279  0.60359168  0.52989206  0.52989206  0.52989206  0.54764547  0.62321362  0.60359168  0.51255148  0.54764547  0.51255148  0.54764547  0.54764547  0.54764547  0.56583183  0.56583183  0.56583183  0.09161011  0.09161011  0.09161011  0.00000000  0.00000000  0.08192581  0.10142181  0.40129510  0.38667433  0.44696022  0.40129510  0.38667433  0.38667433  0.38667433  0.37233468  0.35826557  0.37233468  0.40129510  
59_0_0     0.56583183  0.52989206  0.56583183  0.56583183  0.56583183  0.60359168  0.56583183  0.60359168  0.56583183  0.51255148  0.58447279  0.60359168  0.52989206  0.52989206  0.52989206  0.54764547  0.62321362  0.60359168  0.51255148  0.54764547  0.51255148  0.54764547  0.54764547  0.54764547  0.56583183  0.56583183  0.56583183  0.09161011  0.09161011  0.09161011  0.00000000  0.00000000  0.08192581  0.10142181  0.40129510  0.38667433  0.44696022  0.40129510  0.38667433  0.38667433  0.38667433  0.37233468  0.35826557  0.37233468  0.40129510  
60_0_0     0.51255148  0.51255148  0.51255148  0.51255148  0.51255148  0.54764547  0.51255148  0.54764547  0.51255148  0.49560495  0.46282517  0.47903497  0.47903497  0.49560495  0.46282517  0.47903497  0.58447279  0.64336583  0.44696022  0.51255148  0.44696022  0.47903497  0.47903497  0.47903497  0.49560495  0.49560495  0.56583183  0.02632114  0.02632114  0.02632114  0.08192581  0.08192581  0.00000000  0.01744381  0.34445697  0.33089941  0.38667433  0.34445697  0.33089941  0.35826557  0.33089941  0.35826557  0.34445697  0.35826557  0.37233468  
78_0_0     0.49560495  0.49560495  0.49560495  0.49560495  0.49560495  0.52989206  0.49560495  0.52989206  0.49560495  0.47903497  0.47903497  0.49560495  0.46282517  0.47903497  0.44696022  0.46282517  0.56583183  0.62321362  0.46282517  0.52989206  0.46282517  0.49560495  0.49560495  0.49560495  0.51255148  0.51255148  0.58447279  0.02632114  0.02632114  0.02632114  0.10142181  0.10142181  0.01744381  0.00000000  0.31758392  0.30450201  0.38667433  0.34445697  0.30450201  0.35826557  0.33089941  0.35826557  0.34445697  0.35826557  0.37233468  
79_5_0     0.46282517  0.46282517  0.46282517  0.46282517  0.46282517  0.38667433  0.38667433  0.38667433  0.38667433  0.37233468  0.37233468  0.38667433  0.40129510  0.38667433  0.38667433  0.37233468  0.44696022  0.38667433  0.43142574  0.41620827  0.47903497  0.38667433  0.38667433  0.38667433  0.40129510  0.40129510  0.52989206  0.33089941  0.33089941  0.33089941  0.40129510  0.40129510  0.34445697  0.31758392  0.00000000  0.01744381  0.07236567  0.04439926  0.03530542  0.10142181  0.09161011  0.10142181  0.09161011  0.08192581  0.13165609  
93_5_0     0.46282517  0.46282517  0.46282517  0.46282517  0.46282517  0.38667433  0.38667433  0.38667433  0.38667433  0.37233468  0.34445697  0.35826557  0.37233468  0.38667433  0.38667433  0.37233468  0.44696022  0.37233468  0.46282517  0.44696022  0.51255148  0.41620827  0.41620827  0.41620827  0.43142574  0.43142574  0.52989206  0.31758392  0.31758392  0.31758392  0.38667433  0.38667433  0.33089941  0.30450201  0.01744381  0.00000000  0.08192581  0.05360536  0.04439926  0.11136433  0.10142181  0.11136433  0.10142181  0.09161011  0.14201284  
93_0_0     0.47903497  0.47903497  0.44696022  0.47903497  0.47903497  0.43142574  0.43142574  0.43142574  0.43142574  0.41620827  0.38667433  0.40129510  0.43142574  0.40129510  0.40129510  0.38667433  0.46282517  0.41620827  0.46282517  0.44696022  0.51255148  0.41620827  0.41620827  0.41620827  0.43142574  0.46282517  0.49560495  0.37233468  0.37233468  0.37233468  0.44696022  0.44696022  0.38667433  0.38667433  0.07236567  0.08192581  0.00000000  0.02632114  0.05360536  0.09161011  0.08192581  0.08192581  0.09161011  0.08192581  0.08192581  
79_0_0     0.44696022  0.44696022  0.44696022  0.44696022  0.44696022  0.40129510  0.40129510  0.40129510  0.40129510  0.38667433  0.35826557  0.37233468  0.40129510  0.37233468  0.37233468  0.35826557  0.43142574  0.38667433  0.44696022  0.43142574  0.49560495  0.40129510  0.40129510  0.40129510  0.41620827  0.44696022  0.47903497  0.33089941  0.33089941  0.33089941  0.40129510  0.40129510  0.34445697  0.34445697  0.04439926  0.05360536  0.02632114  0.00000000  0.02632114  0.08192581  0.07236567  0.07236567  0.06292652  0.05360536  0.10142181  
57_0_0     0.44696022  0.44696022  0.44696022  0.44696022  0.44696022  0.40129510  0.37233468  0.40129510  0.40129510  0.35826557  0.33089941  0.34445697  0.37233468  0.34445697  0.34445697  0.33089941  0.40129510  0.38667433  0.44696022  0.46282517  0.49560495  0.40129510  0.40129510  0.40129510  0.41620827  0.44696022  0.49560495  0.31758392  0.34445697  0.31758392  0.38667433  0.38667433  0.33089941  0.30450201  0.03530542  0.04439926  0.05360536  0.02632114  0.00000000  0.09161011  0.08192581  0.06292652  0.05360536  0.04439926  0.11136433  
84_0_0     0.44696022  0.44696022  0.41620827  0.44696022  0.44696022  0.46282517  0.46282517  0.46282517  0.46282517  0.41620827  0.38667433  0.37233468  0.43142574  0.40129510  0.40129510  0.38667433  0.46282517  0.43142574  0.47903497  0.46282517  0.52989206  0.43142574  0.43142574  0.43142574  0.44696022  0.47903497  0.49560495  0.34445697  0.34445697  0.34445697  0.38667433  0.38667433  0.35826557  0.35826557  0.10142181  0.11136433  0.09161011  0.08192581  0.09161011  0.00000000  0.06292652  0.12144119  0.11136433  0.10142181  0.10142181  
64_0_0     0.46282517  0.46282517  0.46282517  0.46282517  0.46282517  0.44696022  0.44696022  0.44696022  0.44696022  0.40129510  0.41620827  0.43142574  0.44696022  0.41620827  0.41620827  0.40129510  0.47903497  0.43142574  0.46282517  0.47903497  0.51255148  0.41620827  0.41620827  0.41620827  0.43142574  0.46282517  0.52989206  0.31758392  0.31758392  0.31758392  0.38667433  0.38667433  0.33089941  0.33089941  0.09161011  0.10142181  0.08192581  0.07236567  0.08192581  0.06292652  0.00000000  0.11136433  0.12144119  0.11136433  0.11136433  
53_0_0     0.46282517  0.44696022  0.46282517  0.46282517  0.46282517  0.38667433  0.35826557  0.38667433  0.38667433  0.34445697  0.31758392  0.33089941  0.35826557  0.33089941  0.35826557  0.34445697  0.38667433  0.38667433  0.43142574  0.44696022  0.49560495  0.41620827  0.41620827  0.41620827  0.43142574  0.43142574  0.46282517  0.34445697  0.37233468  0.34445697  0.37233468  0.37233468  0.35826557  0.35826557  0.10142181  0.11136433  0.08192581  0.07236567  0.06292652  0.12144119  0.11136433  0.00000000  0.02632114  0.01744381  0.10142181  
98_0_0     0.43142574  0.41620827  0.43142574  0.43142574  0.43142574  0.35826557  0.33089941  0.35826557  0.35826557  0.31758392  0.31758392  0.33089941  0.35826557  0.33089941  0.35826557  0.34445697  0.40129510  0.37233468  0.43142574  0.44696022  0.49560495  0.38667433  0.38667433  0.38667433  0.40129510  0.43142574  0.43142574  0.33089941  0.35826557  0.33089941  0.35826557  0.35826557  0.34445697  0.34445697  0.09161011  0.10142181  0.09161011  0.06292652  0.05360536  0.11136433  0.12144119  0.02632114  0.00000000  0.00867090  0.11136433  
71_0_0     0.44696022  0.43142574  0.44696022  0.44696022  0.44696022  0.37233468  0.34445697  0.37233468  0.37233468  0.33089941  0.33089941  0.34445697  0.37233468  0.34445697  0.37233468  0.35826557  0.40129510  0.38667433  0.44696022  0.46282517  0.51255148  0.40129510  0.40129510  0.40129510  0.41620827  0.44696022  0.44696022  0.34445697  0.37233468  0.34445697  0.37233468  0.37233468  0.35826557  0.35826557  0.08192581  0.09161011  0.08192581  0.05360536  0.04439926  0.10142181  0.11136433  0.01744381  0.00867090  0.00000000  0.10142181  
47_0_0     0.47903497  0.47903497  0.44696022  0.47903497  0.47903497  0.40129510  0.40129510  0.40129510  0.40129510  0.37233468  0.44696022  0.46282517  0.49560495  0.46282517  0.46282517  0.44696022  0.52989206  0.49560495  0.44696022  0.46282517  0.46282517  0.40129510  0.40129510  0.40129510  0.41620827  0.47903497  0.49560495  0.35826557  0.35826557  0.35826557  0.40129510  0.40129510  0.37233468  0.37233468  0.13165609  0.14201284  0.08192581  0.10142181  0.11136433  0.10142181  0.11136433  0.10142181  0.11136433  0.10142181  0.00000000  

