22
76_0_0     0.00000000  0.05060359  0.05644579  0.05644579  0.05060359  0.05060359  0.19116261  0.16354122  0.27290699  0.24970324  0.24970324  0.28080603  0.26509132  0.27290699  0.30502174  0.32161705  0.31327290  0.31327290  0.31327290  0.30502174  0.30502174  0.30502174  
78_0_0     0.05060359  0.00000000  0.02768512  0.05060359  0.05644579  0.04480712  0.17722312  0.13691333  0.25735730  0.24970324  0.24970324  0.29686152  0.24970324  0.25735730  0.25735730  0.30502174  0.29686152  0.29686152  0.29686152  0.28879025  0.27290699  0.28879025  
79_0_0     0.05644579  0.02768512  0.00000000  0.04480712  0.05060359  0.03905568  0.17035057  0.13040334  0.28080603  0.25735730  0.25735730  0.32161705  0.28879025  0.29686152  0.28080603  0.29686152  0.28879025  0.28879025  0.28879025  0.28080603  0.29686152  0.31327290  
76_4_0     0.05644579  0.05060359  0.04480712  0.00000000  0.02768512  0.02768512  0.14348106  0.10492112  0.24212748  0.23462846  0.23462846  0.28080603  0.26509132  0.27290699  0.24212748  0.27290699  0.26509132  0.26509132  0.26509132  0.25735730  0.25735730  0.27290699  
78_4_0     0.05060359  0.05644579  0.05060359  0.02768512  0.00000000  0.01095014  0.16354122  0.13691333  0.28080603  0.25735730  0.25735730  0.28879025  0.28879025  0.29686152  0.28080603  0.31327290  0.30502174  0.30502174  0.30502174  0.29686152  0.28080603  0.29686152  
79_4_0     0.05060359  0.04480712  0.03905568  0.02768512  0.01095014  0.00000000  0.16354122  0.13691333  0.26509132  0.25735730  0.25735730  0.30502174  0.27290699  0.28080603  0.27290699  0.30502174  0.29686152  0.29686152  0.29686152  0.28879025  0.28879025  0.30502174  
85_0_0     0.19116261  0.17722312  0.17035057  0.14348106  0.16354122  0.16354122  0.00000000  0.04480712  0.19823202  0.15679393  0.15679393  0.22720463  0.21257662  0.21985450  0.26509132  0.28080603  0.27290699  0.22720463  0.22720463  0.21985450  0.26509132  0.28080603  
90_0_0     0.16354122  0.13691333  0.13040334  0.10492112  0.13691333  0.13691333  0.04480712  0.00000000  0.17035057  0.15679393  0.14348106  0.21985450  0.21985450  0.22720463  0.26509132  0.28879025  0.26509132  0.23462846  0.23462846  0.22720463  0.27290699  0.28879025  
83_0_0     0.27290699  0.25735730  0.28080603  0.24212748  0.28080603  0.26509132  0.19823202  0.17035057  0.00000000  0.08028681  0.05644579  0.21257662  0.17035057  0.17722312  0.24970324  0.26509132  0.26509132  0.26509132  0.26509132  0.25735730  0.27290699  0.27290699  
87_0_0     0.24970324  0.24970324  0.25735730  0.23462846  0.25735730  0.25735730  0.15679393  0.15679393  0.08028681  0.00000000  0.02206466  0.21257662  0.15679393  0.16354122  0.25735730  0.24212748  0.24212748  0.27290699  0.27290699  0.26509132  0.26509132  0.26509132  
98_0_0     0.24970324  0.24970324  0.25735730  0.23462846  0.25735730  0.25735730  0.15679393  0.14348106  0.05644579  0.02206466  0.00000000  0.18416006  0.14348106  0.15010758  0.24970324  0.23462846  0.23462846  0.26509132  0.26509132  0.25735730  0.25735730  0.25735730  
83_3_0     0.28080603  0.29686152  0.32161705  0.28080603  0.28879025  0.30502174  0.22720463  0.21985450  0.21257662  0.21257662  0.18416006  0.00000000  0.11755261  0.12395009  0.28080603  0.28080603  0.27290699  0.30502174  0.30502174  0.29686152  0.26509132  0.26509132  
98_3_0     0.26509132  0.24970324  0.28879025  0.26509132  0.28879025  0.27290699  0.21257662  0.21985450  0.17035057  0.15679393  0.14348106  0.11755261  0.00000000  0.00545483  0.24212748  0.25735730  0.26509132  0.30502174  0.30502174  0.29686152  0.28879025  0.28879025  
87_3_0     0.27290699  0.25735730  0.29686152  0.27290699  0.29686152  0.28080603  0.21985450  0.22720463  0.17722312  0.16354122  0.15010758  0.12395009  0.00545483  0.00000000  0.24970324  0.26509132  0.27290699  0.29686152  0.29686152  0.28879025  0.28080603  0.28080603  
96_0_0     0.30502174  0.25735730  0.28080603  0.24212748  0.28080603  0.27290699  0.26509132  0.26509132  0.24970324  0.25735730  0.24970324  0.28080603  0.24212748  0.24970324  0.00000000  0.15679393  0.15679393  0.17722312  0.17722312  0.17035057  0.16354122  0.15010758  
77_0_0     0.32161705  0.30502174  0.29686152  0.27290699  0.31327290  0.30502174  0.28080603  0.28879025  0.26509132  0.24212748  0.23462846  0.28080603  0.25735730  0.26509132  0.15679393  0.00000000  0.01648655  0.11120993  0.11120993  0.10492112  0.09868527  0.09868527  
97_0_0     0.31327290  0.29686152  0.28879025  0.26509132  0.30502174  0.29686152  0.27290699  0.26509132  0.26509132  0.24212748  0.23462846  0.27290699  0.26509132  0.27290699  0.15679393  0.01648655  0.00000000  0.11755261  0.11755261  0.11120993  0.10492112  0.10492112  
92_1_0     0.31327290  0.29686152  0.28879025  0.26509132  0.30502174  0.29686152  0.22720463  0.23462846  0.26509132  0.27290699  0.26509132  0.30502174  0.30502174  0.29686152  0.17722312  0.11120993  0.11755261  0.00000000  0.00000000  0.00545483  0.06827034  0.08028681  
92_2_0     0.31327290  0.29686152  0.28879025  0.26509132  0.30502174  0.29686152  0.22720463  0.23462846  0.26509132  0.27290699  0.26509132  0.30502174  0.30502174  0.29686152  0.17722312  0.11120993  0.11755261  0.00000000  0.00000000  0.00545483  0.06827034  0.08028681  
89_1_0     0.30502174  0.28879025  0.28080603  0.25735730  0.29686152  0.28879025  0.21985450  0.22720463  0.25735730  0.26509132  0.25735730  0.29686152  0.29686152  0.28879025  0.17035057  0.10492112  0.11120993  0.00545483  0.00545483  0.00000000  0.06233446  0.07425420  
92_0_0     0.30502174  0.27290699  0.29686152  0.25735730  0.28080603  0.28879025  0.26509132  0.27290699  0.27290699  0.26509132  0.25735730  0.26509132  0.28879025  0.28080603  0.16354122  0.09868527  0.10492112  0.06827034  0.06827034  0.06233446  0.00000000  0.01095014  
89_0_0     0.30502174  0.28879025  0.31327290  0.27290699  0.29686152  0.30502174  0.28080603  0.28879025  0.27290699  0.26509132  0.25735730  0.26509132  0.28879025  0.28080603  0.15010758  0.09868527  0.10492112  0.08028681  0.08028681  0.07425420  0.01095014  0.00000000  

