37
97_7_0     0.00000000  0.29064960  0.30379043  0.30379043  0.30379043  0.31045192  0.62420162  0.56464330  0.58395366  0.57423372  0.64520224  0.64520224  0.71215128  0.62420162  0.64520224  0.63462535  0.63462535  0.67789868  0.74811561  0.74811561  0.71215128  0.64520224  0.66683402  0.70055170  0.70055170  0.70055170  0.70055170  0.85385680  0.77313057  0.74811561  0.74811561  0.68913608  0.68913608  0.63462535  0.63462535  0.59380664  0.73592675  
41_7_0     0.29064960  0.00000000  0.11783521  0.11783521  0.11783521  0.12297467  0.57423372  0.53661566  0.58395366  0.57423372  0.57423372  0.57423372  0.57423372  0.54583748  0.52751049  0.52751049  0.52751049  0.60379637  0.64520224  0.63462535  0.64520224  0.65593688  0.65593688  0.56464330  0.62420162  0.59380664  0.59380664  0.71215128  0.63462535  0.71215128  0.61392669  0.63462535  0.63462535  0.55517897  0.55517897  0.65593688  0.62420162  
76_7_0     0.30379043  0.11783521  0.00000000  0.00000000  0.02657141  0.03109693  0.55517897  0.51851907  0.52751049  0.54583748  0.59380664  0.59380664  0.62420162  0.54583748  0.54583748  0.60379637  0.60379637  0.63462535  0.64520224  0.62420162  0.61392669  0.63462535  0.62420162  0.57423372  0.68913608  0.68913608  0.68913608  0.67789868  0.60379637  0.74811561  0.65593688  0.60379637  0.60379637  0.51851907  0.51851907  0.62420162  0.65593688  
27_7_0     0.30379043  0.11783521  0.00000000  0.00000000  0.02657141  0.03109693  0.55517897  0.51851907  0.52751049  0.54583748  0.59380664  0.59380664  0.62420162  0.54583748  0.54583748  0.60379637  0.60379637  0.63462535  0.64520224  0.62420162  0.61392669  0.63462535  0.62420162  0.57423372  0.68913608  0.68913608  0.68913608  0.67789868  0.60379637  0.74811561  0.65593688  0.60379637  0.60379637  0.51851907  0.51851907  0.62420162  0.65593688  
76_9_0     0.30379043  0.11783521  0.02657141  0.02657141  0.00000000  0.00436101  0.54583748  0.50963857  0.51851907  0.53661566  0.59380664  0.59380664  0.63462535  0.57423372  0.54583748  0.60379637  0.60379637  0.65593688  0.64520224  0.62420162  0.63462535  0.61392669  0.60379637  0.55517897  0.65593688  0.71215128  0.71215128  0.70055170  0.55517897  0.70055170  0.63462535  0.59380664  0.59380664  0.52751049  0.52751049  0.61392669  0.63462535  
27_9_0     0.31045192  0.12297467  0.03109693  0.03109693  0.00436101  0.00000000  0.55517897  0.51851907  0.52751049  0.54583748  0.60379637  0.60379637  0.64520224  0.58395366  0.55517897  0.61392669  0.61392669  0.66683402  0.65593688  0.63462535  0.64520224  0.62420162  0.61392669  0.56464330  0.66683402  0.72394086  0.72394086  0.71215128  0.55517897  0.71215128  0.64520224  0.60379637  0.60379637  0.53661566  0.53661566  0.62420162  0.64520224  
99_0_0     0.62420162  0.57423372  0.55517897  0.55517897  0.54583748  0.55517897  0.00000000  0.09267437  0.09267437  0.16001657  0.45854032  0.45854032  0.50963857  0.48363611  0.82592995  0.81236260  0.82592995  0.83975795  0.77313057  0.74811561  0.74811561  0.78597179  0.71215128  0.59380664  0.73592675  0.72394086  0.72394086  0.78597179  0.74811561  0.82592995  0.79904625  0.82592995  0.82592995  0.74811561  0.76051443  0.86823734  0.83975795  
69_0_0     0.56464330  0.53661566  0.51851907  0.51851907  0.50963857  0.51851907  0.09267437  0.00000000  0.03565108  0.13861695  0.44228305  0.44228305  0.49219965  0.46680874  0.79904625  0.79904625  0.81236260  0.82592995  0.71215128  0.68913608  0.71215128  0.77313057  0.61392669  0.59380664  0.68913608  0.65593688  0.65593688  0.71215128  0.65593688  0.76051443  0.77313057  0.77313057  0.77313057  0.76051443  0.77313057  0.81236260  0.74811561  
67_0_0     0.58395366  0.58395366  0.52751049  0.52751049  0.51851907  0.52751049  0.09267437  0.03565108  0.00000000  0.13861695  0.43429007  0.43429007  0.48363611  0.44228305  0.81236260  0.85385680  0.86823734  0.85385680  0.72394086  0.70055170  0.72394086  0.76051443  0.66683402  0.63462535  0.71215128  0.67789868  0.67789868  0.76051443  0.65593688  0.79904625  0.74811561  0.76051443  0.76051443  0.73592675  0.74811561  0.78597179  0.72394086  
66_0_0     0.57423372  0.57423372  0.54583748  0.54583748  0.53661566  0.54583748  0.16001657  0.13861695  0.13861695  0.00000000  0.46680874  0.46680874  0.53661566  0.48363611  0.83975795  0.82592995  0.83975795  0.82592995  0.74811561  0.71215128  0.76051443  0.77313057  0.67789868  0.70055170  0.79904625  0.74811561  0.74811561  0.77313057  0.73592675  0.79904625  0.73592675  0.68913608  0.68913608  0.67789868  0.68913608  0.73592675  0.77313057  
67_5_0     0.64520224  0.57423372  0.59380664  0.59380664  0.59380664  0.60379637  0.45854032  0.44228305  0.43429007  0.46680874  0.00000000  0.00436101  0.07798948  0.11273219  0.81236260  0.82592995  0.81236260  0.79904625  0.86823734  0.91318751  0.85385680  0.82592995  0.81236260  0.71215128  0.79904625  0.76051443  0.76051443  0.74811561  0.79904625  0.85385680  0.82592995  0.94479360  0.94479360  0.91318751  0.89789010  1.03047191  0.70055170  
69_5_0     0.64520224  0.57423372  0.59380664  0.59380664  0.59380664  0.60379637  0.45854032  0.44228305  0.43429007  0.46680874  0.00436101  0.00000000  0.08285123  0.11783521  0.81236260  0.82592995  0.81236260  0.79904625  0.86823734  0.91318751  0.85385680  0.82592995  0.81236260  0.71215128  0.79904625  0.76051443  0.76051443  0.74811561  0.79904625  0.86823734  0.82592995  0.94479360  0.94479360  0.91318751  0.89789010  1.03047191  0.70055170  
99_5_0     0.71215128  0.57423372  0.62420162  0.62420162  0.63462535  0.64520224  0.50963857  0.49219965  0.48363611  0.53661566  0.07798948  0.08285123  0.00000000  0.12815109  0.79904625  0.81236260  0.79904625  0.78597179  0.89789010  0.94479360  0.85385680  0.92881709  0.96113278  0.71215128  0.81236260  0.74811561  0.74811561  0.70055170  0.79904625  0.85385680  0.83975795  0.86823734  0.86823734  0.83975795  0.82592995  0.92881709  0.71215128  
66_5_0     0.62420162  0.54583748  0.54583748  0.54583748  0.57423372  0.58395366  0.48363611  0.46680874  0.44228305  0.48363611  0.11273219  0.11783521  0.12815109  0.00000000  0.73592675  0.81236260  0.79904625  0.78597179  0.86823734  0.88291103  0.82592995  0.86823734  0.82592995  0.71215128  0.79904625  0.77313057  0.77313057  0.81236260  0.78597179  0.83975795  0.79904625  0.83975795  0.83975795  0.81236260  0.79904625  0.91318751  0.70055170  
18_1_0     0.64520224  0.52751049  0.54583748  0.54583748  0.54583748  0.55517897  0.82592995  0.79904625  0.81236260  0.83975795  0.81236260  0.81236260  0.79904625  0.73592675  0.00000000  0.12297467  0.12297467  0.13336500  0.33081446  0.33773202  0.31717563  0.37335363  0.38811097  0.27774437  0.29719003  0.28416806  0.28416806  0.32396274  0.37335363  0.76051443  0.67789868  0.61392669  0.61392669  0.66683402  0.65593688  0.66683402  0.62420162  
9_1_0      0.63462535  0.52751049  0.60379637  0.60379637  0.60379637  0.61392669  0.81236260  0.79904625  0.85385680  0.82592995  0.82592995  0.82592995  0.81236260  0.81236260  0.12297467  0.00000000  0.00874860  0.05416142  0.33773202  0.33081446  0.32396274  0.35889277  0.37335363  0.25881025  0.23431544  0.22831980  0.22831980  0.34471671  0.39560467  0.79904625  0.63462535  0.60379637  0.60379637  0.62420162  0.63462535  0.66683402  0.62420162  
17_1_0     0.63462535  0.52751049  0.60379637  0.60379637  0.60379637  0.61392669  0.82592995  0.81236260  0.86823734  0.83975795  0.81236260  0.81236260  0.79904625  0.79904625  0.12297467  0.00874860  0.00000000  0.05416142  0.34471671  0.33773202  0.33081446  0.36608689  0.36608689  0.26506645  0.24036144  0.23431544  0.23431544  0.33773202  0.38811097  0.81236260  0.64520224  0.61392669  0.61392669  0.63462535  0.62420162  0.67789868  0.61392669  
20_1_0     0.67789868  0.60379637  0.63462535  0.63462535  0.65593688  0.66683402  0.83975795  0.82592995  0.85385680  0.82592995  0.79904625  0.79904625  0.78597179  0.78597179  0.13336500  0.05416142  0.05416142  0.00000000  0.31717563  0.31717563  0.31045192  0.35889277  0.34471671  0.27137750  0.24645866  0.25881025  0.25881025  0.30379043  0.38069448  0.77313057  0.64520224  0.61392669  0.61392669  0.65593688  0.64520224  0.70055170  0.61392669  
17_2_0     0.74811561  0.64520224  0.64520224  0.64520224  0.64520224  0.65593688  0.77313057  0.71215128  0.72394086  0.74811561  0.86823734  0.86823734  0.89789010  0.86823734  0.33081446  0.33773202  0.34471671  0.31717563  0.00000000  0.02657141  0.03109693  0.21647629  0.21647629  0.33081446  0.33773202  0.38069448  0.38069448  0.38069448  0.45036579  0.67789868  0.70055170  0.54583748  0.54583748  0.55517897  0.56464330  0.61392669  0.54583748  
9_2_0      0.74811561  0.63462535  0.62420162  0.62420162  0.62420162  0.63462535  0.74811561  0.68913608  0.70055170  0.71215128  0.91318751  0.91318751  0.94479360  0.88291103  0.33773202  0.33081446  0.33773202  0.31717563  0.02657141  0.00000000  0.05416142  0.21062682  0.23431544  0.30379043  0.33081446  0.37335363  0.37335363  0.37335363  0.42638488  0.71215128  0.72394086  0.53661566  0.53661566  0.56464330  0.57423372  0.61392669  0.53661566  
20_2_0     0.71215128  0.64520224  0.61392669  0.61392669  0.63462535  0.64520224  0.74811561  0.71215128  0.72394086  0.76051443  0.85385680  0.85385680  0.85385680  0.82592995  0.31717563  0.32396274  0.33081446  0.31045192  0.03109693  0.05416142  0.00000000  0.19906858  0.23431544  0.34471671  0.34471671  0.37335363  0.37335363  0.38811097  0.45854032  0.72394086  0.70055170  0.59380664  0.59380664  0.55517897  0.56464330  0.60379637  0.57423372  
18_2_0     0.64520224  0.65593688  0.63462535  0.63462535  0.61392669  0.62420162  0.78597179  0.77313057  0.76051443  0.77313057  0.82592995  0.82592995  0.92881709  0.86823734  0.37335363  0.35889277  0.36608689  0.35889277  0.21647629  0.21062682  0.19906858  0.00000000  0.26506645  0.35889277  0.35889277  0.35176984  0.35176984  0.46680874  0.45854032  0.77313057  0.65593688  0.58395366  0.58395366  0.56464330  0.57423372  0.61392669  0.67789868  
7_2_0      0.66683402  0.65593688  0.62420162  0.62420162  0.60379637  0.61392669  0.71215128  0.61392669  0.66683402  0.67789868  0.81236260  0.81236260  0.96113278  0.82592995  0.38811097  0.37335363  0.36608689  0.34471671  0.21647629  0.23431544  0.23431544  0.26506645  0.00000000  0.29064960  0.31717563  0.33081446  0.33081446  0.43429007  0.40317721  0.71215128  0.72394086  0.61392669  0.61392669  0.61392669  0.60379637  0.63462535  0.65593688  
2_1_0      0.70055170  0.56464330  0.57423372  0.57423372  0.55517897  0.56464330  0.59380664  0.59380664  0.63462535  0.70055170  0.71215128  0.71215128  0.71215128  0.71215128  0.27774437  0.25881025  0.26506645  0.27137750  0.33081446  0.30379043  0.34471671  0.35889277  0.29064960  0.00000000  0.17095978  0.21062682  0.21062682  0.34471671  0.33773202  0.78597179  0.68913608  0.59380664  0.59380664  0.63462535  0.64520224  0.67789868  0.62420162  
14_1_0     0.70055170  0.62420162  0.68913608  0.68913608  0.65593688  0.66683402  0.73592675  0.68913608  0.71215128  0.79904625  0.79904625  0.79904625  0.81236260  0.79904625  0.29719003  0.23431544  0.24036144  0.24645866  0.33773202  0.33081446  0.34471671  0.35889277  0.31717563  0.17095978  0.00000000  0.11273219  0.11273219  0.35176984  0.32396274  0.73592675  0.63462535  0.57423372  0.57423372  0.60379637  0.61392669  0.63462535  0.64520224  
16_1_0     0.70055170  0.59380664  0.68913608  0.68913608  0.71215128  0.72394086  0.72394086  0.65593688  0.67789868  0.74811561  0.76051443  0.76051443  0.74811561  0.77313057  0.28416806  0.22831980  0.23431544  0.25881025  0.38069448  0.37335363  0.37335363  0.35176984  0.33081446  0.21062682  0.11273219  0.00000000  0.00000000  0.34471671  0.39560467  0.88291103  0.62420162  0.57423372  0.57423372  0.60379637  0.61392669  0.63462535  0.65593688  
4_1_0      0.70055170  0.59380664  0.68913608  0.68913608  0.71215128  0.72394086  0.72394086  0.65593688  0.67789868  0.74811561  0.76051443  0.76051443  0.74811561  0.77313057  0.28416806  0.22831980  0.23431544  0.25881025  0.38069448  0.37335363  0.37335363  0.35176984  0.33081446  0.21062682  0.11273219  0.00000000  0.00000000  0.34471671  0.39560467  0.88291103  0.62420162  0.57423372  0.57423372  0.60379637  0.61392669  0.63462535  0.65593688  
19_1_0     0.85385680  0.71215128  0.67789868  0.67789868  0.70055170  0.71215128  0.78597179  0.71215128  0.76051443  0.77313057  0.74811561  0.74811561  0.70055170  0.81236260  0.32396274  0.34471671  0.33773202  0.30379043  0.38069448  0.37335363  0.38811097  0.46680874  0.43429007  0.34471671  0.35176984  0.34471671  0.34471671  0.00000000  0.25260796  0.82592995  0.66683402  0.57423372  0.56464330  0.59380664  0.58395366  0.64520224  0.59380664  
5_1_0      0.77313057  0.63462535  0.60379637  0.60379637  0.55517897  0.55517897  0.74811561  0.65593688  0.65593688  0.73592675  0.79904625  0.79904625  0.79904625  0.78597179  0.37335363  0.39560467  0.38811097  0.38069448  0.45036579  0.42638488  0.45854032  0.45854032  0.40317721  0.33773202  0.32396274  0.39560467  0.39560467  0.25260796  0.00000000  0.81236260  0.65593688  0.60379637  0.60379637  0.63462535  0.62420162  0.66683402  0.59380664  
5_0_0      0.74811561  0.71215128  0.74811561  0.74811561  0.70055170  0.71215128  0.82592995  0.76051443  0.79904625  0.79904625  0.85385680  0.86823734  0.85385680  0.83975795  0.76051443  0.79904625  0.81236260  0.77313057  0.67789868  0.71215128  0.72394086  0.77313057  0.71215128  0.78597179  0.73592675  0.88291103  0.88291103  0.82592995  0.81236260  0.00000000  0.55517897  0.55517897  0.54583748  0.56464330  0.57423372  0.59380664  0.64520224  
2_0_0      0.74811561  0.61392669  0.65593688  0.65593688  0.63462535  0.64520224  0.79904625  0.77313057  0.74811561  0.73592675  0.82592995  0.82592995  0.83975795  0.79904625  0.67789868  0.63462535  0.64520224  0.64520224  0.70055170  0.72394086  0.70055170  0.65593688  0.72394086  0.68913608  0.63462535  0.62420162  0.62420162  0.66683402  0.65593688  0.55517897  0.00000000  0.33773202  0.33081446  0.25260796  0.25881025  0.38069448  0.45854032  
4_0_0      0.68913608  0.63462535  0.60379637  0.60379637  0.59380664  0.60379637  0.82592995  0.77313057  0.76051443  0.68913608  0.94479360  0.94479360  0.86823734  0.83975795  0.61392669  0.60379637  0.61392669  0.61392669  0.54583748  0.53661566  0.59380664  0.58395366  0.61392669  0.59380664  0.57423372  0.57423372  0.57423372  0.57423372  0.60379637  0.55517897  0.33773202  0.00000000  0.00436101  0.12297467  0.12815109  0.18207193  0.33081446  
16_0_0     0.68913608  0.63462535  0.60379637  0.60379637  0.59380664  0.60379637  0.82592995  0.77313057  0.76051443  0.68913608  0.94479360  0.94479360  0.86823734  0.83975795  0.61392669  0.60379637  0.61392669  0.61392669  0.54583748  0.53661566  0.59380664  0.58395366  0.61392669  0.59380664  0.57423372  0.57423372  0.57423372  0.56464330  0.60379637  0.54583748  0.33081446  0.00436101  0.00000000  0.11783521  0.12297467  0.17649441  0.33773202  
4_4_0      0.63462535  0.55517897  0.51851907  0.51851907  0.52751049  0.53661566  0.74811561  0.76051443  0.73592675  0.67789868  0.91318751  0.91318751  0.83975795  0.81236260  0.66683402  0.62420162  0.63462535  0.65593688  0.55517897  0.56464330  0.55517897  0.56464330  0.61392669  0.63462535  0.60379637  0.60379637  0.60379637  0.59380664  0.63462535  0.56464330  0.25260796  0.12297467  0.11783521  0.00000000  0.00436101  0.17649441  0.31717563  
16_4_0     0.63462535  0.55517897  0.51851907  0.51851907  0.52751049  0.53661566  0.76051443  0.77313057  0.74811561  0.68913608  0.89789010  0.89789010  0.82592995  0.79904625  0.65593688  0.63462535  0.62420162  0.64520224  0.56464330  0.57423372  0.56464330  0.57423372  0.60379637  0.64520224  0.61392669  0.61392669  0.61392669  0.58395366  0.62420162  0.57423372  0.25881025  0.12815109  0.12297467  0.00436101  0.00000000  0.18207193  0.31045192  
14_0_0     0.59380664  0.65593688  0.62420162  0.62420162  0.61392669  0.62420162  0.86823734  0.81236260  0.78597179  0.73592675  1.03047191  1.03047191  0.92881709  0.91318751  0.66683402  0.66683402  0.67789868  0.70055170  0.61392669  0.61392669  0.60379637  0.61392669  0.63462535  0.67789868  0.63462535  0.63462535  0.63462535  0.64520224  0.66683402  0.59380664  0.38069448  0.18207193  0.17649441  0.17649441  0.18207193  0.00000000  0.39560467  
15_0_0     0.73592675  0.62420162  0.65593688  0.65593688  0.63462535  0.64520224  0.83975795  0.74811561  0.72394086  0.77313057  0.70055170  0.70055170  0.71215128  0.70055170  0.62420162  0.62420162  0.61392669  0.61392669  0.54583748  0.53661566  0.57423372  0.67789868  0.65593688  0.62420162  0.64520224  0.65593688  0.65593688  0.59380664  0.59380664  0.64520224  0.45854032  0.33081446  0.33773202  0.31717563  0.31045192  0.39560467  0.00000000  

