20
7_0_0      0.00000000  0.00394743  0.05726024  0.16697071  0.17191149  0.17191149  0.16206242  0.16206242  0.16206242  0.14752839  0.11010071  0.33160307  0.28981340  0.30151638  0.30151638  0.30151638  0.30743744  0.30151638  0.31340587  0.30743744  
11_0_0     0.00394743  0.00000000  0.06152346  0.17191149  0.17688522  0.17688522  0.16697071  0.16697071  0.16697071  0.15234168  0.11467777  0.32548789  0.29564195  0.29564195  0.29564195  0.29564195  0.30151638  0.29564195  0.30743744  0.30151638  
10_0_0     0.05726024  0.06152346  0.00000000  0.20744465  0.20226369  0.19200848  0.18189232  0.18189232  0.16697071  0.15234168  0.14274596  0.31942242  0.30151638  0.32548789  0.33160307  0.33160307  0.33776879  0.31340587  0.32548789  0.31942242  
1_0_0      0.16697071  0.17191149  0.20744465  0.00000000  0.07012367  0.11010071  0.18693326  0.18693326  0.20744465  0.20226369  0.18189232  0.35025523  0.33160307  0.36295420  0.33776879  0.33776879  0.34398589  0.38901957  0.40240189  0.35657770  
9_0_0      0.17191149  0.17688522  0.20226369  0.07012367  0.00000000  0.11928308  0.16697071  0.16697071  0.20226369  0.19711847  0.16697071  0.33160307  0.32548789  0.31942242  0.33776879  0.33776879  0.34398589  0.38241736  0.39568073  0.36938567  
6_0_0      0.17191149  0.17688522  0.19200848  0.11010071  0.11928308  0.00000000  0.16697071  0.16697071  0.18189232  0.16697071  0.17688522  0.29564195  0.28403004  0.33160307  0.33160307  0.33160307  0.33776879  0.30743744  0.31942242  0.33776879  
8_0_0      0.16206242  0.16697071  0.18189232  0.18693326  0.16697071  0.16697071  0.00000000  0.00000000  0.19200848  0.19711847  0.17688522  0.36938567  0.35657770  0.35025523  0.40240189  0.40240189  0.38241736  0.36938567  0.38241736  0.34398589  
2_0_0      0.16206242  0.16697071  0.18189232  0.18693326  0.16697071  0.16697071  0.00000000  0.00000000  0.19200848  0.19711847  0.17688522  0.36938567  0.35657770  0.35025523  0.40240189  0.40240189  0.38241736  0.36938567  0.38241736  0.34398589  
4_0_0      0.16206242  0.16697071  0.16697071  0.20744465  0.20226369  0.18189232  0.19200848  0.19200848  0.00000000  0.01994939  0.07012367  0.33776879  0.33160307  0.35025523  0.36938567  0.36938567  0.37587306  0.31942242  0.33160307  0.37587306  
3_0_0      0.14752839  0.15234168  0.15234168  0.20226369  0.19711847  0.16697071  0.19711847  0.19711847  0.01994939  0.00000000  0.06581117  0.31942242  0.31340587  0.35657770  0.35025523  0.35025523  0.36938567  0.31340587  0.32548789  0.38241736  
5_0_0      0.11010071  0.11467777  0.14274596  0.18189232  0.16697071  0.17688522  0.17688522  0.17688522  0.07012367  0.06581117  0.00000000  0.33160307  0.31340587  0.32548789  0.35025523  0.35025523  0.35657770  0.32548789  0.33776879  0.38241736  
17_0_0     0.33160307  0.32548789  0.31942242  0.35025523  0.33160307  0.29564195  0.36938567  0.36938567  0.33776879  0.31942242  0.33160307  0.00000000  0.04461483  0.18693326  0.15234168  0.15234168  0.15718622  0.17191149  0.18189232  0.18693326  
16_0_0     0.28981340  0.29564195  0.30151638  0.33160307  0.32548789  0.28403004  0.35657770  0.35657770  0.33160307  0.31340587  0.31340587  0.04461483  0.00000000  0.20226369  0.16697071  0.16697071  0.17191149  0.18693326  0.19711847  0.19200848  
13_0_0     0.30151638  0.29564195  0.32548789  0.36295420  0.31942242  0.33160307  0.35025523  0.35025523  0.35025523  0.35657770  0.32548789  0.18693326  0.20226369  0.00000000  0.12391700  0.12391700  0.11010071  0.14274596  0.15234168  0.20744465  
12_0_0     0.30151638  0.29564195  0.33160307  0.33776879  0.33776879  0.33160307  0.40240189  0.40240189  0.36938567  0.35025523  0.35025523  0.15234168  0.16697071  0.12391700  0.00000000  0.00000000  0.01190551  0.13327208  0.14274596  0.19711847  
19_0_0     0.30151638  0.29564195  0.33160307  0.33776879  0.33776879  0.33160307  0.40240189  0.40240189  0.36938567  0.35025523  0.35025523  0.15234168  0.16697071  0.12391700  0.00000000  0.00000000  0.01190551  0.13327208  0.14274596  0.19711847  
20_0_0     0.30743744  0.30151638  0.33776879  0.34398589  0.34398589  0.33776879  0.38241736  0.38241736  0.37587306  0.36938567  0.35657770  0.15718622  0.17191149  0.11010071  0.01190551  0.01190551  0.00000000  0.11928308  0.12857988  0.18189232  
14_0_0     0.30151638  0.29564195  0.31340587  0.38901957  0.38241736  0.30743744  0.36938567  0.36938567  0.31942242  0.31340587  0.32548789  0.17191149  0.18693326  0.14274596  0.13327208  0.13327208  0.11928308  0.00000000  0.00791586  0.20226369  
18_0_0     0.31340587  0.30743744  0.32548789  0.40240189  0.39568073  0.31942242  0.38241736  0.38241736  0.33160307  0.32548789  0.33776879  0.18189232  0.19711847  0.15234168  0.14274596  0.14274596  0.12857988  0.00791586  0.00000000  0.21266183  
15_0_0     0.30743744  0.30151638  0.31942242  0.35657770  0.36938567  0.33776879  0.34398589  0.34398589  0.37587306  0.38241736  0.38241736  0.18693326  0.19200848  0.20744465  0.19711847  0.19711847  0.18189232  0.20226369  0.21266183  0.00000000  

