21
13_0_0     0.00000000  0.00000000  0.00000000  0.00576962  0.01158469  0.00576962  0.07240333  0.06609094  0.06609094  0.06609094  0.06609094  0.05983208  0.06609094  0.07240333  0.07240333  0.19636366  0.19636366  0.19636366  0.19636366  0.15268915  0.18151649  
6_0_0      0.00000000  0.00000000  0.00000000  0.00576962  0.01158469  0.00576962  0.07240333  0.06609094  0.06609094  0.06609094  0.06609094  0.05983208  0.06609094  0.07240333  0.07240333  0.19636366  0.19636366  0.19636366  0.19636366  0.15268915  0.18151649  
3_0_0      0.00000000  0.00000000  0.00000000  0.00576962  0.01158469  0.00576962  0.07240333  0.06609094  0.06609094  0.06609094  0.06609094  0.05983208  0.06609094  0.07240333  0.07240333  0.19636366  0.19636366  0.19636366  0.19636366  0.15268915  0.18151649  
11_0_0     0.00576962  0.00576962  0.00576962  0.00000000  0.00576962  0.00000000  0.06609094  0.07240333  0.07240333  0.07240333  0.07240333  0.06609094  0.07240333  0.07877017  0.07877017  0.18890274  0.18890274  0.18890274  0.18890274  0.14565486  0.18890274  
2_0_0      0.01158469  0.01158469  0.01158469  0.00576962  0.00000000  0.00576962  0.07240333  0.07877017  0.07877017  0.07877017  0.07877017  0.07240333  0.07877017  0.07877017  0.07877017  0.18151649  0.18151649  0.18151649  0.18151649  0.15268915  0.18151649  
14_0_0     0.00576962  0.00576962  0.00576962  0.00000000  0.00576962  0.00000000  0.06609094  0.07240333  0.07240333  0.07240333  0.07240333  0.06609094  0.07240333  0.07877017  0.07877017  0.18890274  0.18890274  0.18890274  0.18890274  0.14565486  0.18890274  
9_0_0      0.07240333  0.07240333  0.07240333  0.06609094  0.07240333  0.06609094  0.00000000  0.03531424  0.03531424  0.03531424  0.03531424  0.02335411  0.02930995  0.04136777  0.04136777  0.13868698  0.13868698  0.13868698  0.13868698  0.13178426  0.13868698  
1_0_0      0.06609094  0.06609094  0.06609094  0.07240333  0.07877017  0.07240333  0.03531424  0.00000000  0.00000000  0.00000000  0.00000000  0.01158469  0.01744594  0.01744594  0.01744594  0.16696210  0.16696210  0.16696210  0.16696210  0.15979113  0.15268915  
7_0_0      0.06609094  0.06609094  0.06609094  0.07240333  0.07877017  0.07240333  0.03531424  0.00000000  0.00000000  0.00000000  0.00000000  0.01158469  0.01744594  0.01744594  0.01744594  0.16696210  0.16696210  0.16696210  0.16696210  0.15979113  0.15268915  
5_0_0      0.06609094  0.06609094  0.06609094  0.07240333  0.07877017  0.07240333  0.03531424  0.00000000  0.00000000  0.00000000  0.00000000  0.01158469  0.01744594  0.01744594  0.01744594  0.16696210  0.16696210  0.16696210  0.16696210  0.15979113  0.15268915  
10_0_0     0.06609094  0.06609094  0.06609094  0.07240333  0.07877017  0.07240333  0.03531424  0.00000000  0.00000000  0.00000000  0.00000000  0.01158469  0.01744594  0.01744594  0.01744594  0.16696210  0.16696210  0.16696210  0.16696210  0.15979113  0.15268915  
4_0_0      0.05983208  0.05983208  0.05983208  0.06609094  0.07240333  0.06609094  0.02335411  0.01158469  0.01158469  0.01158469  0.01158469  0.00000000  0.00576962  0.01744594  0.01744594  0.16696210  0.16696210  0.16696210  0.16696210  0.14565486  0.15268915  
12_0_0     0.06609094  0.06609094  0.06609094  0.07240333  0.07877017  0.07240333  0.02930995  0.01744594  0.01744594  0.01744594  0.01744594  0.00576962  0.00000000  0.02335411  0.02335411  0.15979113  0.15979113  0.15979113  0.15979113  0.13868698  0.14565486  
8_1_0      0.07240333  0.07240333  0.07240333  0.07877017  0.07877017  0.07877017  0.04136777  0.01744594  0.01744594  0.01744594  0.01744594  0.01744594  0.02335411  0.00000000  0.00000000  0.16696210  0.16696210  0.16696210  0.16696210  0.15268915  0.15268915  
8_0_0      0.07240333  0.07240333  0.07240333  0.07877017  0.07877017  0.07877017  0.04136777  0.01744594  0.01744594  0.01744594  0.01744594  0.01744594  0.02335411  0.00000000  0.00000000  0.16696210  0.16696210  0.16696210  0.16696210  0.15268915  0.15268915  
15_0_0     0.19636366  0.19636366  0.19636366  0.18890274  0.18151649  0.18890274  0.13868698  0.16696210  0.16696210  0.16696210  0.16696210  0.16696210  0.15979113  0.16696210  0.16696210  0.00000000  0.00000000  0.00000000  0.00000000  0.05362585  0.02930995  
17_0_0     0.19636366  0.19636366  0.19636366  0.18890274  0.18151649  0.18890274  0.13868698  0.16696210  0.16696210  0.16696210  0.16696210  0.16696210  0.15979113  0.16696210  0.16696210  0.00000000  0.00000000  0.00000000  0.00000000  0.05362585  0.02930995  
19_0_0     0.19636366  0.19636366  0.19636366  0.18890274  0.18151649  0.18890274  0.13868698  0.16696210  0.16696210  0.16696210  0.16696210  0.16696210  0.15979113  0.16696210  0.16696210  0.00000000  0.00000000  0.00000000  0.00000000  0.05362585  0.02930995  
18_0_0     0.19636366  0.19636366  0.19636366  0.18890274  0.18151649  0.18890274  0.13868698  0.16696210  0.16696210  0.16696210  0.16696210  0.16696210  0.15979113  0.16696210  0.16696210  0.00000000  0.00000000  0.00000000  0.00000000  0.05362585  0.02930995  
20_0_0     0.15268915  0.15268915  0.15268915  0.14565486  0.15268915  0.14565486  0.13178426  0.15979113  0.15979113  0.15979113  0.15979113  0.14565486  0.13868698  0.15268915  0.15268915  0.05362585  0.05362585  0.05362585  0.05362585  0.00000000  0.05983208  
16_0_0     0.18151649  0.18151649  0.18151649  0.18890274  0.18151649  0.18890274  0.13868698  0.15268915  0.15268915  0.15268915  0.15268915  0.15268915  0.14565486  0.15268915  0.15268915  0.02930995  0.02930995  0.02930995  0.02930995  0.05983208  0.00000000  

