12
47_3_0     0.00000000  0.05278333  0.03254846  0.31186163  0.31186163  0.29274167  0.29274167  0.29274167  0.31186163  0.28336275  0.27410053  0.48558492  
42_3_0     0.05278333  0.00000000  0.03254846  0.35164108  0.33148566  0.31186163  0.29274167  0.31186163  0.31186163  0.30224026  0.29274167  0.44977259  
65_3_0     0.03254846  0.03254846  0.00000000  0.34149516  0.32160898  0.30224026  0.30224026  0.32160898  0.32160898  0.29274167  0.28336275  0.47345503  
96_5_0     0.31186163  0.35164108  0.34149516  0.00000000  0.26495215  0.27410053  0.26495215  0.27410053  0.27410053  0.33148566  0.34149516  0.51045426  
47_1_0     0.31186163  0.33148566  0.32160898  0.26495215  0.00000000  0.05965239  0.10959700  0.10225359  0.14744162  0.16313515  0.17110775  0.59047337  
65_1_0     0.29274167  0.31186163  0.30224026  0.27410053  0.05965239  0.00000000  0.11701356  0.12450477  0.15524703  0.16313515  0.17110775  0.52320761  
42_6_0     0.29274167  0.29274167  0.30224026  0.26495215  0.10959700  0.11701356  0.00000000  0.01935781  0.04597707  0.20388051  0.21230421  0.53618327  
65_6_0     0.29274167  0.31186163  0.32160898  0.27410053  0.10225359  0.12450477  0.01935781  0.00000000  0.05278333  0.19555106  0.20388051  0.57652515  
47_6_0     0.31186163  0.31186163  0.32160898  0.27410053  0.14744162  0.15524703  0.04597707  0.05278333  0.00000000  0.22944310  0.23816283  0.56283349  
96_1_0     0.28336275  0.30224026  0.29274167  0.33148566  0.16313515  0.16313515  0.20388051  0.19555106  0.22944310  0.00000000  0.00639683  0.48558492  
96_4_0     0.27410053  0.29274167  0.28336275  0.34149516  0.17110775  0.17110775  0.21230421  0.20388051  0.23816283  0.00639683  0.00000000  0.47345503  
91_0_0     0.48558492  0.44977259  0.47345503  0.51045426  0.59047337  0.52320761  0.53618327  0.57652515  0.56283349  0.48558492  0.47345503  0.00000000  

