24
2_0_0      0.00000000  0.00000000  0.00000000  0.38535216  0.33477349  0.33477349  0.37236724  0.37236724  0.37236724  0.38535216  0.38535216  0.37236724  0.42578875  0.43979370  0.37236724  0.37236724  0.37236724  0.37236724  0.33477349  0.33477349  0.34708585  0.38535216  0.33477349  0.35961452  
3_0_0      0.00000000  0.00000000  0.00000000  0.38535216  0.33477349  0.33477349  0.37236724  0.37236724  0.37236724  0.38535216  0.38535216  0.37236724  0.42578875  0.43979370  0.37236724  0.37236724  0.37236724  0.37236724  0.33477349  0.33477349  0.34708585  0.38535216  0.33477349  0.35961452  
1_0_0      0.00000000  0.00000000  0.00000000  0.38535216  0.33477349  0.33477349  0.37236724  0.37236724  0.37236724  0.38535216  0.38535216  0.37236724  0.42578875  0.43979370  0.37236724  0.37236724  0.37236724  0.37236724  0.33477349  0.33477349  0.34708585  0.38535216  0.33477349  0.35961452  
6_0_0      0.38535216  0.38535216  0.38535216  0.00000000  0.08933879  0.13396831  0.26505504  0.26505504  0.25407024  0.27621168  0.25407024  0.24325208  0.25407024  0.26505504  0.22209598  0.22209598  0.23259558  0.22209598  0.23259558  0.23259558  0.24325208  0.27621168  0.26505504  0.28754564  
14_0_0     0.33477349  0.33477349  0.33477349  0.08933879  0.00000000  0.07224071  0.21174871  0.21174871  0.22209598  0.22209598  0.22209598  0.21174871  0.26505504  0.25407024  0.23259558  0.23259558  0.24325208  0.23259558  0.16215127  0.16215127  0.17179864  0.24325208  0.21174871  0.21174871  
15_0_0     0.33477349  0.33477349  0.33477349  0.13396831  0.07224071  0.00000000  0.21174871  0.21174871  0.22209598  0.22209598  0.21174871  0.20154944  0.23259558  0.22209598  0.21174871  0.21174871  0.22209598  0.21174871  0.14323943  0.14323943  0.15263266  0.25407024  0.18157832  0.22209598  
12_2_0     0.37236724  0.37236724  0.37236724  0.26505504  0.21174871  0.21174871  0.00000000  0.00000000  0.00767474  0.02327652  0.12481617  0.11578000  0.16215127  0.17179864  0.17179864  0.17179864  0.18157832  0.18157832  0.24325208  0.24325208  0.25407024  0.24325208  0.21174871  0.23259558  
4_2_0      0.37236724  0.37236724  0.37236724  0.26505504  0.21174871  0.21174871  0.00000000  0.00000000  0.00767474  0.02327652  0.12481617  0.11578000  0.16215127  0.17179864  0.17179864  0.17179864  0.18157832  0.18157832  0.24325208  0.24325208  0.25407024  0.24325208  0.21174871  0.23259558  
10_2_0     0.37236724  0.37236724  0.37236724  0.25407024  0.22209598  0.22209598  0.00767474  0.00767474  0.00000000  0.03120731  0.13396831  0.12481617  0.17179864  0.18157832  0.16215127  0.16215127  0.17179864  0.17179864  0.25407024  0.25407024  0.26505504  0.23259558  0.20154944  0.22209598  
5_2_0      0.38535216  0.38535216  0.38535216  0.27621168  0.22209598  0.22209598  0.02327652  0.02327652  0.03120731  0.00000000  0.15263266  0.14323943  0.19149397  0.20154944  0.20154944  0.20154944  0.21174871  0.21174871  0.25407024  0.25407024  0.26505504  0.25407024  0.22209598  0.24325208  
17_2_0     0.38535216  0.38535216  0.38535216  0.25407024  0.22209598  0.21174871  0.12481617  0.12481617  0.13396831  0.15263266  0.00000000  0.02327652  0.11578000  0.10685689  0.08933879  0.08933879  0.09804405  0.08933879  0.22209598  0.22209598  0.22209598  0.25407024  0.24325208  0.24325208  
11_2_0     0.37236724  0.37236724  0.37236724  0.24325208  0.21174871  0.20154944  0.11578000  0.11578000  0.12481617  0.14323943  0.02327652  0.00000000  0.08933879  0.08073851  0.09804405  0.09804405  0.10685689  0.09804405  0.21174871  0.21174871  0.22209598  0.22209598  0.21174871  0.21174871  
11_0_0     0.42578875  0.42578875  0.42578875  0.25407024  0.26505504  0.23259558  0.16215127  0.16215127  0.17179864  0.19149397  0.11578000  0.08933879  0.00000000  0.02327652  0.09804405  0.09804405  0.10685689  0.09804405  0.24325208  0.24325208  0.25407024  0.23259558  0.18157832  0.20154944  
17_0_0     0.43979370  0.43979370  0.43979370  0.26505504  0.25407024  0.22209598  0.17179864  0.17179864  0.18157832  0.20154944  0.10685689  0.08073851  0.02327652  0.00000000  0.10685689  0.10685689  0.11578000  0.10685689  0.23259558  0.23259558  0.24325208  0.24325208  0.17179864  0.19149397  
4_0_0      0.37236724  0.37236724  0.37236724  0.22209598  0.23259558  0.21174871  0.17179864  0.17179864  0.16215127  0.20154944  0.08933879  0.09804405  0.09804405  0.10685689  0.00000000  0.00000000  0.00767474  0.00767474  0.23259558  0.23259558  0.23259558  0.26505504  0.23259558  0.23259558  
12_0_0     0.37236724  0.37236724  0.37236724  0.22209598  0.23259558  0.21174871  0.17179864  0.17179864  0.16215127  0.20154944  0.08933879  0.09804405  0.09804405  0.10685689  0.00000000  0.00000000  0.00767474  0.00767474  0.23259558  0.23259558  0.23259558  0.26505504  0.23259558  0.23259558  
10_0_0     0.37236724  0.37236724  0.37236724  0.23259558  0.24325208  0.22209598  0.18157832  0.18157832  0.17179864  0.21174871  0.09804405  0.10685689  0.10685689  0.11578000  0.00767474  0.00767474  0.00000000  0.01543297  0.23259558  0.23259558  0.23259558  0.26505504  0.23259558  0.23259558  
5_0_0      0.37236724  0.37236724  0.37236724  0.22209598  0.23259558  0.21174871  0.18157832  0.18157832  0.17179864  0.21174871  0.08933879  0.09804405  0.09804405  0.10685689  0.00767474  0.00767474  0.01543297  0.00000000  0.23259558  0.23259558  0.23259558  0.26505504  0.23259558  0.23259558  
9_0_0      0.33477349  0.33477349  0.33477349  0.23259558  0.16215127  0.14323943  0.24325208  0.24325208  0.25407024  0.25407024  0.22209598  0.21174871  0.24325208  0.23259558  0.23259558  0.23259558  0.23259558  0.23259558  0.00000000  0.00000000  0.00767474  0.17179864  0.12481617  0.13396831  
13_0_0     0.33477349  0.33477349  0.33477349  0.23259558  0.16215127  0.14323943  0.24325208  0.24325208  0.25407024  0.25407024  0.22209598  0.21174871  0.24325208  0.23259558  0.23259558  0.23259558  0.23259558  0.23259558  0.00000000  0.00000000  0.00767474  0.17179864  0.12481617  0.13396831  
7_0_0      0.34708585  0.34708585  0.34708585  0.24325208  0.17179864  0.15263266  0.25407024  0.25407024  0.26505504  0.26505504  0.22209598  0.22209598  0.25407024  0.24325208  0.23259558  0.23259558  0.23259558  0.23259558  0.00767474  0.00767474  0.00000000  0.18157832  0.13396831  0.14323943  
19_0_0     0.38535216  0.38535216  0.38535216  0.27621168  0.24325208  0.25407024  0.24325208  0.24325208  0.23259558  0.25407024  0.25407024  0.22209598  0.23259558  0.24325208  0.26505504  0.26505504  0.26505504  0.26505504  0.17179864  0.17179864  0.18157832  0.00000000  0.10685689  0.08933879  
8_0_0      0.33477349  0.33477349  0.33477349  0.26505504  0.21174871  0.18157832  0.21174871  0.21174871  0.20154944  0.22209598  0.24325208  0.21174871  0.18157832  0.17179864  0.23259558  0.23259558  0.23259558  0.23259558  0.12481617  0.12481617  0.13396831  0.10685689  0.00000000  0.03120731  
18_0_0     0.35961452  0.35961452  0.35961452  0.28754564  0.21174871  0.22209598  0.23259558  0.23259558  0.22209598  0.24325208  0.24325208  0.21174871  0.20154944  0.19149397  0.23259558  0.23259558  0.23259558  0.23259558  0.13396831  0.13396831  0.14323943  0.08933879  0.03120731  0.00000000  

