34
80_8_0     0.00000000  0.00807626  0.09412109  0.09869902  0.06723566  0.06723566  0.17102030  0.17102030  0.13638475  0.13638475  0.14123404  0.14123404  0.39418174  0.40107374  0.38735366  0.45121340  0.46618935  0.47379313  0.49708731  0.45121340  0.45866330  0.47379313  0.45866330  0.48147626  0.43653601  0.45866330  0.52933894  0.42214549  0.44383813  0.42930559  0.44383813  0.44383813  0.45121340  0.44383813  
81_8_0     0.00807626  0.00000000  0.08504976  0.08957146  0.06723566  0.06723566  0.17102030  0.17102030  0.14611549  0.14611549  0.15102951  0.15102951  0.38058832  0.38735366  0.37388458  0.43653601  0.46618935  0.47379313  0.49708731  0.46618935  0.47379313  0.47379313  0.45866330  0.48147626  0.45121340  0.47379313  0.51303654  0.42214549  0.42930559  0.44383813  0.45866330  0.45866330  0.46618935  0.45866330  
80_13_0    0.09412109  0.08504976  0.00000000  0.00402706  0.09412109  0.09412109  0.20206259  0.20206259  0.17610398  0.17610398  0.18122300  0.17102030  0.38735366  0.36724133  0.34125198  0.48924041  0.50501874  0.51303654  0.47379313  0.49708731  0.48924041  0.54601050  0.52114262  0.49708731  0.45121340  0.47379313  0.49708731  0.43653601  0.47379313  0.48147626  0.49708731  0.46618935  0.47379313  0.50501874  
81_13_0    0.09869902  0.08957146  0.00402706  0.00000000  0.08957146  0.08957146  0.20736598  0.20736598  0.17102030  0.17102030  0.17610398  0.16597149  0.39418174  0.36065748  0.33489550  0.48147626  0.49708731  0.50501874  0.48147626  0.48924041  0.48147626  0.55449001  0.51303654  0.50501874  0.44383813  0.46618935  0.48924041  0.42930559  0.46618935  0.48924041  0.50501874  0.47379313  0.48147626  0.49708731  
81_14_0    0.06723566  0.06723566  0.09412109  0.08957146  0.00000000  0.00000000  0.20206259  0.20206259  0.15597655  0.14611549  0.16095706  0.16095706  0.42214549  0.39418174  0.38058832  0.46618935  0.48147626  0.48924041  0.49708731  0.48924041  0.48147626  0.52933894  0.49708731  0.50501874  0.45866330  0.48147626  0.52114262  0.44383813  0.45866330  0.44383813  0.45866330  0.47379313  0.48147626  0.45866330  
80_14_0    0.06723566  0.06723566  0.09412109  0.08957146  0.00000000  0.00000000  0.20206259  0.20206259  0.15597655  0.14611549  0.16095706  0.16095706  0.42214549  0.39418174  0.38058832  0.46618935  0.48147626  0.48924041  0.49708731  0.48924041  0.48147626  0.52933894  0.49708731  0.50501874  0.45866330  0.48147626  0.52114262  0.44383813  0.45866330  0.44383813  0.45866330  0.47379313  0.48147626  0.45866330  
81_12_0    0.17102030  0.17102030  0.20206259  0.20736598  0.20206259  0.20206259  0.00000000  0.00807626  0.22896999  0.21808875  0.23447152  0.22350927  0.42214549  0.43653601  0.40803087  0.45866330  0.51303654  0.52114262  0.46618935  0.47379313  0.47379313  0.47379313  0.45866330  0.45121340  0.44383813  0.46618935  0.49708731  0.45121340  0.46618935  0.47379313  0.47379313  0.50501874  0.51303654  0.50501874  
80_12_0    0.17102030  0.17102030  0.20206259  0.20736598  0.20206259  0.20206259  0.00807626  0.00000000  0.21808875  0.20736598  0.22350927  0.21270784  0.43653601  0.45121340  0.42214549  0.45866330  0.51303654  0.52114262  0.46618935  0.47379313  0.47379313  0.47379313  0.45866330  0.46618935  0.44383813  0.46618935  0.49708731  0.45121340  0.46618935  0.48924041  0.48924041  0.52114262  0.52933894  0.50501874  
80_11_0    0.13638475  0.14611549  0.17610398  0.17102030  0.15597655  0.15597655  0.22896999  0.21808875  0.00000000  0.00807626  0.02035923  0.01214786  0.42930559  0.38735366  0.36065748  0.48147626  0.50501874  0.52933894  0.47379313  0.47379313  0.48147626  0.48147626  0.45121340  0.44383813  0.44383813  0.46618935  0.50501874  0.48924041  0.43653601  0.42214549  0.43653601  0.43653601  0.44383813  0.42214549  
81_11_0    0.13638475  0.14611549  0.17610398  0.17102030  0.14611549  0.14611549  0.21808875  0.20736598  0.00807626  0.00000000  0.02035923  0.01214786  0.44383813  0.38735366  0.36065748  0.48147626  0.50501874  0.52933894  0.47379313  0.48924041  0.48147626  0.49708731  0.46618935  0.44383813  0.44383813  0.46618935  0.50501874  0.48924041  0.45121340  0.40803087  0.42214549  0.43653601  0.44383813  0.40803087  
80_15_0    0.14123404  0.15102951  0.18122300  0.17610398  0.16095706  0.16095706  0.23447152  0.22350927  0.02035923  0.02035923  0.00000000  0.00807626  0.42214549  0.39418174  0.36724133  0.50501874  0.51303654  0.52114262  0.49708731  0.51303654  0.50501874  0.50501874  0.47379313  0.46618935  0.46618935  0.48924041  0.52933894  0.49708731  0.45866330  0.42930559  0.44383813  0.42930559  0.43653601  0.42930559  
81_15_0    0.14123404  0.15102951  0.17102030  0.16597149  0.16095706  0.16095706  0.22350927  0.21270784  0.01214786  0.01214786  0.00807626  0.00000000  0.42214549  0.38058832  0.35413199  0.50501874  0.51303654  0.52114262  0.48147626  0.49708731  0.48924041  0.50501874  0.47379313  0.45121340  0.45121340  0.47379313  0.51303654  0.48147626  0.45866330  0.41505436  0.42930559  0.41505436  0.42214549  0.42930559  
32_2_0     0.39418174  0.38058832  0.38735366  0.39418174  0.42214549  0.42214549  0.42214549  0.43653601  0.42930559  0.44383813  0.42214549  0.42214549  0.00000000  0.08055566  0.09869902  0.36724133  0.39418174  0.38735366  0.38058832  0.40107374  0.39418174  0.38735366  0.37388458  0.34125198  0.39418174  0.40107374  0.39418174  0.43653601  0.38735366  0.40803087  0.39418174  0.37388458  0.36724133  0.41505436  
18_2_0     0.40107374  0.38735366  0.36724133  0.36065748  0.39418174  0.39418174  0.43653601  0.45121340  0.38735366  0.38735366  0.39418174  0.38058832  0.08055566  0.00000000  0.02449952  0.39418174  0.38735366  0.38058832  0.39418174  0.41505436  0.39418174  0.40803087  0.38058832  0.34125198  0.36724133  0.37388458  0.39418174  0.42214549  0.39418174  0.38735366  0.38735366  0.38735366  0.38058832  0.38735366  
17_2_0     0.38735366  0.37388458  0.34125198  0.33489550  0.38058832  0.38058832  0.40803087  0.42214549  0.36065748  0.36065748  0.36724133  0.35413199  0.09869902  0.02449952  0.00000000  0.39418174  0.40107374  0.39418174  0.39418174  0.41505436  0.39418174  0.41505436  0.38735366  0.34125198  0.38058832  0.40107374  0.42214549  0.40803087  0.36724133  0.38735366  0.38735366  0.38735366  0.38058832  0.38735366  
13_3_0     0.45121340  0.43653601  0.48924041  0.48147626  0.46618935  0.46618935  0.45866330  0.45866330  0.48147626  0.48147626  0.50501874  0.50501874  0.36724133  0.39418174  0.39418174  0.00000000  0.13156718  0.12678094  0.10794116  0.19679714  0.19156907  0.14611549  0.12678094  0.12678094  0.13638475  0.15102951  0.13638475  0.14611549  0.19679714  0.22350927  0.21270784  0.17610398  0.17102030  0.15102951  
43_3_0     0.46618935  0.46618935  0.50501874  0.49708731  0.48147626  0.48147626  0.51303654  0.51303654  0.50501874  0.50501874  0.51303654  0.51303654  0.39418174  0.38735366  0.40107374  0.13156718  0.00000000  0.01214786  0.06284868  0.17610398  0.17102030  0.13638475  0.10794116  0.10794116  0.10794116  0.12202561  0.12678094  0.12678094  0.21270784  0.23447152  0.22350927  0.20736598  0.20206259  0.18122300  
2_3_0      0.47379313  0.47379313  0.51303654  0.50501874  0.48924041  0.48924041  0.52114262  0.52114262  0.52933894  0.52933894  0.52114262  0.52114262  0.38735366  0.38058832  0.39418174  0.12678094  0.01214786  0.00000000  0.06723566  0.18122300  0.17610398  0.15102951  0.12202561  0.12202561  0.11260610  0.12678094  0.13156718  0.12202561  0.21808875  0.24001447  0.22896999  0.20206259  0.19679714  0.18637786  
61_3_0     0.49708731  0.49708731  0.47379313  0.48147626  0.49708731  0.49708731  0.46618935  0.46618935  0.47379313  0.47379313  0.49708731  0.48147626  0.38058832  0.39418174  0.39418174  0.10794116  0.06284868  0.06723566  0.00000000  0.16095706  0.15597655  0.12202561  0.10330559  0.06723566  0.07608883  0.08957146  0.09412109  0.09412109  0.22896999  0.19679714  0.18637786  0.16095706  0.15597655  0.15597655  
8_6_0      0.45121340  0.46618935  0.49708731  0.48924041  0.48924041  0.48924041  0.47379313  0.47379313  0.47379313  0.48924041  0.51303654  0.49708731  0.40107374  0.41505436  0.41505436  0.19679714  0.17610398  0.18122300  0.16095706  0.00000000  0.02035923  0.16095706  0.14123404  0.13156718  0.12202561  0.13638475  0.15102951  0.16095706  0.25689817  0.26261322  0.25122714  0.23447152  0.22896999  0.24001447  
8_3_0      0.45866330  0.47379313  0.48924041  0.48147626  0.48147626  0.48147626  0.47379313  0.47379313  0.48147626  0.48147626  0.50501874  0.48924041  0.39418174  0.39418174  0.39418174  0.19156907  0.17102030  0.17610398  0.15597655  0.02035923  0.00000000  0.15597655  0.13638475  0.11730079  0.10794116  0.12202561  0.13638475  0.14611549  0.24001447  0.24559946  0.23447152  0.22896999  0.22350927  0.22350927  
44_3_0     0.47379313  0.47379313  0.54601050  0.55449001  0.52933894  0.52933894  0.47379313  0.47379313  0.48147626  0.49708731  0.50501874  0.50501874  0.38735366  0.40803087  0.41505436  0.14611549  0.13638475  0.15102951  0.12202561  0.16095706  0.15597655  0.00000000  0.02449952  0.08504976  0.09869902  0.10794116  0.11260610  0.13638475  0.25689817  0.24001447  0.22896999  0.21270784  0.20736598  0.16095706  
62_3_0     0.45866330  0.45866330  0.52114262  0.51303654  0.49708731  0.49708731  0.45866330  0.45866330  0.45121340  0.46618935  0.47379313  0.47379313  0.37388458  0.38058832  0.38735366  0.12678094  0.10794116  0.12202561  0.10330559  0.14123404  0.13638475  0.02449952  0.00000000  0.06723566  0.07164894  0.08957146  0.09412109  0.10794116  0.23447152  0.22896999  0.21808875  0.20206259  0.19679714  0.16095706  
58_3_0     0.48147626  0.48147626  0.49708731  0.50501874  0.50501874  0.50501874  0.45121340  0.46618935  0.44383813  0.44383813  0.46618935  0.45121340  0.34125198  0.34125198  0.34125198  0.12678094  0.10794116  0.12202561  0.06723566  0.13156718  0.11730079  0.08504976  0.06723566  0.00000000  0.05848768  0.07164894  0.08504976  0.08504976  0.22896999  0.17610398  0.16597149  0.15102951  0.14611549  0.15597655  
62_5_0     0.43653601  0.45121340  0.45121340  0.44383813  0.45866330  0.45866330  0.44383813  0.44383813  0.44383813  0.44383813  0.46618935  0.45121340  0.39418174  0.36724133  0.38058832  0.13638475  0.10794116  0.11260610  0.07608883  0.12202561  0.10794116  0.09869902  0.07164894  0.05848768  0.00000000  0.02035923  0.06723566  0.06723566  0.24001447  0.21808875  0.20736598  0.18122300  0.17610398  0.15597655  
44_5_0     0.45866330  0.47379313  0.47379313  0.46618935  0.48147626  0.48147626  0.46618935  0.46618935  0.46618935  0.46618935  0.48924041  0.47379313  0.40107374  0.37388458  0.40107374  0.15102951  0.12202561  0.12678094  0.08957146  0.13638475  0.12202561  0.10794116  0.08957146  0.07164894  0.02035923  0.00000000  0.06284868  0.08957146  0.24559946  0.22350927  0.21270784  0.18637786  0.18122300  0.17102030  
58_5_0     0.52933894  0.51303654  0.49708731  0.48924041  0.52114262  0.52114262  0.49708731  0.49708731  0.50501874  0.50501874  0.52933894  0.51303654  0.39418174  0.39418174  0.42214549  0.13638475  0.12678094  0.13156718  0.09412109  0.15102951  0.13638475  0.11260610  0.09412109  0.08504976  0.06723566  0.06284868  0.00000000  0.09412109  0.22896999  0.22896999  0.21808875  0.18122300  0.17610398  0.15597655  
8_5_0      0.42214549  0.42214549  0.43653601  0.42930559  0.44383813  0.44383813  0.45121340  0.45121340  0.48924041  0.48924041  0.49708731  0.48147626  0.43653601  0.42214549  0.40803087  0.14611549  0.12678094  0.12202561  0.09412109  0.16095706  0.14611549  0.13638475  0.10794116  0.08504976  0.06723566  0.08957146  0.09412109  0.00000000  0.23447152  0.25122714  0.24001447  0.18122300  0.17610398  0.17610398  
8_0_0      0.44383813  0.42930559  0.47379313  0.46618935  0.45866330  0.45866330  0.46618935  0.46618935  0.43653601  0.45121340  0.45866330  0.45866330  0.38735366  0.39418174  0.36724133  0.19679714  0.21270784  0.21808875  0.22896999  0.25689817  0.24001447  0.25689817  0.23447152  0.22896999  0.24001447  0.24559946  0.22896999  0.23447152  0.00000000  0.21270784  0.21270784  0.19679714  0.20206259  0.18122300  
26_0_0     0.42930559  0.44383813  0.48147626  0.48924041  0.44383813  0.44383813  0.47379313  0.48924041  0.42214549  0.40803087  0.42930559  0.41505436  0.40803087  0.38735366  0.38735366  0.22350927  0.23447152  0.24001447  0.19679714  0.26261322  0.24559946  0.24001447  0.22896999  0.17610398  0.21808875  0.22350927  0.22896999  0.25122714  0.21270784  0.00000000  0.00807626  0.06284868  0.06723566  0.16095706  
61_0_0     0.44383813  0.45866330  0.49708731  0.50501874  0.45866330  0.45866330  0.47379313  0.48924041  0.43653601  0.42214549  0.44383813  0.42930559  0.39418174  0.38735366  0.38735366  0.21270784  0.22350927  0.22896999  0.18637786  0.25122714  0.23447152  0.22896999  0.21808875  0.16597149  0.20736598  0.21270784  0.21808875  0.24001447  0.21270784  0.00807626  0.00000000  0.05415236  0.05848768  0.16095706  
43_0_0     0.44383813  0.45866330  0.46618935  0.47379313  0.47379313  0.47379313  0.50501874  0.52114262  0.43653601  0.43653601  0.42930559  0.41505436  0.37388458  0.38735366  0.38735366  0.17610398  0.20736598  0.20206259  0.16095706  0.23447152  0.22896999  0.21270784  0.20206259  0.15102951  0.18122300  0.18637786  0.18122300  0.18122300  0.19679714  0.06284868  0.05415236  0.00000000  0.00402706  0.14611549  
2_0_0      0.45121340  0.46618935  0.47379313  0.48147626  0.48147626  0.48147626  0.51303654  0.52933894  0.44383813  0.44383813  0.43653601  0.42214549  0.36724133  0.38058832  0.38058832  0.17102030  0.20206259  0.19679714  0.15597655  0.22896999  0.22350927  0.20736598  0.19679714  0.14611549  0.17610398  0.18122300  0.17610398  0.17610398  0.20206259  0.06723566  0.05848768  0.00402706  0.00000000  0.14123404  
13_0_0     0.44383813  0.45866330  0.50501874  0.49708731  0.45866330  0.45866330  0.50501874  0.50501874  0.42214549  0.40803087  0.42930559  0.42930559  0.41505436  0.38735366  0.38735366  0.15102951  0.18122300  0.18637786  0.15597655  0.24001447  0.22350927  0.16095706  0.16095706  0.15597655  0.15597655  0.17102030  0.15597655  0.17610398  0.18122300  0.16095706  0.16095706  0.14611549  0.14123404  0.00000000  

