47
9_2_0      0.00000000  0.08616196  0.05424118  0.17613732  0.15439484  0.20614429  0.22161049  0.20614429  0.23740248  0.27840202  0.28687800  0.23740248  0.27840202  0.43741298  0.42706524  0.32177396  0.30412298  0.37736619  0.41685838  0.36780983  0.35837374  0.36780983  0.39685229  0.35837374  0.35837374  0.34905494  0.37736619  0.37736619  0.34905494  0.33985054  0.44790554  0.40678861  0.40678861  0.34905494  0.44790554  0.37736619  0.37736619  0.40678861  0.43741298  0.38704594  0.45854702  0.45854702  0.44790554  0.39685229  0.37736619  0.37736619  0.32177396  
8_2_0      0.08616196  0.00000000  0.06684688  0.24542498  0.22161049  0.23740248  0.22161049  0.20614429  0.28687800  0.27002078  0.30412298  0.27002078  0.32177396  0.44790554  0.43741298  0.37736619  0.35837374  0.37736619  0.39685229  0.37736619  0.36780983  0.43741298  0.41685838  0.35837374  0.37736619  0.36780983  0.39685229  0.39685229  0.41685838  0.41685838  0.49140888  0.46934172  0.46934172  0.38704594  0.42706524  0.43741298  0.43741298  0.46934172  0.48029412  0.46934172  0.44790554  0.50269090  0.49140888  0.43741298  0.43741298  0.43741298  0.33075778  
3_2_0      0.05424118  0.06684688  0.00000000  0.20614429  0.18352723  0.23740248  0.20614429  0.19099070  0.26173220  0.29545091  0.27840202  0.24542498  0.30412298  0.45854702  0.44790554  0.36780983  0.34905494  0.44790554  0.39685229  0.40678861  0.39685229  0.38704594  0.40678861  0.36780983  0.37736619  0.36780983  0.39685229  0.39685229  0.38704594  0.35837374  0.44790554  0.42706524  0.42706524  0.33075778  0.42706524  0.42706524  0.42706524  0.45854702  0.49140888  0.43741298  0.46934172  0.43741298  0.42706524  0.40678861  0.38704594  0.38704594  0.33075778  
9_1_0      0.17613732  0.24542498  0.20614429  0.00000000  0.01764794  0.03572133  0.22161049  0.20614429  0.26173220  0.27840202  0.29545091  0.28687800  0.31289653  0.43741298  0.44790554  0.30412298  0.30412298  0.32177396  0.44790554  0.43741298  0.42706524  0.37736619  0.37736619  0.36780983  0.34905494  0.33985054  0.34905494  0.34905494  0.37736619  0.30412298  0.36780983  0.37736619  0.37736619  0.30412298  0.44790554  0.36780983  0.36780983  0.39685229  0.42706524  0.37736619  0.43741298  0.41685838  0.40678861  0.37736619  0.39685229  0.41685838  0.32177396  
3_1_0      0.15439484  0.22161049  0.18352723  0.01764794  0.00000000  0.05424118  0.22946491  0.21383751  0.23740248  0.27002078  0.27002078  0.26173220  0.28687800  0.42706524  0.43741298  0.29545091  0.28687800  0.33075778  0.48029412  0.42706524  0.41685838  0.38704594  0.37736619  0.35837374  0.35837374  0.34905494  0.35837374  0.35837374  0.40678861  0.31289653  0.37736619  0.36780983  0.36780983  0.29545091  0.43741298  0.37736619  0.37736619  0.38704594  0.41685838  0.36780983  0.42706524  0.42706524  0.41685838  0.38704594  0.38704594  0.38704594  0.33075778  
8_1_0      0.20614429  0.23740248  0.23740248  0.03572133  0.05424118  0.00000000  0.26173220  0.24542498  0.28687800  0.26173220  0.31289653  0.28687800  0.32177396  0.44790554  0.45854702  0.34905494  0.34905494  0.34905494  0.45854702  0.46934172  0.45854702  0.42706524  0.43741298  0.40678861  0.40678861  0.39685229  0.40678861  0.40678861  0.43741298  0.32177396  0.40678861  0.41685838  0.41685838  0.35837374  0.49140888  0.37736619  0.37736619  0.40678861  0.43741298  0.40678861  0.48029412  0.45854702  0.44790554  0.42706524  0.42706524  0.46934172  0.34905494  
13_1_0     0.22161049  0.22161049  0.20614429  0.22161049  0.22946491  0.26173220  0.00000000  0.01764794  0.27002078  0.29545091  0.33985054  0.30412298  0.34905494  0.50269090  0.49140888  0.32177396  0.33985054  0.43741298  0.40678861  0.39685229  0.38704594  0.37736619  0.35837374  0.34905494  0.33075778  0.32177396  0.34905494  0.34905494  0.35837374  0.35837374  0.38704594  0.37736619  0.37736619  0.29545091  0.39685229  0.45854702  0.45854702  0.42706524  0.39685229  0.42706524  0.44790554  0.44790554  0.43741298  0.37736619  0.39685229  0.35837374  0.30412298  
7_1_0      0.20614429  0.20614429  0.19099070  0.20614429  0.21383751  0.24542498  0.01764794  0.00000000  0.24542498  0.29545091  0.33075778  0.32177396  0.36780983  0.49140888  0.48029412  0.32177396  0.32177396  0.43741298  0.38704594  0.36780983  0.35837374  0.36780983  0.33075778  0.32177396  0.32177396  0.31289653  0.33985054  0.33985054  0.36780983  0.34905494  0.37736619  0.36780983  0.36780983  0.30412298  0.39685229  0.42706524  0.42706524  0.39685229  0.38704594  0.39685229  0.45854702  0.43741298  0.42706524  0.37736619  0.39685229  0.35837374  0.27840202  
5_1_0      0.23740248  0.28687800  0.26173220  0.26173220  0.23740248  0.28687800  0.27002078  0.24542498  0.00000000  0.36780983  0.33985054  0.32177396  0.31289653  0.38704594  0.39685229  0.33985054  0.32177396  0.43741298  0.43741298  0.44790554  0.43741298  0.42706524  0.41685838  0.37736619  0.39685229  0.38704594  0.37736619  0.37736619  0.38704594  0.32177396  0.42706524  0.38704594  0.38704594  0.38704594  0.41685838  0.40678861  0.40678861  0.36780983  0.39685229  0.38704594  0.52577739  0.45854702  0.44790554  0.46934172  0.44790554  0.42706524  0.34905494  
4_1_0      0.27840202  0.27002078  0.29545091  0.27840202  0.27002078  0.26173220  0.29545091  0.29545091  0.36780983  0.00000000  0.17613732  0.23740248  0.27840202  0.39685229  0.40678861  0.38704594  0.38704594  0.38704594  0.46934172  0.42706524  0.41685838  0.46934172  0.50269090  0.49140888  0.46934172  0.48029412  0.51414528  0.51414528  0.52577739  0.44790554  0.45854702  0.49140888  0.49140888  0.44790554  0.51414528  0.46934172  0.46934172  0.41685838  0.42706524  0.41685838  0.50269090  0.45854702  0.46934172  0.45854702  0.48029412  0.49140888  0.32177396  
11_1_0     0.28687800  0.30412298  0.27840202  0.29545091  0.27002078  0.31289653  0.33985054  0.33075778  0.33985054  0.17613732  0.00000000  0.18352723  0.27840202  0.40678861  0.41685838  0.37736619  0.37736619  0.42706524  0.50269090  0.45854702  0.44790554  0.41685838  0.39685229  0.37736619  0.38704594  0.37736619  0.40678861  0.40678861  0.41685838  0.40678861  0.48029412  0.45854702  0.45854702  0.38704594  0.50269090  0.46934172  0.46934172  0.43741298  0.46934172  0.43741298  0.39685229  0.49140888  0.48029412  0.43741298  0.43741298  0.43741298  0.33075778  
10_1_0     0.23740248  0.27002078  0.24542498  0.28687800  0.26173220  0.28687800  0.30412298  0.32177396  0.32177396  0.23740248  0.18352723  0.00000000  0.13326516  0.44790554  0.48029412  0.32177396  0.32177396  0.43741298  0.52577739  0.49140888  0.48029412  0.44790554  0.45854702  0.41685838  0.40678861  0.39685229  0.40678861  0.40678861  0.41685838  0.36780983  0.48029412  0.45854702  0.45854702  0.38704594  0.50269090  0.45854702  0.45854702  0.44790554  0.43741298  0.44790554  0.51414528  0.51414528  0.50269090  0.38704594  0.36780983  0.39685229  0.36780983  
12_1_0     0.27840202  0.32177396  0.30412298  0.31289653  0.28687800  0.32177396  0.34905494  0.36780983  0.31289653  0.27840202  0.27840202  0.13326516  0.00000000  0.42706524  0.45854702  0.34905494  0.35837374  0.45854702  0.51414528  0.48029412  0.46934172  0.45854702  0.46934172  0.42706524  0.41685838  0.40678861  0.39685229  0.39685229  0.44790554  0.38704594  0.50269090  0.48029412  0.48029412  0.35837374  0.42706524  0.51414528  0.51414528  0.48029412  0.46934172  0.50269090  0.61268490  0.56179736  0.54959741  0.49140888  0.44790554  0.48029412  0.39685229  
7_3_0      0.43741298  0.44790554  0.45854702  0.43741298  0.42706524  0.44790554  0.50269090  0.49140888  0.38704594  0.39685229  0.40678861  0.44790554  0.42706524  0.00000000  0.01764794  0.31289653  0.31289653  0.33075778  0.44790554  0.46934172  0.48029412  0.46934172  0.56179736  0.57419912  0.50269090  0.51414528  0.52577739  0.52577739  0.46934172  0.59963557  0.54959741  0.58680948  0.58680948  0.54959741  0.63948536  0.48029412  0.48029412  0.50269090  0.49140888  0.48029412  0.53759281  0.52577739  0.51414528  0.56179736  0.58680948  0.59963557  0.45854702  
13_3_0     0.42706524  0.43741298  0.44790554  0.44790554  0.43741298  0.45854702  0.49140888  0.48029412  0.39685229  0.40678861  0.41685838  0.48029412  0.45854702  0.01764794  0.00000000  0.32177396  0.32177396  0.35837374  0.45854702  0.45854702  0.46934172  0.50269090  0.54959741  0.56179736  0.49140888  0.50269090  0.51414528  0.51414528  0.50269090  0.58680948  0.51414528  0.54959741  0.54959741  0.56179736  0.59963557  0.49140888  0.49140888  0.49140888  0.48029412  0.46934172  0.52577739  0.51414528  0.50269090  0.54959741  0.57419912  0.56179736  0.46934172  
9_0_0      0.32177396  0.37736619  0.36780983  0.30412298  0.29545091  0.34905494  0.32177396  0.32177396  0.33985054  0.38704594  0.37736619  0.32177396  0.34905494  0.31289653  0.32177396  0.00000000  0.02362413  0.26173220  0.43741298  0.46934172  0.45854702  0.42706524  0.49140888  0.46934172  0.44790554  0.43741298  0.42706524  0.42706524  0.40678861  0.45854702  0.49140888  0.46934172  0.46934172  0.42706524  0.49140888  0.48029412  0.48029412  0.45854702  0.45854702  0.43741298  0.54959741  0.56179736  0.54959741  0.49140888  0.51414528  0.50269090  0.36780983  
3_0_0      0.30412298  0.35837374  0.34905494  0.30412298  0.28687800  0.34905494  0.33985054  0.32177396  0.32177396  0.38704594  0.37736619  0.32177396  0.35837374  0.31289653  0.32177396  0.02362413  0.00000000  0.28687800  0.43741298  0.45854702  0.44790554  0.43741298  0.49140888  0.46934172  0.44790554  0.43741298  0.42706524  0.42706524  0.42706524  0.48029412  0.51414528  0.49140888  0.49140888  0.44790554  0.51414528  0.48029412  0.48029412  0.45854702  0.46934172  0.43741298  0.58680948  0.58680948  0.57419912  0.48029412  0.50269090  0.49140888  0.36780983  
5_0_0      0.37736619  0.37736619  0.44790554  0.32177396  0.33075778  0.34905494  0.43741298  0.43741298  0.43741298  0.38704594  0.42706524  0.43741298  0.45854702  0.33075778  0.35837374  0.26173220  0.28687800  0.00000000  0.56179736  0.48029412  0.49140888  0.42706524  0.52577739  0.51414528  0.45854702  0.46934172  0.45854702  0.45854702  0.49140888  0.49140888  0.53759281  0.54959741  0.54959741  0.49140888  0.57419912  0.50269090  0.50269090  0.52577739  0.51414528  0.50269090  0.54959741  0.56179736  0.57419912  0.53759281  0.58680948  0.59963557  0.37736619  
50_0_0     0.41685838  0.39685229  0.39685229  0.44790554  0.48029412  0.45854702  0.40678861  0.38704594  0.43741298  0.46934172  0.50269090  0.52577739  0.51414528  0.44790554  0.45854702  0.43741298  0.43741298  0.56179736  0.00000000  0.22161049  0.21383751  0.25353426  0.33985054  0.31289653  0.29545091  0.30412298  0.29545091  0.29545091  0.33075778  0.40678861  0.38704594  0.41685838  0.42706524  0.43741298  0.48029412  0.42706524  0.42706524  0.43741298  0.44790554  0.45854702  0.49140888  0.43741298  0.42706524  0.45854702  0.46934172  0.49140888  0.42706524  
73_0_0     0.36780983  0.37736619  0.40678861  0.43741298  0.42706524  0.46934172  0.39685229  0.36780983  0.44790554  0.42706524  0.45854702  0.49140888  0.48029412  0.46934172  0.45854702  0.46934172  0.45854702  0.48029412  0.22161049  0.00000000  0.00583661  0.08616196  0.28687800  0.27840202  0.27002078  0.27840202  0.30412298  0.30412298  0.28687800  0.35837374  0.33075778  0.35837374  0.36780983  0.39685229  0.51414528  0.41685838  0.41685838  0.42706524  0.39685229  0.42706524  0.43741298  0.45854702  0.44790554  0.46934172  0.50269090  0.48029412  0.44790554  
88_0_0     0.35837374  0.36780983  0.39685229  0.42706524  0.41685838  0.45854702  0.38704594  0.35837374  0.43741298  0.41685838  0.44790554  0.48029412  0.46934172  0.48029412  0.46934172  0.45854702  0.44790554  0.49140888  0.21383751  0.00583661  0.00000000  0.09271250  0.29545091  0.28687800  0.27840202  0.28687800  0.31289653  0.31289653  0.29545091  0.34905494  0.33985054  0.36780983  0.37736619  0.40678861  0.50269090  0.42706524  0.42706524  0.43741298  0.40678861  0.43741298  0.44790554  0.46934172  0.45854702  0.45854702  0.49140888  0.46934172  0.43741298  
22_0_0     0.36780983  0.43741298  0.38704594  0.37736619  0.38704594  0.42706524  0.37736619  0.36780983  0.42706524  0.46934172  0.41685838  0.44790554  0.45854702  0.46934172  0.50269090  0.42706524  0.43741298  0.42706524  0.25353426  0.08616196  0.09271250  0.00000000  0.27002078  0.27840202  0.23740248  0.24542498  0.27002078  0.27002078  0.25353426  0.32177396  0.33075778  0.35837374  0.36780983  0.37736619  0.57419912  0.42706524  0.42706524  0.48029412  0.46934172  0.45854702  0.45854702  0.43741298  0.42706524  0.42706524  0.43741298  0.45854702  0.39685229  
93_0_0     0.39685229  0.41685838  0.40678861  0.37736619  0.37736619  0.43741298  0.35837374  0.33075778  0.41685838  0.50269090  0.39685229  0.45854702  0.46934172  0.56179736  0.54959741  0.49140888  0.49140888  0.52577739  0.33985054  0.28687800  0.29545091  0.27002078  0.00000000  0.03572133  0.06051754  0.05424118  0.06051754  0.06051754  0.17613732  0.22161049  0.19852921  0.20614429  0.21383751  0.24542498  0.45854702  0.40678861  0.40678861  0.39685229  0.38704594  0.39685229  0.38704594  0.39685229  0.38704594  0.31289653  0.33075778  0.36780983  0.33075778  
26_0_0     0.35837374  0.35837374  0.36780983  0.36780983  0.35837374  0.40678861  0.34905494  0.32177396  0.37736619  0.49140888  0.37736619  0.41685838  0.42706524  0.57419912  0.56179736  0.46934172  0.46934172  0.51414528  0.31289653  0.27840202  0.28687800  0.27840202  0.03572133  0.00000000  0.04801693  0.04184392  0.04801693  0.04801693  0.15439484  0.19099070  0.19099070  0.19099070  0.19852921  0.22946491  0.43741298  0.38704594  0.38704594  0.37736619  0.36780983  0.39685229  0.36780983  0.38704594  0.37736619  0.30412298  0.31289653  0.34905494  0.33985054  
100_0_0    0.35837374  0.37736619  0.37736619  0.34905494  0.35837374  0.40678861  0.33075778  0.32177396  0.39685229  0.46934172  0.38704594  0.40678861  0.41685838  0.50269090  0.49140888  0.44790554  0.44790554  0.45854702  0.29545091  0.27002078  0.27840202  0.23740248  0.06051754  0.04801693  0.00000000  0.00583661  0.02362413  0.02362413  0.14024243  0.19852921  0.19852921  0.20614429  0.21383751  0.22161049  0.44790554  0.38704594  0.38704594  0.39685229  0.36780983  0.39685229  0.35837374  0.39685229  0.38704594  0.31289653  0.32177396  0.37736619  0.34905494  
55_0_0     0.34905494  0.36780983  0.36780983  0.33985054  0.34905494  0.39685229  0.32177396  0.31289653  0.38704594  0.48029412  0.37736619  0.39685229  0.40678861  0.51414528  0.50269090  0.43741298  0.43741298  0.46934172  0.30412298  0.27840202  0.28687800  0.24542498  0.05424118  0.04184392  0.00583661  0.00000000  0.01764794  0.01764794  0.13326516  0.19099070  0.20614429  0.20614429  0.21383751  0.21383751  0.43741298  0.39685229  0.39685229  0.40678861  0.37736619  0.40678861  0.36780983  0.38704594  0.37736619  0.30412298  0.31289653  0.36780983  0.35837374  
38_0_0     0.37736619  0.39685229  0.39685229  0.34905494  0.35837374  0.40678861  0.34905494  0.33985054  0.37736619  0.51414528  0.40678861  0.40678861  0.39685229  0.52577739  0.51414528  0.42706524  0.42706524  0.45854702  0.29545091  0.30412298  0.31289653  0.27002078  0.06051754  0.04801693  0.02362413  0.01764794  0.00000000  0.00000000  0.14024243  0.19852921  0.19852921  0.19852921  0.20614429  0.20614429  0.42706524  0.38704594  0.38704594  0.39685229  0.36780983  0.39685229  0.37736619  0.39685229  0.38704594  0.31289653  0.32177396  0.37736619  0.34905494  
41_0_0     0.37736619  0.39685229  0.39685229  0.34905494  0.35837374  0.40678861  0.34905494  0.33985054  0.37736619  0.51414528  0.40678861  0.40678861  0.39685229  0.52577739  0.51414528  0.42706524  0.42706524  0.45854702  0.29545091  0.30412298  0.31289653  0.27002078  0.06051754  0.04801693  0.02362413  0.01764794  0.00000000  0.00000000  0.14024243  0.19852921  0.19852921  0.19852921  0.20614429  0.20614429  0.42706524  0.38704594  0.38704594  0.39685229  0.36780983  0.39685229  0.37736619  0.39685229  0.38704594  0.31289653  0.32177396  0.37736619  0.34905494  
30_0_0     0.34905494  0.41685838  0.38704594  0.37736619  0.40678861  0.43741298  0.35837374  0.36780983  0.38704594  0.52577739  0.41685838  0.41685838  0.44790554  0.46934172  0.50269090  0.40678861  0.42706524  0.49140888  0.33075778  0.28687800  0.29545091  0.25353426  0.17613732  0.15439484  0.14024243  0.13326516  0.14024243  0.14024243  0.00000000  0.24542498  0.26173220  0.27840202  0.28687800  0.23740248  0.45854702  0.39685229  0.39685229  0.46934172  0.41685838  0.42706524  0.34905494  0.36780983  0.35837374  0.31289653  0.33985054  0.37736619  0.40678861  
58_0_0     0.33985054  0.41685838  0.35837374  0.30412298  0.31289653  0.32177396  0.35837374  0.34905494  0.32177396  0.44790554  0.40678861  0.36780983  0.38704594  0.59963557  0.58680948  0.45854702  0.48029412  0.49140888  0.40678861  0.35837374  0.34905494  0.32177396  0.22161049  0.19099070  0.19852921  0.19099070  0.19852921  0.19852921  0.24542498  0.00000000  0.16881955  0.14024243  0.14728525  0.13326516  0.45854702  0.39685229  0.39685229  0.40678861  0.41685838  0.42706524  0.43741298  0.43741298  0.44790554  0.37736619  0.36780983  0.40678861  0.36780983  
92_0_0     0.44790554  0.49140888  0.44790554  0.36780983  0.37736619  0.40678861  0.38704594  0.37736619  0.42706524  0.45854702  0.48029412  0.48029412  0.50269090  0.54959741  0.51414528  0.49140888  0.51414528  0.53759281  0.38704594  0.33075778  0.33985054  0.33075778  0.19852921  0.19099070  0.19852921  0.20614429  0.19852921  0.19852921  0.26173220  0.16881955  0.00000000  0.04184392  0.04801693  0.22946491  0.48029412  0.44790554  0.44790554  0.41685838  0.40678861  0.41685838  0.40678861  0.41685838  0.40678861  0.42706524  0.45854702  0.45854702  0.37736619  
21_0_0     0.40678861  0.46934172  0.42706524  0.37736619  0.36780983  0.41685838  0.37736619  0.36780983  0.38704594  0.49140888  0.45854702  0.45854702  0.48029412  0.58680948  0.54959741  0.46934172  0.49140888  0.54959741  0.41685838  0.35837374  0.36780983  0.35837374  0.20614429  0.19099070  0.20614429  0.20614429  0.19852921  0.19852921  0.27840202  0.14024243  0.04184392  0.00000000  0.00583661  0.21383751  0.48029412  0.43741298  0.43741298  0.40678861  0.39685229  0.40678861  0.42706524  0.45854702  0.44790554  0.44790554  0.45854702  0.45854702  0.38704594  
80_0_0     0.40678861  0.46934172  0.42706524  0.37736619  0.36780983  0.41685838  0.37736619  0.36780983  0.38704594  0.49140888  0.45854702  0.45854702  0.48029412  0.58680948  0.54959741  0.46934172  0.49140888  0.54959741  0.42706524  0.36780983  0.37736619  0.36780983  0.21383751  0.19852921  0.21383751  0.21383751  0.20614429  0.20614429  0.28687800  0.14728525  0.04801693  0.00583661  0.00000000  0.22161049  0.48029412  0.43741298  0.43741298  0.40678861  0.39685229  0.40678861  0.42706524  0.45854702  0.44790554  0.44790554  0.45854702  0.45854702  0.38704594  
52_0_0     0.34905494  0.38704594  0.33075778  0.30412298  0.29545091  0.35837374  0.29545091  0.30412298  0.38704594  0.44790554  0.38704594  0.38704594  0.35837374  0.54959741  0.56179736  0.42706524  0.44790554  0.49140888  0.43741298  0.39685229  0.40678861  0.37736619  0.24542498  0.22946491  0.22161049  0.21383751  0.20614429  0.20614429  0.23740248  0.13326516  0.22946491  0.21383751  0.22161049  0.00000000  0.38704594  0.41685838  0.41685838  0.44790554  0.41685838  0.42706524  0.34905494  0.41685838  0.42706524  0.37736619  0.39685229  0.39685229  0.38704594  
34_6_0     0.44790554  0.42706524  0.42706524  0.44790554  0.43741298  0.49140888  0.39685229  0.39685229  0.41685838  0.51414528  0.50269090  0.50269090  0.42706524  0.63948536  0.59963557  0.49140888  0.51414528  0.57419912  0.48029412  0.51414528  0.50269090  0.57419912  0.45854702  0.43741298  0.44790554  0.43741298  0.42706524  0.42706524  0.45854702  0.45854702  0.48029412  0.48029412  0.48029412  0.38704594  0.00000000  0.35837374  0.35837374  0.33075778  0.33985054  0.32177396  0.41685838  0.34905494  0.33985054  0.48029412  0.46934172  0.42706524  0.44790554  
66_6_0     0.37736619  0.43741298  0.42706524  0.36780983  0.37736619  0.37736619  0.45854702  0.42706524  0.40678861  0.46934172  0.46934172  0.45854702  0.51414528  0.48029412  0.49140888  0.48029412  0.48029412  0.50269090  0.42706524  0.41685838  0.42706524  0.42706524  0.40678861  0.38704594  0.38704594  0.39685229  0.38704594  0.38704594  0.39685229  0.39685229  0.44790554  0.43741298  0.43741298  0.41685838  0.35837374  0.00000000  0.00000000  0.04184392  0.04801693  0.02964833  0.35837374  0.28687800  0.29545091  0.41685838  0.38704594  0.42706524  0.36780983  
59_6_0     0.37736619  0.43741298  0.42706524  0.36780983  0.37736619  0.37736619  0.45854702  0.42706524  0.40678861  0.46934172  0.46934172  0.45854702  0.51414528  0.48029412  0.49140888  0.48029412  0.48029412  0.50269090  0.42706524  0.41685838  0.42706524  0.42706524  0.40678861  0.38704594  0.38704594  0.39685229  0.38704594  0.38704594  0.39685229  0.39685229  0.44790554  0.43741298  0.43741298  0.41685838  0.35837374  0.00000000  0.00000000  0.04184392  0.04801693  0.02964833  0.35837374  0.28687800  0.29545091  0.41685838  0.38704594  0.42706524  0.36780983  
99_7_0     0.40678861  0.46934172  0.45854702  0.39685229  0.38704594  0.40678861  0.42706524  0.39685229  0.36780983  0.41685838  0.43741298  0.44790554  0.48029412  0.50269090  0.49140888  0.45854702  0.45854702  0.52577739  0.43741298  0.42706524  0.43741298  0.48029412  0.39685229  0.37736619  0.39685229  0.40678861  0.39685229  0.39685229  0.46934172  0.40678861  0.41685838  0.40678861  0.40678861  0.44790554  0.33075778  0.04184392  0.04184392  0.00000000  0.02964833  0.02362413  0.36780983  0.31289653  0.32177396  0.43741298  0.40678861  0.40678861  0.35837374  
70_7_0     0.43741298  0.48029412  0.49140888  0.42706524  0.41685838  0.43741298  0.39685229  0.38704594  0.39685229  0.42706524  0.46934172  0.43741298  0.46934172  0.49140888  0.48029412  0.45854702  0.46934172  0.51414528  0.44790554  0.39685229  0.40678861  0.46934172  0.38704594  0.36780983  0.36780983  0.37736619  0.36780983  0.36780983  0.41685838  0.41685838  0.40678861  0.39685229  0.39685229  0.41685838  0.33985054  0.04801693  0.04801693  0.02964833  0.00000000  0.02964833  0.32177396  0.30412298  0.31289653  0.39685229  0.38704594  0.38704594  0.36780983  
70_6_0     0.38704594  0.46934172  0.43741298  0.37736619  0.36780983  0.40678861  0.42706524  0.39685229  0.38704594  0.41685838  0.43741298  0.44790554  0.50269090  0.48029412  0.46934172  0.43741298  0.43741298  0.50269090  0.45854702  0.42706524  0.43741298  0.45854702  0.39685229  0.39685229  0.39685229  0.40678861  0.39685229  0.39685229  0.42706524  0.42706524  0.41685838  0.40678861  0.40678861  0.42706524  0.32177396  0.02964833  0.02964833  0.02362413  0.02964833  0.00000000  0.34905494  0.27840202  0.28687800  0.42706524  0.39685229  0.39685229  0.35837374  
34_0_0     0.45854702  0.44790554  0.46934172  0.43741298  0.42706524  0.48029412  0.44790554  0.45854702  0.52577739  0.50269090  0.39685229  0.51414528  0.61268490  0.53759281  0.52577739  0.54959741  0.58680948  0.54959741  0.49140888  0.43741298  0.44790554  0.45854702  0.38704594  0.36780983  0.35837374  0.36780983  0.37736619  0.37736619  0.34905494  0.43741298  0.40678861  0.42706524  0.42706524  0.34905494  0.41685838  0.35837374  0.35837374  0.36780983  0.32177396  0.34905494  0.00000000  0.29545091  0.28687800  0.42706524  0.45854702  0.45854702  0.41685838  
59_0_0     0.45854702  0.50269090  0.43741298  0.41685838  0.42706524  0.45854702  0.44790554  0.43741298  0.45854702  0.45854702  0.49140888  0.51414528  0.56179736  0.52577739  0.51414528  0.56179736  0.58680948  0.56179736  0.43741298  0.45854702  0.46934172  0.43741298  0.39685229  0.38704594  0.39685229  0.38704594  0.39685229  0.39685229  0.36780983  0.43741298  0.41685838  0.45854702  0.45854702  0.41685838  0.34905494  0.28687800  0.28687800  0.31289653  0.30412298  0.27840202  0.29545091  0.00000000  0.00583661  0.43741298  0.42706524  0.44790554  0.51414528  
66_0_0     0.44790554  0.49140888  0.42706524  0.40678861  0.41685838  0.44790554  0.43741298  0.42706524  0.44790554  0.46934172  0.48029412  0.50269090  0.54959741  0.51414528  0.50269090  0.54959741  0.57419912  0.57419912  0.42706524  0.44790554  0.45854702  0.42706524  0.38704594  0.37736619  0.38704594  0.37736619  0.38704594  0.38704594  0.35837374  0.44790554  0.40678861  0.44790554  0.44790554  0.42706524  0.33985054  0.29545091  0.29545091  0.32177396  0.31289653  0.28687800  0.28687800  0.00583661  0.00000000  0.44790554  0.43741298  0.45854702  0.50269090  
49_5_0     0.39685229  0.43741298  0.40678861  0.37736619  0.38704594  0.42706524  0.37736619  0.37736619  0.46934172  0.45854702  0.43741298  0.38704594  0.49140888  0.56179736  0.54959741  0.49140888  0.48029412  0.53759281  0.45854702  0.46934172  0.45854702  0.42706524  0.31289653  0.30412298  0.31289653  0.30412298  0.31289653  0.31289653  0.31289653  0.37736619  0.42706524  0.44790554  0.44790554  0.37736619  0.48029412  0.41685838  0.41685838  0.43741298  0.39685229  0.42706524  0.42706524  0.43741298  0.44790554  0.00000000  0.02964833  0.07323011  0.34905494  
53_5_0     0.37736619  0.43741298  0.38704594  0.39685229  0.38704594  0.42706524  0.39685229  0.39685229  0.44790554  0.48029412  0.43741298  0.36780983  0.44790554  0.58680948  0.57419912  0.51414528  0.50269090  0.58680948  0.46934172  0.50269090  0.49140888  0.43741298  0.33075778  0.31289653  0.32177396  0.31289653  0.32177396  0.32177396  0.33985054  0.36780983  0.45854702  0.45854702  0.45854702  0.39685229  0.46934172  0.38704594  0.38704594  0.40678861  0.38704594  0.39685229  0.45854702  0.42706524  0.43741298  0.02964833  0.00000000  0.06684688  0.34905494  
24_5_0     0.37736619  0.43741298  0.38704594  0.41685838  0.38704594  0.46934172  0.35837374  0.35837374  0.42706524  0.49140888  0.43741298  0.39685229  0.48029412  0.59963557  0.56179736  0.50269090  0.49140888  0.59963557  0.49140888  0.48029412  0.46934172  0.45854702  0.36780983  0.34905494  0.37736619  0.36780983  0.37736619  0.37736619  0.37736619  0.40678861  0.45854702  0.45854702  0.45854702  0.39685229  0.42706524  0.42706524  0.42706524  0.40678861  0.38704594  0.39685229  0.45854702  0.44790554  0.45854702  0.07323011  0.06684688  0.00000000  0.33985054  
23_0_0     0.32177396  0.33075778  0.33075778  0.32177396  0.33075778  0.34905494  0.30412298  0.27840202  0.34905494  0.32177396  0.33075778  0.36780983  0.39685229  0.45854702  0.46934172  0.36780983  0.36780983  0.37736619  0.42706524  0.44790554  0.43741298  0.39685229  0.33075778  0.33985054  0.34905494  0.35837374  0.34905494  0.34905494  0.40678861  0.36780983  0.37736619  0.38704594  0.38704594  0.38704594  0.44790554  0.36780983  0.36780983  0.35837374  0.36780983  0.35837374  0.41685838  0.51414528  0.50269090  0.34905494  0.34905494  0.33985054  0.00000000  

