20
16_0_0     0.00000000  0.09477394  0.08297911  0.08885323  0.21025872  0.20335213  0.20335213  0.20335213  0.21722979  0.22426657  0.22426657  0.17634750  0.17634750  0.17634750  0.21025872  0.21025872  0.19650885  0.22426657  0.21722979  0.22426657  
3_0_0      0.09477394  0.00000000  0.01054533  0.00525405  0.18300764  0.17634750  0.17634750  0.16320285  0.18972773  0.18300764  0.18300764  0.16320285  0.16320285  0.16320285  0.19650885  0.18300764  0.18300764  0.20335213  0.19650885  0.20335213  
2_0_0      0.08297911  0.01054533  0.00000000  0.00525405  0.18972773  0.18300764  0.18300764  0.16974625  0.18972773  0.18300764  0.18300764  0.15028563  0.15028563  0.15028563  0.19650885  0.18300764  0.18300764  0.19650885  0.18972773  0.21722979  
1_0_0      0.08885323  0.00525405  0.00525405  0.00000000  0.18300764  0.17634750  0.17634750  0.16320285  0.19650885  0.18972773  0.18972773  0.15671631  0.15671631  0.15671631  0.18972773  0.17634750  0.18972773  0.19650885  0.18972773  0.21025872  
4_0_0      0.21025872  0.18300764  0.18972773  0.18300764  0.00000000  0.00525405  0.01054533  0.04867307  0.21025872  0.20335213  0.21025872  0.20335213  0.23137030  0.23137030  0.24578382  0.23137030  0.24578382  0.21722979  0.21722979  0.24578382  
12_0_0     0.20335213  0.17634750  0.18300764  0.17634750  0.00525405  0.00000000  0.00525405  0.04310558  0.21722979  0.21025872  0.21722979  0.19650885  0.22426657  0.22426657  0.25309628  0.23854228  0.23854228  0.22426657  0.22426657  0.23854228  
10_0_0     0.20335213  0.17634750  0.18300764  0.17634750  0.01054533  0.00525405  0.00000000  0.04867307  0.21722979  0.21025872  0.21722979  0.19650885  0.22426657  0.22426657  0.25309628  0.23854228  0.23854228  0.22426657  0.22426657  0.23854228  
5_0_0      0.20335213  0.16320285  0.16974625  0.16320285  0.04867307  0.04310558  0.04867307  0.00000000  0.19650885  0.18972773  0.18300764  0.17634750  0.21722979  0.21722979  0.24578382  0.24578382  0.24578382  0.23137030  0.24578382  0.23137030  
18_0_0     0.21722979  0.18972773  0.18972773  0.19650885  0.21025872  0.21722979  0.21722979  0.19650885  0.00000000  0.01054533  0.01054533  0.05428239  0.08885323  0.08885323  0.10675809  0.10675809  0.13758810  0.15028563  0.16974625  0.13758810  
8_0_0      0.22426657  0.18300764  0.18300764  0.18972773  0.20335213  0.21025872  0.21025872  0.18972773  0.01054533  0.00000000  0.01054533  0.05428239  0.08885323  0.08885323  0.10074197  0.10074197  0.13131941  0.15671631  0.17634750  0.14390987  
6_0_0      0.22426657  0.18300764  0.18300764  0.18972773  0.21025872  0.21722979  0.21722979  0.18300764  0.01054533  0.01054533  0.00000000  0.05428239  0.08885323  0.08885323  0.10675809  0.10675809  0.13758810  0.16320285  0.18300764  0.15028563  
7_0_0      0.17634750  0.16320285  0.15028563  0.15671631  0.20335213  0.19650885  0.19650885  0.17634750  0.05428239  0.05428239  0.05428239  0.00000000  0.03209363  0.03209363  0.10675809  0.10675809  0.10074197  0.17634750  0.18300764  0.17634750  
9_0_0      0.17634750  0.16320285  0.15028563  0.15671631  0.23137030  0.22426657  0.22426657  0.21722979  0.08885323  0.08885323  0.08885323  0.03209363  0.00000000  0.00000000  0.10675809  0.11893775  0.11282309  0.16974625  0.17634750  0.18300764  
13_0_0     0.17634750  0.16320285  0.15028563  0.15671631  0.23137030  0.22426657  0.22426657  0.21722979  0.08885323  0.08885323  0.08885323  0.03209363  0.00000000  0.00000000  0.10675809  0.11893775  0.11282309  0.16974625  0.17634750  0.18300764  
19_0_0     0.21025872  0.19650885  0.19650885  0.18972773  0.24578382  0.25309628  0.25309628  0.24578382  0.10675809  0.10074197  0.10675809  0.10675809  0.10675809  0.10675809  0.00000000  0.01054533  0.13131941  0.15671631  0.17634750  0.18300764  
20_0_0     0.21025872  0.18300764  0.18300764  0.17634750  0.23137030  0.23854228  0.23854228  0.24578382  0.10675809  0.10074197  0.10675809  0.10675809  0.11893775  0.11893775  0.01054533  0.00000000  0.11893775  0.15671631  0.16320285  0.18300764  
15_0_0     0.19650885  0.18300764  0.18300764  0.18972773  0.24578382  0.23854228  0.23854228  0.24578382  0.13758810  0.13131941  0.13758810  0.10074197  0.11282309  0.11282309  0.13131941  0.11893775  0.00000000  0.16320285  0.15671631  0.19650885  
17_0_0     0.22426657  0.20335213  0.19650885  0.19650885  0.21722979  0.22426657  0.22426657  0.23137030  0.15028563  0.15671631  0.16320285  0.17634750  0.16974625  0.16974625  0.15671631  0.15671631  0.16320285  0.00000000  0.01587438  0.10074197  
11_0_0     0.21722979  0.19650885  0.18972773  0.18972773  0.21722979  0.22426657  0.22426657  0.24578382  0.16974625  0.17634750  0.18300764  0.18300764  0.17634750  0.17634750  0.17634750  0.16320285  0.15671631  0.01587438  0.00000000  0.11893775  
14_0_0     0.22426657  0.20335213  0.21722979  0.21025872  0.24578382  0.23854228  0.23854228  0.23137030  0.13758810  0.14390987  0.15028563  0.17634750  0.18300764  0.18300764  0.18300764  0.18300764  0.19650885  0.10074197  0.11893775  0.00000000  

