45
96_0_0     0.00000000  0.12580840  0.12580840  0.09699216  0.13566848  0.13566848  0.14064820  0.14064820  0.14566162  0.15579145  0.60460110  0.60460110  0.61400912  0.62353819  0.66293008  0.53335292  0.53335292  0.53335292  0.55053271  0.53335292  0.51656265  0.69391302  0.70453557  0.67311438  0.65288394  0.62353819  0.64297225  0.65288394  0.58613620  0.60460110  0.57707358  0.60460110  0.57707358  0.57707358  0.64297225  0.61400912  0.61400912  0.62353819  0.59531110  0.56812052  0.69391302  0.64297225  0.67311438  0.64297225  0.66293008  
47_9_0     0.12580840  0.00000000  0.08763065  0.05132492  0.11126013  0.12092715  0.12580840  0.09229661  0.09699216  0.10647353  0.57707358  0.57707358  0.58613620  0.66293008  0.71531271  0.60460110  0.58613620  0.58613620  0.60460110  0.62353819  0.60460110  0.67311438  0.68344069  0.67311438  0.72624900  0.73734921  0.73734921  0.72624900  0.60460110  0.62353819  0.58613620  0.61400912  0.58613620  0.58613620  0.64297225  0.65288394  0.65288394  0.66293008  0.62353819  0.55927440  0.73734921  0.69391302  0.77168446  0.70453557  0.70453557  
65_9_0     0.12580840  0.08763065  0.00000000  0.03381839  0.12092715  0.13072203  0.13566848  0.09229661  0.09699216  0.09699216  0.60460110  0.60460110  0.61400912  0.68344069  0.71531271  0.58613620  0.57707358  0.61400912  0.63319147  0.63319147  0.63319147  0.70453557  0.71531271  0.69391302  0.69391302  0.68344069  0.70453557  0.69391302  0.61400912  0.63319147  0.59531110  0.62353819  0.59531110  0.59531110  0.66293008  0.63319147  0.63319147  0.64297225  0.65288394  0.60460110  0.72624900  0.68344069  0.71531271  0.71531271  0.71531271  
42_9_0     0.09699216  0.05132492  0.03381839  0.00000000  0.08299390  0.09229661  0.09699216  0.05576699  0.06023586  0.06925532  0.56812052  0.56812052  0.57707358  0.64297225  0.67311438  0.57707358  0.55927440  0.57707358  0.59531110  0.59531110  0.59531110  0.67311438  0.68344069  0.65288394  0.68344069  0.67311438  0.69391302  0.68344069  0.59531110  0.61400912  0.57707358  0.60460110  0.57707358  0.57707358  0.64297225  0.63319147  0.63319147  0.64297225  0.63319147  0.56812052  0.74861834  0.68344069  0.73734921  0.69391302  0.71531271  
47_8_0     0.13566848  0.11126013  0.12092715  0.08299390  0.00000000  0.00831092  0.01671617  0.12580840  0.12092715  0.12092715  0.61400912  0.61400912  0.62353819  0.66293008  0.69391302  0.59531110  0.59531110  0.56812052  0.59531110  0.60460110  0.58613620  0.70453557  0.71531271  0.69391302  0.70453557  0.68344069  0.70453557  0.69391302  0.60460110  0.62353819  0.55927440  0.58613620  0.55927440  0.55927440  0.65288394  0.64297225  0.65288394  0.66293008  0.67311438  0.61400912  0.76006160  0.69391302  0.77168446  0.69391302  0.72624900  
65_8_0     0.13566848  0.12092715  0.13072203  0.09229661  0.00831092  0.00000000  0.00831092  0.12580840  0.12092715  0.13072203  0.63319147  0.63319147  0.64297225  0.68344069  0.71531271  0.59531110  0.59531110  0.56812052  0.59531110  0.60460110  0.58613620  0.72624900  0.73734921  0.71531271  0.71531271  0.69391302  0.71531271  0.70453557  0.60460110  0.62353819  0.55927440  0.58613620  0.55927440  0.55927440  0.67311438  0.66293008  0.67311438  0.68344069  0.65288394  0.61400912  0.78349265  0.69391302  0.77168446  0.69391302  0.72624900  
42_8_0     0.14064820  0.12580840  0.13566848  0.09699216  0.01671617  0.00831092  0.00000000  0.13072203  0.12580840  0.12580840  0.64297225  0.64297225  0.65288394  0.70453557  0.73734921  0.61400912  0.61400912  0.58613620  0.59531110  0.60460110  0.58613620  0.73734921  0.72624900  0.70453557  0.72624900  0.70453557  0.72624900  0.71531271  0.61400912  0.63319147  0.55053271  0.57707358  0.55053271  0.55053271  0.68344069  0.67311438  0.68344069  0.69391302  0.66293008  0.62353819  0.78349265  0.70453557  0.78349265  0.69391302  0.72624900  
65_0_0     0.14064820  0.09229661  0.09229661  0.05576699  0.12580840  0.12580840  0.13072203  0.00000000  0.00414380  0.03815638  0.59531110  0.59531110  0.60460110  0.59531110  0.65288394  0.58613620  0.56812052  0.59531110  0.57707358  0.58613620  0.58613620  0.69391302  0.70453557  0.68344069  0.64297225  0.63319147  0.65288394  0.64297225  0.61400912  0.63319147  0.51656265  0.54189300  0.51656265  0.51656265  0.60460110  0.61400912  0.61400912  0.62353819  0.57707358  0.53335292  0.76006160  0.67311438  0.76006160  0.68344069  0.72624900  
42_0_0     0.14566162  0.09699216  0.09699216  0.06023586  0.12092715  0.12092715  0.12580840  0.00414380  0.00000000  0.03381839  0.59531110  0.59531110  0.60460110  0.59531110  0.65288394  0.58613620  0.56812052  0.59531110  0.57707358  0.58613620  0.58613620  0.69391302  0.70453557  0.68344069  0.64297225  0.63319147  0.65288394  0.64297225  0.61400912  0.63319147  0.51656265  0.54189300  0.51656265  0.51656265  0.60460110  0.61400912  0.61400912  0.62353819  0.57707358  0.53335292  0.74861834  0.66293008  0.74861834  0.67311438  0.71531271  
47_0_0     0.15579145  0.10647353  0.09699216  0.06925532  0.12092715  0.13072203  0.12580840  0.03815638  0.03381839  0.00000000  0.59531110  0.59531110  0.60460110  0.62353819  0.67311438  0.58613620  0.56812052  0.57707358  0.59531110  0.55053271  0.55053271  0.69391302  0.68344069  0.66293008  0.66293008  0.65288394  0.67311438  0.66293008  0.64297225  0.65288394  0.50830814  0.53335292  0.50830814  0.50830814  0.59531110  0.62353819  0.64297225  0.63319147  0.59531110  0.55053271  0.76006160  0.67311438  0.76006160  0.69391302  0.73734921  
25_5_0     0.60460110  0.57707358  0.60460110  0.56812052  0.61400912  0.63319147  0.64297225  0.59531110  0.59531110  0.59531110  0.00000000  0.00000000  0.00414380  0.25379401  0.29570687  0.19775598  0.20317278  0.21966503  0.25379401  0.24224204  0.23086750  0.21412670  0.22524508  0.24224204  0.32716687  0.36002283  0.34670502  0.34013486  0.28348778  0.28348778  0.29570687  0.34013486  0.30813096  0.30189286  0.30813096  0.32076704  0.30813096  0.31442205  0.27146703  0.23086750  0.50830814  0.52491020  0.59531110  0.55053271  0.54189300  
31_5_0     0.60460110  0.57707358  0.60460110  0.56812052  0.61400912  0.63319147  0.64297225  0.59531110  0.59531110  0.59531110  0.00000000  0.00000000  0.00414380  0.25379401  0.29570687  0.19775598  0.20317278  0.21966503  0.25379401  0.24224204  0.23086750  0.21412670  0.22524508  0.24224204  0.32716687  0.36002283  0.34670502  0.34013486  0.28348778  0.28348778  0.29570687  0.34013486  0.30813096  0.30189286  0.30813096  0.32076704  0.30813096  0.31442205  0.27146703  0.23086750  0.50830814  0.52491020  0.59531110  0.55053271  0.54189300  
12_5_0     0.61400912  0.58613620  0.61400912  0.57707358  0.62353819  0.64297225  0.65288394  0.60460110  0.60460110  0.60460110  0.00414380  0.00414380  0.00000000  0.24799550  0.28957212  0.20317278  0.19775598  0.22524508  0.25963828  0.24799550  0.23653293  0.20862949  0.21966503  0.23653293  0.32076704  0.35333399  0.34013486  0.33362248  0.27745301  0.27745301  0.30189286  0.34670502  0.31442205  0.30813096  0.30189286  0.31442205  0.30189286  0.30813096  0.26552904  0.22524508  0.51656265  0.53335292  0.60460110  0.55927440  0.55053271  
24_1_0     0.62353819  0.66293008  0.68344069  0.64297225  0.66293008  0.68344069  0.70453557  0.59531110  0.59531110  0.62353819  0.25379401  0.25379401  0.24799550  0.00000000  0.12580840  0.22524508  0.24224204  0.24224204  0.26552904  0.22524508  0.21412670  0.24799550  0.27146703  0.25963828  0.38045967  0.37358453  0.37358453  0.39440442  0.37358453  0.34670502  0.31442205  0.34013486  0.31442205  0.32076704  0.40861681  0.39440442  0.38739922  0.39440442  0.33362248  0.32716687  0.52491020  0.55927440  0.60460110  0.55927440  0.53335292  
29_4_0     0.66293008  0.71531271  0.71531271  0.67311438  0.69391302  0.71531271  0.73734921  0.65288394  0.65288394  0.67311438  0.29570687  0.29570687  0.28957212  0.12580840  0.00000000  0.20862949  0.23653293  0.23086750  0.25963828  0.22524508  0.22524508  0.28348778  0.30813096  0.28957212  0.41582660  0.39440442  0.39440442  0.41582660  0.38739922  0.36002283  0.35333399  0.37358453  0.36002283  0.36002283  0.40861681  0.38045967  0.38739922  0.39440442  0.34013486  0.32716687  0.59531110  0.58613620  0.60460110  0.59531110  0.56812052  
6_3_0      0.53335292  0.60460110  0.58613620  0.57707358  0.59531110  0.59531110  0.61400912  0.58613620  0.58613620  0.58613620  0.19775598  0.19775598  0.20317278  0.22524508  0.20862949  0.00000000  0.05132492  0.06473186  0.09699216  0.06925532  0.06925532  0.19237852  0.21412670  0.20862949  0.30189286  0.30813096  0.29570687  0.31442205  0.29570687  0.28348778  0.27146703  0.31442205  0.28348778  0.27745301  0.36002283  0.35333399  0.34013486  0.34670502  0.24799550  0.23653293  0.52491020  0.50830814  0.55053271  0.54189300  0.51656265  
26_3_0     0.53335292  0.58613620  0.57707358  0.55927440  0.59531110  0.59531110  0.61400912  0.56812052  0.56812052  0.56812052  0.20317278  0.20317278  0.19775598  0.24224204  0.23653293  0.05132492  0.00000000  0.10647353  0.14064820  0.11126013  0.11126013  0.18703982  0.20862949  0.20317278  0.28348778  0.28957212  0.27745301  0.29570687  0.30189286  0.28957212  0.27146703  0.30189286  0.27146703  0.26552904  0.32716687  0.32076704  0.30813096  0.31442205  0.23086750  0.21966503  0.53335292  0.52491020  0.53335292  0.52491020  0.51656265  
6_1_0      0.53335292  0.58613620  0.61400912  0.57707358  0.56812052  0.56812052  0.58613620  0.59531110  0.59531110  0.57707358  0.21966503  0.21966503  0.22524508  0.24224204  0.23086750  0.06473186  0.10647353  0.00000000  0.03815638  0.05576699  0.04690934  0.22524508  0.24799550  0.23086750  0.34013486  0.32076704  0.33362248  0.34013486  0.31442205  0.30189286  0.27745301  0.32076704  0.28957212  0.28348778  0.36677264  0.37358453  0.37358453  0.36677264  0.27745301  0.26552904  0.55053271  0.50014463  0.53335292  0.51656265  0.50830814  
26_1_0     0.55053271  0.60460110  0.63319147  0.59531110  0.59531110  0.59531110  0.59531110  0.57707358  0.57707358  0.59531110  0.25379401  0.25379401  0.25963828  0.26552904  0.25963828  0.09699216  0.14064820  0.03815638  0.00000000  0.08763065  0.07838600  0.24799550  0.27146703  0.25379401  0.33362248  0.30189286  0.31442205  0.32076704  0.30813096  0.29570687  0.28957212  0.33362248  0.30189286  0.29570687  0.38045967  0.37358453  0.37358453  0.36677264  0.28957212  0.27745301  0.50830814  0.46836176  0.51656265  0.47618052  0.46836176  
4_1_0      0.53335292  0.62353819  0.63319147  0.59531110  0.60460110  0.60460110  0.60460110  0.58613620  0.58613620  0.55053271  0.24224204  0.24224204  0.24799550  0.22524508  0.22524508  0.06925532  0.11126013  0.05576699  0.08763065  0.00000000  0.00831092  0.21412670  0.22524508  0.21966503  0.33362248  0.31442205  0.32716687  0.33362248  0.31442205  0.30189286  0.26552904  0.30813096  0.27745301  0.27146703  0.38739922  0.39440442  0.39440442  0.38739922  0.25963828  0.25963828  0.53335292  0.50014463  0.50830814  0.51656265  0.50830814  
32_1_0     0.51656265  0.60460110  0.63319147  0.59531110  0.58613620  0.58613620  0.58613620  0.58613620  0.58613620  0.55053271  0.23086750  0.23086750  0.23653293  0.21412670  0.22524508  0.06925532  0.11126013  0.04690934  0.07838600  0.00831092  0.00000000  0.21412670  0.22524508  0.20862949  0.33362248  0.31442205  0.32716687  0.33362248  0.30813096  0.29570687  0.25379401  0.29570687  0.26552904  0.25963828  0.38045967  0.38739922  0.38739922  0.38045967  0.27146703  0.25963828  0.51656265  0.48408271  0.52491020  0.50014463  0.49207012  
22_1_0     0.69391302  0.67311438  0.70453557  0.67311438  0.70453557  0.72624900  0.73734921  0.69391302  0.69391302  0.69391302  0.21412670  0.21412670  0.20862949  0.24799550  0.28348778  0.19237852  0.18703982  0.22524508  0.24799550  0.21412670  0.21412670  0.00000000  0.01671617  0.04251993  0.40147652  0.40861681  0.39440442  0.41582660  0.32716687  0.32716687  0.33362248  0.36002283  0.32716687  0.32716687  0.39440442  0.40147652  0.37358453  0.38045967  0.32716687  0.30813096  0.55053271  0.52491020  0.55053271  0.55927440  0.53335292  
9_1_0      0.70453557  0.68344069  0.71531271  0.68344069  0.71531271  0.73734921  0.72624900  0.70453557  0.70453557  0.68344069  0.22524508  0.22524508  0.21966503  0.27146703  0.30813096  0.21412670  0.20862949  0.24799550  0.27146703  0.22524508  0.22524508  0.01671617  0.00000000  0.05132492  0.41582660  0.43788696  0.42310728  0.43046025  0.32716687  0.34013486  0.33362248  0.36002283  0.32716687  0.32716687  0.40861681  0.41582660  0.38739922  0.39440442  0.34013486  0.32076704  0.56812052  0.55927440  0.58613620  0.59531110  0.56812052  
3_1_0      0.67311438  0.67311438  0.69391302  0.65288394  0.69391302  0.71531271  0.70453557  0.68344069  0.68344069  0.66293008  0.24224204  0.24224204  0.23653293  0.25963828  0.28957212  0.20862949  0.20317278  0.23086750  0.25379401  0.21966503  0.20862949  0.04251993  0.05132492  0.00000000  0.43788696  0.43046025  0.43046025  0.45296761  0.34670502  0.34670502  0.34013486  0.36677264  0.33362248  0.33362248  0.40861681  0.41582660  0.38739922  0.39440442  0.35333399  0.33362248  0.58613620  0.55927440  0.58613620  0.56812052  0.55927440  
1_6_0      0.65288394  0.72624900  0.69391302  0.68344069  0.70453557  0.71531271  0.72624900  0.64297225  0.64297225  0.66293008  0.32716687  0.32716687  0.32076704  0.38045967  0.41582660  0.30189286  0.28348778  0.34013486  0.33362248  0.33362248  0.33362248  0.40147652  0.41582660  0.43788696  0.00000000  0.02950567  0.02095484  0.01671617  0.27146703  0.25963828  0.24224204  0.26552904  0.24799550  0.23653293  0.31442205  0.30189286  0.30189286  0.29570687  0.21966503  0.19775598  0.53335292  0.54189300  0.56812052  0.50830814  0.54189300  
5_6_0      0.62353819  0.73734921  0.68344069  0.67311438  0.68344069  0.69391302  0.70453557  0.63319147  0.63319147  0.65288394  0.36002283  0.36002283  0.35333399  0.37358453  0.39440442  0.30813096  0.28957212  0.32076704  0.30189286  0.31442205  0.31442205  0.40861681  0.43788696  0.43046025  0.02950567  0.00000000  0.00831092  0.02095484  0.28957212  0.27745301  0.24799550  0.27146703  0.25379401  0.24224204  0.33362248  0.32076704  0.32076704  0.31442205  0.22524508  0.21412670  0.53335292  0.53335292  0.52491020  0.48408271  0.53335292  
13_6_0     0.64297225  0.73734921  0.70453557  0.69391302  0.70453557  0.71531271  0.72624900  0.65288394  0.65288394  0.67311438  0.34670502  0.34670502  0.34013486  0.37358453  0.39440442  0.29570687  0.27745301  0.33362248  0.31442205  0.32716687  0.32716687  0.39440442  0.42310728  0.43046025  0.02095484  0.00831092  0.00000000  0.01250162  0.27745301  0.26552904  0.24799550  0.27146703  0.25379401  0.24224204  0.32076704  0.30813096  0.30813096  0.30189286  0.22524508  0.20317278  0.53335292  0.53335292  0.54189300  0.50014463  0.53335292  
10_6_0     0.65288394  0.72624900  0.69391302  0.68344069  0.69391302  0.70453557  0.71531271  0.64297225  0.64297225  0.66293008  0.34013486  0.34013486  0.33362248  0.39440442  0.41582660  0.31442205  0.29570687  0.34013486  0.32076704  0.33362248  0.33362248  0.41582660  0.43046025  0.45296761  0.01671617  0.02095484  0.01250162  0.00000000  0.28348778  0.27146703  0.25379401  0.27745301  0.25963828  0.24799550  0.32716687  0.31442205  0.31442205  0.30813096  0.23086750  0.20862949  0.53335292  0.53335292  0.55927440  0.50014463  0.53335292  
16_1_0     0.58613620  0.60460110  0.61400912  0.59531110  0.60460110  0.60460110  0.61400912  0.61400912  0.61400912  0.64297225  0.28348778  0.28348778  0.27745301  0.37358453  0.38739922  0.29570687  0.30189286  0.31442205  0.30813096  0.31442205  0.30813096  0.32716687  0.32716687  0.34670502  0.27146703  0.28957212  0.27745301  0.28348778  0.00000000  0.01671617  0.18173934  0.21966503  0.19237852  0.18703982  0.24799550  0.25963828  0.25379401  0.25379401  0.15070922  0.12580840  0.53335292  0.48408271  0.53335292  0.50830814  0.48408271  
27_1_0     0.60460110  0.62353819  0.63319147  0.61400912  0.62353819  0.62353819  0.63319147  0.63319147  0.63319147  0.65288394  0.28348778  0.28348778  0.27745301  0.34670502  0.36002283  0.28348778  0.28957212  0.30189286  0.29570687  0.30189286  0.29570687  0.32716687  0.34013486  0.34670502  0.25963828  0.27745301  0.26552904  0.27146703  0.01671617  0.00000000  0.17125083  0.20862949  0.18173934  0.17647652  0.24799550  0.25963828  0.25379401  0.25379401  0.15070922  0.12580840  0.53335292  0.46836176  0.51656265  0.50830814  0.48408271  
1_1_0      0.57707358  0.58613620  0.59531110  0.57707358  0.55927440  0.55927440  0.55053271  0.51656265  0.51656265  0.50830814  0.29570687  0.29570687  0.30189286  0.31442205  0.35333399  0.27146703  0.27146703  0.27745301  0.28957212  0.26552904  0.25379401  0.33362248  0.33362248  0.34013486  0.24224204  0.24799550  0.24799550  0.25379401  0.18173934  0.17125083  0.00000000  0.03381839  0.01250162  0.00414380  0.20862949  0.23086750  0.24224204  0.23653293  0.12092715  0.09699216  0.49207012  0.45296761  0.49207012  0.43788696  0.43788696  
5_1_0      0.60460110  0.61400912  0.62353819  0.60460110  0.58613620  0.58613620  0.57707358  0.54189300  0.54189300  0.53335292  0.34013486  0.34013486  0.34670502  0.34013486  0.37358453  0.31442205  0.30189286  0.32076704  0.33362248  0.30813096  0.29570687  0.36002283  0.36002283  0.36677264  0.26552904  0.27146703  0.27146703  0.27745301  0.21966503  0.20862949  0.03381839  0.00000000  0.02095484  0.02950567  0.25379401  0.25379401  0.26552904  0.25963828  0.15070922  0.13566848  0.54189300  0.48408271  0.50830814  0.45296761  0.46836176  
13_1_0     0.57707358  0.58613620  0.59531110  0.57707358  0.55927440  0.55927440  0.55053271  0.51656265  0.51656265  0.50830814  0.30813096  0.30813096  0.31442205  0.31442205  0.36002283  0.28348778  0.27146703  0.28957212  0.30189286  0.27745301  0.26552904  0.32716687  0.32716687  0.33362248  0.24799550  0.25379401  0.25379401  0.25963828  0.19237852  0.18173934  0.01250162  0.02095484  0.00000000  0.00831092  0.22524508  0.23653293  0.24799550  0.24224204  0.12580840  0.11126013  0.51656265  0.46062469  0.48408271  0.43046025  0.44538890  
10_1_0     0.57707358  0.58613620  0.59531110  0.57707358  0.55927440  0.55927440  0.55053271  0.51656265  0.51656265  0.50830814  0.30189286  0.30189286  0.30813096  0.32076704  0.36002283  0.27745301  0.26552904  0.28348778  0.29570687  0.27146703  0.25963828  0.32716687  0.32716687  0.33362248  0.23653293  0.24224204  0.24224204  0.24799550  0.18703982  0.17647652  0.00414380  0.02950567  0.00831092  0.00000000  0.21412670  0.23653293  0.24799550  0.24224204  0.12580840  0.10171767  0.50014463  0.46062469  0.48408271  0.43046025  0.44538890  
10_7_0     0.64297225  0.64297225  0.66293008  0.64297225  0.65288394  0.67311438  0.68344069  0.60460110  0.60460110  0.59531110  0.30813096  0.30813096  0.30189286  0.40861681  0.40861681  0.36002283  0.32716687  0.36677264  0.38045967  0.38739922  0.38045967  0.39440442  0.40861681  0.40861681  0.31442205  0.33362248  0.32076704  0.32716687  0.24799550  0.24799550  0.20862949  0.25379401  0.22524508  0.21412670  0.00000000  0.03815638  0.04690934  0.04251993  0.17125083  0.14566162  0.55053271  0.51656265  0.57707358  0.52491020  0.49207012  
1_7_0      0.61400912  0.65288394  0.63319147  0.63319147  0.64297225  0.66293008  0.67311438  0.61400912  0.61400912  0.62353819  0.32076704  0.32076704  0.31442205  0.39440442  0.38045967  0.35333399  0.32076704  0.37358453  0.37358453  0.39440442  0.38739922  0.40147652  0.41582660  0.41582660  0.30189286  0.32076704  0.30813096  0.31442205  0.25963828  0.25963828  0.23086750  0.25379401  0.23653293  0.23653293  0.03815638  0.00000000  0.01671617  0.01250162  0.17647652  0.17125083  0.52491020  0.48408271  0.52491020  0.48408271  0.45296761  
5_7_0      0.61400912  0.65288394  0.63319147  0.63319147  0.65288394  0.67311438  0.68344069  0.61400912  0.61400912  0.64297225  0.30813096  0.30813096  0.30189286  0.38739922  0.38739922  0.34013486  0.30813096  0.37358453  0.37358453  0.39440442  0.38739922  0.37358453  0.38739922  0.38739922  0.30189286  0.32076704  0.30813096  0.31442205  0.25379401  0.25379401  0.24224204  0.26552904  0.24799550  0.24799550  0.04690934  0.01671617  0.00000000  0.00414380  0.17647652  0.17125083  0.51656265  0.47618052  0.53335292  0.50830814  0.46062469  
13_7_0     0.62353819  0.66293008  0.64297225  0.64297225  0.66293008  0.68344069  0.69391302  0.62353819  0.62353819  0.63319147  0.31442205  0.31442205  0.30813096  0.39440442  0.39440442  0.34670502  0.31442205  0.36677264  0.36677264  0.38739922  0.38045967  0.38045967  0.39440442  0.39440442  0.29570687  0.31442205  0.30189286  0.30813096  0.25379401  0.25379401  0.23653293  0.25963828  0.24224204  0.24224204  0.04251993  0.01250162  0.00414380  0.00000000  0.17125083  0.16606177  0.52491020  0.46836176  0.52491020  0.50014463  0.45296761  
27_7_0     0.59531110  0.62353819  0.65288394  0.63319147  0.67311438  0.65288394  0.66293008  0.57707358  0.57707358  0.59531110  0.27146703  0.27146703  0.26552904  0.33362248  0.34013486  0.24799550  0.23086750  0.27745301  0.28957212  0.25963828  0.27146703  0.32716687  0.34013486  0.35333399  0.21966503  0.22524508  0.22524508  0.23086750  0.15070922  0.15070922  0.12092715  0.15070922  0.12580840  0.12580840  0.17125083  0.17647652  0.17647652  0.17125083  0.00000000  0.04690934  0.50830814  0.46062469  0.45296761  0.42310728  0.42310728  
16_7_0     0.56812052  0.55927440  0.60460110  0.56812052  0.61400912  0.61400912  0.62353819  0.53335292  0.53335292  0.55053271  0.23086750  0.23086750  0.22524508  0.32716687  0.32716687  0.23653293  0.21966503  0.26552904  0.27745301  0.25963828  0.25963828  0.30813096  0.32076704  0.33362248  0.19775598  0.21412670  0.20317278  0.20862949  0.12580840  0.12580840  0.09699216  0.13566848  0.11126013  0.10171767  0.14566162  0.17125083  0.17125083  0.16606177  0.04690934  0.00000000  0.49207012  0.45296761  0.47618052  0.43046025  0.41582660  
36_1_0     0.69391302  0.73734921  0.72624900  0.74861834  0.76006160  0.78349265  0.78349265  0.76006160  0.74861834  0.76006160  0.50830814  0.50830814  0.51656265  0.52491020  0.59531110  0.52491020  0.53335292  0.55053271  0.50830814  0.53335292  0.51656265  0.55053271  0.56812052  0.58613620  0.53335292  0.53335292  0.53335292  0.53335292  0.53335292  0.53335292  0.49207012  0.54189300  0.51656265  0.50014463  0.55053271  0.52491020  0.51656265  0.52491020  0.50830814  0.49207012  0.00000000  0.14064820  0.17647652  0.12092715  0.10647353  
20_1_0     0.64297225  0.69391302  0.68344069  0.68344069  0.69391302  0.69391302  0.70453557  0.67311438  0.66293008  0.67311438  0.52491020  0.52491020  0.53335292  0.55927440  0.58613620  0.50830814  0.52491020  0.50014463  0.46836176  0.50014463  0.48408271  0.52491020  0.55927440  0.55927440  0.54189300  0.53335292  0.53335292  0.53335292  0.48408271  0.46836176  0.45296761  0.48408271  0.46062469  0.46062469  0.51656265  0.48408271  0.47618052  0.46836176  0.46062469  0.45296761  0.14064820  0.00000000  0.10171767  0.10647353  0.09229661  
35_1_0     0.67311438  0.77168446  0.71531271  0.73734921  0.77168446  0.77168446  0.78349265  0.76006160  0.74861834  0.76006160  0.59531110  0.59531110  0.60460110  0.60460110  0.60460110  0.55053271  0.53335292  0.53335292  0.51656265  0.50830814  0.52491020  0.55053271  0.58613620  0.58613620  0.56812052  0.52491020  0.54189300  0.55927440  0.53335292  0.51656265  0.49207012  0.50830814  0.48408271  0.48408271  0.57707358  0.52491020  0.53335292  0.52491020  0.45296761  0.47618052  0.17647652  0.10171767  0.00000000  0.10171767  0.09229661  
23_1_0     0.64297225  0.70453557  0.71531271  0.69391302  0.69391302  0.69391302  0.69391302  0.68344069  0.67311438  0.69391302  0.55053271  0.55053271  0.55927440  0.55927440  0.59531110  0.54189300  0.52491020  0.51656265  0.47618052  0.51656265  0.50014463  0.55927440  0.59531110  0.56812052  0.50830814  0.48408271  0.50014463  0.50014463  0.50830814  0.50830814  0.43788696  0.45296761  0.43046025  0.43046025  0.52491020  0.48408271  0.50830814  0.50014463  0.42310728  0.43046025  0.12092715  0.10647353  0.10171767  0.00000000  0.03815638  
7_1_0      0.66293008  0.70453557  0.71531271  0.71531271  0.72624900  0.72624900  0.72624900  0.72624900  0.71531271  0.73734921  0.54189300  0.54189300  0.55053271  0.53335292  0.56812052  0.51656265  0.51656265  0.50830814  0.46836176  0.50830814  0.49207012  0.53335292  0.56812052  0.55927440  0.54189300  0.53335292  0.53335292  0.53335292  0.48408271  0.48408271  0.43788696  0.46836176  0.44538890  0.44538890  0.49207012  0.45296761  0.46062469  0.45296761  0.42310728  0.41582660  0.10647353  0.09229661  0.09229661  0.03815638  0.00000000  

