20
13_0_0     0.00000000  0.02048525  0.02048525  0.05777060  0.05777060  0.06878095  0.38228620  0.39083808  0.39083808  0.39083808  0.40824671  0.37383281  0.41710835  0.37383281  0.29425770  0.22934294  0.25034968  0.24328042  0.24328042  0.25034968  
6_0_0      0.02048525  0.00000000  0.00000000  0.06878095  0.06878095  0.07995898  0.38228620  0.39083808  0.39083808  0.39083808  0.42607829  0.37383281  0.41710835  0.37383281  0.32506039  0.25748769  0.27197540  0.25748769  0.25748769  0.26469580  
3_0_0      0.02048525  0.00000000  0.00000000  0.06878095  0.06878095  0.07995898  0.38228620  0.39083808  0.39083808  0.39083808  0.42607829  0.37383281  0.41710835  0.37383281  0.32506039  0.25748769  0.27197540  0.25748769  0.25748769  0.26469580  
14_0_0     0.05777060  0.06878095  0.06878095  0.00000000  0.00000000  0.01017116  0.39083808  0.39949078  0.39949078  0.39949078  0.41710835  0.36547567  0.39083808  0.34904156  0.27932793  0.25034968  0.25034968  0.23627860  0.23627860  0.24328042  
2_0_0      0.05777060  0.06878095  0.06878095  0.00000000  0.00000000  0.01017116  0.39083808  0.39949078  0.39949078  0.39949078  0.41710835  0.36547567  0.39083808  0.34904156  0.27932793  0.25034968  0.25034968  0.23627860  0.23627860  0.24328042  
11_0_0     0.06878095  0.07995898  0.07995898  0.01017116  0.01017116  0.00000000  0.39949078  0.40824671  0.40824671  0.40824671  0.42607829  0.37383281  0.39949078  0.35721262  0.29425770  0.26469580  0.26469580  0.25034968  0.25034968  0.25748769  
1_0_0      0.38228620  0.38228620  0.38228620  0.39083808  0.39083808  0.39949078  0.00000000  0.01017116  0.02048525  0.01017116  0.05232675  0.03623334  0.06325513  0.10283910  0.43515921  0.38228620  0.35721262  0.35721262  0.35721262  0.36547567  
10_0_0     0.39083808  0.39083808  0.39083808  0.39949078  0.39949078  0.40824671  0.01017116  0.00000000  0.01017116  0.00000000  0.04155870  0.02569716  0.05232675  0.09130989  0.42607829  0.37383281  0.34904156  0.34904156  0.34904156  0.35721262  
5_0_0      0.39083808  0.39083808  0.39083808  0.39949078  0.39949078  0.40824671  0.02048525  0.01017116  0.00000000  0.01017116  0.05232675  0.03623334  0.06325513  0.10283910  0.43515921  0.38228620  0.35721262  0.35721262  0.35721262  0.36547567  
7_0_0      0.39083808  0.39083808  0.39083808  0.39949078  0.39949078  0.40824671  0.01017116  0.00000000  0.01017116  0.00000000  0.04155870  0.02569716  0.05232675  0.09130989  0.42607829  0.37383281  0.34904156  0.34904156  0.34904156  0.35721262  
4_0_0      0.40824671  0.42607829  0.42607829  0.41710835  0.41710835  0.42607829  0.05232675  0.04155870  0.05232675  0.04155870  0.00000000  0.06878095  0.08561249  0.11455230  0.42607829  0.39949078  0.36547567  0.36547567  0.36547567  0.37383281  
12_0_0     0.37383281  0.37383281  0.37383281  0.36547567  0.36547567  0.37383281  0.03623334  0.02569716  0.03623334  0.02569716  0.06878095  0.00000000  0.06878095  0.09705186  0.43515921  0.36547567  0.35721262  0.35721262  0.35721262  0.35721262  
8_0_0      0.41710835  0.41710835  0.41710835  0.39083808  0.39083808  0.39949078  0.06325513  0.05232675  0.06325513  0.05232675  0.08561249  0.06878095  0.00000000  0.13855485  0.45366522  0.41710835  0.37383281  0.37383281  0.37383281  0.38228620  
9_0_0      0.37383281  0.37383281  0.37383281  0.34904156  0.34904156  0.35721262  0.10283910  0.09130989  0.10283910  0.09130989  0.11455230  0.09705186  0.13855485  0.00000000  0.43515921  0.40824671  0.36547567  0.36547567  0.36547567  0.37383281  
20_0_0     0.29425770  0.32506039  0.32506039  0.27932793  0.27932793  0.29425770  0.43515921  0.42607829  0.43515921  0.42607829  0.42607829  0.43515921  0.45366522  0.43515921  0.00000000  0.08561249  0.13248022  0.12047975  0.12047975  0.12645546  
16_0_0     0.22934294  0.25748769  0.25748769  0.25034968  0.25034968  0.26469580  0.38228620  0.37383281  0.38228620  0.37383281  0.39949078  0.36547567  0.41710835  0.40824671  0.08561249  0.00000000  0.06325513  0.06325513  0.06325513  0.08561249  
15_0_0     0.25034968  0.27197540  0.27197540  0.25034968  0.25034968  0.26469580  0.35721262  0.34904156  0.35721262  0.34904156  0.36547567  0.35721262  0.37383281  0.36547567  0.13248022  0.06325513  0.00000000  0.01531009  0.01531009  0.04155870  
18_0_0     0.24328042  0.25748769  0.25748769  0.23627860  0.23627860  0.25034968  0.35721262  0.34904156  0.35721262  0.34904156  0.36547567  0.35721262  0.37383281  0.36547567  0.12047975  0.06325513  0.01531009  0.00000000  0.00000000  0.02569716  
17_0_0     0.24328042  0.25748769  0.25748769  0.23627860  0.23627860  0.25034968  0.35721262  0.34904156  0.35721262  0.34904156  0.36547567  0.35721262  0.37383281  0.36547567  0.12047975  0.06325513  0.01531009  0.00000000  0.00000000  0.02569716  
19_0_0     0.25034968  0.26469580  0.26469580  0.24328042  0.24328042  0.25748769  0.36547567  0.35721262  0.36547567  0.35721262  0.37383281  0.35721262  0.38228620  0.37383281  0.12645546  0.08561249  0.04155870  0.02569716  0.02569716  0.00000000  

