20
2_0_0      0.00000000  0.00000000  0.04241662  0.03620000  0.03003726  0.05501530  0.04241662  0.03003726  0.03003726  0.04241662  0.04868806  0.06139933  0.05501530  0.05501530  0.03620000  0.03003726  0.03620000  0.06139933  0.06139933  0.07434194  
8_0_0      0.00000000  0.00000000  0.04241662  0.03620000  0.03003726  0.05501530  0.04241662  0.03003726  0.03003726  0.04241662  0.04868806  0.06139933  0.05501530  0.05501530  0.03620000  0.03003726  0.03620000  0.06139933  0.06139933  0.07434194  
1_0_0      0.04241662  0.04241662  0.00000000  0.02392745  0.03003726  0.02392745  0.03620000  0.04868806  0.04868806  0.04868806  0.04241662  0.06784119  0.06139933  0.06784119  0.06784119  0.06784119  0.06784119  0.05501530  0.07434194  0.06784119  
9_0_0      0.03620000  0.03620000  0.02392745  0.00000000  0.03620000  0.03620000  0.03620000  0.04241662  0.04241662  0.05501530  0.04868806  0.05501530  0.04868806  0.05501530  0.04868806  0.05501530  0.04868806  0.05501530  0.06784119  0.06139933  
6_0_0      0.03003726  0.03003726  0.03003726  0.03620000  0.00000000  0.03003726  0.03003726  0.02392745  0.05501530  0.05501530  0.04868806  0.06139933  0.06784119  0.06784119  0.06139933  0.06139933  0.06139933  0.06784119  0.06784119  0.06139933  
4_0_0      0.05501530  0.05501530  0.02392745  0.03620000  0.03003726  0.00000000  0.02392745  0.02392745  0.04868806  0.04241662  0.03003726  0.05501530  0.05501530  0.06139933  0.06139933  0.06139933  0.06139933  0.04241662  0.05501530  0.05501530  
3_0_0      0.04241662  0.04241662  0.03620000  0.03620000  0.03003726  0.02392745  0.00000000  0.02392745  0.04868806  0.06139933  0.04241662  0.03620000  0.04241662  0.05501530  0.04868806  0.04868806  0.04868806  0.03620000  0.05501530  0.04241662  
5_0_0      0.03003726  0.03003726  0.04868806  0.04241662  0.02392745  0.02392745  0.02392745  0.00000000  0.04241662  0.04868806  0.04868806  0.04868806  0.05501530  0.05501530  0.04241662  0.03620000  0.04241662  0.05501530  0.04868806  0.05501530  
11_0_0     0.03003726  0.03003726  0.04868806  0.04241662  0.05501530  0.04868806  0.04868806  0.04241662  0.00000000  0.02392745  0.03620000  0.06139933  0.06139933  0.06139933  0.05501530  0.04868806  0.05501530  0.05501530  0.05501530  0.06784119  
7_0_0      0.04241662  0.04241662  0.04868806  0.05501530  0.05501530  0.04241662  0.06139933  0.04868806  0.02392745  0.00000000  0.03620000  0.08090265  0.06139933  0.06139933  0.04868806  0.04868806  0.04868806  0.06139933  0.06139933  0.06784119  
10_0_0     0.04868806  0.04868806  0.04241662  0.04868806  0.04868806  0.03003726  0.04241662  0.04868806  0.03620000  0.03620000  0.00000000  0.04868806  0.06139933  0.06784119  0.06784119  0.06784119  0.06784119  0.04868806  0.07434194  0.06139933  
15_0_0     0.06139933  0.06139933  0.06784119  0.05501530  0.06139933  0.05501530  0.03620000  0.04868806  0.06139933  0.08090265  0.04868806  0.00000000  0.04241662  0.04868806  0.04241662  0.04868806  0.04241662  0.04241662  0.04868806  0.03620000  
18_0_0     0.05501530  0.05501530  0.06139933  0.04868806  0.06784119  0.05501530  0.04241662  0.05501530  0.06139933  0.06139933  0.06139933  0.04241662  0.00000000  0.01186310  0.01786970  0.02392745  0.01786970  0.04241662  0.05501530  0.04241662  
14_0_0     0.05501530  0.05501530  0.06784119  0.05501530  0.06784119  0.06139933  0.05501530  0.05501530  0.06139933  0.06139933  0.06784119  0.04868806  0.01186310  0.00000000  0.01786970  0.02392745  0.01786970  0.04868806  0.05501530  0.03620000  
20_0_0     0.03620000  0.03620000  0.06784119  0.04868806  0.06139933  0.06139933  0.04868806  0.04241662  0.05501530  0.04868806  0.06784119  0.04241662  0.01786970  0.01786970  0.00000000  0.00590682  0.00000000  0.04868806  0.05501530  0.04241662  
12_0_0     0.03003726  0.03003726  0.06784119  0.05501530  0.06139933  0.06139933  0.04868806  0.03620000  0.04868806  0.04868806  0.06784119  0.04868806  0.02392745  0.02392745  0.00590682  0.00000000  0.00590682  0.04868806  0.04868806  0.04241662  
19_0_0     0.03620000  0.03620000  0.06784119  0.04868806  0.06139933  0.06139933  0.04868806  0.04241662  0.05501530  0.04868806  0.06784119  0.04241662  0.01786970  0.01786970  0.00000000  0.00590682  0.00000000  0.04868806  0.05501530  0.04241662  
13_0_0     0.06139933  0.06139933  0.05501530  0.05501530  0.06784119  0.04241662  0.03620000  0.05501530  0.05501530  0.06139933  0.04868806  0.04241662  0.04241662  0.04868806  0.04868806  0.04868806  0.04868806  0.00000000  0.04868806  0.05501530  
16_0_0     0.06139933  0.06139933  0.07434194  0.06784119  0.06784119  0.05501530  0.05501530  0.04868806  0.05501530  0.06139933  0.07434194  0.04868806  0.05501530  0.05501530  0.05501530  0.04868806  0.05501530  0.04868806  0.00000000  0.04241662  
17_0_0     0.07434194  0.07434194  0.06784119  0.06139933  0.06139933  0.05501530  0.04241662  0.05501530  0.06784119  0.06784119  0.06139933  0.03620000  0.04241662  0.03620000  0.04241662  0.04241662  0.04241662  0.05501530  0.04241662  0.00000000  

