20
19_0_0     0.00000000  0.00000000  0.07705653  0.03453178  0.10906540  0.10906540  0.14258108  0.08968795  0.23010709  0.22238804  0.24580084  0.22238804  0.24580084  0.26184828  0.22238804  0.23010709  0.24580084  0.27000968  0.19972059  0.22238804  
13_0_0     0.00000000  0.00000000  0.07705653  0.03453178  0.10906540  0.10906540  0.14258108  0.08968795  0.23010709  0.22238804  0.24580084  0.22238804  0.24580084  0.26184828  0.22238804  0.23010709  0.24580084  0.27000968  0.19972059  0.22238804  
20_0_0     0.07705653  0.07705653  0.00000000  0.10254748  0.13575056  0.13575056  0.17057787  0.11564352  0.26184828  0.22238804  0.24580084  0.23791073  0.26184828  0.27000968  0.25377935  0.26184828  0.24580084  0.28661858  0.23010709  0.23791073  
16_0_0     0.03453178  0.03453178  0.10254748  0.00000000  0.12228298  0.12228298  0.15644189  0.10254748  0.23010709  0.25377935  0.27826571  0.23791073  0.26184828  0.27826571  0.23791073  0.26184828  0.24580084  0.28661858  0.21475177  0.27000968  
15_0_0     0.10906540  0.10906540  0.13575056  0.12228298  0.00000000  0.01132554  0.07705653  0.02283413  0.25377935  0.27826571  0.30362414  0.26184828  0.28661858  0.28661858  0.27826571  0.27000968  0.25377935  0.27826571  0.22238804  0.24580084  
17_0_0     0.10906540  0.10906540  0.13575056  0.12228298  0.01132554  0.00000000  0.08968795  0.02283413  0.24580084  0.27826571  0.30362414  0.26184828  0.28661858  0.28661858  0.27826571  0.27000968  0.25377935  0.27826571  0.22238804  0.24580084  
14_0_0     0.14258108  0.14258108  0.17057787  0.15644189  0.07705653  0.08968795  0.00000000  0.08968795  0.27000968  0.25377935  0.27826571  0.27000968  0.27826571  0.27826571  0.27000968  0.27826571  0.25377935  0.27826571  0.22238804  0.32104577  
18_0_0     0.08968795  0.08968795  0.11564352  0.10254748  0.02283413  0.02283413  0.08968795  0.00000000  0.23010709  0.25377935  0.27826571  0.25377935  0.27826571  0.27826571  0.25377935  0.24580084  0.24580084  0.27000968  0.21475177  0.25377935  
10_0_0     0.23010709  0.23010709  0.26184828  0.23010709  0.25377935  0.24580084  0.27000968  0.23010709  0.00000000  0.20719652  0.23010709  0.21475177  0.20719652  0.19972059  0.17775250  0.20719652  0.10906540  0.20719652  0.13575056  0.26184828  
2_0_0      0.22238804  0.22238804  0.22238804  0.25377935  0.27826571  0.27826571  0.25377935  0.25377935  0.20719652  0.00000000  0.01705659  0.04045346  0.03453178  0.07082386  0.08334423  0.10906540  0.22238804  0.24580084  0.20719652  0.26184828  
12_0_0     0.24580084  0.24580084  0.24580084  0.27826571  0.30362414  0.30362414  0.27826571  0.27826571  0.23010709  0.01705659  0.00000000  0.04642480  0.05244664  0.08968795  0.08968795  0.12898493  0.23010709  0.27000968  0.23010709  0.27000968  
11_0_0     0.22238804  0.22238804  0.23791073  0.23791073  0.26184828  0.26184828  0.27000968  0.25377935  0.21475177  0.04045346  0.04642480  0.00000000  0.02865894  0.08968795  0.10254748  0.14258108  0.19972059  0.25377935  0.21475177  0.22238804  
4_0_0      0.24580084  0.24580084  0.26184828  0.26184828  0.28661858  0.28661858  0.27826571  0.27826571  0.20719652  0.03453178  0.05244664  0.02865894  0.00000000  0.08334423  0.10906540  0.12228298  0.22238804  0.24580084  0.22238804  0.24580084  
5_0_0      0.26184828  0.26184828  0.27000968  0.27826571  0.28661858  0.28661858  0.27826571  0.27826571  0.19972059  0.07082386  0.08968795  0.08968795  0.08334423  0.00000000  0.07705653  0.11564352  0.17057787  0.23010709  0.18500015  0.28661858  
8_0_0      0.22238804  0.22238804  0.25377935  0.23791073  0.27826571  0.27826571  0.27000968  0.25377935  0.17775250  0.08334423  0.08968795  0.10254748  0.10906540  0.07705653  0.00000000  0.05851984  0.17775250  0.24580084  0.17775250  0.27000968  
1_0_0      0.23010709  0.23010709  0.26184828  0.26184828  0.27000968  0.27000968  0.27826571  0.24580084  0.20719652  0.10906540  0.12898493  0.14258108  0.12228298  0.11564352  0.05851984  0.00000000  0.22238804  0.25377935  0.19972059  0.28661858  
9_0_0      0.24580084  0.24580084  0.24580084  0.24580084  0.25377935  0.25377935  0.25377935  0.24580084  0.10906540  0.22238804  0.23010709  0.19972059  0.22238804  0.17057787  0.17775250  0.22238804  0.00000000  0.17775250  0.09608869  0.24580084  
3_0_0      0.27000968  0.27000968  0.28661858  0.28661858  0.27826571  0.27826571  0.27826571  0.27000968  0.20719652  0.24580084  0.27000968  0.25377935  0.24580084  0.23010709  0.24580084  0.25377935  0.17775250  0.00000000  0.08334423  0.32991908  
6_0_0      0.19972059  0.19972059  0.23010709  0.21475177  0.22238804  0.22238804  0.22238804  0.21475177  0.13575056  0.20719652  0.23010709  0.21475177  0.22238804  0.18500015  0.17775250  0.19972059  0.09608869  0.08334423  0.00000000  0.29507060  
7_0_0      0.22238804  0.22238804  0.23791073  0.27000968  0.24580084  0.24580084  0.32104577  0.25377935  0.26184828  0.26184828  0.27000968  0.22238804  0.24580084  0.28661858  0.27000968  0.28661858  0.24580084  0.32991908  0.29507060  0.00000000  

