16
97_70_0    0.00000000  0.08847588  0.09344273  0.08354254  0.08354254  0.08847588  0.08847588  0.09844355  0.09844355  0.08847588  0.09344273  0.08847588  0.08847588  0.08847588  0.09844355  0.08847588  
97_51_0    0.08847588  0.00000000  0.00439917  0.02226535  0.02226535  0.02680094  0.02680094  0.11365450  0.11365450  0.09344273  0.09844355  0.10347879  0.10347879  0.10347879  0.10347879  0.12397380  
97_55_0    0.09344273  0.00439917  0.00000000  0.02680094  0.02680094  0.03136484  0.03136484  0.10854895  0.10854895  0.09844355  0.10347879  0.10854895  0.10854895  0.10854895  0.10854895  0.12918857  
97_52_0    0.08354254  0.02226535  0.02680094  0.00000000  0.00000000  0.00439917  0.00439917  0.10854895  0.10854895  0.08847588  0.09344273  0.09844355  0.09844355  0.09844355  0.09844355  0.11879595  
97_48_0    0.08354254  0.02226535  0.02680094  0.00000000  0.00000000  0.00439917  0.00439917  0.10854895  0.10854895  0.08847588  0.09344273  0.09844355  0.09844355  0.09844355  0.09844355  0.11879595  
97_53_0    0.08847588  0.02680094  0.03136484  0.00439917  0.00439917  0.00000000  0.00000000  0.11365450  0.11365450  0.09344273  0.09844355  0.10347879  0.10347879  0.10347879  0.10347879  0.12397380  
97_56_0    0.08847588  0.02680094  0.03136484  0.00439917  0.00439917  0.00000000  0.00000000  0.11365450  0.11365450  0.09344273  0.09844355  0.10347879  0.10347879  0.10347879  0.10347879  0.12397380  
100_41_0   0.09844355  0.11365450  0.10854895  0.10854895  0.10854895  0.11365450  0.11365450  0.00000000  0.00000000  0.02680094  0.02226535  0.02680094  0.02680094  0.02680094  0.04057897  0.03136484  
100_24_0   0.09844355  0.11365450  0.10854895  0.10854895  0.10854895  0.11365450  0.11365450  0.00000000  0.00000000  0.02680094  0.02226535  0.02680094  0.02680094  0.02680094  0.04057897  0.03136484  
100_36_0   0.08847588  0.09344273  0.09844355  0.08847588  0.08847588  0.09344273  0.09344273  0.02680094  0.02680094  0.00000000  0.00439917  0.00882496  0.00882496  0.00882496  0.02226535  0.04057897  
100_43_0   0.09344273  0.09844355  0.10347879  0.09344273  0.09344273  0.09844355  0.09844355  0.02226535  0.02226535  0.00439917  0.00000000  0.00439917  0.00439917  0.00439917  0.01775772  0.03595739  
100_40_0   0.08847588  0.10347879  0.10854895  0.09844355  0.09844355  0.10347879  0.10347879  0.02680094  0.02680094  0.00882496  0.00439917  0.00000000  0.00000000  0.00000000  0.02226535  0.03136484  
100_38_0   0.08847588  0.10347879  0.10854895  0.09844355  0.09844355  0.10347879  0.10347879  0.02680094  0.02680094  0.00882496  0.00439917  0.00000000  0.00000000  0.00000000  0.02226535  0.03136484  
100_44_0   0.08847588  0.10347879  0.10854895  0.09844355  0.09844355  0.10347879  0.10347879  0.02680094  0.02680094  0.00882496  0.00439917  0.00000000  0.00000000  0.00000000  0.02226535  0.03136484  
100_34_0   0.09844355  0.10347879  0.10854895  0.09844355  0.09844355  0.10347879  0.10347879  0.04057897  0.04057897  0.02226535  0.01775772  0.02226535  0.02226535  0.02226535  0.00000000  0.05462156  
100_29_0   0.08847588  0.12397380  0.12918857  0.11879595  0.11879595  0.12397380  0.12397380  0.03136484  0.03136484  0.04057897  0.03595739  0.03136484  0.03136484  0.03136484  0.05462156  0.00000000  

