26
85_0_0     0.00000000  0.09156870  0.07946982  0.11010427  0.11638963  0.30248677  0.31899374  0.30248677  0.40768637  0.35317996  0.34448108  0.33588535  0.33588535  0.42680558  0.39831259  0.47693336  0.48738871  0.47693336  0.41718295  0.45646446  0.39831259  0.38905848  0.49799705  0.51969114  0.50876295  0.47693336  
90_0_0     0.09156870  0.00000000  0.05586149  0.07946982  0.08549402  0.31899374  0.35317996  0.32739035  0.44644273  0.37992101  0.37089728  0.36198450  0.36198450  0.44644273  0.41718295  0.41718295  0.41718295  0.43655767  0.37992101  0.39831259  0.41718295  0.40768637  0.47693336  0.49799705  0.48738871  0.45646446  
76_0_0     0.07946982  0.05586149  0.00000000  0.03864648  0.04433951  0.26279251  0.31069327  0.29437213  0.41718295  0.37089728  0.36198450  0.35317996  0.35317996  0.43655767  0.40768637  0.42680558  0.45646446  0.41718295  0.37992101  0.40768637  0.40768637  0.39831259  0.44644273  0.46662667  0.45646446  0.42680558  
78_0_0     0.11010427  0.07946982  0.03864648  0.00000000  0.00539638  0.30248677  0.35317996  0.34448108  0.38905848  0.37992101  0.37089728  0.37992101  0.37992101  0.44644273  0.41718295  0.41718295  0.40768637  0.44644273  0.40768637  0.41718295  0.41718295  0.40768637  0.49799705  0.51969114  0.50876295  0.47693336  
79_0_0     0.11638963  0.08549402  0.04433951  0.00539638  0.00000000  0.31069327  0.36198450  0.35317996  0.39831259  0.37089728  0.36198450  0.37089728  0.37089728  0.45646446  0.42680558  0.42680558  0.39831259  0.43655767  0.39831259  0.40768637  0.42680558  0.41718295  0.50876295  0.53078660  0.51969114  0.48738871  
83_0_0     0.30248677  0.31899374  0.26279251  0.30248677  0.31069327  0.00000000  0.12912624  0.12272997  0.49799705  0.45646446  0.45646446  0.42680558  0.42680558  0.50876295  0.53078660  0.41718295  0.44644273  0.51969114  0.46662667  0.51969114  0.41718295  0.40768637  0.49799705  0.51969114  0.53078660  0.47693336  
98_0_0     0.31899374  0.35317996  0.31069327  0.35317996  0.36198450  0.12912624  0.00000000  0.02739281  0.53078660  0.50876295  0.51969114  0.48738871  0.48738871  0.54205452  0.56512980  0.53078660  0.49799705  0.58896382  0.53078660  0.51969114  0.42680558  0.41718295  0.46662667  0.48738871  0.49799705  0.48738871  
87_0_0     0.30248677  0.32739035  0.29437213  0.34448108  0.35317996  0.12272997  0.02739281  0.00000000  0.50876295  0.48738871  0.49799705  0.46662667  0.46662667  0.50876295  0.55350035  0.50876295  0.48738871  0.56512980  0.53078660  0.54205452  0.40768637  0.39831259  0.46662667  0.48738871  0.49799705  0.44644273  
96_0_0     0.40768637  0.44644273  0.41718295  0.38905848  0.39831259  0.49799705  0.53078660  0.50876295  0.00000000  0.17555375  0.16198259  0.18243581  0.18243581  0.27055938  0.25510796  0.27841037  0.41718295  0.42680558  0.46662667  0.48738871  0.33588535  0.32739035  0.42680558  0.46662667  0.45646446  0.42680558  
89_1_0     0.35317996  0.37992101  0.37089728  0.37992101  0.37089728  0.45646446  0.50876295  0.48738871  0.17555375  0.00000000  0.01083323  0.04433951  0.04433951  0.18938383  0.17555375  0.31069327  0.38905848  0.37992101  0.37089728  0.40768637  0.34448108  0.33588535  0.45646446  0.49799705  0.48738871  0.41718295  
92_1_0     0.34448108  0.37089728  0.36198450  0.37089728  0.36198450  0.45646446  0.51969114  0.49799705  0.16198259  0.01083323  0.00000000  0.05007761  0.05007761  0.19639909  0.16873641  0.29437213  0.39831259  0.37992101  0.37089728  0.40768637  0.35317996  0.34448108  0.46662667  0.50876295  0.49799705  0.42680558  
89_0_0     0.33588535  0.36198450  0.35317996  0.37992101  0.37089728  0.42680558  0.48738871  0.46662667  0.18243581  0.04433951  0.05007761  0.00000000  0.00000000  0.16198259  0.14866082  0.31899374  0.37992101  0.34448108  0.31899374  0.38905848  0.31069327  0.30248677  0.41718295  0.43655767  0.42680558  0.37992101  
92_0_0     0.33588535  0.36198450  0.35317996  0.37992101  0.37089728  0.42680558  0.48738871  0.46662667  0.18243581  0.04433951  0.05007761  0.00000000  0.00000000  0.16198259  0.14866082  0.31899374  0.37992101  0.34448108  0.31899374  0.38905848  0.31069327  0.30248677  0.41718295  0.43655767  0.42680558  0.37992101  
77_0_0     0.42680558  0.44644273  0.43655767  0.44644273  0.45646446  0.50876295  0.54205452  0.50876295  0.27055938  0.18938383  0.19639909  0.16198259  0.16198259  0.00000000  0.09156870  0.37089728  0.41718295  0.39831259  0.40768637  0.40768637  0.32739035  0.31899374  0.41718295  0.45646446  0.44644273  0.37992101  
97_0_0     0.39831259  0.41718295  0.40768637  0.41718295  0.42680558  0.53078660  0.56512980  0.55350035  0.25510796  0.17555375  0.16873641  0.14866082  0.14866082  0.09156870  0.00000000  0.38905848  0.45646446  0.47693336  0.44644273  0.44644273  0.37992101  0.37089728  0.49799705  0.51969114  0.50876295  0.45646446  
94_0_0     0.47693336  0.41718295  0.42680558  0.41718295  0.42680558  0.41718295  0.53078660  0.50876295  0.27841037  0.31069327  0.29437213  0.31899374  0.31899374  0.37089728  0.38905848  0.00000000  0.17555375  0.25510796  0.23997902  0.25510796  0.34448108  0.33588535  0.41718295  0.43655767  0.42680558  0.37992101  
99_0_0     0.48738871  0.41718295  0.45646446  0.40768637  0.39831259  0.44644273  0.49799705  0.48738871  0.41718295  0.38905848  0.39831259  0.37992101  0.37992101  0.41718295  0.45646446  0.17555375  0.00000000  0.27841037  0.25510796  0.23997902  0.39831259  0.38905848  0.40768637  0.42680558  0.43655767  0.37992101  
84_0_0     0.47693336  0.43655767  0.41718295  0.44644273  0.43655767  0.51969114  0.58896382  0.56512980  0.42680558  0.37992101  0.37992101  0.34448108  0.34448108  0.39831259  0.47693336  0.25510796  0.27841037  0.00000000  0.06169188  0.09769472  0.37992101  0.38905848  0.46662667  0.48738871  0.49799705  0.45646446  
86_0_0     0.41718295  0.37992101  0.37992101  0.40768637  0.39831259  0.46662667  0.53078660  0.53078660  0.46662667  0.37089728  0.37089728  0.31899374  0.31899374  0.40768637  0.44644273  0.23997902  0.25510796  0.06169188  0.00000000  0.06756955  0.37992101  0.37089728  0.44644273  0.44644273  0.45646446  0.44644273  
82_0_0     0.45646446  0.39831259  0.40768637  0.41718295  0.40768637  0.51969114  0.51969114  0.54205452  0.48738871  0.40768637  0.40768637  0.38905848  0.38905848  0.40768637  0.44644273  0.25510796  0.23997902  0.09769472  0.06756955  0.00000000  0.39831259  0.38905848  0.42680558  0.44644273  0.45646446  0.40768637  
81_0_0     0.39831259  0.41718295  0.40768637  0.41718295  0.42680558  0.41718295  0.42680558  0.40768637  0.33588535  0.34448108  0.35317996  0.31069327  0.31069327  0.32739035  0.37992101  0.34448108  0.39831259  0.37992101  0.37992101  0.39831259  0.00000000  0.00539638  0.23253132  0.23253132  0.22515937  0.21786162  
80_0_0     0.38905848  0.40768637  0.39831259  0.40768637  0.41718295  0.40768637  0.41718295  0.39831259  0.32739035  0.33588535  0.34448108  0.30248677  0.30248677  0.31899374  0.37089728  0.33588535  0.38905848  0.38905848  0.37089728  0.38905848  0.00539638  0.00000000  0.22515937  0.22515937  0.21786162  0.21063661  
91_0_0     0.49799705  0.47693336  0.44644273  0.49799705  0.50876295  0.49799705  0.46662667  0.46662667  0.42680558  0.45646446  0.46662667  0.41718295  0.41718295  0.41718295  0.49799705  0.41718295  0.40768637  0.46662667  0.44644273  0.42680558  0.23253132  0.22515937  0.00000000  0.02183081  0.02739281  0.04433951  
95_0_0     0.51969114  0.49799705  0.46662667  0.51969114  0.53078660  0.51969114  0.48738871  0.48738871  0.46662667  0.49799705  0.50876295  0.43655767  0.43655767  0.45646446  0.51969114  0.43655767  0.42680558  0.48738871  0.44644273  0.44644273  0.23253132  0.22515937  0.02183081  0.00000000  0.00539638  0.05586149  
88_0_0     0.50876295  0.48738871  0.45646446  0.50876295  0.51969114  0.53078660  0.49799705  0.49799705  0.45646446  0.48738871  0.49799705  0.42680558  0.42680558  0.44644273  0.50876295  0.42680558  0.43655767  0.49799705  0.45646446  0.45646446  0.22515937  0.21786162  0.02739281  0.00539638  0.00000000  0.05007761  
100_0_0    0.47693336  0.45646446  0.42680558  0.47693336  0.48738871  0.47693336  0.48738871  0.44644273  0.42680558  0.41718295  0.42680558  0.37992101  0.37992101  0.37992101  0.45646446  0.37992101  0.37992101  0.45646446  0.44644273  0.40768637  0.21786162  0.21063661  0.04433951  0.05586149  0.05007761  0.00000000  

