48
52_4_0     0.00000000  0.03363860  0.02000142  0.09827711  0.14469085  0.08342346  0.09827711  0.17731156  0.15271386  0.15271386  0.13675283  0.16082371  0.19417036  0.14469085  0.14469085  0.12889801  0.15271386  0.14469085  0.22019181  0.05457130  0.05457130  0.14469085  0.16082371  0.16082371  0.16902229  0.16902229  0.06885853  0.28467134  0.29435291  0.28467134  0.31409957  0.28467134  0.37666797  0.31409957  0.43312108  0.46915413  0.41002702  0.38762347  0.41002702  0.20274417  0.19417036  0.18569355  0.17731156  0.20274417  0.17731156  0.17731156  0.17731156  0.45694957  
76_4_0     0.03363860  0.00000000  0.05457130  0.12889801  0.17731156  0.11343116  0.12889801  0.20274417  0.16902229  0.16902229  0.15271386  0.17731156  0.19417036  0.16082371  0.16082371  0.14469085  0.16902229  0.16082371  0.25635528  0.07610561  0.09081348  0.16902229  0.18569355  0.18569355  0.19417036  0.19417036  0.10581583  0.29435291  0.30416120  0.28467134  0.32417153  0.29435291  0.38762347  0.33438072  0.48156075  0.49417625  0.45694957  0.43312108  0.45694957  0.21141721  0.20274417  0.18569355  0.17731156  0.20274417  0.17731156  0.20274417  0.20274417  0.50700778  
82_4_0     0.02000142  0.05457130  0.00000000  0.07610561  0.12112468  0.06168087  0.07610561  0.20274417  0.17731156  0.17731156  0.16082371  0.15271386  0.20274417  0.16902229  0.16902229  0.15271386  0.16082371  0.16902229  0.24714948  0.06168087  0.04752856  0.16902229  0.17731156  0.17731156  0.18569355  0.18569355  0.09081348  0.31409957  0.30416120  0.29435291  0.30416120  0.29435291  0.36587034  0.28467134  0.44494061  0.44494061  0.37666797  0.37666797  0.37666797  0.22907038  0.22019181  0.21141721  0.20274417  0.22907038  0.20274417  0.18569355  0.18569355  0.44494061  
18_4_0     0.09827711  0.12889801  0.07610561  0.00000000  0.10581583  0.04055140  0.05457130  0.28467134  0.16902229  0.16902229  0.18569355  0.17731156  0.22907038  0.19417036  0.19417036  0.17731156  0.16902229  0.16082371  0.22907038  0.12889801  0.11343116  0.20274417  0.19417036  0.19417036  0.20274417  0.20274417  0.15271386  0.28467134  0.27511327  0.28467134  0.31409957  0.30416120  0.39874152  0.34473092  0.42148509  0.44494061  0.37666797  0.37666797  0.37666797  0.26567558  0.25635528  0.22907038  0.22019181  0.24714948  0.22019181  0.19417036  0.20274417  0.44494061  
99_4_0     0.14469085  0.17731156  0.12112468  0.10581583  0.00000000  0.07610561  0.09081348  0.28467134  0.17731156  0.17731156  0.20274417  0.18569355  0.24714948  0.21141721  0.22019181  0.19417036  0.19417036  0.20274417  0.23805541  0.12889801  0.11343116  0.22019181  0.21141721  0.21141721  0.22019181  0.22019181  0.19417036  0.30416120  0.33438072  0.27511327  0.33438072  0.34473092  0.41002702  0.32417153  0.52006287  0.53334944  0.44494061  0.44494061  0.46915413  0.25635528  0.24714948  0.29435291  0.28467134  0.27511327  0.26567558  0.21141721  0.19417036  0.44494061  
70_4_0     0.08342346  0.11343116  0.06168087  0.04055140  0.07610561  0.00000000  0.02678899  0.26567558  0.16902229  0.16902229  0.18569355  0.16082371  0.21141721  0.19417036  0.19417036  0.17731156  0.16902229  0.16082371  0.22907038  0.11343116  0.09827711  0.20274417  0.19417036  0.19417036  0.20274417  0.20274417  0.13675283  0.30416120  0.27511327  0.24714948  0.33438072  0.32417153  0.39874152  0.30416120  0.48156075  0.43312108  0.38762347  0.38762347  0.38762347  0.25635528  0.24714948  0.25635528  0.24714948  0.25635528  0.22907038  0.19417036  0.18569355  0.48156075  
66_4_0     0.09827711  0.12889801  0.07610561  0.05457130  0.09081348  0.02678899  0.00000000  0.28467134  0.18569355  0.18569355  0.20274417  0.17731156  0.22019181  0.21141721  0.21141721  0.19417036  0.18569355  0.17731156  0.24714948  0.12889801  0.11343116  0.21141721  0.20274417  0.20274417  0.21141721  0.21141721  0.15271386  0.32417153  0.31409957  0.28467134  0.33438072  0.32417153  0.42148509  0.31409957  0.49417625  0.46915413  0.42148509  0.42148509  0.42148509  0.26567558  0.25635528  0.27511327  0.26567558  0.25635528  0.24714948  0.21141721  0.20274417  0.46915413  
82_5_0     0.17731156  0.20274417  0.20274417  0.28467134  0.28467134  0.26567558  0.28467134  0.00000000  0.19417036  0.19417036  0.17731156  0.22019181  0.20274417  0.20274417  0.21141721  0.18569355  0.19417036  0.21141721  0.22019181  0.17731156  0.19417036  0.22019181  0.25635528  0.25635528  0.24714948  0.24714948  0.21141721  0.32417153  0.37666797  0.32417153  0.36587034  0.37666797  0.38762347  0.46915413  0.43312108  0.44494061  0.41002702  0.41002702  0.43312108  0.31409957  0.32417153  0.27511327  0.26567558  0.27511327  0.24714948  0.36587034  0.36587034  0.56065094  
66_6_0     0.15271386  0.16902229  0.17731156  0.16902229  0.17731156  0.16902229  0.18569355  0.19417036  0.00000000  0.00000000  0.05457130  0.06168087  0.10581583  0.04752856  0.05457130  0.04752856  0.04055140  0.05457130  0.08342346  0.13675283  0.13675283  0.19417036  0.21141721  0.21141721  0.22019181  0.22019181  0.16902229  0.32417153  0.35522609  0.29435291  0.42148509  0.41002702  0.49417625  0.42148509  0.50700778  0.54687586  0.48156075  0.45694957  0.50700778  0.31409957  0.30416120  0.29435291  0.28467134  0.29435291  0.28467134  0.27511327  0.26567558  0.46915413  
70_6_0     0.15271386  0.16902229  0.17731156  0.16902229  0.17731156  0.16902229  0.18569355  0.19417036  0.00000000  0.00000000  0.05457130  0.06168087  0.10581583  0.04752856  0.05457130  0.04752856  0.04055140  0.05457130  0.08342346  0.13675283  0.13675283  0.19417036  0.21141721  0.21141721  0.22019181  0.22019181  0.16902229  0.32417153  0.35522609  0.29435291  0.42148509  0.41002702  0.49417625  0.42148509  0.50700778  0.54687586  0.48156075  0.45694957  0.50700778  0.31409957  0.30416120  0.29435291  0.28467134  0.29435291  0.28467134  0.27511327  0.26567558  0.46915413  
99_6_0     0.13675283  0.15271386  0.16082371  0.18569355  0.20274417  0.18569355  0.20274417  0.17731156  0.05457130  0.05457130  0.00000000  0.10581583  0.10581583  0.06168087  0.06885853  0.03363860  0.05457130  0.07610561  0.09827711  0.15271386  0.15271386  0.21141721  0.24714948  0.24714948  0.25635528  0.25635528  0.18569355  0.36587034  0.39874152  0.35522609  0.41002702  0.39874152  0.53334944  0.44494061  0.50700778  0.54687586  0.50700778  0.48156075  0.50700778  0.31409957  0.30416120  0.31409957  0.30416120  0.29435291  0.30416120  0.27511327  0.27511327  0.49417625  
18_6_0     0.16082371  0.17731156  0.15271386  0.17731156  0.18569355  0.16082371  0.17731156  0.22019181  0.06168087  0.06168087  0.10581583  0.00000000  0.14469085  0.05457130  0.06168087  0.08342346  0.06168087  0.09081348  0.13675283  0.12889801  0.11343116  0.20274417  0.21141721  0.21141721  0.22019181  0.22019181  0.17731156  0.37666797  0.38762347  0.30416120  0.38762347  0.37666797  0.48156075  0.38762347  0.54687586  0.53334944  0.49417625  0.49417625  0.49417625  0.31409957  0.30416120  0.29435291  0.28467134  0.29435291  0.28467134  0.26567558  0.25635528  0.52006287  
99_5_0     0.19417036  0.19417036  0.20274417  0.22907038  0.24714948  0.21141721  0.22019181  0.20274417  0.10581583  0.10581583  0.10581583  0.14469085  0.00000000  0.09827711  0.10581583  0.08342346  0.09081348  0.09081348  0.16902229  0.19417036  0.21141721  0.20274417  0.24714948  0.24714948  0.25635528  0.25635528  0.21141721  0.31409957  0.34473092  0.28467134  0.37666797  0.41002702  0.50700778  0.38762347  0.52006287  0.52006287  0.46915413  0.44494061  0.46915413  0.32417153  0.31409957  0.30416120  0.29435291  0.28467134  0.29435291  0.32417153  0.32417153  0.53334944  
66_5_0     0.14469085  0.16082371  0.16902229  0.19417036  0.21141721  0.19417036  0.21141721  0.20274417  0.04752856  0.04752856  0.06168087  0.05457130  0.09827711  0.00000000  0.00660800  0.04055140  0.04752856  0.06168087  0.09081348  0.12889801  0.12889801  0.20274417  0.22019181  0.22019181  0.22907038  0.22907038  0.17731156  0.31409957  0.34473092  0.30416120  0.34473092  0.33438072  0.48156075  0.39874152  0.52006287  0.53334944  0.52006287  0.49417625  0.52006287  0.28467134  0.27511327  0.26567558  0.25635528  0.24714948  0.27511327  0.24714948  0.24714948  0.52006287  
70_5_0     0.14469085  0.16082371  0.16902229  0.19417036  0.22019181  0.19417036  0.21141721  0.21141721  0.05457130  0.05457130  0.06885853  0.06168087  0.10581583  0.00660800  0.00000000  0.04752856  0.05457130  0.06885853  0.09827711  0.12889801  0.12889801  0.20274417  0.22019181  0.22019181  0.22907038  0.22907038  0.17731156  0.32417153  0.34473092  0.30416120  0.34473092  0.33438072  0.48156075  0.39874152  0.52006287  0.53334944  0.52006287  0.49417625  0.52006287  0.28467134  0.27511327  0.27511327  0.26567558  0.25635528  0.28467134  0.24714948  0.24714948  0.52006287  
66_7_0     0.12889801  0.14469085  0.15271386  0.17731156  0.19417036  0.17731156  0.19417036  0.18569355  0.04752856  0.04752856  0.03363860  0.08342346  0.08342346  0.04055140  0.04752856  0.00000000  0.02000142  0.05457130  0.10581583  0.14469085  0.14469085  0.18569355  0.22019181  0.22019181  0.22907038  0.22907038  0.17731156  0.33438072  0.36587034  0.32417153  0.37666797  0.36587034  0.49417625  0.42148509  0.52006287  0.56065094  0.52006287  0.49417625  0.52006287  0.26567558  0.25635528  0.26567558  0.25635528  0.26567558  0.25635528  0.22907038  0.22907038  0.52006287  
70_7_0     0.15271386  0.16902229  0.16082371  0.16902229  0.19417036  0.16902229  0.18569355  0.19417036  0.04055140  0.04055140  0.05457130  0.06168087  0.09081348  0.04752856  0.05457130  0.02000142  0.00000000  0.05457130  0.09827711  0.15271386  0.13675283  0.19417036  0.22019181  0.22019181  0.22907038  0.22907038  0.16902229  0.34473092  0.37666797  0.31409957  0.37666797  0.36587034  0.46915413  0.41002702  0.50700778  0.54687586  0.50700778  0.50700778  0.50700778  0.29435291  0.28467134  0.27511327  0.26567558  0.27511327  0.26567558  0.25635528  0.24714948  0.53334944  
99_7_0     0.14469085  0.16082371  0.16902229  0.16082371  0.20274417  0.16082371  0.17731156  0.21141721  0.05457130  0.05457130  0.07610561  0.09081348  0.09081348  0.06168087  0.06885853  0.05457130  0.05457130  0.00000000  0.11343116  0.16902229  0.16902229  0.21141721  0.22907038  0.22907038  0.23805541  0.23805541  0.16902229  0.30416120  0.33438072  0.27511327  0.38762347  0.37666797  0.48156075  0.39874152  0.49417625  0.56065094  0.49417625  0.46915413  0.49417625  0.30416120  0.29435291  0.27511327  0.26567558  0.27511327  0.26567558  0.24714948  0.23805541  0.52006287  
18_5_0     0.22019181  0.25635528  0.24714948  0.22907038  0.23805541  0.22907038  0.24714948  0.22019181  0.08342346  0.08342346  0.09827711  0.13675283  0.16902229  0.09081348  0.09827711  0.10581583  0.09827711  0.11343116  0.00000000  0.20274417  0.20274417  0.26567558  0.29435291  0.29435291  0.30416120  0.30416120  0.22019181  0.35522609  0.38762347  0.30416120  0.43312108  0.42148509  0.53334944  0.50700778  0.52006287  0.53334944  0.49417625  0.49417625  0.52006287  0.37666797  0.36587034  0.35522609  0.34473092  0.33438072  0.36587034  0.33438072  0.30416120  0.50700778  
76_0_0     0.05457130  0.07610561  0.06168087  0.12889801  0.12889801  0.11343116  0.12889801  0.17731156  0.13675283  0.13675283  0.15271386  0.12889801  0.19417036  0.12889801  0.12889801  0.14469085  0.15271386  0.16902229  0.20274417  0.00000000  0.01327479  0.14469085  0.14469085  0.14469085  0.15271386  0.15271386  0.08342346  0.26567558  0.25635528  0.24714948  0.33438072  0.30416120  0.41002702  0.30416120  0.50700778  0.49417625  0.45694957  0.43312108  0.45694957  0.22019181  0.21141721  0.22019181  0.21141721  0.22019181  0.21141721  0.19417036  0.19417036  0.41002702  
52_0_0     0.05457130  0.09081348  0.04752856  0.11343116  0.11343116  0.09827711  0.11343116  0.19417036  0.13675283  0.13675283  0.15271386  0.11343116  0.21141721  0.12889801  0.12889801  0.14469085  0.13675283  0.16902229  0.20274417  0.01327479  0.00000000  0.14469085  0.13675283  0.13675283  0.14469085  0.14469085  0.08342346  0.28467134  0.27511327  0.26567558  0.32417153  0.29435291  0.41002702  0.28467134  0.48156075  0.49417625  0.43312108  0.43312108  0.43312108  0.23805541  0.22907038  0.23805541  0.22907038  0.23805541  0.22907038  0.19417036  0.19417036  0.41002702  
18_0_0     0.14469085  0.16902229  0.16902229  0.20274417  0.22019181  0.20274417  0.21141721  0.22019181  0.19417036  0.19417036  0.21141721  0.20274417  0.20274417  0.20274417  0.20274417  0.18569355  0.19417036  0.21141721  0.26567558  0.14469085  0.14469085  0.00000000  0.04752856  0.04752856  0.05457130  0.05457130  0.12889801  0.22907038  0.23805541  0.25635528  0.36587034  0.35522609  0.43312108  0.34473092  0.46915413  0.50700778  0.46915413  0.44494061  0.44494061  0.27511327  0.26567558  0.27511327  0.26567558  0.27511327  0.24714948  0.28467134  0.28467134  0.52006287  
70_0_0     0.16082371  0.18569355  0.17731156  0.19417036  0.21141721  0.19417036  0.20274417  0.25635528  0.21141721  0.21141721  0.24714948  0.21141721  0.24714948  0.22019181  0.22019181  0.22019181  0.22019181  0.22907038  0.29435291  0.14469085  0.13675283  0.04752856  0.00000000  0.00000000  0.00660800  0.00660800  0.15271386  0.24714948  0.25635528  0.29435291  0.39874152  0.36587034  0.46915413  0.37666797  0.52006287  0.56065094  0.52006287  0.50700778  0.49417625  0.29435291  0.28467134  0.29435291  0.28467134  0.29435291  0.26567558  0.28467134  0.28467134  0.54687586  
66_0_0     0.16082371  0.18569355  0.17731156  0.19417036  0.21141721  0.19417036  0.20274417  0.25635528  0.21141721  0.21141721  0.24714948  0.21141721  0.24714948  0.22019181  0.22019181  0.22019181  0.22019181  0.22907038  0.29435291  0.14469085  0.13675283  0.04752856  0.00000000  0.00000000  0.00660800  0.00660800  0.15271386  0.24714948  0.25635528  0.29435291  0.39874152  0.36587034  0.46915413  0.37666797  0.52006287  0.56065094  0.52006287  0.50700778  0.49417625  0.29435291  0.28467134  0.29435291  0.28467134  0.29435291  0.26567558  0.28467134  0.28467134  0.54687586  
66_8_0     0.16902229  0.19417036  0.18569355  0.20274417  0.22019181  0.20274417  0.21141721  0.24714948  0.22019181  0.22019181  0.25635528  0.22019181  0.25635528  0.22907038  0.22907038  0.22907038  0.22907038  0.23805541  0.30416120  0.15271386  0.14469085  0.05457130  0.00660800  0.00660800  0.00000000  0.00000000  0.16082371  0.25635528  0.26567558  0.30416120  0.38762347  0.35522609  0.45694957  0.36587034  0.50700778  0.54687586  0.50700778  0.49417625  0.48156075  0.28467134  0.29435291  0.28467134  0.27511327  0.28467134  0.25635528  0.27511327  0.27511327  0.56065094  
70_8_0     0.16902229  0.19417036  0.18569355  0.20274417  0.22019181  0.20274417  0.21141721  0.24714948  0.22019181  0.22019181  0.25635528  0.22019181  0.25635528  0.22907038  0.22907038  0.22907038  0.22907038  0.23805541  0.30416120  0.15271386  0.14469085  0.05457130  0.00660800  0.00660800  0.00000000  0.00000000  0.16082371  0.25635528  0.26567558  0.30416120  0.38762347  0.35522609  0.45694957  0.36587034  0.50700778  0.54687586  0.50700778  0.49417625  0.48156075  0.28467134  0.29435291  0.28467134  0.27511327  0.28467134  0.25635528  0.27511327  0.27511327  0.56065094  
82_0_0     0.06885853  0.10581583  0.09081348  0.15271386  0.19417036  0.13675283  0.15271386  0.21141721  0.16902229  0.16902229  0.18569355  0.17731156  0.21141721  0.17731156  0.17731156  0.17731156  0.16902229  0.16902229  0.22019181  0.08342346  0.08342346  0.12889801  0.15271386  0.15271386  0.16082371  0.16082371  0.00000000  0.28467134  0.29435291  0.28467134  0.32417153  0.29435291  0.41002702  0.27511327  0.42148509  0.50700778  0.44494061  0.42148509  0.42148509  0.23805541  0.22907038  0.20274417  0.19417036  0.22019181  0.21141721  0.22907038  0.22019181  0.42148509  
86_0_0     0.28467134  0.29435291  0.31409957  0.28467134  0.30416120  0.30416120  0.32417153  0.32417153  0.32417153  0.32417153  0.36587034  0.37666797  0.31409957  0.31409957  0.32417153  0.33438072  0.34473092  0.30416120  0.35522609  0.26567558  0.28467134  0.22907038  0.24714948  0.24714948  0.25635528  0.25635528  0.28467134  0.00000000  0.03363860  0.09827711  0.25635528  0.24714948  0.36587034  0.30416120  0.45694957  0.44494061  0.43312108  0.43312108  0.43312108  0.24714948  0.23805541  0.24714948  0.23805541  0.24714948  0.22019181  0.25635528  0.27511327  0.54687586  
89_0_0     0.29435291  0.30416120  0.30416120  0.27511327  0.33438072  0.27511327  0.31409957  0.37666797  0.35522609  0.35522609  0.39874152  0.38762347  0.34473092  0.34473092  0.34473092  0.36587034  0.37666797  0.33438072  0.38762347  0.25635528  0.27511327  0.23805541  0.25635528  0.25635528  0.26567558  0.26567558  0.29435291  0.03363860  0.00000000  0.09081348  0.28467134  0.25635528  0.37666797  0.27511327  0.49417625  0.43312108  0.42148509  0.42148509  0.42148509  0.27511327  0.26567558  0.27511327  0.26567558  0.27511327  0.24714948  0.24714948  0.26567558  0.53334944  
22_0_0     0.28467134  0.28467134  0.29435291  0.28467134  0.27511327  0.24714948  0.28467134  0.32417153  0.29435291  0.29435291  0.35522609  0.30416120  0.28467134  0.30416120  0.30416120  0.32417153  0.31409957  0.27511327  0.30416120  0.24714948  0.26567558  0.25635528  0.29435291  0.29435291  0.30416120  0.30416120  0.28467134  0.09827711  0.09081348  0.00000000  0.27511327  0.28467134  0.34473092  0.27511327  0.49417625  0.41002702  0.39874152  0.39874152  0.42148509  0.25635528  0.24714948  0.27511327  0.26567558  0.29435291  0.26567558  0.25635528  0.24714948  0.45694957  
53_3_0     0.31409957  0.32417153  0.30416120  0.31409957  0.33438072  0.33438072  0.33438072  0.36587034  0.42148509  0.42148509  0.41002702  0.38762347  0.37666797  0.34473092  0.34473092  0.37666797  0.37666797  0.38762347  0.43312108  0.33438072  0.32417153  0.36587034  0.39874152  0.39874152  0.38762347  0.38762347  0.32417153  0.25635528  0.28467134  0.27511327  0.00000000  0.02000142  0.22907038  0.18569355  0.32417153  0.39874152  0.34473092  0.36587034  0.34473092  0.23805541  0.24714948  0.24714948  0.23805541  0.19417036  0.23805541  0.20274417  0.23805541  0.46915413  
37_3_0     0.28467134  0.29435291  0.29435291  0.30416120  0.34473092  0.32417153  0.32417153  0.37666797  0.41002702  0.41002702  0.39874152  0.37666797  0.41002702  0.33438072  0.33438072  0.36587034  0.36587034  0.37666797  0.42148509  0.30416120  0.29435291  0.35522609  0.36587034  0.36587034  0.35522609  0.35522609  0.29435291  0.24714948  0.25635528  0.28467134  0.02000142  0.00000000  0.22019181  0.17731156  0.33438072  0.42148509  0.37666797  0.39874152  0.37666797  0.22907038  0.23805541  0.22019181  0.21141721  0.16902229  0.21141721  0.17731156  0.21141721  0.46915413  
37_0_0     0.37666797  0.38762347  0.36587034  0.39874152  0.41002702  0.39874152  0.42148509  0.38762347  0.49417625  0.49417625  0.53334944  0.48156075  0.50700778  0.48156075  0.48156075  0.49417625  0.46915413  0.48156075  0.53334944  0.41002702  0.41002702  0.43312108  0.46915413  0.46915413  0.45694957  0.45694957  0.41002702  0.36587034  0.37666797  0.34473092  0.22907038  0.22019181  0.00000000  0.29435291  0.42148509  0.44494061  0.46915413  0.49417625  0.49417625  0.34473092  0.35522609  0.31409957  0.30416120  0.31409957  0.30416120  0.31409957  0.34473092  0.46915413  
69_0_0     0.31409957  0.33438072  0.28467134  0.34473092  0.32417153  0.30416120  0.31409957  0.46915413  0.42148509  0.42148509  0.44494061  0.38762347  0.38762347  0.39874152  0.39874152  0.42148509  0.41002702  0.39874152  0.50700778  0.30416120  0.28467134  0.34473092  0.37666797  0.37666797  0.36587034  0.36587034  0.27511327  0.30416120  0.27511327  0.27511327  0.18569355  0.17731156  0.29435291  0.00000000  0.38762347  0.37666797  0.36587034  0.36587034  0.34473092  0.30416120  0.31409957  0.29435291  0.28467134  0.27511327  0.30416120  0.25635528  0.26567558  0.39874152  
17_0_0     0.43312108  0.48156075  0.44494061  0.42148509  0.52006287  0.48156075  0.49417625  0.43312108  0.50700778  0.50700778  0.50700778  0.54687586  0.52006287  0.52006287  0.52006287  0.52006287  0.50700778  0.49417625  0.52006287  0.50700778  0.48156075  0.46915413  0.52006287  0.52006287  0.50700778  0.50700778  0.42148509  0.45694957  0.49417625  0.49417625  0.32417153  0.33438072  0.42148509  0.38762347  0.00000000  0.11343116  0.06885853  0.08342346  0.05457130  0.45694957  0.45694957  0.39874152  0.38762347  0.39874152  0.37666797  0.41002702  0.42148509  0.54687586  
17_2_0     0.46915413  0.49417625  0.44494061  0.44494061  0.53334944  0.43312108  0.46915413  0.44494061  0.54687586  0.54687586  0.54687586  0.53334944  0.52006287  0.53334944  0.53334944  0.56065094  0.54687586  0.56065094  0.53334944  0.49417625  0.49417625  0.50700778  0.56065094  0.56065094  0.54687586  0.54687586  0.50700778  0.44494061  0.43312108  0.41002702  0.39874152  0.42148509  0.44494061  0.37666797  0.11343116  0.00000000  0.09081348  0.10581583  0.07610561  0.46915413  0.46915413  0.45694957  0.44494061  0.48156075  0.43312108  0.49417625  0.49417625  0.64908468  
43_2_0     0.41002702  0.45694957  0.37666797  0.37666797  0.44494061  0.38762347  0.42148509  0.41002702  0.48156075  0.48156075  0.50700778  0.49417625  0.46915413  0.52006287  0.52006287  0.52006287  0.50700778  0.49417625  0.49417625  0.45694957  0.43312108  0.46915413  0.52006287  0.52006287  0.50700778  0.50700778  0.44494061  0.43312108  0.42148509  0.39874152  0.34473092  0.37666797  0.46915413  0.36587034  0.06885853  0.09081348  0.00000000  0.02678899  0.02678899  0.45694957  0.45694957  0.39874152  0.38762347  0.44494061  0.37666797  0.43312108  0.42148509  0.54687586  
87_2_0     0.38762347  0.43312108  0.37666797  0.37666797  0.44494061  0.38762347  0.42148509  0.41002702  0.45694957  0.45694957  0.48156075  0.49417625  0.44494061  0.49417625  0.49417625  0.49417625  0.50700778  0.46915413  0.49417625  0.43312108  0.43312108  0.44494061  0.50700778  0.50700778  0.49417625  0.49417625  0.42148509  0.43312108  0.42148509  0.39874152  0.36587034  0.39874152  0.49417625  0.36587034  0.08342346  0.10581583  0.02678899  0.00000000  0.04055140  0.43312108  0.43312108  0.39874152  0.38762347  0.44494061  0.37666797  0.41002702  0.39874152  0.54687586  
97_2_0     0.41002702  0.45694957  0.37666797  0.37666797  0.46915413  0.38762347  0.42148509  0.43312108  0.50700778  0.50700778  0.50700778  0.49417625  0.46915413  0.52006287  0.52006287  0.52006287  0.50700778  0.49417625  0.52006287  0.45694957  0.43312108  0.44494061  0.49417625  0.49417625  0.48156075  0.48156075  0.42148509  0.43312108  0.42148509  0.42148509  0.34473092  0.37666797  0.49417625  0.34473092  0.05457130  0.07610561  0.02678899  0.04055140  0.00000000  0.45694957  0.45694957  0.42148509  0.41002702  0.44494061  0.39874152  0.43312108  0.42148509  0.57468400  
14_0_0     0.20274417  0.21141721  0.22907038  0.26567558  0.25635528  0.25635528  0.26567558  0.31409957  0.31409957  0.31409957  0.31409957  0.31409957  0.32417153  0.28467134  0.28467134  0.26567558  0.29435291  0.30416120  0.37666797  0.22019181  0.23805541  0.27511327  0.29435291  0.29435291  0.28467134  0.28467134  0.23805541  0.24714948  0.27511327  0.25635528  0.23805541  0.22907038  0.34473092  0.30416120  0.45694957  0.46915413  0.45694957  0.43312108  0.45694957  0.00000000  0.01327479  0.12112468  0.11343116  0.13675283  0.11343116  0.12889801  0.12112468  0.48156075  
11_0_0     0.19417036  0.20274417  0.22019181  0.25635528  0.24714948  0.24714948  0.25635528  0.32417153  0.30416120  0.30416120  0.30416120  0.30416120  0.31409957  0.27511327  0.27511327  0.25635528  0.28467134  0.29435291  0.36587034  0.21141721  0.22907038  0.26567558  0.28467134  0.28467134  0.29435291  0.29435291  0.22907038  0.23805541  0.26567558  0.24714948  0.24714948  0.23805541  0.35522609  0.31409957  0.45694957  0.46915413  0.45694957  0.43312108  0.45694957  0.01327479  0.00000000  0.12112468  0.11343116  0.13675283  0.11343116  0.12889801  0.13675283  0.46915413  
6_0_0      0.18569355  0.18569355  0.21141721  0.22907038  0.29435291  0.25635528  0.27511327  0.27511327  0.29435291  0.29435291  0.31409957  0.29435291  0.30416120  0.26567558  0.27511327  0.26567558  0.27511327  0.27511327  0.35522609  0.22019181  0.23805541  0.27511327  0.29435291  0.29435291  0.28467134  0.28467134  0.20274417  0.24714948  0.27511327  0.27511327  0.24714948  0.22019181  0.31409957  0.29435291  0.39874152  0.45694957  0.39874152  0.39874152  0.42148509  0.12112468  0.12112468  0.00000000  0.00660800  0.05457130  0.03363860  0.15271386  0.17731156  0.45694957  
6_1_0      0.17731156  0.17731156  0.20274417  0.22019181  0.28467134  0.24714948  0.26567558  0.26567558  0.28467134  0.28467134  0.30416120  0.28467134  0.29435291  0.25635528  0.26567558  0.25635528  0.26567558  0.26567558  0.34473092  0.21141721  0.22907038  0.26567558  0.28467134  0.28467134  0.27511327  0.27511327  0.19417036  0.23805541  0.26567558  0.26567558  0.23805541  0.21141721  0.30416120  0.28467134  0.38762347  0.44494061  0.38762347  0.38762347  0.41002702  0.11343116  0.11343116  0.00660800  0.00000000  0.06168087  0.02678899  0.14469085  0.16902229  0.46915413  
15_0_0     0.20274417  0.20274417  0.22907038  0.24714948  0.27511327  0.25635528  0.25635528  0.27511327  0.29435291  0.29435291  0.29435291  0.29435291  0.28467134  0.24714948  0.25635528  0.26567558  0.27511327  0.27511327  0.33438072  0.22019181  0.23805541  0.27511327  0.29435291  0.29435291  0.28467134  0.28467134  0.22019181  0.24714948  0.27511327  0.29435291  0.19417036  0.16902229  0.31409957  0.27511327  0.39874152  0.48156075  0.44494061  0.44494061  0.44494061  0.13675283  0.13675283  0.05457130  0.06168087  0.00000000  0.06168087  0.15271386  0.17731156  0.45694957  
8_0_0      0.17731156  0.17731156  0.20274417  0.22019181  0.26567558  0.22907038  0.24714948  0.24714948  0.28467134  0.28467134  0.30416120  0.28467134  0.29435291  0.27511327  0.28467134  0.25635528  0.26567558  0.26567558  0.36587034  0.21141721  0.22907038  0.24714948  0.26567558  0.26567558  0.25635528  0.25635528  0.21141721  0.22019181  0.24714948  0.26567558  0.23805541  0.21141721  0.30416120  0.30416120  0.37666797  0.43312108  0.37666797  0.37666797  0.39874152  0.11343116  0.11343116  0.03363860  0.02678899  0.06168087  0.00000000  0.12889801  0.15271386  0.49417625  
4_0_0      0.17731156  0.20274417  0.18569355  0.19417036  0.21141721  0.19417036  0.21141721  0.36587034  0.27511327  0.27511327  0.27511327  0.26567558  0.32417153  0.24714948  0.24714948  0.22907038  0.25635528  0.24714948  0.33438072  0.19417036  0.19417036  0.28467134  0.28467134  0.28467134  0.27511327  0.27511327  0.22907038  0.25635528  0.24714948  0.25635528  0.20274417  0.17731156  0.31409957  0.25635528  0.41002702  0.49417625  0.43312108  0.41002702  0.43312108  0.12889801  0.12889801  0.15271386  0.14469085  0.15271386  0.12889801  0.00000000  0.03363860  0.44494061  
13_0_0     0.17731156  0.20274417  0.18569355  0.20274417  0.19417036  0.18569355  0.20274417  0.36587034  0.26567558  0.26567558  0.27511327  0.25635528  0.32417153  0.24714948  0.24714948  0.22907038  0.24714948  0.23805541  0.30416120  0.19417036  0.19417036  0.28467134  0.28467134  0.28467134  0.27511327  0.27511327  0.22019181  0.27511327  0.26567558  0.24714948  0.23805541  0.21141721  0.34473092  0.26567558  0.42148509  0.49417625  0.42148509  0.39874152  0.42148509  0.12112468  0.13675283  0.17731156  0.16902229  0.17731156  0.15271386  0.03363860  0.00000000  0.48156075  
2_0_0      0.45694957  0.50700778  0.44494061  0.44494061  0.44494061  0.48156075  0.46915413  0.56065094  0.46915413  0.46915413  0.49417625  0.52006287  0.53334944  0.52006287  0.52006287  0.52006287  0.53334944  0.52006287  0.50700778  0.41002702  0.41002702  0.52006287  0.54687586  0.54687586  0.56065094  0.56065094  0.42148509  0.54687586  0.53334944  0.45694957  0.46915413  0.46915413  0.46915413  0.39874152  0.54687586  0.64908468  0.54687586  0.54687586  0.57468400  0.48156075  0.46915413  0.45694957  0.46915413  0.45694957  0.49417625  0.44494061  0.48156075  0.00000000  

