20
19_0_0     0.00000000  0.00000000  0.01977463  0.01478110  0.04526171  0.07166006  0.26050543  0.25359622  0.25359622  0.24675105  0.23996876  0.23996876  0.23996876  0.23996876  0.14506833  0.13328876  0.13328876  0.14506833  0.14506833  0.14506833  
17_0_0     0.00000000  0.00000000  0.01977463  0.01478110  0.04526171  0.07166006  0.26050543  0.25359622  0.25359622  0.24675105  0.23996876  0.23996876  0.23996876  0.23996876  0.14506833  0.13328876  0.13328876  0.14506833  0.14506833  0.14506833  
18_0_0     0.01977463  0.01977463  0.00000000  0.00489423  0.03496108  0.06098721  0.26747991  0.26050543  0.26050543  0.25359622  0.24675105  0.24675105  0.23324819  0.23324819  0.13915506  0.12746871  0.12746871  0.13915506  0.13915506  0.13915506  
15_0_0     0.01478110  0.01478110  0.00489423  0.00000000  0.02986414  0.05570808  0.26747991  0.26050543  0.26050543  0.25359622  0.24675105  0.24675105  0.23324819  0.23324819  0.13915506  0.12746871  0.12746871  0.13915506  0.13915506  0.13915506  
16_0_0     0.04526171  0.04526171  0.03496108  0.02986414  0.00000000  0.02480215  0.28162966  0.27452089  0.27452089  0.26747991  0.26050543  0.26050543  0.24675105  0.24675105  0.14506833  0.14506833  0.14506833  0.14506833  0.14506833  0.14506833  
20_0_0     0.07166006  0.07166006  0.06098721  0.05570808  0.02480215  0.00000000  0.29605585  0.28880752  0.28880752  0.28162966  0.27452089  0.27452089  0.26050543  0.24675105  0.17536657  0.17536657  0.17536657  0.17536657  0.17536657  0.17536657  
5_0_0      0.26050543  0.26050543  0.26747991  0.26747991  0.28162966  0.29605585  0.00000000  0.00489423  0.00489423  0.00982112  0.01478110  0.04526171  0.02480215  0.03496108  0.18784275  0.18784275  0.18784275  0.17536657  0.17536657  0.18784275  
10_0_0     0.25359622  0.25359622  0.26050543  0.26050543  0.27452089  0.28880752  0.00489423  0.00000000  0.00000000  0.00489423  0.00982112  0.04009343  0.01977463  0.02986414  0.18157831  0.18157831  0.18157831  0.16920665  0.16920665  0.18157831  
7_0_0      0.25359622  0.25359622  0.26050543  0.26050543  0.27452089  0.28880752  0.00489423  0.00000000  0.00000000  0.00489423  0.00982112  0.04009343  0.01977463  0.02986414  0.18157831  0.18157831  0.18157831  0.16920665  0.16920665  0.18157831  
1_0_0      0.24675105  0.24675105  0.25359622  0.25359622  0.26747991  0.28162966  0.00982112  0.00489423  0.00489423  0.00000000  0.01478110  0.04526171  0.02480215  0.03496108  0.17536657  0.17536657  0.17536657  0.16309769  0.16309769  0.17536657  
4_0_0      0.23996876  0.23996876  0.24675105  0.24675105  0.26050543  0.27452089  0.01478110  0.00982112  0.00982112  0.01478110  0.00000000  0.02986414  0.00982112  0.01977463  0.16920665  0.16920665  0.16920665  0.15703886  0.15703886  0.16920665  
12_0_0     0.23996876  0.23996876  0.24675105  0.24675105  0.26050543  0.27452089  0.04526171  0.04009343  0.04009343  0.04526171  0.02986414  0.00000000  0.04009343  0.04009343  0.16920665  0.16920665  0.16920665  0.15703886  0.15703886  0.16920665  
8_0_0      0.23996876  0.23996876  0.23324819  0.23324819  0.24675105  0.26050543  0.02480215  0.01977463  0.01977463  0.02480215  0.00982112  0.04009343  0.00000000  0.00982112  0.15703886  0.15703886  0.15703886  0.14506833  0.14506833  0.15703886  
9_0_0      0.23996876  0.23996876  0.23324819  0.23324819  0.24675105  0.24675105  0.03496108  0.02986414  0.02986414  0.03496108  0.01977463  0.04009343  0.00982112  0.00000000  0.15703886  0.15703886  0.15703886  0.14506833  0.14506833  0.15703886  
13_0_0     0.14506833  0.14506833  0.13915506  0.13915506  0.14506833  0.17536657  0.18784275  0.18157831  0.18157831  0.17536657  0.16920665  0.16920665  0.15703886  0.15703886  0.00000000  0.00982112  0.00982112  0.00982112  0.00982112  0.01977463  
6_0_0      0.13328876  0.13328876  0.12746871  0.12746871  0.14506833  0.17536657  0.18784275  0.18157831  0.18157831  0.17536657  0.16920665  0.16920665  0.15703886  0.15703886  0.00982112  0.00000000  0.00000000  0.00982112  0.00982112  0.01977463  
3_0_0      0.13328876  0.13328876  0.12746871  0.12746871  0.14506833  0.17536657  0.18784275  0.18157831  0.18157831  0.17536657  0.16920665  0.16920665  0.15703886  0.15703886  0.00982112  0.00000000  0.00000000  0.00982112  0.00982112  0.01977463  
2_0_0      0.14506833  0.14506833  0.13915506  0.13915506  0.14506833  0.17536657  0.17536657  0.16920665  0.16920665  0.16309769  0.15703886  0.15703886  0.14506833  0.14506833  0.00982112  0.00982112  0.00982112  0.00000000  0.00000000  0.00982112  
14_0_0     0.14506833  0.14506833  0.13915506  0.13915506  0.14506833  0.17536657  0.17536657  0.16920665  0.16920665  0.16309769  0.15703886  0.15703886  0.14506833  0.14506833  0.00982112  0.00982112  0.00982112  0.00000000  0.00000000  0.00982112  
11_0_0     0.14506833  0.14506833  0.13915506  0.13915506  0.14506833  0.17536657  0.18784275  0.18157831  0.18157831  0.17536657  0.16920665  0.16920665  0.15703886  0.15703886  0.01977463  0.01977463  0.01977463  0.00982112  0.00982112  0.00000000  

