20
13_0_0     0.00000000  0.04432333  0.04052569  0.13326941  0.33482154  0.32918560  0.31804198  0.32359263  0.32359263  0.32359263  0.32359263  0.29625012  0.47122109  0.44445969  0.45105906  0.45105906  0.43791916  0.55028607  0.54273566  0.55028607  
10_0_0     0.04432333  0.00000000  0.02552874  0.13326941  0.34050113  0.33482154  0.32359263  0.30706513  0.29625012  0.32359263  0.31804198  0.29090184  0.47122109  0.45771835  0.47806683  0.47806683  0.41864038  0.53526217  0.51328800  0.55028607  
12_0_0     0.04052569  0.02552874  0.00000000  0.12898361  0.32918560  0.32359263  0.30163769  0.30163769  0.30163769  0.31253302  0.31253302  0.28559226  0.48497707  0.45771835  0.47806683  0.46443865  0.43143644  0.54273566  0.52053983  0.55028607  
4_0_0      0.13326941  0.13326941  0.12898361  0.00000000  0.31253302  0.30706513  0.28559226  0.31804198  0.32359263  0.34050113  0.32918560  0.29625012  0.43791916  0.42501051  0.41864038  0.41864038  0.39985536  0.46443865  0.44445969  0.47806683  
20_0_0     0.33482154  0.34050113  0.32918560  0.31253302  0.00000000  0.00359302  0.02182693  0.11627442  0.12048640  0.14191688  0.13326941  0.09149820  0.39985536  0.37553435  0.39369909  0.39985536  0.43791916  0.53526217  0.54273566  0.55028607  
8_0_0      0.32918560  0.33482154  0.32359263  0.30706513  0.00359302  0.00000000  0.01814370  0.11208650  0.11627442  0.13758040  0.12898361  0.08744898  0.39369909  0.36957805  0.38759406  0.39369909  0.43143644  0.52786406  0.53526217  0.54273566  
15_0_0     0.31804198  0.32359263  0.30163769  0.28559226  0.02182693  0.01814370  0.00000000  0.10378171  0.10792235  0.12048640  0.12048640  0.07147203  0.39369909  0.36957805  0.38759406  0.38153942  0.40606373  0.51328800  0.52053983  0.53526217  
7_0_0      0.32359263  0.30706513  0.30163769  0.31804198  0.11627442  0.11208650  0.10378171  0.00000000  0.02552874  0.09149820  0.08744898  0.10378171  0.45105906  0.43791916  0.44445969  0.43143644  0.43143644  0.52786406  0.52053983  0.47806683  
18_0_0     0.32359263  0.29625012  0.30163769  0.32359263  0.12048640  0.11627442  0.10792235  0.02552874  0.00000000  0.08744898  0.09149820  0.10792235  0.41864038  0.41232510  0.43791916  0.42501051  0.41232510  0.51328800  0.50610717  0.49195302  
16_0_0     0.32359263  0.32359263  0.31253302  0.34050113  0.14191688  0.13758040  0.12048640  0.09149820  0.08744898  0.00000000  0.09966430  0.11627442  0.43143644  0.43143644  0.41232510  0.39985536  0.41864038  0.50610717  0.49899595  0.52053983  
9_0_0      0.32359263  0.31804198  0.31253302  0.32918560  0.13326941  0.12898361  0.12048640  0.08744898  0.09149820  0.09966430  0.00000000  0.12472270  0.45105906  0.42501051  0.41232510  0.40606373  0.40606373  0.54273566  0.55791502  0.49195302  
19_0_0     0.29625012  0.29090184  0.28559226  0.29625012  0.09149820  0.08744898  0.07147203  0.10378171  0.10792235  0.11627442  0.12472270  0.00000000  0.38153942  0.35780861  0.37553435  0.38153942  0.38153942  0.49899595  0.52786406  0.52786406  
17_0_0     0.47122109  0.47122109  0.48497707  0.43791916  0.39985536  0.39369909  0.39369909  0.45105906  0.41864038  0.43143644  0.45105906  0.38153942  0.00000000  0.02552874  0.10792235  0.09966430  0.13326941  0.47806683  0.50610717  0.53526217  
14_0_0     0.44445969  0.45771835  0.45771835  0.42501051  0.37553435  0.36957805  0.36957805  0.43791916  0.41232510  0.43143644  0.42501051  0.35780861  0.02552874  0.00000000  0.08744898  0.08744898  0.12472270  0.47806683  0.50610717  0.55791502  
11_0_0     0.45105906  0.47806683  0.47806683  0.41864038  0.39369909  0.38759406  0.38759406  0.44445969  0.43791916  0.41232510  0.41232510  0.37553435  0.10792235  0.08744898  0.00000000  0.03674761  0.12898361  0.50610717  0.52053983  0.57341516  
6_0_0      0.45105906  0.47806683  0.46443865  0.41864038  0.39985536  0.39369909  0.38153942  0.43143644  0.42501051  0.39985536  0.40606373  0.38153942  0.09966430  0.08744898  0.03674761  0.00000000  0.12898361  0.47806683  0.48497707  0.53526217  
5_0_0      0.43791916  0.41864038  0.43143644  0.39985536  0.43791916  0.43143644  0.40606373  0.43143644  0.41232510  0.41864038  0.40606373  0.38153942  0.13326941  0.12472270  0.12898361  0.12898361  0.00000000  0.47122109  0.47122109  0.50610717  
1_0_0      0.55028607  0.53526217  0.54273566  0.46443865  0.53526217  0.52786406  0.51328800  0.52786406  0.51328800  0.50610717  0.54273566  0.49899595  0.47806683  0.47806683  0.50610717  0.47806683  0.47122109  0.00000000  0.02552874  0.13326941  
2_0_0      0.54273566  0.51328800  0.52053983  0.44445969  0.54273566  0.53526217  0.52053983  0.52053983  0.50610717  0.49899595  0.55791502  0.52786406  0.50610717  0.50610717  0.52053983  0.48497707  0.47122109  0.02552874  0.00000000  0.12048640  
3_0_0      0.55028607  0.55028607  0.55028607  0.47806683  0.55028607  0.54273566  0.53526217  0.47806683  0.49195302  0.52053983  0.49195302  0.52786406  0.53526217  0.55791502  0.57341516  0.53526217  0.50610717  0.13326941  0.12048640  0.00000000  

