20
20_0_0     0.00000000  0.34918750  0.33343553  0.34126977  0.34918750  0.34918750  0.33343553  0.36528069  0.35719052  0.35719052  0.35719052  0.37345991  0.38173019  0.44235285  0.38173019  0.28079370  0.30289940  0.31041658  0.33343553  0.31801059  
8_0_0      0.34918750  0.00000000  0.01001748  0.11259405  0.12426363  0.12426363  0.10110492  0.35719052  0.33343553  0.33343553  0.33343553  0.31041658  0.34126977  0.46062267  0.35719052  0.31801059  0.31041658  0.37345991  0.37345991  0.38173019  
18_0_0     0.33343553  0.01001748  0.00000000  0.11259405  0.13611944  0.13611944  0.11259405  0.34126977  0.33343553  0.33343553  0.33343553  0.29545751  0.32568303  0.46062267  0.35719052  0.31801059  0.31041658  0.35719052  0.35719052  0.36528069  
19_0_0     0.34126977  0.11259405  0.11259405  0.00000000  0.11840593  0.11840593  0.10682727  0.31801059  0.33343553  0.33343553  0.33343553  0.29545751  0.31041658  0.40710815  0.37345991  0.31801059  0.29545751  0.37345991  0.37345991  0.36528069  
13_0_0     0.34918750  0.12426363  0.13611944  0.11840593  0.00000000  0.00000000  0.02017187  0.29545751  0.31041658  0.31041658  0.31041658  0.30289940  0.31801059  0.43338370  0.34918750  0.31041658  0.28808943  0.42452153  0.42452153  0.43338370  
9_0_0      0.34918750  0.12426363  0.13611944  0.11840593  0.00000000  0.00000000  0.02017187  0.29545751  0.31041658  0.31041658  0.31041658  0.30289940  0.31801059  0.43338370  0.34918750  0.31041658  0.28808943  0.42452153  0.42452153  0.43338370  
7_0_0      0.33343553  0.10110492  0.11259405  0.10682727  0.02017187  0.02017187  0.00000000  0.29545751  0.29545751  0.29545751  0.29545751  0.27356891  0.28808943  0.43338370  0.34918750  0.29545751  0.28808943  0.39855215  0.39855215  0.40710815  
5_0_0      0.36528069  0.35719052  0.34126977  0.31801059  0.29545751  0.29545751  0.29545751  0.00000000  0.05149528  0.05149528  0.05149528  0.13016789  0.13016789  0.41576382  0.41576382  0.38173019  0.35719052  0.31801059  0.31801059  0.31801059  
12_0_0     0.35719052  0.33343553  0.33343553  0.33343553  0.31041658  0.31041658  0.29545751  0.05149528  0.00000000  0.00000000  0.00000000  0.10682727  0.10682727  0.42452153  0.38173019  0.36528069  0.32568303  0.33343553  0.33343553  0.33343553  
4_0_0      0.35719052  0.33343553  0.33343553  0.33343553  0.31041658  0.31041658  0.29545751  0.05149528  0.00000000  0.00000000  0.00000000  0.10682727  0.10682727  0.42452153  0.38173019  0.36528069  0.32568303  0.33343553  0.33343553  0.33343553  
10_0_0     0.35719052  0.33343553  0.33343553  0.33343553  0.31041658  0.31041658  0.29545751  0.05149528  0.00000000  0.00000000  0.00000000  0.10682727  0.10682727  0.42452153  0.38173019  0.36528069  0.32568303  0.33343553  0.33343553  0.33343553  
11_0_0     0.37345991  0.31041658  0.29545751  0.29545751  0.30289940  0.30289940  0.27356891  0.13016789  0.10682727  0.10682727  0.10682727  0.00000000  0.02017187  0.42452153  0.36528069  0.33343553  0.30289940  0.31041658  0.31041658  0.30289940  
17_0_0     0.38173019  0.34126977  0.32568303  0.31041658  0.31801059  0.31801059  0.28808943  0.13016789  0.10682727  0.10682727  0.10682727  0.02017187  0.00000000  0.42452153  0.38173019  0.34918750  0.31801059  0.31801059  0.31801059  0.31041658  
16_0_0     0.44235285  0.46062267  0.46062267  0.40710815  0.43338370  0.43338370  0.43338370  0.41576382  0.42452153  0.42452153  0.42452153  0.42452153  0.42452153  0.00000000  0.28808943  0.23846268  0.25230676  0.40710815  0.41576382  0.41576382  
15_0_0     0.38173019  0.35719052  0.35719052  0.37345991  0.34918750  0.34918750  0.34918750  0.41576382  0.38173019  0.38173019  0.38173019  0.36528069  0.38173019  0.28808943  0.00000000  0.16661404  0.12426363  0.37345991  0.36528069  0.38173019  
6_0_0      0.28079370  0.31801059  0.31801059  0.31801059  0.31041658  0.31041658  0.29545751  0.38173019  0.36528069  0.36528069  0.36528069  0.33343553  0.34918750  0.23846268  0.16661404  0.00000000  0.07313614  0.36528069  0.35719052  0.35719052  
14_0_0     0.30289940  0.31041658  0.31041658  0.29545751  0.28808943  0.28808943  0.28808943  0.35719052  0.32568303  0.32568303  0.32568303  0.30289940  0.31801059  0.25230676  0.12426363  0.07313614  0.00000000  0.34918750  0.35719052  0.34126977  
2_0_0      0.31041658  0.37345991  0.35719052  0.37345991  0.42452153  0.42452153  0.39855215  0.31801059  0.33343553  0.33343553  0.33343553  0.31041658  0.31801059  0.40710815  0.37345991  0.36528069  0.34918750  0.00000000  0.01507733  0.01507733  
3_0_0      0.33343553  0.37345991  0.35719052  0.37345991  0.42452153  0.42452153  0.39855215  0.31801059  0.33343553  0.33343553  0.33343553  0.31041658  0.31801059  0.41576382  0.36528069  0.35719052  0.35719052  0.01507733  0.00000000  0.01001748  
1_0_0      0.31801059  0.38173019  0.36528069  0.36528069  0.43338370  0.43338370  0.40710815  0.31801059  0.33343553  0.33343553  0.33343553  0.30289940  0.31041658  0.41576382  0.38173019  0.35719052  0.34126977  0.01507733  0.01001748  0.00000000  

