43
51_2_0     0.00000000  0.14600525  0.15459057  0.19915056  0.20840898  0.18098893  0.18098893  0.18098893  0.18098893  0.18098893  0.17207975  0.17207975  0.19001156  0.15459057  0.14600525  0.16328120  0.18098893  0.17207975  0.17207975  0.18098893  0.18098893  0.19001156  0.19001156  0.19001156  0.24670204  0.26665368  0.22729686  0.17207975  0.16328120  0.16328120  0.16328120  0.14600525  0.34127147  0.34127147  0.33011851  0.16328120  0.16328120  0.16328120  0.14600525  0.13752270  0.14600525  0.15459057  0.17207975  
93_7_0     0.14600525  0.00000000  0.05035904  0.11266786  0.13752270  0.10457295  0.10457295  0.10457295  0.10457295  0.12085631  0.11266786  0.11266786  0.09656948  0.11266786  0.12085631  0.10457295  0.18098893  0.17207975  0.17207975  0.11266786  0.11266786  0.12085631  0.12085631  0.12085631  0.23693302  0.25660764  0.25660764  0.12085631  0.12914051  0.08865541  0.08865541  0.12914051  0.21778999  0.21778999  0.22729686  0.10457295  0.10457295  0.10457295  0.08082875  0.08865541  0.12085631  0.09656948  0.12085631  
71_5_0     0.15459057  0.05035904  0.00000000  0.14600525  0.14600525  0.11266786  0.11266786  0.11266786  0.11266786  0.12914051  0.12085631  0.12085631  0.12085631  0.13752270  0.12914051  0.14600525  0.17207975  0.16328120  0.16328120  0.13752270  0.13752270  0.14600525  0.14600525  0.14600525  0.25660764  0.27684420  0.27684420  0.14600525  0.14600525  0.12914051  0.12914051  0.13752270  0.19915056  0.19915056  0.20840898  0.14600525  0.14600525  0.14600525  0.12085631  0.11266786  0.14600525  0.12085631  0.14600525  
91_5_0     0.19915056  0.11266786  0.14600525  0.00000000  0.18098893  0.19915056  0.19915056  0.19915056  0.19915056  0.19915056  0.20840898  0.20840898  0.20840898  0.18098893  0.19001156  0.17207975  0.18098893  0.17207975  0.17207975  0.17207975  0.17207975  0.16328120  0.16328120  0.16328120  0.20840898  0.22729686  0.25660764  0.12914051  0.13752270  0.15459057  0.15459057  0.15459057  0.24670204  0.24670204  0.23693302  0.17207975  0.17207975  0.17207975  0.14600525  0.15459057  0.16328120  0.15459057  0.14600525  
65_8_0     0.20840898  0.13752270  0.14600525  0.18098893  0.00000000  0.04294202  0.04294202  0.04294202  0.04294202  0.04294202  0.05035904  0.06543012  0.08082875  0.08082875  0.12085631  0.12085631  0.12914051  0.12085631  0.12085631  0.12914051  0.12914051  0.12085631  0.12085631  0.12085631  0.24670204  0.24670204  0.26665368  0.12085631  0.12914051  0.15459057  0.15459057  0.12914051  0.25660764  0.25660764  0.24670204  0.15459057  0.15459057  0.15459057  0.13752270  0.14600525  0.15459057  0.11266786  0.13752270  
96_8_0     0.18098893  0.10457295  0.11266786  0.19915056  0.04294202  0.00000000  0.00000000  0.01402682  0.01402682  0.02833693  0.02114575  0.03560185  0.03560185  0.06543012  0.08865541  0.08865541  0.12914051  0.12085631  0.12085631  0.09656948  0.09656948  0.10457295  0.10457295  0.10457295  0.26665368  0.26665368  0.26665368  0.12085631  0.12914051  0.13752270  0.13752270  0.12914051  0.27684420  0.27684420  0.26665368  0.15459057  0.15459057  0.15459057  0.13752270  0.14600525  0.15459057  0.11266786  0.15459057  
96_10_0    0.18098893  0.10457295  0.11266786  0.19915056  0.04294202  0.00000000  0.00000000  0.01402682  0.01402682  0.02833693  0.02114575  0.03560185  0.03560185  0.06543012  0.08865541  0.08865541  0.12914051  0.12085631  0.12085631  0.09656948  0.09656948  0.10457295  0.10457295  0.10457295  0.26665368  0.26665368  0.26665368  0.12085631  0.12914051  0.13752270  0.13752270  0.12914051  0.27684420  0.27684420  0.26665368  0.15459057  0.15459057  0.15459057  0.13752270  0.14600525  0.15459057  0.11266786  0.15459057  
99_8_0     0.18098893  0.10457295  0.11266786  0.19915056  0.04294202  0.01402682  0.01402682  0.00000000  0.00000000  0.02833693  0.02114575  0.03560185  0.05035904  0.06543012  0.08865541  0.08865541  0.12914051  0.12085631  0.12085631  0.11266786  0.11266786  0.12085631  0.12085631  0.12085631  0.26665368  0.26665368  0.26665368  0.13752270  0.14600525  0.15459057  0.15459057  0.14600525  0.26665368  0.26665368  0.25660764  0.15459057  0.15459057  0.15459057  0.13752270  0.14600525  0.15459057  0.11266786  0.15459057  
71_8_0     0.18098893  0.10457295  0.11266786  0.19915056  0.04294202  0.01402682  0.01402682  0.00000000  0.00000000  0.02833693  0.02114575  0.03560185  0.05035904  0.06543012  0.08865541  0.08865541  0.12914051  0.12085631  0.12085631  0.11266786  0.11266786  0.12085631  0.12085631  0.12085631  0.26665368  0.26665368  0.26665368  0.13752270  0.14600525  0.15459057  0.15459057  0.14600525  0.26665368  0.26665368  0.25660764  0.15459057  0.15459057  0.15459057  0.13752270  0.14600525  0.15459057  0.11266786  0.15459057  
65_6_0     0.18098893  0.12085631  0.12914051  0.19915056  0.04294202  0.02833693  0.02833693  0.02833693  0.02833693  0.00000000  0.00697870  0.03560185  0.05035904  0.05035904  0.08865541  0.08865541  0.11266786  0.10457295  0.10457295  0.11266786  0.11266786  0.10457295  0.10457295  0.12085631  0.26665368  0.26665368  0.26665368  0.13752270  0.12914051  0.13752270  0.13752270  0.12914051  0.29767577  0.29767577  0.28718343  0.13752270  0.13752270  0.13752270  0.12085631  0.12914051  0.13752270  0.09656948  0.13752270  
96_6_0     0.17207975  0.11266786  0.12085631  0.20840898  0.05035904  0.02114575  0.02114575  0.02114575  0.02114575  0.00697870  0.00000000  0.02833693  0.04294202  0.05785451  0.08082875  0.08082875  0.12085631  0.11266786  0.11266786  0.10457295  0.10457295  0.11266786  0.11266786  0.11266786  0.27684420  0.27684420  0.25660764  0.14600525  0.13752270  0.14600525  0.14600525  0.13752270  0.28718343  0.28718343  0.27684420  0.14600525  0.14600525  0.14600525  0.12914051  0.13752270  0.14600525  0.10457295  0.14600525  
90_6_0     0.17207975  0.11266786  0.12085631  0.20840898  0.06543012  0.03560185  0.03560185  0.03560185  0.03560185  0.03560185  0.02833693  0.00000000  0.04294202  0.05785451  0.06543012  0.06543012  0.10457295  0.09656948  0.09656948  0.08865541  0.08865541  0.09656948  0.09656948  0.09656948  0.25660764  0.25660764  0.23693302  0.14600525  0.12085631  0.12914051  0.12914051  0.13752270  0.30832581  0.30832581  0.29767577  0.11266786  0.11266786  0.11266786  0.11266786  0.12085631  0.12914051  0.08865541  0.12914051  
93_6_0     0.19001156  0.09656948  0.12085631  0.20840898  0.08082875  0.03560185  0.03560185  0.05035904  0.05035904  0.05035904  0.04294202  0.04294202  0.00000000  0.05785451  0.06543012  0.05035904  0.12085631  0.11266786  0.11266786  0.07308761  0.07308761  0.08082875  0.08082875  0.08082875  0.29767577  0.29767577  0.29767577  0.11266786  0.12085631  0.11266786  0.11266786  0.12085631  0.28718343  0.28718343  0.29767577  0.12914051  0.12914051  0.12914051  0.11266786  0.12085631  0.12914051  0.08865541  0.12914051  
93_0_0     0.15459057  0.11266786  0.13752270  0.18098893  0.08082875  0.06543012  0.06543012  0.06543012  0.06543012  0.05035904  0.05785451  0.05785451  0.05785451  0.00000000  0.05035904  0.05035904  0.07308761  0.06543012  0.06543012  0.08865541  0.08865541  0.08082875  0.08082875  0.09656948  0.23693302  0.23693302  0.23693302  0.12914051  0.13752270  0.14600525  0.14600525  0.13752270  0.33011851  0.33011851  0.31913838  0.12914051  0.12914051  0.12914051  0.12914051  0.13752270  0.12914051  0.10457295  0.14600525  
71_0_0     0.14600525  0.12085631  0.12914051  0.19001156  0.12085631  0.08865541  0.08865541  0.08865541  0.08865541  0.08865541  0.08082875  0.06543012  0.06543012  0.05035904  0.00000000  0.01402682  0.08082875  0.07308761  0.07308761  0.09656948  0.09656948  0.10457295  0.10457295  0.10457295  0.26665368  0.26665368  0.24670204  0.13752270  0.14600525  0.13752270  0.13752270  0.16328120  0.29767577  0.29767577  0.30832581  0.12085631  0.12085631  0.12085631  0.12085631  0.11266786  0.12085631  0.09656948  0.12085631  
99_0_0     0.16328120  0.10457295  0.14600525  0.17207975  0.12085631  0.08865541  0.08865541  0.08865541  0.08865541  0.08865541  0.08082875  0.06543012  0.05035904  0.05035904  0.01402682  0.00000000  0.08082875  0.07308761  0.07308761  0.08082875  0.08082875  0.08865541  0.08865541  0.08865541  0.24670204  0.24670204  0.24670204  0.12085631  0.12914051  0.12085631  0.12085631  0.14600525  0.29767577  0.29767577  0.30832581  0.10457295  0.10457295  0.10457295  0.10457295  0.11266786  0.10457295  0.08082875  0.10457295  
65_0_0     0.18098893  0.18098893  0.17207975  0.18098893  0.12914051  0.12914051  0.12914051  0.12914051  0.12914051  0.11266786  0.12085631  0.10457295  0.12085631  0.07308761  0.08082875  0.08082875  0.00000000  0.00697870  0.00697870  0.10457295  0.10457295  0.09656948  0.09656948  0.11266786  0.24670204  0.24670204  0.24670204  0.11266786  0.11266786  0.14600525  0.14600525  0.13752270  0.33011851  0.33011851  0.31913838  0.14600525  0.14600525  0.14600525  0.12914051  0.13752270  0.12914051  0.12085631  0.11266786  
96_0_0     0.17207975  0.17207975  0.16328120  0.17207975  0.12085631  0.12085631  0.12085631  0.12085631  0.12085631  0.10457295  0.11266786  0.09656948  0.11266786  0.06543012  0.07308761  0.07308761  0.00697870  0.00000000  0.00000000  0.09656948  0.09656948  0.08865541  0.08865541  0.10457295  0.23693302  0.23693302  0.23693302  0.10457295  0.10457295  0.13752270  0.13752270  0.12914051  0.31913838  0.31913838  0.30832581  0.13752270  0.13752270  0.13752270  0.12085631  0.12914051  0.12085631  0.11266786  0.10457295  
96_9_0     0.17207975  0.17207975  0.16328120  0.17207975  0.12085631  0.12085631  0.12085631  0.12085631  0.12085631  0.10457295  0.11266786  0.09656948  0.11266786  0.06543012  0.07308761  0.07308761  0.00697870  0.00000000  0.00000000  0.09656948  0.09656948  0.08865541  0.08865541  0.10457295  0.23693302  0.23693302  0.23693302  0.10457295  0.10457295  0.13752270  0.13752270  0.12914051  0.31913838  0.31913838  0.30832581  0.13752270  0.13752270  0.13752270  0.12085631  0.12914051  0.12085631  0.11266786  0.10457295  
72_11_0    0.18098893  0.11266786  0.13752270  0.17207975  0.12914051  0.09656948  0.09656948  0.11266786  0.11266786  0.11266786  0.10457295  0.08865541  0.07308761  0.08865541  0.09656948  0.08082875  0.10457295  0.09656948  0.09656948  0.00000000  0.00000000  0.00697870  0.00697870  0.00697870  0.21778999  0.21778999  0.21778999  0.12914051  0.10457295  0.11266786  0.11266786  0.12085631  0.28718343  0.28718343  0.29767577  0.12914051  0.12914051  0.12914051  0.11266786  0.12085631  0.11266786  0.10457295  0.11266786  
63_11_0    0.18098893  0.11266786  0.13752270  0.17207975  0.12914051  0.09656948  0.09656948  0.11266786  0.11266786  0.11266786  0.10457295  0.08865541  0.07308761  0.08865541  0.09656948  0.08082875  0.10457295  0.09656948  0.09656948  0.00000000  0.00000000  0.00697870  0.00697870  0.00697870  0.21778999  0.21778999  0.21778999  0.12914051  0.10457295  0.11266786  0.11266786  0.12085631  0.28718343  0.28718343  0.29767577  0.12914051  0.12914051  0.12914051  0.11266786  0.12085631  0.11266786  0.10457295  0.11266786  
97_11_0    0.19001156  0.12085631  0.14600525  0.16328120  0.12085631  0.10457295  0.10457295  0.12085631  0.12085631  0.10457295  0.11266786  0.09656948  0.08082875  0.08082875  0.10457295  0.08865541  0.09656948  0.08865541  0.08865541  0.00697870  0.00697870  0.00000000  0.00000000  0.01402682  0.20840898  0.20840898  0.22729686  0.12085631  0.09656948  0.10457295  0.10457295  0.11266786  0.29767577  0.29767577  0.30832581  0.12085631  0.12085631  0.12085631  0.10457295  0.11266786  0.10457295  0.09656948  0.10457295  
79_11_0    0.19001156  0.12085631  0.14600525  0.16328120  0.12085631  0.10457295  0.10457295  0.12085631  0.12085631  0.10457295  0.11266786  0.09656948  0.08082875  0.08082875  0.10457295  0.08865541  0.09656948  0.08865541  0.08865541  0.00697870  0.00697870  0.00000000  0.00000000  0.01402682  0.20840898  0.20840898  0.22729686  0.12085631  0.09656948  0.10457295  0.10457295  0.11266786  0.29767577  0.29767577  0.30832581  0.12085631  0.12085631  0.12085631  0.10457295  0.11266786  0.10457295  0.09656948  0.10457295  
68_11_0    0.19001156  0.12085631  0.14600525  0.16328120  0.12085631  0.10457295  0.10457295  0.12085631  0.12085631  0.12085631  0.11266786  0.09656948  0.08082875  0.09656948  0.10457295  0.08865541  0.11266786  0.10457295  0.10457295  0.00697870  0.00697870  0.01402682  0.01402682  0.00000000  0.22729686  0.22729686  0.22729686  0.13752270  0.11266786  0.12085631  0.12085631  0.12914051  0.27684420  0.27684420  0.28718343  0.13752270  0.13752270  0.13752270  0.12085631  0.12914051  0.12085631  0.11266786  0.12085631  
100_14_0   0.24670204  0.23693302  0.25660764  0.20840898  0.24670204  0.26665368  0.26665368  0.26665368  0.26665368  0.26665368  0.27684420  0.25660764  0.29767577  0.23693302  0.26665368  0.24670204  0.24670204  0.23693302  0.23693302  0.21778999  0.21778999  0.20840898  0.20840898  0.22729686  0.00000000  0.01402682  0.04294202  0.22729686  0.19915056  0.24670204  0.24670204  0.21778999  0.30832581  0.30832581  0.29767577  0.19001156  0.19001156  0.19001156  0.20840898  0.21778999  0.20840898  0.21778999  0.20840898  
100_12_0   0.26665368  0.25660764  0.27684420  0.22729686  0.24670204  0.26665368  0.26665368  0.26665368  0.26665368  0.26665368  0.27684420  0.25660764  0.29767577  0.23693302  0.26665368  0.24670204  0.24670204  0.23693302  0.23693302  0.21778999  0.21778999  0.20840898  0.20840898  0.22729686  0.01402682  0.00000000  0.04294202  0.24670204  0.21778999  0.26665368  0.26665368  0.23693302  0.31913838  0.31913838  0.30832581  0.20840898  0.20840898  0.20840898  0.22729686  0.23693302  0.22729686  0.23693302  0.22729686  
75_12_0    0.22729686  0.25660764  0.27684420  0.25660764  0.26665368  0.26665368  0.26665368  0.26665368  0.26665368  0.26665368  0.25660764  0.23693302  0.29767577  0.23693302  0.24670204  0.24670204  0.24670204  0.23693302  0.23693302  0.21778999  0.21778999  0.22729686  0.22729686  0.22729686  0.04294202  0.04294202  0.00000000  0.28718343  0.23693302  0.26665368  0.26665368  0.25660764  0.31913838  0.31913838  0.30832581  0.22729686  0.22729686  0.22729686  0.22729686  0.23693302  0.24670204  0.25660764  0.24670204  
88_17_0    0.17207975  0.12085631  0.14600525  0.12914051  0.12085631  0.12085631  0.12085631  0.13752270  0.13752270  0.13752270  0.14600525  0.14600525  0.11266786  0.12914051  0.13752270  0.12085631  0.11266786  0.10457295  0.10457295  0.12914051  0.12914051  0.12085631  0.12085631  0.13752270  0.22729686  0.24670204  0.28718343  0.00000000  0.03560185  0.05785451  0.05785451  0.03560185  0.26665368  0.26665368  0.25660764  0.08865541  0.08865541  0.08865541  0.07308761  0.08082875  0.08865541  0.06543012  0.05785451  
88_0_0     0.16328120  0.12914051  0.14600525  0.13752270  0.12914051  0.12914051  0.12914051  0.14600525  0.14600525  0.12914051  0.13752270  0.12085631  0.12085631  0.13752270  0.14600525  0.12914051  0.11266786  0.10457295  0.10457295  0.10457295  0.10457295  0.09656948  0.09656948  0.11266786  0.19915056  0.21778999  0.23693302  0.03560185  0.00000000  0.03560185  0.03560185  0.02833693  0.26665368  0.26665368  0.25660764  0.06543012  0.06543012  0.06543012  0.05035904  0.05785451  0.06543012  0.04294202  0.05035904  
77_0_0     0.16328120  0.08865541  0.12914051  0.15459057  0.15459057  0.13752270  0.13752270  0.15459057  0.15459057  0.13752270  0.14600525  0.12914051  0.11266786  0.14600525  0.13752270  0.12085631  0.14600525  0.13752270  0.13752270  0.11266786  0.11266786  0.10457295  0.10457295  0.12085631  0.24670204  0.26665368  0.26665368  0.05785451  0.03560185  0.00000000  0.00000000  0.05035904  0.24670204  0.24670204  0.25660764  0.05785451  0.05785451  0.05785451  0.02833693  0.03560185  0.05785451  0.03560185  0.05785451  
77_18_0    0.16328120  0.08865541  0.12914051  0.15459057  0.15459057  0.13752270  0.13752270  0.15459057  0.15459057  0.13752270  0.14600525  0.12914051  0.11266786  0.14600525  0.13752270  0.12085631  0.14600525  0.13752270  0.13752270  0.11266786  0.11266786  0.10457295  0.10457295  0.12085631  0.24670204  0.26665368  0.26665368  0.05785451  0.03560185  0.00000000  0.00000000  0.05035904  0.24670204  0.24670204  0.25660764  0.05785451  0.05785451  0.05785451  0.02833693  0.03560185  0.05785451  0.03560185  0.05785451  
59_0_0     0.14600525  0.12914051  0.13752270  0.15459057  0.12914051  0.12914051  0.12914051  0.14600525  0.14600525  0.12914051  0.13752270  0.13752270  0.12085631  0.13752270  0.16328120  0.14600525  0.13752270  0.12914051  0.12914051  0.12085631  0.12085631  0.11266786  0.11266786  0.12914051  0.21778999  0.23693302  0.25660764  0.03560185  0.02833693  0.05035904  0.05035904  0.00000000  0.26665368  0.26665368  0.25660764  0.08082875  0.08082875  0.08082875  0.06543012  0.07308761  0.08082875  0.05785451  0.06543012  
74_0_0     0.34127147  0.21778999  0.19915056  0.24670204  0.25660764  0.27684420  0.27684420  0.26665368  0.26665368  0.29767577  0.28718343  0.30832581  0.28718343  0.33011851  0.29767577  0.29767577  0.33011851  0.31913838  0.31913838  0.28718343  0.28718343  0.29767577  0.29767577  0.27684420  0.30832581  0.31913838  0.31913838  0.26665368  0.26665368  0.24670204  0.24670204  0.26665368  0.00000000  0.00697870  0.00697870  0.27684420  0.27684420  0.27684420  0.22729686  0.21778999  0.26665368  0.25660764  0.26665368  
61_0_0     0.34127147  0.21778999  0.19915056  0.24670204  0.25660764  0.27684420  0.27684420  0.26665368  0.26665368  0.29767577  0.28718343  0.30832581  0.28718343  0.33011851  0.29767577  0.29767577  0.33011851  0.31913838  0.31913838  0.28718343  0.28718343  0.29767577  0.29767577  0.27684420  0.30832581  0.31913838  0.31913838  0.26665368  0.26665368  0.24670204  0.24670204  0.26665368  0.00697870  0.00000000  0.01402682  0.27684420  0.27684420  0.27684420  0.22729686  0.21778999  0.26665368  0.25660764  0.26665368  
67_0_0     0.33011851  0.22729686  0.20840898  0.23693302  0.24670204  0.26665368  0.26665368  0.25660764  0.25660764  0.28718343  0.27684420  0.29767577  0.29767577  0.31913838  0.30832581  0.30832581  0.31913838  0.30832581  0.30832581  0.29767577  0.29767577  0.30832581  0.30832581  0.28718343  0.29767577  0.30832581  0.30832581  0.25660764  0.25660764  0.25660764  0.25660764  0.25660764  0.00697870  0.01402682  0.00000000  0.28718343  0.28718343  0.28718343  0.23693302  0.22729686  0.27684420  0.26665368  0.27684420  
67_15_0    0.16328120  0.10457295  0.14600525  0.17207975  0.15459057  0.15459057  0.15459057  0.15459057  0.15459057  0.13752270  0.14600525  0.11266786  0.12914051  0.12914051  0.12085631  0.10457295  0.14600525  0.13752270  0.13752270  0.12914051  0.12914051  0.12085631  0.12085631  0.13752270  0.19001156  0.20840898  0.22729686  0.08865541  0.06543012  0.05785451  0.05785451  0.08082875  0.27684420  0.27684420  0.28718343  0.00000000  0.00000000  0.00000000  0.04294202  0.05035904  0.05785451  0.03560185  0.05785451  
74_15_0    0.16328120  0.10457295  0.14600525  0.17207975  0.15459057  0.15459057  0.15459057  0.15459057  0.15459057  0.13752270  0.14600525  0.11266786  0.12914051  0.12914051  0.12085631  0.10457295  0.14600525  0.13752270  0.13752270  0.12914051  0.12914051  0.12085631  0.12085631  0.13752270  0.19001156  0.20840898  0.22729686  0.08865541  0.06543012  0.05785451  0.05785451  0.08082875  0.27684420  0.27684420  0.28718343  0.00000000  0.00000000  0.00000000  0.04294202  0.05035904  0.05785451  0.03560185  0.05785451  
61_15_0    0.16328120  0.10457295  0.14600525  0.17207975  0.15459057  0.15459057  0.15459057  0.15459057  0.15459057  0.13752270  0.14600525  0.11266786  0.12914051  0.12914051  0.12085631  0.10457295  0.14600525  0.13752270  0.13752270  0.12914051  0.12914051  0.12085631  0.12085631  0.13752270  0.19001156  0.20840898  0.22729686  0.08865541  0.06543012  0.05785451  0.05785451  0.08082875  0.27684420  0.27684420  0.28718343  0.00000000  0.00000000  0.00000000  0.04294202  0.05035904  0.05785451  0.03560185  0.05785451  
77_15_0    0.14600525  0.08082875  0.12085631  0.14600525  0.13752270  0.13752270  0.13752270  0.13752270  0.13752270  0.12085631  0.12914051  0.11266786  0.11266786  0.12914051  0.12085631  0.10457295  0.12914051  0.12085631  0.12085631  0.11266786  0.11266786  0.10457295  0.10457295  0.12085631  0.20840898  0.22729686  0.22729686  0.07308761  0.05035904  0.02833693  0.02833693  0.06543012  0.22729686  0.22729686  0.23693302  0.04294202  0.04294202  0.04294202  0.00000000  0.00697870  0.04294202  0.02114575  0.04294202  
59_15_0    0.13752270  0.08865541  0.11266786  0.15459057  0.14600525  0.14600525  0.14600525  0.14600525  0.14600525  0.12914051  0.13752270  0.12085631  0.12085631  0.13752270  0.11266786  0.11266786  0.13752270  0.12914051  0.12914051  0.12085631  0.12085631  0.11266786  0.11266786  0.12914051  0.21778999  0.23693302  0.23693302  0.08082875  0.05785451  0.03560185  0.03560185  0.07308761  0.21778999  0.21778999  0.22729686  0.05035904  0.05035904  0.05035904  0.00697870  0.00000000  0.05035904  0.02833693  0.05035904  
59_16_0    0.14600525  0.12085631  0.14600525  0.16328120  0.15459057  0.15459057  0.15459057  0.15459057  0.15459057  0.13752270  0.14600525  0.12914051  0.12914051  0.12914051  0.12085631  0.10457295  0.12914051  0.12085631  0.12085631  0.11266786  0.11266786  0.10457295  0.10457295  0.12085631  0.20840898  0.22729686  0.24670204  0.08865541  0.06543012  0.05785451  0.05785451  0.08082875  0.26665368  0.26665368  0.27684420  0.05785451  0.05785451  0.05785451  0.04294202  0.05035904  0.00000000  0.03560185  0.05785451  
77_16_0    0.15459057  0.09656948  0.12085631  0.15459057  0.11266786  0.11266786  0.11266786  0.11266786  0.11266786  0.09656948  0.10457295  0.08865541  0.08865541  0.10457295  0.09656948  0.08082875  0.12085631  0.11266786  0.11266786  0.10457295  0.10457295  0.09656948  0.09656948  0.11266786  0.21778999  0.23693302  0.25660764  0.06543012  0.04294202  0.03560185  0.03560185  0.05785451  0.25660764  0.25660764  0.26665368  0.03560185  0.03560185  0.03560185  0.02114575  0.02833693  0.03560185  0.00000000  0.03560185  
88_16_0    0.17207975  0.12085631  0.14600525  0.14600525  0.13752270  0.15459057  0.15459057  0.15459057  0.15459057  0.13752270  0.14600525  0.12914051  0.12914051  0.14600525  0.12085631  0.10457295  0.11266786  0.10457295  0.10457295  0.11266786  0.11266786  0.10457295  0.10457295  0.12085631  0.20840898  0.22729686  0.24670204  0.05785451  0.05035904  0.05785451  0.05785451  0.06543012  0.26665368  0.26665368  0.27684420  0.05785451  0.05785451  0.05785451  0.04294202  0.05035904  0.05785451  0.03560185  0.00000000  

