42
86_0_0     0.00000000  0.07858920  0.04446324  0.05707442  0.19683608  0.15687582  0.24456952  0.26682845  0.27821750  0.26119981  0.25561421  0.27821750  0.28978692  0.23910916  0.22830937  0.18159370  0.18663924  0.19683608  0.19683608  0.19171987  0.26682845  0.29564107  0.25007099  0.23368931  0.24456952  0.24456952  0.45237741  0.45237741  0.45237741  0.45237741  0.48973719  0.40308919  0.41683553  0.41683553  0.38959672  0.39631181  0.39631181  0.39631181  0.38294280  0.39631181  0.39631181  0.40308919  
48_0_0     0.07858920  0.00000000  0.03206608  0.08737571  0.23368931  0.17658277  0.22830937  0.25007099  0.26119981  0.24456952  0.22830937  0.26119981  0.25007099  0.20198837  0.20198837  0.18663924  0.19171987  0.19171987  0.19171987  0.19683608  0.27250078  0.30154250  0.24456952  0.22830937  0.23910916  0.22830937  0.45969809  0.45969809  0.45969809  0.44512936  0.48211083  0.40993003  0.42380692  0.42380692  0.42380692  0.41683553  0.41683553  0.41683553  0.43084548  0.41683553  0.41683553  0.39631181  
82_0_0     0.04446324  0.03206608  0.00000000  0.06132698  0.22296876  0.17658277  0.22830937  0.25007099  0.26119981  0.24456952  0.22830937  0.26119981  0.26119981  0.22296876  0.22296876  0.17658277  0.18159370  0.19171987  0.19171987  0.18663924  0.27250078  0.30154250  0.23368931  0.21766691  0.22830937  0.22830937  0.45969809  0.45969809  0.45969809  0.44512936  0.46709287  0.40308919  0.41683553  0.41683553  0.40308919  0.39631181  0.39631181  0.39631181  0.39631181  0.39631181  0.42380692  0.41683553  
60_0_0     0.05707442  0.08737571  0.06132698  0.00000000  0.20198837  0.15687582  0.23368931  0.24456952  0.27821750  0.26119981  0.24456952  0.26682845  0.27250078  0.23910916  0.21766691  0.19171987  0.19683608  0.19683608  0.19683608  0.19171987  0.25561421  0.27250078  0.26119981  0.24456952  0.25561421  0.25561421  0.45969809  0.45969809  0.45969809  0.48973719  0.51310589  0.38959672  0.40308919  0.41683553  0.38959672  0.38294280  0.38294280  0.38294280  0.38294280  0.38294280  0.39631181  0.40308919  
77_0_0     0.19683608  0.23368931  0.22296876  0.20198837  0.00000000  0.22830937  0.26119981  0.26682845  0.30154250  0.29564107  0.28978692  0.31349034  0.31953834  0.30154250  0.27821750  0.25007099  0.26682845  0.23910916  0.23910916  0.26119981  0.32563682  0.31953834  0.30749199  0.28978692  0.30154250  0.31349034  0.49744400  0.49744400  0.50523298  0.51310589  0.50523298  0.42380692  0.44512936  0.46709287  0.42380692  0.43084548  0.43084548  0.43084548  0.42380692  0.43084548  0.40308919  0.40993003  
41_0_0     0.15687582  0.17658277  0.17658277  0.15687582  0.22830937  0.00000000  0.24456952  0.25007099  0.26682845  0.26119981  0.25007099  0.26119981  0.27821750  0.21766691  0.19683608  0.20198837  0.18663924  0.20198837  0.20198837  0.19171987  0.27821750  0.27821750  0.25007099  0.24456952  0.23368931  0.24456952  0.43795251  0.43795251  0.44512936  0.45969809  0.47456326  0.35691706  0.35055295  0.35691706  0.34424380  0.35055295  0.35055295  0.35055295  0.35055295  0.35055295  0.38959672  0.34424380  
70_0_0     0.24456952  0.22830937  0.22830937  0.23368931  0.26119981  0.24456952  0.00000000  0.02391665  0.03617514  0.03206608  0.01987577  0.04030744  0.05707442  0.12361823  0.11438765  0.07423526  0.08737571  0.07423526  0.07423526  0.08296925  0.26682845  0.26119981  0.20198837  0.18663924  0.20717725  0.20717725  0.47456326  0.47456326  0.48211083  0.49744400  0.47456326  0.40993003  0.42380692  0.40308919  0.43084548  0.43795251  0.43795251  0.43795251  0.43084548  0.42380692  0.45237741  0.41683553  
61_0_0     0.26682845  0.25007099  0.25007099  0.24456952  0.26682845  0.25007099  0.02391665  0.00000000  0.04446324  0.04030744  0.02798000  0.04030744  0.05284646  0.12361823  0.10527225  0.08296925  0.09626918  0.08296925  0.08296925  0.08296925  0.27250078  0.27250078  0.20198837  0.18663924  0.20717725  0.20717725  0.47456326  0.47456326  0.48211083  0.51310589  0.50523298  0.42380692  0.43795251  0.43084548  0.41683553  0.42380692  0.42380692  0.42380692  0.41683553  0.42380692  0.46709287  0.41683553  
92_0_0     0.27821750  0.26119981  0.26119981  0.27821750  0.30154250  0.26682845  0.03617514  0.04446324  0.00000000  0.01585713  0.03206608  0.05284646  0.06990711  0.15687582  0.14721816  0.10527225  0.11898836  0.10527225  0.10527225  0.11438765  0.31349034  0.31349034  0.22830937  0.21240326  0.23368931  0.23368931  0.49744400  0.49744400  0.50523298  0.52106457  0.51310589  0.43084548  0.44512936  0.42380692  0.45237741  0.45969809  0.45969809  0.45969809  0.45237741  0.44512936  0.47456326  0.42380692  
56_0_0     0.26119981  0.24456952  0.24456952  0.26119981  0.29564107  0.26119981  0.03206608  0.04030744  0.01585713  0.00000000  0.02798000  0.04864283  0.06560445  0.14243679  0.13296692  0.09180891  0.10527225  0.10075685  0.10075685  0.10981574  0.29564107  0.30749199  0.21240326  0.19683608  0.21766691  0.21766691  0.48973719  0.48973719  0.49744400  0.51310589  0.50523298  0.42380692  0.43795251  0.41683553  0.44512936  0.45237741  0.45237741  0.45237741  0.44512936  0.43795251  0.48211083  0.41683553  
44_0_0     0.25561421  0.22830937  0.22830937  0.24456952  0.28978692  0.25007099  0.01987577  0.02798000  0.03206608  0.02798000  0.00000000  0.02798000  0.04446324  0.11898836  0.10981574  0.06990711  0.08296925  0.07858920  0.07858920  0.07858920  0.28978692  0.28978692  0.21766691  0.20198837  0.22296876  0.22296876  0.49744400  0.49744400  0.50523298  0.52106457  0.48211083  0.41683553  0.43084548  0.40993003  0.43795251  0.44512936  0.44512936  0.44512936  0.45237741  0.43084548  0.47456326  0.42380692  
58_0_0     0.27821750  0.26119981  0.26119981  0.26682845  0.31349034  0.26119981  0.04030744  0.04030744  0.05284646  0.04864283  0.02798000  0.00000000  0.01585713  0.13768651  0.13296692  0.09180891  0.10527225  0.09180891  0.09180891  0.10075685  0.29564107  0.29564107  0.21240326  0.19683608  0.21766691  0.21766691  0.47456326  0.47456326  0.48211083  0.49744400  0.47456326  0.43795251  0.43795251  0.41683553  0.44512936  0.45237741  0.45237741  0.45237741  0.44512936  0.43795251  0.46709287  0.41683553  
55_0_0     0.28978692  0.25007099  0.26119981  0.27250078  0.31953834  0.27821750  0.05707442  0.05284646  0.06990711  0.06560445  0.04446324  0.01585713  0.00000000  0.15687582  0.13768651  0.10981574  0.12361823  0.10075685  0.10075685  0.11438765  0.30154250  0.30154250  0.20198837  0.18663924  0.20717725  0.20717725  0.45969809  0.45969809  0.46709287  0.48973719  0.46709287  0.43084548  0.44512936  0.43084548  0.43795251  0.44512936  0.44512936  0.44512936  0.43795251  0.43084548  0.47456326  0.41683553  
61_1_0     0.23910916  0.20198837  0.22296876  0.23910916  0.30154250  0.21766691  0.12361823  0.12361823  0.15687582  0.14243679  0.11898836  0.13768651  0.15687582  0.00000000  0.04864283  0.05284646  0.04864283  0.07423526  0.07423526  0.05284646  0.26119981  0.28397931  0.22830937  0.21240326  0.23368931  0.21240326  0.43795251  0.43795251  0.44512936  0.43084548  0.43795251  0.38959672  0.38959672  0.36981404  0.38294280  0.38959672  0.38959672  0.38959672  0.40308919  0.37634893  0.46709287  0.37634893  
70_1_0     0.22830937  0.20198837  0.22296876  0.21766691  0.27821750  0.19683608  0.11438765  0.10527225  0.14721816  0.13296692  0.10981574  0.13296692  0.13768651  0.04864283  0.00000000  0.06132698  0.04864283  0.07858920  0.07858920  0.05284646  0.27250078  0.28397931  0.22296876  0.20717725  0.22830937  0.21766691  0.39631181  0.39631181  0.40308919  0.41683553  0.40993003  0.35055295  0.37634893  0.36981404  0.35691706  0.36333709  0.36333709  0.36333709  0.36333709  0.35055295  0.43795251  0.36333709  
92_1_0     0.18159370  0.18663924  0.17658277  0.19171987  0.25007099  0.20198837  0.07423526  0.08296925  0.10527225  0.09180891  0.06990711  0.09180891  0.10981574  0.05284646  0.06132698  0.00000000  0.01186046  0.04446324  0.04446324  0.01585713  0.25561421  0.26682845  0.17160597  0.15687582  0.17658277  0.16666285  0.40993003  0.40993003  0.41683553  0.43084548  0.40993003  0.36333709  0.36333709  0.34424380  0.36981404  0.37634893  0.37634893  0.37634893  0.36981404  0.36333709  0.45237741  0.35691706  
56_1_0     0.18663924  0.19171987  0.18159370  0.19683608  0.26682845  0.18663924  0.08737571  0.09626918  0.11898836  0.10527225  0.08296925  0.10527225  0.12361823  0.04864283  0.04864283  0.01186046  0.00000000  0.04864283  0.04864283  0.01186046  0.24456952  0.25561421  0.17160597  0.15687582  0.17658277  0.16666285  0.40308919  0.40308919  0.40993003  0.42380692  0.40308919  0.36981404  0.36981404  0.35055295  0.37634893  0.38294280  0.38294280  0.38294280  0.36981404  0.36981404  0.44512936  0.36333709  
58_1_0     0.19683608  0.19171987  0.19171987  0.19683608  0.23910916  0.20198837  0.07423526  0.08296925  0.10527225  0.10075685  0.07858920  0.09180891  0.10075685  0.07423526  0.07858920  0.04446324  0.04864283  0.00000000  0.00000000  0.04446324  0.24456952  0.23368931  0.18159370  0.16666285  0.18663924  0.17658277  0.40308919  0.40308919  0.40993003  0.42380692  0.41683553  0.39631181  0.39631181  0.37634893  0.38959672  0.39631181  0.39631181  0.39631181  0.39631181  0.38294280  0.38959672  0.35055295  
55_1_0     0.19683608  0.19171987  0.19171987  0.19683608  0.23910916  0.20198837  0.07423526  0.08296925  0.10527225  0.10075685  0.07858920  0.09180891  0.10075685  0.07423526  0.07858920  0.04446324  0.04864283  0.00000000  0.00000000  0.04446324  0.24456952  0.23368931  0.18159370  0.16666285  0.18663924  0.17658277  0.40308919  0.40308919  0.40993003  0.42380692  0.41683553  0.39631181  0.39631181  0.37634893  0.38959672  0.39631181  0.39631181  0.39631181  0.39631181  0.38294280  0.38959672  0.35055295  
44_1_0     0.19171987  0.19683608  0.18663924  0.19171987  0.26119981  0.19171987  0.08296925  0.08296925  0.11438765  0.10981574  0.07858920  0.10075685  0.11438765  0.05284646  0.05284646  0.01585713  0.01186046  0.04446324  0.04446324  0.00000000  0.26119981  0.26119981  0.18663924  0.17160597  0.19171987  0.18159370  0.40993003  0.40993003  0.41683553  0.44512936  0.42380692  0.36333709  0.36333709  0.35691706  0.36981404  0.37634893  0.37634893  0.37634893  0.36333709  0.36333709  0.42380692  0.35691706  
54_0_0     0.26682845  0.27250078  0.27250078  0.25561421  0.32563682  0.27821750  0.26682845  0.27250078  0.31349034  0.29564107  0.28978692  0.29564107  0.30154250  0.26119981  0.27250078  0.25561421  0.24456952  0.24456952  0.24456952  0.26119981  0.00000000  0.04446324  0.16175294  0.15687582  0.15687582  0.16666285  0.46709287  0.46709287  0.45969809  0.44512936  0.44512936  0.43084548  0.43084548  0.40993003  0.40993003  0.41683553  0.41683553  0.41683553  0.42380692  0.41683553  0.40308919  0.40993003  
76_0_0     0.29564107  0.30154250  0.30154250  0.27250078  0.31953834  0.27821750  0.26119981  0.27250078  0.31349034  0.30749199  0.28978692  0.29564107  0.30154250  0.28397931  0.28397931  0.26682845  0.25561421  0.23368931  0.23368931  0.26119981  0.04446324  0.00000000  0.16175294  0.15687582  0.15687582  0.15687582  0.47456326  0.47456326  0.46709287  0.46709287  0.44512936  0.40308919  0.40993003  0.38959672  0.39631181  0.38959672  0.38959672  0.38959672  0.39631181  0.38959672  0.37634893  0.38294280  
59_0_0     0.25007099  0.24456952  0.23368931  0.26119981  0.30749199  0.25007099  0.20198837  0.20198837  0.22830937  0.21240326  0.21766691  0.21240326  0.20198837  0.22830937  0.22296876  0.17160597  0.17160597  0.18159370  0.18159370  0.18663924  0.16175294  0.16175294  0.00000000  0.01186046  0.01186046  0.01987577  0.40993003  0.40993003  0.40308919  0.41683553  0.41683553  0.40993003  0.40308919  0.38294280  0.40993003  0.40308919  0.40308919  0.40308919  0.38959672  0.40308919  0.40308919  0.38959672  
90_0_0     0.23368931  0.22830937  0.21766691  0.24456952  0.28978692  0.24456952  0.18663924  0.18663924  0.21240326  0.19683608  0.20198837  0.19683608  0.18663924  0.21240326  0.20717725  0.15687582  0.15687582  0.16666285  0.16666285  0.17160597  0.15687582  0.15687582  0.01186046  0.00000000  0.01585713  0.02391665  0.39631181  0.39631181  0.38959672  0.40308919  0.40993003  0.40308919  0.40993003  0.38959672  0.40308919  0.39631181  0.39631181  0.39631181  0.38294280  0.39631181  0.39631181  0.38294280  
93_0_0     0.24456952  0.23910916  0.22830937  0.25561421  0.30154250  0.23368931  0.20717725  0.20717725  0.23368931  0.21766691  0.22296876  0.21766691  0.20717725  0.23368931  0.22830937  0.17658277  0.17658277  0.18663924  0.18663924  0.19171987  0.15687582  0.15687582  0.01186046  0.01585713  0.00000000  0.01585713  0.42380692  0.42380692  0.41683553  0.41683553  0.41683553  0.38959672  0.38294280  0.36333709  0.38959672  0.38294280  0.38294280  0.38294280  0.36981404  0.38294280  0.39631181  0.36981404  
84_0_0     0.24456952  0.22830937  0.22830937  0.25561421  0.31349034  0.24456952  0.20717725  0.20717725  0.23368931  0.21766691  0.22296876  0.21766691  0.20717725  0.21240326  0.21766691  0.16666285  0.16666285  0.17658277  0.17658277  0.18159370  0.16666285  0.15687582  0.01987577  0.02391665  0.01585713  0.00000000  0.40993003  0.40993003  0.40308919  0.41683553  0.43084548  0.40308919  0.39631181  0.37634893  0.40308919  0.39631181  0.39631181  0.39631181  0.38294280  0.39631181  0.42380692  0.36981404  
68_0_0     0.45237741  0.45969809  0.45969809  0.45969809  0.49744400  0.43795251  0.47456326  0.47456326  0.49744400  0.48973719  0.49744400  0.47456326  0.45969809  0.43795251  0.39631181  0.40993003  0.40308919  0.40308919  0.40308919  0.40993003  0.46709287  0.47456326  0.40993003  0.39631181  0.42380692  0.40993003  0.00000000  0.00000000  0.00393213  0.04446324  0.09180891  0.32563682  0.37634893  0.38294280  0.33178664  0.33798867  0.33798867  0.33798867  0.32563682  0.33178664  0.32563682  0.30154250  
88_0_0     0.45237741  0.45969809  0.45969809  0.45969809  0.49744400  0.43795251  0.47456326  0.47456326  0.49744400  0.48973719  0.49744400  0.47456326  0.45969809  0.43795251  0.39631181  0.40993003  0.40308919  0.40308919  0.40308919  0.40993003  0.46709287  0.47456326  0.40993003  0.39631181  0.42380692  0.40993003  0.00000000  0.00000000  0.00393213  0.04446324  0.09180891  0.32563682  0.37634893  0.38294280  0.33178664  0.33798867  0.33798867  0.33798867  0.32563682  0.33178664  0.32563682  0.30154250  
37_0_0     0.45237741  0.45969809  0.45969809  0.45969809  0.50523298  0.44512936  0.48211083  0.48211083  0.50523298  0.49744400  0.50523298  0.48211083  0.46709287  0.44512936  0.40308919  0.41683553  0.40993003  0.40993003  0.40993003  0.41683553  0.45969809  0.46709287  0.40308919  0.38959672  0.41683553  0.40308919  0.00393213  0.00393213  0.00000000  0.04030744  0.08737571  0.33178664  0.38294280  0.38959672  0.33798867  0.34424380  0.34424380  0.34424380  0.33178664  0.33798867  0.33178664  0.30749199  
51_0_0     0.45237741  0.44512936  0.44512936  0.48973719  0.51310589  0.45969809  0.49744400  0.51310589  0.52106457  0.51310589  0.52106457  0.49744400  0.48973719  0.43084548  0.41683553  0.43084548  0.42380692  0.42380692  0.42380692  0.44512936  0.44512936  0.46709287  0.41683553  0.40308919  0.41683553  0.41683553  0.04446324  0.04446324  0.04030744  0.00000000  0.06990711  0.34424380  0.39631181  0.38959672  0.35055295  0.35691706  0.35691706  0.35691706  0.34424380  0.35055295  0.34424380  0.31953834  
80_0_0     0.48973719  0.48211083  0.46709287  0.51310589  0.50523298  0.47456326  0.47456326  0.50523298  0.51310589  0.50523298  0.48211083  0.47456326  0.46709287  0.43795251  0.40993003  0.40993003  0.40308919  0.41683553  0.41683553  0.42380692  0.44512936  0.44512936  0.41683553  0.40993003  0.41683553  0.43084548  0.09180891  0.09180891  0.08737571  0.06990711  0.00000000  0.33798867  0.36981404  0.36333709  0.34424380  0.35055295  0.35055295  0.35055295  0.33798867  0.34424380  0.35691706  0.33798867  
42_0_0     0.40308919  0.40993003  0.40308919  0.38959672  0.42380692  0.35691706  0.40993003  0.42380692  0.43084548  0.42380692  0.41683553  0.43795251  0.43084548  0.38959672  0.35055295  0.36333709  0.36981404  0.39631181  0.39631181  0.36333709  0.43084548  0.40308919  0.40993003  0.40308919  0.38959672  0.40308919  0.32563682  0.32563682  0.33178664  0.34424380  0.33798867  0.00000000  0.06560445  0.06560445  0.03617514  0.03206608  0.03206608  0.03206608  0.04446324  0.02391665  0.20198837  0.11898836  
63_0_0     0.41683553  0.42380692  0.41683553  0.40308919  0.44512936  0.35055295  0.42380692  0.43795251  0.44512936  0.43795251  0.43084548  0.43795251  0.44512936  0.38959672  0.37634893  0.36333709  0.36981404  0.39631181  0.39631181  0.36333709  0.43084548  0.40993003  0.40308919  0.40993003  0.38294280  0.39631181  0.37634893  0.37634893  0.38294280  0.39631181  0.36981404  0.06560445  0.00000000  0.01585713  0.04446324  0.04030744  0.04030744  0.04030744  0.06132698  0.04030744  0.19171987  0.16175294  
64_0_0     0.41683553  0.42380692  0.41683553  0.41683553  0.46709287  0.35691706  0.40308919  0.43084548  0.42380692  0.41683553  0.40993003  0.41683553  0.43084548  0.36981404  0.36981404  0.34424380  0.35055295  0.37634893  0.37634893  0.35691706  0.40993003  0.38959672  0.38294280  0.38959672  0.36333709  0.37634893  0.38294280  0.38294280  0.38959672  0.38959672  0.36333709  0.06560445  0.01585713  0.00000000  0.05284646  0.04864283  0.04864283  0.04864283  0.06990711  0.04030744  0.20198837  0.15687582  
75_0_0     0.38959672  0.42380692  0.40308919  0.38959672  0.42380692  0.34424380  0.43084548  0.41683553  0.45237741  0.44512936  0.43795251  0.44512936  0.43795251  0.38294280  0.35691706  0.36981404  0.37634893  0.38959672  0.38959672  0.36981404  0.40993003  0.39631181  0.40993003  0.40308919  0.38959672  0.40308919  0.33178664  0.33178664  0.33798867  0.35055295  0.34424380  0.03617514  0.04446324  0.05284646  0.00000000  0.00393213  0.00393213  0.00393213  0.02391665  0.01186046  0.19683608  0.13768651  
73_0_0     0.39631181  0.41683553  0.39631181  0.38294280  0.43084548  0.35055295  0.43795251  0.42380692  0.45969809  0.45237741  0.44512936  0.45237741  0.44512936  0.38959672  0.36333709  0.37634893  0.38294280  0.39631181  0.39631181  0.37634893  0.41683553  0.38959672  0.40308919  0.39631181  0.38294280  0.39631181  0.33798867  0.33798867  0.34424380  0.35691706  0.35055295  0.03206608  0.04030744  0.04864283  0.00393213  0.00000000  0.00000000  0.00000000  0.01987577  0.00788554  0.19171987  0.13296692  
98_0_0     0.39631181  0.41683553  0.39631181  0.38294280  0.43084548  0.35055295  0.43795251  0.42380692  0.45969809  0.45237741  0.44512936  0.45237741  0.44512936  0.38959672  0.36333709  0.37634893  0.38294280  0.39631181  0.39631181  0.37634893  0.41683553  0.38959672  0.40308919  0.39631181  0.38294280  0.39631181  0.33798867  0.33798867  0.34424380  0.35691706  0.35055295  0.03206608  0.04030744  0.04864283  0.00393213  0.00000000  0.00000000  0.00000000  0.01987577  0.00788554  0.19171987  0.13296692  
81_0_0     0.39631181  0.41683553  0.39631181  0.38294280  0.43084548  0.35055295  0.43795251  0.42380692  0.45969809  0.45237741  0.44512936  0.45237741  0.44512936  0.38959672  0.36333709  0.37634893  0.38294280  0.39631181  0.39631181  0.37634893  0.41683553  0.38959672  0.40308919  0.39631181  0.38294280  0.39631181  0.33798867  0.33798867  0.34424380  0.35691706  0.35055295  0.03206608  0.04030744  0.04864283  0.00393213  0.00000000  0.00000000  0.00000000  0.01987577  0.00788554  0.19171987  0.13296692  
72_0_0     0.38294280  0.43084548  0.39631181  0.38294280  0.42380692  0.35055295  0.43084548  0.41683553  0.45237741  0.44512936  0.45237741  0.44512936  0.43795251  0.40308919  0.36333709  0.36981404  0.36981404  0.39631181  0.39631181  0.36333709  0.42380692  0.39631181  0.38959672  0.38294280  0.36981404  0.38294280  0.32563682  0.32563682  0.33178664  0.34424380  0.33798867  0.04446324  0.06132698  0.06990711  0.02391665  0.01987577  0.01987577  0.01987577  0.00000000  0.02798000  0.20198837  0.13296692  
87_0_0     0.39631181  0.41683553  0.39631181  0.38294280  0.43084548  0.35055295  0.42380692  0.42380692  0.44512936  0.43795251  0.43084548  0.43795251  0.43084548  0.37634893  0.35055295  0.36333709  0.36981404  0.38294280  0.38294280  0.36333709  0.41683553  0.38959672  0.40308919  0.39631181  0.38294280  0.39631181  0.33178664  0.33178664  0.33798867  0.35055295  0.34424380  0.02391665  0.04030744  0.04030744  0.01186046  0.00788554  0.00788554  0.00788554  0.02798000  0.00000000  0.18159370  0.12361823  
85_0_0     0.39631181  0.41683553  0.42380692  0.39631181  0.40308919  0.38959672  0.45237741  0.46709287  0.47456326  0.48211083  0.47456326  0.46709287  0.47456326  0.46709287  0.43795251  0.45237741  0.44512936  0.38959672  0.38959672  0.42380692  0.40308919  0.37634893  0.40308919  0.39631181  0.39631181  0.42380692  0.32563682  0.32563682  0.33178664  0.34424380  0.35691706  0.20198837  0.19171987  0.20198837  0.19683608  0.19171987  0.19171987  0.19171987  0.20198837  0.18159370  0.00000000  0.22830937  
66_0_0     0.40308919  0.39631181  0.41683553  0.40308919  0.40993003  0.34424380  0.41683553  0.41683553  0.42380692  0.41683553  0.42380692  0.41683553  0.41683553  0.37634893  0.36333709  0.35691706  0.36333709  0.35055295  0.35055295  0.35691706  0.40993003  0.38294280  0.38959672  0.38294280  0.36981404  0.36981404  0.30154250  0.30154250  0.30749199  0.31953834  0.33798867  0.11898836  0.16175294  0.15687582  0.13768651  0.13296692  0.13296692  0.13296692  0.13296692  0.12361823  0.22830937  0.00000000  

