46
97_1_0     0.00000000  0.04414059  0.47739557  0.74689060  0.73401266  0.74689060  0.81485110  0.85882069  0.58418537  0.55350879  0.57381872  0.57381872  0.54355795  0.58418537  0.55350879  0.54355795  0.58418537  0.61618093  0.55350879  0.57381872  0.55350879  0.60536219  0.59469847  0.50503395  0.47739557  0.48649480  0.50503395  0.48649480  0.52404672  0.51447962  0.50503395  0.49570665  0.51447962  0.49570665  0.51447962  0.66110063  0.66110063  0.74689060  0.66110063  0.64961399  0.63830194  0.56359448  0.59469847  0.64961399  0.60536219  0.62715925  
53_1_0     0.04414059  0.00000000  0.43349689  0.78691792  0.77333488  0.78691792  0.81485110  0.87407406  0.56359448  0.55350879  0.57381872  0.57381872  0.53373840  0.58418537  0.57381872  0.51447962  0.56359448  0.57381872  0.50503395  0.63830194  0.55350879  0.62715925  0.62715925  0.52404672  0.47739557  0.52404672  0.55350879  0.54355795  0.57381872  0.56359448  0.55350879  0.50503395  0.52404672  0.48649480  0.50503395  0.68461983  0.70890658  0.74689060  0.68461983  0.66110063  0.67276733  0.56359448  0.59469847  0.64961399  0.60536219  0.64961399  
57_3_0     0.47739557  0.43349689  0.00000000  0.68461983  0.69666414  0.70890658  0.66110063  0.72135376  0.38402332  0.40015185  0.39204390  0.40834910  0.39204390  0.40834910  0.50503395  0.49570665  0.46840625  0.47739557  0.37608826  0.56359448  0.54355795  0.51447962  0.56359448  0.52404672  0.44207193  0.50503395  0.50503395  0.54355795  0.54355795  0.57381872  0.58418537  0.37608826  0.36046752  0.34516790  0.34516790  0.64961399  0.66110063  0.64961399  0.64961399  0.53373840  0.60536219  0.44207193  0.44207193  0.37608826  0.42501953  0.46840625  
59_6_0     0.74689060  0.78691792  0.68461983  0.00000000  0.00477720  0.01929560  0.12972377  0.13541409  0.82922093  0.81485110  0.81485110  0.85882069  0.80075347  0.77333488  0.75999530  0.84387367  0.77333488  0.80075347  0.73401266  0.70890658  0.75999530  0.74689060  0.84387367  0.69666414  0.73401266  0.59469847  0.80075347  0.78691792  0.70890658  0.73401266  0.74689060  0.70890658  0.70890658  0.72135376  0.72135376  0.88964659  0.88964659  0.90555193  0.90555193  0.88964659  0.85882069  0.68461983  0.67276733  0.85882069  0.87407406  0.81485110  
59_3_0     0.73401266  0.77333488  0.69666414  0.00477720  0.00000000  0.01442460  0.12407662  0.12972377  0.84387367  0.82922093  0.82922093  0.87407406  0.81485110  0.78691792  0.77333488  0.82922093  0.75999530  0.81485110  0.74689060  0.69666414  0.74689060  0.73401266  0.84387367  0.69666414  0.73401266  0.59469847  0.80075347  0.78691792  0.70890658  0.73401266  0.74689060  0.70890658  0.70890658  0.70890658  0.70890658  0.87407406  0.87407406  0.92180462  0.88964659  0.87407406  0.84387367  0.67276733  0.66110063  0.85882069  0.88964659  0.81485110  
59_5_0     0.74689060  0.78691792  0.70890658  0.01929560  0.01442460  0.00000000  0.12972377  0.13541409  0.85882069  0.84387367  0.84387367  0.88964659  0.82922093  0.80075347  0.77333488  0.84387367  0.77333488  0.81485110  0.75999530  0.70890658  0.75999530  0.74689060  0.82922093  0.69666414  0.74689060  0.60536219  0.80075347  0.78691792  0.70890658  0.74689060  0.75999530  0.72135376  0.72135376  0.72135376  0.72135376  0.88964659  0.88964659  0.93842015  0.90555193  0.88964659  0.85882069  0.68461983  0.67276733  0.85882069  0.88964659  0.81485110  
78_3_0     0.81485110  0.81485110  0.66110063  0.12972377  0.12407662  0.12972377  0.00000000  0.05431556  0.74689060  0.81485110  0.78691792  0.82922093  0.80075347  0.84387367  0.73401266  0.85882069  0.72135376  0.75999530  0.64961399  0.74689060  0.78691792  0.75999530  0.81485110  0.73401266  0.82922093  0.69666414  0.84387367  0.85882069  0.80075347  0.85882069  0.84387367  0.62715925  0.62715925  0.68461983  0.68461983  0.85882069  0.85882069  0.87407406  0.84387367  0.81485110  0.84387367  0.74689060  0.78691792  0.81485110  0.90555193  0.78691792  
41_3_0     0.85882069  0.87407406  0.72135376  0.13541409  0.12972377  0.13541409  0.05431556  0.00000000  0.74689060  0.75999530  0.75999530  0.80075347  0.74689060  0.77333488  0.78691792  0.82922093  0.69666414  0.81485110  0.61618093  0.74689060  0.78691792  0.78691792  0.82922093  0.72135376  0.84387367  0.70890658  0.82922093  0.87407406  0.73401266  0.78691792  0.77333488  0.70890658  0.66110063  0.70890658  0.70890658  0.85882069  0.85882069  0.87407406  0.84387367  0.84387367  0.84387367  0.73401266  0.74689060  0.84387367  0.90555193  0.80075347  
64_1_0     0.58418537  0.56359448  0.38402332  0.82922093  0.84387367  0.85882069  0.74689060  0.74689060  0.00000000  0.11290928  0.14114825  0.11847201  0.06463156  0.07509256  0.55350879  0.59469847  0.56359448  0.58418537  0.42501953  0.59469847  0.59469847  0.58418537  0.62715925  0.54355795  0.62715925  0.52404672  0.54355795  0.56359448  0.57381872  0.61618093  0.60536219  0.53373840  0.53373840  0.43349689  0.45074691  0.75999530  0.77333488  0.74689060  0.73401266  0.72135376  0.81485110  0.52404672  0.52404672  0.61618093  0.52404672  0.62715925  
66_1_0     0.55350879  0.55350879  0.40015185  0.81485110  0.82922093  0.84387367  0.81485110  0.75999530  0.11290928  0.00000000  0.05945568  0.03410285  0.08570270  0.10190701  0.57381872  0.58418537  0.60536219  0.63830194  0.44207193  0.59469847  0.58418537  0.56359448  0.69666414  0.52404672  0.57381872  0.52404672  0.56359448  0.56359448  0.56359448  0.62715925  0.58418537  0.56359448  0.52404672  0.50503395  0.52404672  0.78691792  0.80075347  0.77333488  0.75999530  0.73401266  0.80075347  0.47739557  0.47739557  0.58418537  0.47739557  0.60536219  
93_1_0     0.57381872  0.57381872  0.39204390  0.81485110  0.82922093  0.84387367  0.78691792  0.75999530  0.14114825  0.05945568  0.00000000  0.08570270  0.10190701  0.11847201  0.57381872  0.55350879  0.58418537  0.62715925  0.43349689  0.59469847  0.54355795  0.56359448  0.70890658  0.49570665  0.58418537  0.51447962  0.60536219  0.58418537  0.58418537  0.67276733  0.62715925  0.56359448  0.52404672  0.55350879  0.57381872  0.81485110  0.82922093  0.82922093  0.78691792  0.78691792  0.85882069  0.47739557  0.49570665  0.57381872  0.48649480  0.57381872  
44_1_0     0.57381872  0.57381872  0.40834910  0.85882069  0.87407406  0.88964659  0.82922093  0.80075347  0.11847201  0.03410285  0.08570270  0.00000000  0.09106503  0.11290928  0.55350879  0.55350879  0.62715925  0.66110063  0.45952421  0.56359448  0.56359448  0.55350879  0.66110063  0.51447962  0.58418537  0.53373840  0.54355795  0.54355795  0.56359448  0.62715925  0.60536219  0.55350879  0.53373840  0.47739557  0.49570665  0.77333488  0.78691792  0.75999530  0.74689060  0.72135376  0.81485110  0.47739557  0.51447962  0.61618093  0.48649480  0.61618093  
70_1_0     0.54355795  0.53373840  0.39204390  0.80075347  0.81485110  0.82922093  0.80075347  0.74689060  0.06463156  0.08570270  0.10190701  0.09106503  0.00000000  0.03910480  0.57381872  0.58418537  0.55350879  0.58418537  0.43349689  0.55350879  0.54355795  0.56359448  0.62715925  0.50503395  0.58418537  0.50503395  0.54355795  0.52404672  0.53373840  0.56359448  0.56359448  0.53373840  0.53373840  0.45074691  0.46840625  0.74689060  0.75999530  0.73401266  0.72135376  0.73401266  0.82922093  0.53373840  0.51447962  0.58418537  0.49570665  0.57381872  
70_9_0     0.58418537  0.58418537  0.40834910  0.77333488  0.78691792  0.80075347  0.84387367  0.77333488  0.07509256  0.10190701  0.11847201  0.11290928  0.03910480  0.00000000  0.56359448  0.56359448  0.53373840  0.58418537  0.45074691  0.53373840  0.54355795  0.56359448  0.62715925  0.47739557  0.58418537  0.49570665  0.53373840  0.53373840  0.52404672  0.55350879  0.55350879  0.56359448  0.54355795  0.45074691  0.46840625  0.75999530  0.74689060  0.74689060  0.75999530  0.75999530  0.78691792  0.52404672  0.48649480  0.60536219  0.50503395  0.60536219  
54_1_0     0.55350879  0.57381872  0.50503395  0.75999530  0.77333488  0.77333488  0.73401266  0.78691792  0.55350879  0.57381872  0.57381872  0.55350879  0.57381872  0.56359448  0.00000000  0.40015185  0.55350879  0.64961399  0.47739557  0.53373840  0.50503395  0.53373840  0.48649480  0.45074691  0.49570665  0.50503395  0.57381872  0.60536219  0.54355795  0.60536219  0.63830194  0.56359448  0.60536219  0.53373840  0.55350879  0.82922093  0.84387367  0.80075347  0.82922093  0.78691792  0.80075347  0.50503395  0.50503395  0.61618093  0.54355795  0.63830194  
54_8_0     0.54355795  0.51447962  0.49570665  0.84387367  0.82922093  0.84387367  0.85882069  0.82922093  0.59469847  0.58418537  0.55350879  0.55350879  0.58418537  0.56359448  0.40015185  0.00000000  0.60536219  0.67276733  0.55350879  0.57381872  0.50503395  0.53373840  0.56359448  0.54355795  0.48649480  0.52404672  0.56359448  0.56359448  0.56359448  0.66110063  0.62715925  0.55350879  0.56359448  0.53373840  0.53373840  0.75999530  0.73401266  0.80075347  0.77333488  0.77333488  0.78691792  0.49570665  0.49570665  0.61618093  0.60536219  0.66110063  
76_1_0     0.58418537  0.56359448  0.46840625  0.77333488  0.75999530  0.77333488  0.72135376  0.69666414  0.56359448  0.60536219  0.58418537  0.62715925  0.55350879  0.53373840  0.55350879  0.60536219  0.00000000  0.16453717  0.36046752  0.54355795  0.56359448  0.54355795  0.58418537  0.53373840  0.56359448  0.49570665  0.59469847  0.59469847  0.57381872  0.62715925  0.63830194  0.53373840  0.54355795  0.58418537  0.58418537  0.84387367  0.82922093  0.88964659  0.81485110  0.85882069  0.87407406  0.46840625  0.47739557  0.58418537  0.51447962  0.64961399  
39_1_0     0.61618093  0.57381872  0.47739557  0.80075347  0.81485110  0.81485110  0.75999530  0.81485110  0.58418537  0.63830194  0.62715925  0.66110063  0.58418537  0.58418537  0.64961399  0.67276733  0.16453717  0.00000000  0.48649480  0.62715925  0.67276733  0.59469847  0.66110063  0.63830194  0.60536219  0.60536219  0.62715925  0.61618093  0.61618093  0.63830194  0.67276733  0.61618093  0.59469847  0.62715925  0.61618093  0.90555193  0.87407406  0.90555193  0.85882069  0.81485110  0.82922093  0.60536219  0.61618093  0.62715925  0.50503395  0.58418537  
87_1_0     0.55350879  0.50503395  0.37608826  0.73401266  0.74689060  0.75999530  0.64961399  0.61618093  0.42501953  0.44207193  0.43349689  0.45952421  0.43349689  0.45074691  0.47739557  0.55350879  0.36046752  0.48649480  0.00000000  0.60536219  0.54355795  0.53373840  0.63830194  0.49570665  0.45952421  0.57381872  0.53373840  0.56359448  0.54355795  0.52404672  0.56359448  0.52404672  0.47739557  0.47739557  0.48649480  0.67276733  0.68461983  0.66110063  0.64961399  0.72135376  0.77333488  0.48649480  0.47739557  0.52404672  0.46840625  0.57381872  
80_11_0    0.57381872  0.63830194  0.56359448  0.70890658  0.69666414  0.70890658  0.74689060  0.74689060  0.59469847  0.59469847  0.59469847  0.56359448  0.55350879  0.53373840  0.53373840  0.57381872  0.54355795  0.62715925  0.60536219  0.00000000  0.08570270  0.06463156  0.28693306  0.19484642  0.30107019  0.22001512  0.25943977  0.26621847  0.25943977  0.33763444  0.27996394  0.42501953  0.44207193  0.36823691  0.35277840  0.73401266  0.70890658  0.74689060  0.72135376  0.66110063  0.66110063  0.48649480  0.45952421  0.60536219  0.53373840  0.53373840  
80_22_0    0.55350879  0.55350879  0.54355795  0.75999530  0.74689060  0.75999530  0.78691792  0.78691792  0.59469847  0.58418537  0.54355795  0.56359448  0.54355795  0.54355795  0.50503395  0.50503395  0.56359448  0.67276733  0.54355795  0.08570270  0.00000000  0.10190701  0.28693306  0.20105925  0.29396806  0.20732438  0.27996394  0.27305947  0.25272226  0.33017647  0.27305947  0.43349689  0.42501953  0.39204390  0.38402332  0.75999530  0.75999530  0.80075347  0.74689060  0.70890658  0.73401266  0.47739557  0.45074691  0.53373840  0.50503395  0.48649480  
52_11_0    0.60536219  0.62715925  0.51447962  0.74689060  0.73401266  0.74689060  0.75999530  0.78691792  0.58418537  0.56359448  0.56359448  0.55350879  0.56359448  0.56359448  0.53373840  0.53373840  0.54355795  0.59469847  0.53373840  0.06463156  0.10190701  0.00000000  0.28693306  0.20732438  0.30107019  0.22001512  0.25272226  0.25943977  0.26621847  0.36046752  0.28693306  0.44207193  0.43349689  0.39204390  0.38402332  0.72135376  0.72135376  0.73401266  0.70890658  0.68461983  0.70890658  0.46840625  0.44207193  0.57381872  0.50503395  0.50503395  
61_11_0    0.59469847  0.62715925  0.56359448  0.84387367  0.84387367  0.82922093  0.81485110  0.82922093  0.62715925  0.69666414  0.70890658  0.66110063  0.62715925  0.62715925  0.48649480  0.56359448  0.58418537  0.66110063  0.63830194  0.28693306  0.28693306  0.28693306  0.00000000  0.22001512  0.31548106  0.25272226  0.37608826  0.37608826  0.34516790  0.40015185  0.36046752  0.37608826  0.38402332  0.40834910  0.41663764  0.66110063  0.64961399  0.67276733  0.64961399  0.64961399  0.68461983  0.48649480  0.47739557  0.56359448  0.53373840  0.51447962  
92_21_0    0.50503395  0.52404672  0.52404672  0.69666414  0.69666414  0.69666414  0.73401266  0.72135376  0.54355795  0.52404672  0.49570665  0.51447962  0.50503395  0.47739557  0.45074691  0.54355795  0.53373840  0.63830194  0.49570665  0.19484642  0.20105925  0.20732438  0.22001512  0.00000000  0.14692694  0.12407662  0.23292601  0.25943977  0.23292601  0.27996394  0.20732438  0.35277840  0.32279249  0.33017647  0.34516790  0.70890658  0.70890658  0.72135376  0.70890658  0.61618093  0.62715925  0.46840625  0.47739557  0.53373840  0.45952421  0.46840625  
92_11_0    0.47739557  0.47739557  0.44207193  0.73401266  0.73401266  0.74689060  0.82922093  0.84387367  0.62715925  0.57381872  0.58418537  0.58418537  0.58418537  0.58418537  0.49570665  0.48649480  0.56359448  0.60536219  0.45952421  0.30107019  0.29396806  0.30107019  0.31548106  0.14692694  0.00000000  0.21364270  0.32279249  0.35277840  0.34516790  0.36046752  0.30824074  0.38402332  0.35277840  0.39204390  0.40834910  0.68461983  0.68461983  0.72135376  0.70890658  0.61618093  0.63830194  0.45074691  0.47739557  0.53373840  0.49570665  0.54355795  
92_20_0    0.48649480  0.52404672  0.50503395  0.59469847  0.59469847  0.60536219  0.69666414  0.70890658  0.52404672  0.52404672  0.51447962  0.53373840  0.50503395  0.49570665  0.50503395  0.52404672  0.49570665  0.60536219  0.57381872  0.22001512  0.20732438  0.22001512  0.25272226  0.12407662  0.21364270  0.00000000  0.24606483  0.25943977  0.20105925  0.25943977  0.20732438  0.38402332  0.37608826  0.36823691  0.36823691  0.74689060  0.74689060  0.80075347  0.74689060  0.73401266  0.72135376  0.47739557  0.47739557  0.51447962  0.51447962  0.45074691  
86_11_0    0.50503395  0.55350879  0.50503395  0.80075347  0.80075347  0.80075347  0.84387367  0.82922093  0.54355795  0.56359448  0.60536219  0.54355795  0.54355795  0.53373840  0.57381872  0.56359448  0.59469847  0.62715925  0.53373840  0.25943977  0.27996394  0.25272226  0.37608826  0.23292601  0.32279249  0.24606483  0.00000000  0.03910480  0.07509256  0.14114825  0.11290928  0.34516790  0.34516790  0.33017647  0.33763444  0.74689060  0.74689060  0.75999530  0.74689060  0.68461983  0.69666414  0.52404672  0.51447962  0.58418537  0.50503395  0.49570665  
100_11_0   0.48649480  0.54355795  0.54355795  0.78691792  0.78691792  0.78691792  0.85882069  0.87407406  0.56359448  0.56359448  0.58418537  0.54355795  0.52404672  0.53373840  0.60536219  0.56359448  0.59469847  0.61618093  0.56359448  0.26621847  0.27305947  0.25943977  0.37608826  0.25943977  0.35277840  0.25943977  0.03910480  0.00000000  0.08570270  0.14114825  0.12407662  0.36823691  0.36823691  0.36823691  0.37608826  0.72135376  0.70890658  0.72135376  0.70890658  0.69666414  0.70890658  0.52404672  0.49570665  0.57381872  0.51447962  0.52404672  
99_11_0    0.52404672  0.57381872  0.54355795  0.70890658  0.70890658  0.70890658  0.80075347  0.73401266  0.57381872  0.56359448  0.58418537  0.56359448  0.53373840  0.52404672  0.54355795  0.56359448  0.57381872  0.61618093  0.54355795  0.25943977  0.25272226  0.26621847  0.34516790  0.23292601  0.34516790  0.20105925  0.07509256  0.08570270  0.00000000  0.10190701  0.08570270  0.38402332  0.36823691  0.35277840  0.34516790  0.78691792  0.77333488  0.80075347  0.77333488  0.70890658  0.69666414  0.53373840  0.46840625  0.56359448  0.54355795  0.45952421  
94_17_0    0.51447962  0.56359448  0.57381872  0.73401266  0.73401266  0.74689060  0.85882069  0.78691792  0.61618093  0.62715925  0.67276733  0.62715925  0.56359448  0.55350879  0.60536219  0.66110063  0.62715925  0.63830194  0.52404672  0.33763444  0.33017647  0.36046752  0.40015185  0.27996394  0.36046752  0.25943977  0.14114825  0.14114825  0.10190701  0.00000000  0.07509256  0.41663764  0.38402332  0.39204390  0.38402332  0.80075347  0.78691792  0.80075347  0.78691792  0.73401266  0.74689060  0.60536219  0.53373840  0.60536219  0.59469847  0.52404672  
94_11_0    0.50503395  0.55350879  0.58418537  0.74689060  0.74689060  0.75999530  0.84387367  0.77333488  0.60536219  0.58418537  0.62715925  0.60536219  0.56359448  0.55350879  0.63830194  0.62715925  0.63830194  0.67276733  0.56359448  0.27996394  0.27305947  0.28693306  0.36046752  0.20732438  0.30824074  0.20732438  0.11290928  0.12407662  0.08570270  0.07509256  0.00000000  0.37608826  0.36046752  0.34516790  0.36046752  0.80075347  0.78691792  0.80075347  0.78691792  0.73401266  0.74689060  0.60536219  0.53373840  0.62715925  0.57381872  0.48649480  
94_14_0    0.49570665  0.50503395  0.37608826  0.70890658  0.70890658  0.72135376  0.62715925  0.70890658  0.53373840  0.56359448  0.56359448  0.55350879  0.53373840  0.56359448  0.56359448  0.55350879  0.53373840  0.61618093  0.52404672  0.42501953  0.43349689  0.44207193  0.37608826  0.35277840  0.38402332  0.38402332  0.34516790  0.36823691  0.38402332  0.41663764  0.37608826  0.00000000  0.10190701  0.18257421  0.19484642  0.57381872  0.56359448  0.57381872  0.56359448  0.45074691  0.49570665  0.49570665  0.48649480  0.46840625  0.54355795  0.49570665  
99_14_0    0.51447962  0.52404672  0.36046752  0.70890658  0.70890658  0.72135376  0.62715925  0.66110063  0.53373840  0.52404672  0.52404672  0.53373840  0.53373840  0.54355795  0.60536219  0.56359448  0.54355795  0.59469847  0.47739557  0.44207193  0.42501953  0.43349689  0.38402332  0.32279249  0.35277840  0.37608826  0.34516790  0.36823691  0.36823691  0.38402332  0.36046752  0.10190701  0.00000000  0.21364270  0.20732438  0.53373840  0.52404672  0.53373840  0.52404672  0.43349689  0.45952421  0.45952421  0.45074691  0.45952421  0.51447962  0.45074691  
89_14_0    0.49570665  0.48649480  0.34516790  0.72135376  0.70890658  0.72135376  0.68461983  0.70890658  0.43349689  0.50503395  0.55350879  0.47739557  0.45074691  0.45074691  0.53373840  0.53373840  0.58418537  0.62715925  0.47739557  0.36823691  0.39204390  0.39204390  0.40834910  0.33017647  0.39204390  0.36823691  0.33017647  0.36823691  0.35277840  0.39204390  0.34516790  0.18257421  0.21364270  0.00000000  0.02419869  0.49570665  0.48649480  0.48649480  0.48649480  0.39204390  0.42501953  0.46840625  0.43349689  0.53373840  0.52404672  0.54355795  
74_14_0    0.51447962  0.50503395  0.34516790  0.72135376  0.70890658  0.72135376  0.68461983  0.70890658  0.45074691  0.52404672  0.57381872  0.49570665  0.46840625  0.46840625  0.55350879  0.53373840  0.58418537  0.61618093  0.48649480  0.35277840  0.38402332  0.38402332  0.41663764  0.34516790  0.40834910  0.36823691  0.33763444  0.37608826  0.34516790  0.38402332  0.36046752  0.19484642  0.20732438  0.02419869  0.00000000  0.49570665  0.48649480  0.48649480  0.48649480  0.38402332  0.41663764  0.48649480  0.45074691  0.52404672  0.53373840  0.54355795  
98_18_0    0.66110063  0.68461983  0.64961399  0.88964659  0.87407406  0.88964659  0.85882069  0.85882069  0.75999530  0.78691792  0.81485110  0.77333488  0.74689060  0.75999530  0.82922093  0.75999530  0.84387367  0.90555193  0.67276733  0.73401266  0.75999530  0.72135376  0.66110063  0.70890658  0.68461983  0.74689060  0.74689060  0.72135376  0.78691792  0.80075347  0.80075347  0.57381872  0.53373840  0.49570665  0.49570665  0.00000000  0.00958527  0.03410285  0.01929560  0.14114825  0.13541409  0.73401266  0.70890658  0.77333488  0.88964659  0.73401266  
77_18_0    0.66110063  0.70890658  0.66110063  0.88964659  0.87407406  0.88964659  0.85882069  0.85882069  0.77333488  0.80075347  0.82922093  0.78691792  0.75999530  0.74689060  0.84387367  0.73401266  0.82922093  0.87407406  0.68461983  0.70890658  0.75999530  0.72135376  0.64961399  0.70890658  0.68461983  0.74689060  0.74689060  0.70890658  0.77333488  0.78691792  0.78691792  0.56359448  0.52404672  0.48649480  0.48649480  0.00958527  0.00000000  0.03410285  0.01929560  0.14114825  0.12407662  0.73401266  0.69666414  0.80075347  0.88964659  0.75999530  
75_18_0    0.74689060  0.74689060  0.64961399  0.90555193  0.92180462  0.93842015  0.87407406  0.87407406  0.74689060  0.77333488  0.82922093  0.75999530  0.73401266  0.74689060  0.80075347  0.80075347  0.88964659  0.90555193  0.66110063  0.74689060  0.80075347  0.73401266  0.67276733  0.72135376  0.72135376  0.80075347  0.75999530  0.72135376  0.80075347  0.80075347  0.80075347  0.57381872  0.53373840  0.48649480  0.48649480  0.03410285  0.03410285  0.00000000  0.04414059  0.15275084  0.15275084  0.78691792  0.72135376  0.78691792  0.90555193  0.77333488  
82_18_0    0.66110063  0.68461983  0.64961399  0.90555193  0.88964659  0.90555193  0.84387367  0.84387367  0.73401266  0.75999530  0.78691792  0.74689060  0.72135376  0.75999530  0.82922093  0.77333488  0.81485110  0.85882069  0.64961399  0.72135376  0.74689060  0.70890658  0.64961399  0.70890658  0.70890658  0.74689060  0.74689060  0.70890658  0.77333488  0.78691792  0.78691792  0.56359448  0.52404672  0.48649480  0.48649480  0.01929560  0.01929560  0.04414059  0.00000000  0.14114825  0.14692694  0.73401266  0.72135376  0.80075347  0.88964659  0.73401266  
71_18_0    0.64961399  0.66110063  0.53373840  0.88964659  0.87407406  0.88964659  0.81485110  0.84387367  0.72135376  0.73401266  0.78691792  0.72135376  0.73401266  0.75999530  0.78691792  0.77333488  0.85882069  0.81485110  0.72135376  0.66110063  0.70890658  0.68461983  0.64961399  0.61618093  0.61618093  0.73401266  0.68461983  0.69666414  0.70890658  0.73401266  0.73401266  0.45074691  0.43349689  0.39204390  0.38402332  0.14114825  0.14114825  0.15275084  0.14114825  0.00000000  0.03410285  0.75999530  0.74689060  0.77333488  0.85882069  0.78691792  
71_19_0    0.63830194  0.67276733  0.60536219  0.85882069  0.84387367  0.85882069  0.84387367  0.84387367  0.81485110  0.80075347  0.85882069  0.81485110  0.82922093  0.78691792  0.80075347  0.78691792  0.87407406  0.82922093  0.77333488  0.66110063  0.73401266  0.70890658  0.68461983  0.62715925  0.63830194  0.72135376  0.69666414  0.70890658  0.69666414  0.74689060  0.74689060  0.49570665  0.45952421  0.42501953  0.41663764  0.13541409  0.12407662  0.15275084  0.14692694  0.03410285  0.00000000  0.81485110  0.77333488  0.80075347  0.85882069  0.80075347  
39_11_0    0.56359448  0.56359448  0.44207193  0.68461983  0.67276733  0.68461983  0.74689060  0.73401266  0.52404672  0.47739557  0.47739557  0.47739557  0.53373840  0.52404672  0.50503395  0.49570665  0.46840625  0.60536219  0.48649480  0.48649480  0.47739557  0.46840625  0.48649480  0.46840625  0.45074691  0.47739557  0.52404672  0.52404672  0.53373840  0.60536219  0.60536219  0.49570665  0.45952421  0.46840625  0.48649480  0.73401266  0.73401266  0.78691792  0.73401266  0.75999530  0.81485110  0.00000000  0.03910480  0.61618093  0.57381872  0.64961399  
76_11_0    0.59469847  0.59469847  0.44207193  0.67276733  0.66110063  0.67276733  0.78691792  0.74689060  0.52404672  0.47739557  0.49570665  0.51447962  0.51447962  0.48649480  0.50503395  0.49570665  0.47739557  0.61618093  0.47739557  0.45952421  0.45074691  0.44207193  0.47739557  0.47739557  0.47739557  0.47739557  0.51447962  0.49570665  0.46840625  0.53373840  0.53373840  0.48649480  0.45074691  0.43349689  0.45074691  0.70890658  0.69666414  0.72135376  0.72135376  0.74689060  0.77333488  0.03910480  0.00000000  0.56359448  0.56359448  0.59469847  
91_25_0    0.64961399  0.64961399  0.37608826  0.85882069  0.85882069  0.85882069  0.81485110  0.84387367  0.61618093  0.58418537  0.57381872  0.61618093  0.58418537  0.60536219  0.61618093  0.61618093  0.58418537  0.62715925  0.52404672  0.60536219  0.53373840  0.57381872  0.56359448  0.53373840  0.53373840  0.51447962  0.58418537  0.57381872  0.56359448  0.60536219  0.62715925  0.46840625  0.45952421  0.53373840  0.52404672  0.77333488  0.80075347  0.78691792  0.80075347  0.77333488  0.80075347  0.61618093  0.56359448  0.00000000  0.20732438  0.38402332  
91_26_0    0.60536219  0.60536219  0.42501953  0.87407406  0.88964659  0.88964659  0.90555193  0.90555193  0.52404672  0.47739557  0.48649480  0.48649480  0.49570665  0.50503395  0.54355795  0.60536219  0.51447962  0.50503395  0.46840625  0.53373840  0.50503395  0.50503395  0.53373840  0.45952421  0.49570665  0.51447962  0.50503395  0.51447962  0.54355795  0.59469847  0.57381872  0.54355795  0.51447962  0.52404672  0.53373840  0.88964659  0.88964659  0.90555193  0.88964659  0.85882069  0.85882069  0.57381872  0.56359448  0.20732438  0.00000000  0.40015185  
96_25_0    0.62715925  0.64961399  0.46840625  0.81485110  0.81485110  0.81485110  0.78691792  0.80075347  0.62715925  0.60536219  0.57381872  0.61618093  0.57381872  0.60536219  0.63830194  0.66110063  0.64961399  0.58418537  0.57381872  0.53373840  0.48649480  0.50503395  0.51447962  0.46840625  0.54355795  0.45074691  0.49570665  0.52404672  0.45952421  0.52404672  0.48649480  0.49570665  0.45074691  0.54355795  0.54355795  0.73401266  0.75999530  0.77333488  0.73401266  0.78691792  0.80075347  0.64961399  0.59469847  0.38402332  0.40015185  0.00000000  

