20
5_0_0      0.00000000  0.07274737  0.10055270  0.19079979  0.15337861  0.17185416  0.24381260  0.25071264  0.17811597  0.19079979  0.20370340  0.31587093  0.34676707  0.33892203  0.33892203  0.38728203  0.35469564  0.38728203  0.34676707  0.37081060  
3_0_0      0.07274737  0.00000000  0.04594300  0.17811597  0.15337861  0.19722364  0.25071264  0.25767722  0.15337861  0.16564458  0.20370340  0.33115878  0.38728203  0.37900078  0.37900078  0.37900078  0.36270953  0.40412605  0.35469564  0.37081060  
4_0_0      0.10055270  0.04594300  0.00000000  0.23697591  0.19722364  0.23020141  0.28620576  0.29351200  0.18443087  0.19722364  0.21024003  0.37900078  0.40412605  0.39565642  0.39565642  0.41269313  0.39565642  0.40412605  0.37081060  0.38728203  
9_0_0      0.19079979  0.17811597  0.23697591  0.00000000  0.06730875  0.14131142  0.24381260  0.25071264  0.18443087  0.19722364  0.22348799  0.36270953  0.37081060  0.37900078  0.37900078  0.36270953  0.33115878  0.44798242  0.37900078  0.35469564  
1_0_0      0.15337861  0.15337861  0.19722364  0.06730875  0.00000000  0.08930568  0.22348799  0.23020141  0.14131142  0.15337861  0.17811597  0.33892203  0.36270953  0.37081060  0.37081060  0.37081060  0.32347562  0.40412605  0.35469564  0.36270953  
6_0_0      0.17185416  0.19722364  0.23020141  0.14131142  0.08930568  0.00000000  0.23020141  0.23697591  0.14732058  0.15948634  0.19079979  0.36270953  0.37081060  0.37900078  0.37900078  0.43012875  0.36270953  0.39565642  0.39565642  0.42135991  
2_0_0      0.24381260  0.25071264  0.28620576  0.24381260  0.22348799  0.23020141  0.00000000  0.00496702  0.17185416  0.16564458  0.21024003  0.36270953  0.35469564  0.36270953  0.36270953  0.38728203  0.35469564  0.37900078  0.35469564  0.39565642  
8_0_0      0.25071264  0.25767722  0.29351200  0.25071264  0.23020141  0.23697591  0.00496702  0.00000000  0.17811597  0.17185416  0.21683455  0.37081060  0.36270953  0.37081060  0.37081060  0.39565642  0.36270953  0.38728203  0.36270953  0.40412605  
11_0_0     0.17811597  0.15337861  0.18443087  0.18443087  0.14131142  0.14732058  0.17185416  0.17811597  0.00000000  0.00996740  0.08374523  0.30834311  0.34676707  0.35469564  0.35469564  0.33892203  0.30834311  0.36270953  0.32347562  0.34676707  
7_0_0      0.19079979  0.16564458  0.19722364  0.19722364  0.15337861  0.15948634  0.16564458  0.17185416  0.00996740  0.00000000  0.08374523  0.31587093  0.33115878  0.33892203  0.33892203  0.32347562  0.29351200  0.36270953  0.32347562  0.34676707  
10_0_0     0.20370340  0.20370340  0.21024003  0.22348799  0.17811597  0.19079979  0.21024003  0.21683455  0.08374523  0.08374523  0.00000000  0.32347562  0.36270953  0.35469564  0.35469564  0.32347562  0.30834311  0.41269313  0.35469564  0.36270953  
13_0_0     0.31587093  0.33115878  0.37900078  0.36270953  0.33892203  0.36270953  0.36270953  0.37081060  0.30834311  0.31587093  0.32347562  0.00000000  0.21683455  0.21024003  0.21024003  0.19722364  0.15948634  0.30089064  0.19722364  0.21683455  
12_0_0     0.34676707  0.38728203  0.40412605  0.37081060  0.36270953  0.37081060  0.35469564  0.36270953  0.34676707  0.33115878  0.36270953  0.21683455  0.00000000  0.00496702  0.00496702  0.14131142  0.11197220  0.19722364  0.14732058  0.16564458  
19_0_0     0.33892203  0.37900078  0.39565642  0.37900078  0.37081060  0.37900078  0.36270953  0.37081060  0.35469564  0.33892203  0.35469564  0.21024003  0.00496702  0.00000000  0.00000000  0.13535038  0.10624056  0.20370340  0.15337861  0.17185416  
20_0_0     0.33892203  0.37900078  0.39565642  0.37900078  0.37081060  0.37900078  0.36270953  0.37081060  0.35469564  0.33892203  0.35469564  0.21024003  0.00496702  0.00000000  0.00000000  0.13535038  0.10624056  0.20370340  0.15337861  0.17185416  
14_0_0     0.38728203  0.37900078  0.41269313  0.36270953  0.37081060  0.43012875  0.38728203  0.39565642  0.33892203  0.32347562  0.32347562  0.19722364  0.14131142  0.13535038  0.13535038  0.00000000  0.04069599  0.30834311  0.16564458  0.17185416  
18_0_0     0.35469564  0.36270953  0.39565642  0.33115878  0.32347562  0.36270953  0.35469564  0.36270953  0.30834311  0.29351200  0.30834311  0.15948634  0.11197220  0.10624056  0.10624056  0.04069599  0.00000000  0.26470755  0.15337861  0.15948634  
15_0_0     0.38728203  0.40412605  0.40412605  0.44798242  0.40412605  0.39565642  0.37900078  0.38728203  0.36270953  0.36270953  0.41269313  0.30089064  0.19722364  0.20370340  0.20370340  0.30834311  0.26470755  0.00000000  0.26470755  0.24381260  
17_0_0     0.34676707  0.35469564  0.37081060  0.37900078  0.35469564  0.39565642  0.35469564  0.36270953  0.32347562  0.32347562  0.35469564  0.19722364  0.14732058  0.15337861  0.15337861  0.16564458  0.15337861  0.26470755  0.00000000  0.03548569  
16_0_0     0.37081060  0.37081060  0.38728203  0.35469564  0.36270953  0.42135991  0.39565642  0.40412605  0.34676707  0.34676707  0.36270953  0.21683455  0.16564458  0.17185416  0.17185416  0.17185416  0.15948634  0.24381260  0.03548569  0.00000000  

