1 7 0 0 0 
10 5 1 0 0 
11 6 1 0 1 
12 4 0 0 0 
13 0 0 0 0 
14 2 1 0 0 
15 1 0 0 0 
16 2 0 0 1 
17 1 0 0 0 
18 1 0 0 1 
19 0 0 0 0 
2 4 0 0 0 
20 0 0 0 0 
3 3 1 0 0 
4 5 0 0 0 
5 6 0 0 3 
6 3 0 0 1 
7 0 0 0 0 
8 7 0 0 2 
9 2 0 0 0 
Node_14_18_0 1 0 0 0 
Node_15_14_0 1 0 0 0 
Node_15_17_0 1 0 0 0 
Node_19_13_0 0 0 0 0 
Node_19_15_0 0 0 0 0 
Node_19_16_0 0 0 0 0 
Node_19_20_0 0 0 0 0 
Node_1_10_0 3 1 1 0 
Node_1_5_0 5 1 0 0 
Node_1_8_0 8 0 2 0 
Node_1_9_0 1 0 0 0 
Node_2_12_0 4 0 0 3 
Node_2_4_0 5 0 2 1 
Node_3_6_0 3 0 1 0 
Node_4_11_0 5 0 0 1 
Node_5_2_0 5 0 0 0 
Node_7_19_0 0 0 0 0 
Node_7_1_0 0 0 0 0 
Node_9_3_0 2 0 0 0 
