1 3 0 0 0 
10 4 1 0 1 
11 3 0 0 0 
12 3 0 0 0 
13 3 0 0 0 
14 3 0 0 0 
15 3 0 0 0 
16 2 0 0 1 
17 3 0 0 0 
18 2 0 0 1 
19 3 0 0 0 
2 3 0 0 0 
20 1 0 0 0 
3 4 0 0 1 
4 3 0 0 0 
5 3 0 0 0 
6 3 0 0 0 
7 1 0 0 0 
8 3 0 0 0 
9 4 0 0 0 
Node_14_18_0 3 0 1 0 
Node_15_14_0 3 0 0 0 
Node_15_17_0 3 0 0 0 
Node_19_13_0 3 1 0 0 
Node_19_15_0 2 0 0 0 
Node_19_16_0 2 0 0 0 
Node_19_20_0 2 0 1 0 
Node_1_10_0 3 0 1 1 
Node_1_5_0 3 0 0 1 
Node_1_8_0 3 0 0 1 
Node_1_9_0 3 0 0 1 
Node_2_12_0 3 0 0 0 
Node_2_4_0 2 0 0 0 
Node_3_6_0 4 0 1 1 
Node_4_11_0 3 0 0 0 
Node_5_2_0 3 0 1 0 
Node_7_19_0 1 0 0 0 
Node_7_1_0 2 0 1 0 
Node_9_3_0 3 0 0 0 
