1 0 0 0 0 
10 0 0 0 0 
11 0 0 0 0 
12 0 0 0 0 
13 5 1 0 0 
14 3 0 0 0 
15 5 0 0 0 
16 4 2 0 0 
17 5 0 0 0 
18 2 0 0 0 
19 3 0 0 0 
2 0 0 0 0 
20 5 1 0 0 
3 0 0 0 0 
4 0 0 0 0 
5 0 0 0 0 
6 0 0 0 0 
7 0 0 0 0 
8 0 0 0 0 
9 0 0 0 0 
Node_14_18_0 3 0 1 0 
Node_15_14_0 3 2 0 0 
Node_15_17_0 5 2 0 0 
Node_19_13_0 4 1 1 0 
Node_19_15_0 1 0 0 0 
Node_19_16_0 2 1 0 0 
Node_19_20_0 4 2 1 0 
Node_1_10_0 0 0 0 0 
Node_1_5_0 0 0 0 0 
Node_1_8_0 0 0 0 0 
Node_1_9_0 0 0 0 0 
Node_2_12_0 0 0 0 0 
Node_2_4_0 0 0 0 0 
Node_3_6_0 0 0 0 0 
Node_4_11_0 0 0 0 0 
Node_5_2_0 0 0 0 0 
Node_7_19_0 0 0 0 0 
Node_7_1_0 0 0 0 0 
Node_9_3_0 0 0 0 0 
