37
96_4_0     0.00000000  0.03271123  0.20092895  0.19051173  0.26099747  0.27826132  0.27246191  0.27826132  0.27826132  0.27246191  0.25533106  0.26670753  0.29593683  0.27246191  0.28410645  0.27246191  0.24412654  0.26099747  0.27826132  0.27826132  0.27826132  0.25533106  0.27246191  0.28999804  0.29593683  0.23858716  0.24412654  0.24412654  0.22763106  0.21683452  0.22763106  0.22221313  0.23308887  0.22763106  0.20092895  0.20619298  0.20092895  
96_1_0     0.03271123  0.00000000  0.20092895  0.19051173  0.26099747  0.27826132  0.27246191  0.26670753  0.26670753  0.26099747  0.25533106  0.24412654  0.27246191  0.24970763  0.26099747  0.24970763  0.22221313  0.23858716  0.26670753  0.26670753  0.26670753  0.24412654  0.26099747  0.27826132  0.28410645  0.23308887  0.23858716  0.23858716  0.21683452  0.20619298  0.21683452  0.22221313  0.22221313  0.21683452  0.19051173  0.19570204  0.19051173  
96_5_0     0.20092895  0.20092895  0.00000000  0.00804348  0.20619298  0.23308887  0.20619298  0.22763106  0.22763106  0.21683452  0.20619298  0.19570204  0.22763106  0.17515534  0.17515534  0.16509168  0.15024782  0.16509168  0.24412654  0.24412654  0.24412654  0.22221313  0.18535751  0.21683452  0.23308887  0.16509168  0.17010644  0.19051173  0.13569537  0.14051451  0.15516282  0.16509168  0.15516282  0.17515534  0.14051451  0.14536519  0.14051451  
96_2_0     0.19051173  0.19051173  0.00804348  0.00000000  0.20619298  0.23308887  0.20619298  0.22763106  0.22763106  0.21683452  0.20619298  0.18535751  0.21683452  0.17515534  0.18535751  0.17515534  0.16011063  0.17515534  0.24412654  0.24412654  0.24412654  0.22221313  0.18535751  0.21683452  0.23308887  0.16509168  0.17010644  0.19051173  0.13569537  0.14051451  0.15516282  0.16509168  0.15516282  0.17515534  0.14051451  0.14536519  0.14051451  
100_1_0    0.26099747  0.26099747  0.20619298  0.20619298  0.00000000  0.03271123  0.02439711  0.09367740  0.09367740  0.08465491  0.08465491  0.23858716  0.26099747  0.24970763  0.24970763  0.24970763  0.21683452  0.23308887  0.26099747  0.26099747  0.26099747  0.24970763  0.24412654  0.25533106  0.26099747  0.22763106  0.23308887  0.22763106  0.21683452  0.20092895  0.19570204  0.20619298  0.19570204  0.24970763  0.21149466  0.21683452  0.22221313  
91_1_0     0.27826132  0.27826132  0.23308887  0.23308887  0.03271123  0.00000000  0.02439711  0.09367740  0.09367740  0.08465491  0.09367740  0.24970763  0.26099747  0.26670753  0.25533106  0.26670753  0.22221313  0.23858716  0.26670753  0.26670753  0.26670753  0.25533106  0.24970763  0.26099747  0.26670753  0.24412654  0.24970763  0.24412654  0.23308887  0.21683452  0.21683452  0.21683452  0.21683452  0.25533106  0.21683452  0.22221313  0.22763106  
88_1_0     0.27246191  0.27246191  0.20619298  0.20619298  0.02439711  0.02439711  0.00000000  0.09367740  0.09367740  0.08465491  0.08465491  0.24412654  0.26670753  0.26099747  0.24970763  0.26099747  0.22763106  0.24412654  0.26099747  0.26099747  0.26099747  0.24970763  0.24412654  0.25533106  0.26099747  0.24970763  0.25533106  0.24970763  0.22763106  0.21149466  0.20619298  0.21683452  0.20619298  0.26099747  0.22221313  0.22763106  0.23308887  
95_6_0     0.27826132  0.26670753  0.22763106  0.22763106  0.09367740  0.09367740  0.09367740  0.00000000  0.00000000  0.00804348  0.04111967  0.26670753  0.28999804  0.25533106  0.25533106  0.25533106  0.22221313  0.22763106  0.23308887  0.23308887  0.23308887  0.22221313  0.24412654  0.27826132  0.28410645  0.25533106  0.26099747  0.22221313  0.22763106  0.22221313  0.20619298  0.19570204  0.19570204  0.24970763  0.20092895  0.20619298  0.21149466  
88_6_0     0.27826132  0.26670753  0.22763106  0.22763106  0.09367740  0.09367740  0.09367740  0.00000000  0.00000000  0.00804348  0.04111967  0.26670753  0.28999804  0.25533106  0.25533106  0.25533106  0.22221313  0.22763106  0.23308887  0.23308887  0.23308887  0.22221313  0.24412654  0.27826132  0.28410645  0.25533106  0.26099747  0.22221313  0.22763106  0.22221313  0.20619298  0.19570204  0.19570204  0.24970763  0.20092895  0.20619298  0.21149466  
91_6_0     0.27246191  0.26099747  0.21683452  0.21683452  0.08465491  0.08465491  0.08465491  0.00804348  0.00804348  0.00000000  0.04111967  0.25533106  0.27826132  0.24412654  0.24412654  0.24412654  0.21149466  0.21683452  0.23308887  0.23308887  0.23308887  0.22221313  0.23308887  0.26670753  0.27246191  0.24412654  0.24970763  0.22221313  0.21683452  0.21149466  0.19570204  0.18535751  0.18535751  0.23858716  0.19051173  0.19570204  0.20092895  
100_7_0    0.25533106  0.25533106  0.20619298  0.20619298  0.08465491  0.09367740  0.08465491  0.04111967  0.04111967  0.04111967  0.00000000  0.25533106  0.27826132  0.24412654  0.24412654  0.23308887  0.22221313  0.22763106  0.23308887  0.23308887  0.23308887  0.22221313  0.24412654  0.25533106  0.26099747  0.24970763  0.25533106  0.22763106  0.22763106  0.22221313  0.20619298  0.20619298  0.19570204  0.24970763  0.21149466  0.21683452  0.22221313  
93_11_0    0.26670753  0.24412654  0.19570204  0.18535751  0.23858716  0.24970763  0.24412654  0.26670753  0.26670753  0.25533106  0.25533106  0.00000000  0.04111967  0.22221313  0.24412654  0.23308887  0.21149466  0.22763106  0.22763106  0.22763106  0.22763106  0.21683452  0.25533106  0.24970763  0.26670753  0.21683452  0.22221313  0.21683452  0.19051173  0.18535751  0.21149466  0.23308887  0.22221313  0.21149466  0.20619298  0.20092895  0.19570204  
93_1_0     0.29593683  0.27246191  0.22763106  0.21683452  0.26099747  0.26099747  0.26670753  0.28999804  0.28999804  0.27826132  0.27826132  0.04111967  0.00000000  0.26670753  0.28999804  0.27826132  0.24412654  0.26099747  0.26099747  0.26099747  0.26099747  0.24970763  0.26670753  0.28410645  0.30192358  0.26099747  0.26670753  0.26099747  0.22221313  0.21683452  0.23308887  0.25533106  0.24412654  0.23858716  0.23858716  0.23308887  0.22763106  
82_8_0     0.27246191  0.24970763  0.17515534  0.17515534  0.24970763  0.26670753  0.26099747  0.25533106  0.25533106  0.24412654  0.24412654  0.22221313  0.26670753  0.00000000  0.01617520  0.01617520  0.05822819  0.07132379  0.21149466  0.21149466  0.21149466  0.19051173  0.14051451  0.17515534  0.18023887  0.21683452  0.22221313  0.23308887  0.16509168  0.17010644  0.18535751  0.20619298  0.19570204  0.20619298  0.18023887  0.17515534  0.17010644  
84_8_0     0.28410645  0.26099747  0.17515534  0.18535751  0.24970763  0.25533106  0.24970763  0.25533106  0.25533106  0.24412654  0.24412654  0.24412654  0.28999804  0.01617520  0.00000000  0.01617520  0.05822819  0.07132379  0.23308887  0.23308887  0.23308887  0.21149466  0.15024782  0.18535751  0.19051173  0.22763106  0.23308887  0.24412654  0.17515534  0.18023887  0.19570204  0.20619298  0.19570204  0.21683452  0.18023887  0.18535751  0.18023887  
86_8_0     0.27246191  0.24970763  0.16509168  0.17515534  0.24970763  0.26670753  0.26099747  0.25533106  0.25533106  0.24412654  0.23308887  0.23308887  0.27826132  0.01617520  0.01617520  0.00000000  0.05822819  0.07132379  0.22221313  0.22221313  0.22221313  0.20092895  0.15024782  0.17515534  0.18023887  0.20619298  0.21149466  0.22221313  0.15516282  0.16011063  0.17515534  0.18535751  0.17515534  0.20619298  0.17010644  0.17515534  0.17010644  
94_8_0     0.24412654  0.22221313  0.15024782  0.16011063  0.21683452  0.22221313  0.22763106  0.22221313  0.22221313  0.21149466  0.22221313  0.21149466  0.24412654  0.05822819  0.05822819  0.05822819  0.00000000  0.02027475  0.19051173  0.19051173  0.19051173  0.17010644  0.14536519  0.19051173  0.19570204  0.17010644  0.17515534  0.18023887  0.15516282  0.16011063  0.16509168  0.17515534  0.16509168  0.17515534  0.14051451  0.14536519  0.14051451  
99_8_0     0.26099747  0.23858716  0.16509168  0.17515534  0.23308887  0.23858716  0.24412654  0.22763106  0.22763106  0.21683452  0.22763106  0.22763106  0.26099747  0.07132379  0.07132379  0.07132379  0.02027475  0.00000000  0.20092895  0.20092895  0.20092895  0.18023887  0.16011063  0.20619298  0.21149466  0.17515534  0.18023887  0.18535751  0.17010644  0.17515534  0.18023887  0.19051173  0.18023887  0.19051173  0.15516282  0.16011063  0.15516282  
88_0_0     0.27826132  0.26670753  0.24412654  0.24412654  0.26099747  0.26670753  0.26099747  0.23308887  0.23308887  0.23308887  0.23308887  0.22763106  0.26099747  0.21149466  0.23308887  0.22221313  0.19051173  0.20092895  0.00000000  0.00401083  0.00000000  0.01617520  0.24412654  0.26099747  0.26670753  0.23858716  0.24412654  0.23858716  0.21149466  0.20619298  0.21149466  0.21149466  0.21149466  0.22221313  0.21683452  0.21149466  0.20619298  
95_0_0     0.27826132  0.26670753  0.24412654  0.24412654  0.26099747  0.26670753  0.26099747  0.23308887  0.23308887  0.23308887  0.23308887  0.22763106  0.26099747  0.21149466  0.23308887  0.22221313  0.19051173  0.20092895  0.00401083  0.00000000  0.00401083  0.02027475  0.24412654  0.26099747  0.26670753  0.23858716  0.24412654  0.23858716  0.21149466  0.20619298  0.21149466  0.21149466  0.21149466  0.22221313  0.21683452  0.21149466  0.20619298  
91_0_0     0.27826132  0.26670753  0.24412654  0.24412654  0.26099747  0.26670753  0.26099747  0.23308887  0.23308887  0.23308887  0.23308887  0.22763106  0.26099747  0.21149466  0.23308887  0.22221313  0.19051173  0.20092895  0.00000000  0.00401083  0.00000000  0.01617520  0.24412654  0.26099747  0.26670753  0.23858716  0.24412654  0.23858716  0.21149466  0.20619298  0.21149466  0.21149466  0.21149466  0.22221313  0.21683452  0.21149466  0.20619298  
100_0_0    0.25533106  0.24412654  0.22221313  0.22221313  0.24970763  0.25533106  0.24970763  0.22221313  0.22221313  0.22221313  0.22221313  0.21683452  0.24970763  0.19051173  0.21149466  0.20092895  0.17010644  0.18023887  0.01617520  0.02027475  0.01617520  0.00000000  0.23308887  0.24970763  0.25533106  0.22763106  0.23308887  0.23858716  0.20092895  0.19570204  0.21149466  0.21149466  0.21149466  0.21149466  0.19570204  0.19051173  0.18535751  
93_0_0     0.27246191  0.26099747  0.18535751  0.18535751  0.24412654  0.24970763  0.24412654  0.24412654  0.24412654  0.23308887  0.24412654  0.25533106  0.26670753  0.14051451  0.15024782  0.15024782  0.14536519  0.16011063  0.24412654  0.24412654  0.24412654  0.23308887  0.00000000  0.06256774  0.06693284  0.23308887  0.23858716  0.24970763  0.19051173  0.19570204  0.20092895  0.21149466  0.20092895  0.22221313  0.18535751  0.19051173  0.18535751  
93_9_0     0.28999804  0.27826132  0.21683452  0.21683452  0.25533106  0.26099747  0.25533106  0.27826132  0.27826132  0.26670753  0.25533106  0.24970763  0.28410645  0.17515534  0.18535751  0.17515534  0.19051173  0.20619298  0.26099747  0.26099747  0.26099747  0.24970763  0.06256774  0.00000000  0.01209819  0.23858716  0.24412654  0.25533106  0.21149466  0.21683452  0.23308887  0.24412654  0.23308887  0.24412654  0.20619298  0.21149466  0.20619298  
93_10_0    0.29593683  0.28410645  0.23308887  0.23308887  0.26099747  0.26670753  0.26099747  0.28410645  0.28410645  0.27246191  0.26099747  0.26670753  0.30192358  0.18023887  0.19051173  0.18023887  0.19570204  0.21149466  0.26670753  0.26670753  0.26670753  0.25533106  0.06693284  0.01209819  0.00000000  0.24412654  0.24970763  0.26099747  0.21683452  0.22221313  0.23858716  0.24970763  0.23858716  0.24970763  0.21149466  0.21683452  0.20092895  
98_0_0     0.23858716  0.23308887  0.16509168  0.16509168  0.22763106  0.24412654  0.24970763  0.25533106  0.25533106  0.24412654  0.24970763  0.21683452  0.26099747  0.21683452  0.22763106  0.20619298  0.17010644  0.17515534  0.23858716  0.23858716  0.23858716  0.22763106  0.23308887  0.23858716  0.24412654  0.00000000  0.00401083  0.03271123  0.10281107  0.09823017  0.10281107  0.11205867  0.11205867  0.13090735  0.11672610  0.11205867  0.10742045  
87_0_0     0.24412654  0.23858716  0.17010644  0.17010644  0.23308887  0.24970763  0.25533106  0.26099747  0.26099747  0.24970763  0.25533106  0.22221313  0.26670753  0.22221313  0.23308887  0.21149466  0.17515534  0.18023887  0.24412654  0.24412654  0.24412654  0.23308887  0.23858716  0.24412654  0.24970763  0.00401083  0.00000000  0.03690353  0.10742045  0.10281107  0.10742045  0.11672610  0.11672610  0.13569537  0.12142310  0.11672610  0.11205867  
83_0_0     0.24412654  0.23858716  0.19051173  0.19051173  0.22763106  0.24412654  0.24970763  0.22221313  0.22221313  0.22221313  0.22763106  0.21683452  0.26099747  0.23308887  0.24412654  0.22221313  0.18023887  0.18535751  0.23858716  0.23858716  0.23858716  0.23858716  0.24970763  0.25533106  0.26099747  0.03271123  0.03690353  0.00000000  0.11672610  0.11205867  0.11672610  0.12615006  0.12615006  0.14536519  0.13090735  0.12615006  0.12142310  
85_0_0     0.22763106  0.21683452  0.13569537  0.13569537  0.21683452  0.23308887  0.22763106  0.22763106  0.22763106  0.21683452  0.22763106  0.19051173  0.22221313  0.16509168  0.17515534  0.15516282  0.15516282  0.17010644  0.21149466  0.21149466  0.21149466  0.20092895  0.19051173  0.21149466  0.21683452  0.10281107  0.10742045  0.11672610  0.00000000  0.02027475  0.05822819  0.07574091  0.06693284  0.10281107  0.08915243  0.08465491  0.08018451  
90_0_0     0.21683452  0.20619298  0.14051451  0.14051451  0.20092895  0.21683452  0.21149466  0.22221313  0.22221313  0.21149466  0.22221313  0.18535751  0.21683452  0.17010644  0.18023887  0.16011063  0.16011063  0.17515534  0.20619298  0.20619298  0.20619298  0.19570204  0.19570204  0.21683452  0.22221313  0.09823017  0.10281107  0.11205867  0.02027475  0.00000000  0.05391390  0.07132379  0.06256774  0.09823017  0.08465491  0.08018451  0.07574091  
76_0_0     0.22763106  0.21683452  0.15516282  0.15516282  0.19570204  0.21683452  0.20619298  0.20619298  0.20619298  0.19570204  0.20619298  0.21149466  0.23308887  0.18535751  0.19570204  0.17515534  0.16509168  0.18023887  0.21149466  0.21149466  0.21149466  0.21149466  0.20092895  0.23308887  0.23858716  0.10281107  0.10742045  0.11672610  0.05822819  0.05391390  0.00000000  0.02439711  0.01617520  0.11205867  0.10742045  0.10281107  0.09823017  
78_0_0     0.22221313  0.22221313  0.16509168  0.16509168  0.20619298  0.21683452  0.21683452  0.19570204  0.19570204  0.18535751  0.20619298  0.23308887  0.25533106  0.20619298  0.20619298  0.18535751  0.17515534  0.19051173  0.21149466  0.21149466  0.21149466  0.21149466  0.21149466  0.24412654  0.24970763  0.11205867  0.11672610  0.12615006  0.07574091  0.07132379  0.02439711  0.00000000  0.00804348  0.12142310  0.10742045  0.11205867  0.10742045  
79_0_0     0.23308887  0.22221313  0.15516282  0.15516282  0.19570204  0.21683452  0.20619298  0.19570204  0.19570204  0.18535751  0.19570204  0.22221313  0.24412654  0.19570204  0.19570204  0.17515534  0.16509168  0.18023887  0.21149466  0.21149466  0.21149466  0.21149466  0.20092895  0.23308887  0.23858716  0.11205867  0.11672610  0.12615006  0.06693284  0.06256774  0.01617520  0.00804348  0.00000000  0.12142310  0.10742045  0.11205867  0.10742045  
85_12_0    0.22763106  0.21683452  0.17515534  0.17515534  0.24970763  0.25533106  0.26099747  0.24970763  0.24970763  0.23858716  0.24970763  0.21149466  0.23858716  0.20619298  0.21683452  0.20619298  0.17515534  0.19051173  0.22221313  0.22221313  0.22221313  0.21149466  0.22221313  0.24412654  0.24970763  0.13090735  0.13569537  0.14536519  0.10281107  0.09823017  0.11205867  0.12142310  0.12142310  0.00000000  0.05391390  0.04962457  0.04535992  
79_12_0    0.20092895  0.19051173  0.14051451  0.14051451  0.21149466  0.21683452  0.22221313  0.20092895  0.20092895  0.19051173  0.21149466  0.20619298  0.23858716  0.18023887  0.18023887  0.17010644  0.14051451  0.15516282  0.21683452  0.21683452  0.21683452  0.19570204  0.18535751  0.20619298  0.21149466  0.11672610  0.12142310  0.13090735  0.08915243  0.08465491  0.10742045  0.10742045  0.10742045  0.05391390  0.00000000  0.00401083  0.01617520  
78_12_0    0.20619298  0.19570204  0.14536519  0.14536519  0.21683452  0.22221313  0.22763106  0.20619298  0.20619298  0.19570204  0.21683452  0.20092895  0.23308887  0.17515534  0.18535751  0.17515534  0.14536519  0.16011063  0.21149466  0.21149466  0.21149466  0.19051173  0.19051173  0.21149466  0.21683452  0.11205867  0.11672610  0.12615006  0.08465491  0.08018451  0.10281107  0.11205867  0.11205867  0.04962457  0.00401083  0.00000000  0.01209819  
76_12_0    0.20092895  0.19051173  0.14051451  0.14051451  0.22221313  0.22763106  0.23308887  0.21149466  0.21149466  0.20092895  0.22221313  0.19570204  0.22763106  0.17010644  0.18023887  0.17010644  0.14051451  0.15516282  0.20619298  0.20619298  0.20619298  0.18535751  0.18535751  0.20619298  0.20092895  0.10742045  0.11205867  0.12142310  0.08018451  0.07574091  0.09823017  0.10742045  0.10742045  0.04535992  0.01617520  0.01209819  0.00000000  

