20
16_0_0     0.00000000  0.06236922  0.27364438  0.27364438  0.27364438  0.28158979  0.26578441  0.26578441  0.31426426  0.37521352  0.37521352  0.35727479  0.34846784  0.34846784  0.45172409  0.51486795  0.41246825  0.41246825  0.41246825  0.41246825  
17_0_0     0.06236922  0.00000000  0.26578441  0.26578441  0.26578441  0.32266629  0.26578441  0.26578441  0.31426426  0.39360358  0.39360358  0.40297506  0.39360358  0.37521352  0.50395788  0.52594331  0.44171073  0.44171073  0.44171073  0.44171073  
19_0_0     0.27364438  0.26578441  0.00000000  0.00000000  0.00000000  0.11132315  0.04482494  0.05647422  0.13708705  0.34846784  0.34846784  0.32266629  0.37521352  0.30595770  0.38435072  0.36618913  0.34846784  0.38435072  0.31426426  0.31426426  
12_0_0     0.27364438  0.26578441  0.00000000  0.00000000  0.00000000  0.11132315  0.04482494  0.05647422  0.13708705  0.34846784  0.34846784  0.32266629  0.37521352  0.30595770  0.38435072  0.36618913  0.34846784  0.38435072  0.31426426  0.31426426  
20_0_0     0.27364438  0.26578441  0.00000000  0.00000000  0.00000000  0.11132315  0.04482494  0.05647422  0.13708705  0.34846784  0.34846784  0.32266629  0.37521352  0.30595770  0.38435072  0.36618913  0.34846784  0.38435072  0.31426426  0.31426426  
13_0_0     0.28158979  0.32266629  0.11132315  0.11132315  0.11132315  0.00000000  0.13056045  0.14367245  0.20577357  0.38435072  0.38435072  0.33976574  0.39360358  0.35727479  0.42208635  0.44171073  0.38435072  0.40297506  0.37521352  0.37521352  
14_0_0     0.26578441  0.26578441  0.04482494  0.04482494  0.04482494  0.13056045  0.00000000  0.01648893  0.13708705  0.33976574  0.33976574  0.31426426  0.36618913  0.29774448  0.37521352  0.37521352  0.35727479  0.33976574  0.33976574  0.33976574  
18_0_0     0.26578441  0.26578441  0.05647422  0.05647422  0.05647422  0.14367245  0.01648893  0.00000000  0.15031772  0.35727479  0.35727479  0.33116602  0.36618913  0.31426426  0.37521352  0.37521352  0.37521352  0.35727479  0.35727479  0.35727479  
15_0_0     0.31426426  0.31426426  0.13708705  0.13708705  0.13708705  0.20577357  0.13708705  0.15031772  0.00000000  0.40297506  0.40297506  0.37521352  0.40297506  0.36618913  0.39360358  0.33976574  0.39360358  0.43183269  0.41246825  0.41246825  
8_0_0      0.37521352  0.39360358  0.34846784  0.34846784  0.34846784  0.38435072  0.33976574  0.35727479  0.40297506  0.00000000  0.00000000  0.13056045  0.13708705  0.10502160  0.15031772  0.21301098  0.12409160  0.17062386  0.19860711  0.19151023  
2_0_0      0.37521352  0.39360358  0.34846784  0.34846784  0.34846784  0.38435072  0.33976574  0.35727479  0.40297506  0.00000000  0.00000000  0.13056045  0.13708705  0.10502160  0.15031772  0.21301098  0.12409160  0.17062386  0.19860711  0.19151023  
1_0_0      0.35727479  0.40297506  0.32266629  0.32266629  0.32266629  0.33976574  0.31426426  0.33116602  0.37521352  0.13056045  0.13056045  0.00000000  0.05062637  0.04482494  0.13708705  0.21301098  0.08643646  0.12409160  0.15031772  0.15702395  
9_0_0      0.34846784  0.39360358  0.37521352  0.37521352  0.37521352  0.39360358  0.36618913  0.36618913  0.40297506  0.13708705  0.13708705  0.05062637  0.00000000  0.06236922  0.15702395  0.23516334  0.08034496  0.15702395  0.17062386  0.17751989  
6_0_0      0.34846784  0.37521352  0.30595770  0.30595770  0.30595770  0.35727479  0.29774448  0.31426426  0.36618913  0.10502160  0.10502160  0.04482494  0.06236922  0.00000000  0.12409160  0.18448159  0.06236922  0.11132315  0.12409160  0.13056045  
4_0_0      0.45172409  0.50395788  0.38435072  0.38435072  0.38435072  0.42208635  0.37521352  0.37521352  0.39360358  0.15031772  0.15031772  0.13708705  0.15702395  0.12409160  0.00000000  0.09257916  0.10502160  0.15702395  0.17062386  0.17751989  
3_0_0      0.51486795  0.52594331  0.36618913  0.36618913  0.36618913  0.44171073  0.37521352  0.37521352  0.33976574  0.21301098  0.21301098  0.21301098  0.23516334  0.18448159  0.09257916  0.00000000  0.16379228  0.22770438  0.25800805  0.26578441  
5_0_0      0.41246825  0.44171073  0.34846784  0.34846784  0.34846784  0.38435072  0.35727479  0.37521352  0.39360358  0.12409160  0.12409160  0.08643646  0.08034496  0.06236922  0.10502160  0.16379228  0.00000000  0.14367245  0.14367245  0.15031772  
10_0_0     0.41246825  0.44171073  0.38435072  0.38435072  0.38435072  0.40297506  0.33976574  0.35727479  0.43183269  0.17062386  0.17062386  0.12409160  0.15702395  0.11132315  0.15702395  0.22770438  0.14367245  0.00000000  0.05647422  0.06236922  
11_0_0     0.41246825  0.44171073  0.31426426  0.31426426  0.31426426  0.37521352  0.33976574  0.35727479  0.41246825  0.19860711  0.19860711  0.15031772  0.17062386  0.12409160  0.17062386  0.25800805  0.14367245  0.05647422  0.00000000  0.00545509  
7_0_0      0.41246825  0.44171073  0.31426426  0.31426426  0.31426426  0.37521352  0.33976574  0.35727479  0.41246825  0.19151023  0.19151023  0.15702395  0.17751989  0.13056045  0.17751989  0.26578441  0.15031772  0.06236922  0.00545509  0.00000000  

