27
93_2_0     0.00000000  0.02956737  0.00000000  0.00000000  0.02206424  0.01463629  0.01463629  0.01463629  0.01463629  0.00000000  0.00000000  0.00000000  0.00000000  0.00000000  0.00000000  0.00728202  0.00728202  0.02956737  0.00000000  0.03714722  0.03714722  0.01463629  0.02956737  0.02206424  0.01463629  0.01463629  0.02206424  
93_8_0     0.02956737  0.00000000  0.02956737  0.02956737  0.02206424  0.02956737  0.02956737  0.02956737  0.02956737  0.02956737  0.02956737  0.02956737  0.02956737  0.02956737  0.02956737  0.03714722  0.03714722  0.02956737  0.02956737  0.03714722  0.03714722  0.01463629  0.03714722  0.05254345  0.02956737  0.02956737  0.02206424  
93_7_0     0.00000000  0.02956737  0.00000000  0.00000000  0.02206424  0.01463629  0.01463629  0.01463629  0.01463629  0.00000000  0.00000000  0.00000000  0.00000000  0.00000000  0.00000000  0.00728202  0.00728202  0.02956737  0.00000000  0.03714722  0.03714722  0.01463629  0.02956737  0.02206424  0.01463629  0.01463629  0.02206424  
93_9_0     0.00000000  0.02956737  0.00000000  0.00000000  0.02206424  0.01463629  0.01463629  0.01463629  0.01463629  0.00000000  0.00000000  0.00000000  0.00000000  0.00000000  0.00000000  0.00728202  0.00728202  0.02956737  0.00000000  0.03714722  0.03714722  0.01463629  0.02956737  0.02206424  0.01463629  0.01463629  0.02206424  
95_2_0     0.02206424  0.02206424  0.02206424  0.02206424  0.00000000  0.00728202  0.00728202  0.00728202  0.00728202  0.02206424  0.02206424  0.02206424  0.02206424  0.02206424  0.02206424  0.02206424  0.02206424  0.03714722  0.02206424  0.01463629  0.01463629  0.02206424  0.03714722  0.02956737  0.01463629  0.03714722  0.02956737  
99_2_0     0.01463629  0.02956737  0.01463629  0.01463629  0.00728202  0.00000000  0.00000000  0.00000000  0.00000000  0.01463629  0.01463629  0.01463629  0.01463629  0.01463629  0.01463629  0.01463629  0.01463629  0.03714722  0.01463629  0.02206424  0.02206424  0.01463629  0.03714722  0.02206424  0.02206424  0.02956737  0.02206424  
96_2_0     0.01463629  0.02956737  0.01463629  0.01463629  0.00728202  0.00000000  0.00000000  0.00000000  0.00000000  0.01463629  0.01463629  0.01463629  0.01463629  0.01463629  0.01463629  0.01463629  0.01463629  0.03714722  0.01463629  0.02206424  0.02206424  0.01463629  0.03714722  0.02206424  0.02206424  0.02956737  0.02206424  
98_2_0     0.01463629  0.02956737  0.01463629  0.01463629  0.00728202  0.00000000  0.00000000  0.00000000  0.00000000  0.01463629  0.01463629  0.01463629  0.01463629  0.01463629  0.01463629  0.01463629  0.01463629  0.03714722  0.01463629  0.02206424  0.02206424  0.01463629  0.03714722  0.02206424  0.02206424  0.02956737  0.02206424  
94_2_0     0.01463629  0.02956737  0.01463629  0.01463629  0.00728202  0.00000000  0.00000000  0.00000000  0.00000000  0.01463629  0.01463629  0.01463629  0.01463629  0.01463629  0.01463629  0.01463629  0.01463629  0.03714722  0.01463629  0.02206424  0.02206424  0.01463629  0.03714722  0.02206424  0.02206424  0.02956737  0.02206424  
100_2_0    0.00000000  0.02956737  0.00000000  0.00000000  0.02206424  0.01463629  0.01463629  0.01463629  0.01463629  0.00000000  0.00000000  0.00000000  0.00000000  0.00000000  0.00000000  0.00728202  0.00728202  0.02956737  0.00000000  0.03714722  0.03714722  0.01463629  0.02956737  0.02206424  0.01463629  0.01463629  0.02206424  
96_5_0     0.00000000  0.02956737  0.00000000  0.00000000  0.02206424  0.01463629  0.01463629  0.01463629  0.01463629  0.00000000  0.00000000  0.00000000  0.00000000  0.00000000  0.00000000  0.00728202  0.00728202  0.02956737  0.00000000  0.03714722  0.03714722  0.01463629  0.02956737  0.02206424  0.01463629  0.01463629  0.02206424  
95_5_0     0.00000000  0.02956737  0.00000000  0.00000000  0.02206424  0.01463629  0.01463629  0.01463629  0.01463629  0.00000000  0.00000000  0.00000000  0.00000000  0.00000000  0.00000000  0.00728202  0.00728202  0.02956737  0.00000000  0.03714722  0.03714722  0.01463629  0.02956737  0.02206424  0.01463629  0.01463629  0.02206424  
99_5_0     0.00000000  0.02956737  0.00000000  0.00000000  0.02206424  0.01463629  0.01463629  0.01463629  0.01463629  0.00000000  0.00000000  0.00000000  0.00000000  0.00000000  0.00000000  0.00728202  0.00728202  0.02956737  0.00000000  0.03714722  0.03714722  0.01463629  0.02956737  0.02206424  0.01463629  0.01463629  0.02206424  
94_5_0     0.00000000  0.02956737  0.00000000  0.00000000  0.02206424  0.01463629  0.01463629  0.01463629  0.01463629  0.00000000  0.00000000  0.00000000  0.00000000  0.00000000  0.00000000  0.00728202  0.00728202  0.02956737  0.00000000  0.03714722  0.03714722  0.01463629  0.02956737  0.02206424  0.01463629  0.01463629  0.02206424  
98_5_0     0.00000000  0.02956737  0.00000000  0.00000000  0.02206424  0.01463629  0.01463629  0.01463629  0.01463629  0.00000000  0.00000000  0.00000000  0.00000000  0.00000000  0.00000000  0.00728202  0.00728202  0.02956737  0.00000000  0.03714722  0.03714722  0.01463629  0.02956737  0.02206424  0.01463629  0.01463629  0.02206424  
93_10_0    0.00728202  0.03714722  0.00728202  0.00728202  0.02206424  0.01463629  0.01463629  0.01463629  0.01463629  0.00728202  0.00728202  0.00728202  0.00728202  0.00728202  0.00728202  0.00000000  0.00000000  0.03714722  0.00728202  0.03714722  0.03714722  0.02206424  0.02956737  0.02206424  0.01463629  0.02206424  0.02956737  
93_11_0    0.00728202  0.03714722  0.00728202  0.00728202  0.02206424  0.01463629  0.01463629  0.01463629  0.01463629  0.00728202  0.00728202  0.00728202  0.00728202  0.00728202  0.00728202  0.00000000  0.00000000  0.03714722  0.00728202  0.03714722  0.03714722  0.02206424  0.02956737  0.02206424  0.01463629  0.02206424  0.02956737  
93_5_0     0.02956737  0.02956737  0.02956737  0.02956737  0.03714722  0.03714722  0.03714722  0.03714722  0.03714722  0.02956737  0.02956737  0.02956737  0.02956737  0.02956737  0.02956737  0.03714722  0.03714722  0.00000000  0.02956737  0.05254345  0.05254345  0.03714722  0.02956737  0.03714722  0.03714722  0.02956737  0.02956737  
97_5_0     0.00000000  0.02956737  0.00000000  0.00000000  0.02206424  0.01463629  0.01463629  0.01463629  0.01463629  0.00000000  0.00000000  0.00000000  0.00000000  0.00000000  0.00000000  0.00728202  0.00728202  0.02956737  0.00000000  0.03714722  0.03714722  0.01463629  0.02956737  0.02206424  0.01463629  0.01463629  0.02206424  
100_5_0    0.03714722  0.03714722  0.03714722  0.03714722  0.01463629  0.02206424  0.02206424  0.02206424  0.02206424  0.03714722  0.03714722  0.03714722  0.03714722  0.03714722  0.03714722  0.03714722  0.03714722  0.05254345  0.03714722  0.00000000  0.00000000  0.03714722  0.05254345  0.04480537  0.02956737  0.05254345  0.04480537  
100_14_0   0.03714722  0.03714722  0.03714722  0.03714722  0.01463629  0.02206424  0.02206424  0.02206424  0.02206424  0.03714722  0.03714722  0.03714722  0.03714722  0.03714722  0.03714722  0.03714722  0.03714722  0.05254345  0.03714722  0.00000000  0.00000000  0.03714722  0.05254345  0.04480537  0.02956737  0.05254345  0.04480537  
97_16_0    0.01463629  0.01463629  0.01463629  0.01463629  0.02206424  0.01463629  0.01463629  0.01463629  0.01463629  0.01463629  0.01463629  0.01463629  0.01463629  0.01463629  0.01463629  0.02206424  0.02206424  0.03714722  0.01463629  0.03714722  0.03714722  0.00000000  0.04480537  0.03714722  0.02956737  0.01463629  0.00728202  
100_15_0   0.02956737  0.03714722  0.02956737  0.02956737  0.03714722  0.03714722  0.03714722  0.03714722  0.03714722  0.02956737  0.02956737  0.02956737  0.02956737  0.02956737  0.02956737  0.02956737  0.02956737  0.02956737  0.02956737  0.05254345  0.05254345  0.04480537  0.00000000  0.02956737  0.02206424  0.04480537  0.05254345  
93_4_0     0.02206424  0.05254345  0.02206424  0.02206424  0.02956737  0.02206424  0.02206424  0.02206424  0.02206424  0.02206424  0.02206424  0.02206424  0.02206424  0.02206424  0.02206424  0.02206424  0.02206424  0.03714722  0.02206424  0.04480537  0.04480537  0.03714722  0.02956737  0.00000000  0.02956737  0.02206424  0.02956737  
93_6_0     0.01463629  0.02956737  0.01463629  0.01463629  0.01463629  0.02206424  0.02206424  0.02206424  0.02206424  0.01463629  0.01463629  0.01463629  0.01463629  0.01463629  0.01463629  0.01463629  0.01463629  0.03714722  0.01463629  0.02956737  0.02956737  0.02956737  0.02206424  0.02956737  0.00000000  0.02956737  0.03714722  
59_0_0     0.01463629  0.02956737  0.01463629  0.01463629  0.03714722  0.02956737  0.02956737  0.02956737  0.02956737  0.01463629  0.01463629  0.01463629  0.01463629  0.01463629  0.01463629  0.02206424  0.02206424  0.02956737  0.01463629  0.05254345  0.05254345  0.01463629  0.04480537  0.02206424  0.02956737  0.00000000  0.00728202  
63_0_0     0.02206424  0.02206424  0.02206424  0.02206424  0.02956737  0.02206424  0.02206424  0.02206424  0.02206424  0.02206424  0.02206424  0.02206424  0.02206424  0.02206424  0.02206424  0.02956737  0.02956737  0.02956737  0.02206424  0.04480537  0.04480537  0.00728202  0.05254345  0.02956737  0.03714722  0.00728202  0.00000000  

