20
13_0_0     0.00000000  0.03497195  0.06634403  0.07710877  0.07710877  0.06102070  0.44250628  0.42482065  0.39907155  0.41613617  0.41613617  0.41613617  0.46986622  0.43360983  0.44250628  0.45151265  0.44250628  0.46063168  0.45151265  0.48869384  
3_0_0      0.03497195  0.00000000  0.02987206  0.06102070  0.06102070  0.06634403  0.46063168  0.40755393  0.42482065  0.44250628  0.44250628  0.44250628  0.48869384  0.42482065  0.44250628  0.44250628  0.44250628  0.42482065  0.42482065  0.51787965  
6_0_0      0.06634403  0.02987206  0.00000000  0.08803484  0.08803484  0.09355991  0.47921925  0.43360983  0.44250628  0.44250628  0.44250628  0.44250628  0.50802064  0.44250628  0.48869384  0.48869384  0.48869384  0.46986622  0.43360983  0.50802064  
2_0_0      0.07710877  0.06102070  0.08803484  0.00000000  0.00000000  0.04010777  0.45151265  0.39907155  0.40755393  0.42482065  0.42482065  0.42482065  0.47921925  0.42482065  0.44250628  0.45151265  0.44250628  0.46063168  0.46063168  0.50802064  
14_0_0     0.07710877  0.06102070  0.08803484  0.00000000  0.00000000  0.04010777  0.45151265  0.39907155  0.40755393  0.42482065  0.42482065  0.42482065  0.47921925  0.42482065  0.44250628  0.45151265  0.44250628  0.46063168  0.46063168  0.50802064  
11_0_0     0.06102070  0.06634403  0.09355991  0.04010777  0.04010777  0.00000000  0.45151265  0.39068674  0.39068674  0.40755393  0.40755393  0.40755393  0.47921925  0.43360983  0.39907155  0.42482065  0.39907155  0.41613617  0.45151265  0.50802064  
4_0_0      0.44250628  0.46063168  0.47921925  0.45151265  0.45151265  0.45151265  0.00000000  0.18189277  0.15124370  0.13933600  0.13933600  0.13933600  0.20737499  0.21388720  0.61317991  0.60195455  0.61317991  0.63616290  0.61317991  0.60195455  
12_0_0     0.42482065  0.40755393  0.43360983  0.39907155  0.39907155  0.39068674  0.18189277  0.00000000  0.10473728  0.10473728  0.10473728  0.10473728  0.21388720  0.16947809  0.60195455  0.60195455  0.59089942  0.54828285  0.55870571  0.59089942  
1_0_0      0.39907155  0.42482065  0.44250628  0.40755393  0.40755393  0.39068674  0.15124370  0.10473728  0.00000000  0.00982197  0.00982197  0.00982197  0.16947809  0.15727129  0.56927976  0.60195455  0.56927976  0.58000945  0.56927976  0.58000945  
7_0_0      0.41613617  0.44250628  0.44250628  0.42482065  0.42482065  0.40755393  0.13933600  0.10473728  0.00982197  0.00000000  0.00000000  0.00000000  0.15727129  0.15727129  0.58000945  0.61317991  0.58000945  0.59089942  0.58000945  0.56927976  
10_0_0     0.41613617  0.44250628  0.44250628  0.42482065  0.42482065  0.40755393  0.13933600  0.10473728  0.00982197  0.00000000  0.00000000  0.00000000  0.15727129  0.15727129  0.58000945  0.61317991  0.58000945  0.59089942  0.58000945  0.56927976  
5_0_0      0.41613617  0.44250628  0.44250628  0.42482065  0.42482065  0.40755393  0.13933600  0.10473728  0.00982197  0.00000000  0.00000000  0.00000000  0.15727129  0.15727129  0.58000945  0.61317991  0.58000945  0.59089942  0.58000945  0.56927976  
8_0_0      0.46986622  0.48869384  0.50802064  0.47921925  0.47921925  0.47921925  0.20737499  0.21388720  0.16947809  0.15727129  0.15727129  0.15727129  0.00000000  0.16334914  0.55870571  0.58000945  0.55870571  0.56927976  0.59089942  0.56927976  
9_0_0      0.43360983  0.42482065  0.44250628  0.42482065  0.42482065  0.43360983  0.21388720  0.16947809  0.15727129  0.15727129  0.15727129  0.15727129  0.16334914  0.00000000  0.60195455  0.62458084  0.60195455  0.59089942  0.58000945  0.55870571  
18_0_0     0.44250628  0.44250628  0.48869384  0.44250628  0.44250628  0.39907155  0.61317991  0.60195455  0.56927976  0.58000945  0.58000945  0.58000945  0.55870571  0.60195455  0.00000000  0.03497195  0.00489444  0.02987206  0.14526554  0.18818030  
19_0_0     0.45151265  0.44250628  0.48869384  0.45151265  0.45151265  0.42482065  0.60195455  0.60195455  0.60195455  0.61317991  0.61317991  0.61317991  0.58000945  0.62458084  0.03497195  0.00000000  0.02987206  0.04010777  0.14526554  0.19452254  
17_0_0     0.44250628  0.44250628  0.48869384  0.44250628  0.44250628  0.39907155  0.61317991  0.59089942  0.56927976  0.58000945  0.58000945  0.58000945  0.55870571  0.60195455  0.00489444  0.02987206  0.00000000  0.02480760  0.13933600  0.18818030  
15_0_0     0.46063168  0.42482065  0.46986622  0.46063168  0.46063168  0.41613617  0.63616290  0.54828285  0.58000945  0.59089942  0.59089942  0.59089942  0.56927976  0.59089942  0.02987206  0.04010777  0.02480760  0.00000000  0.14526554  0.18189277  
20_0_0     0.45151265  0.42482065  0.43360983  0.46063168  0.46063168  0.45151265  0.61317991  0.55870571  0.56927976  0.58000945  0.58000945  0.58000945  0.59089942  0.58000945  0.14526554  0.14526554  0.13933600  0.14526554  0.00000000  0.16334914  
16_0_0     0.48869384  0.51787965  0.50802064  0.50802064  0.50802064  0.50802064  0.60195455  0.59089942  0.58000945  0.56927976  0.56927976  0.56927976  0.56927976  0.55870571  0.18818030  0.19452254  0.18818030  0.18189277  0.16334914  0.00000000  

