46
33_0_0     0.00000000  0.20227628  0.18826914  0.16104276  0.58461187  0.57271688  0.53816167  0.60900487  0.58461187  0.28457189  0.35090751  0.28457189  0.40498082  0.27669162  0.23113096  0.38650388  0.37743932  0.45334851  0.44341294  0.36848689  0.38650388  0.35964383  0.27669162  0.26889622  0.37743932  0.21655984  0.20938283  0.30874093  0.34227538  0.36848689  0.30059458  0.29253890  0.29253890  0.28457189  0.26889622  0.27669162  0.26889622  0.30059458  0.25355286  0.28457189  0.27669162  0.27669162  0.29253890  0.28457189  0.26118389  0.53816167  
4_0_0      0.20227628  0.00000000  0.01077499  0.30059458  0.66040488  0.66040488  0.62151674  0.67384618  0.62151674  0.37743932  0.39568339  0.35964383  0.44341294  0.40498082  0.35090751  0.45334851  0.44341294  0.44341294  0.51600863  0.50518128  0.46342236  0.43361191  0.35090751  0.37743932  0.35964383  0.30874093  0.30059458  0.39568339  0.37743932  0.42394183  0.34227538  0.31698001  0.31698001  0.30874093  0.29253890  0.31698001  0.32531396  0.34227538  0.32531396  0.29253890  0.30059458  0.30059458  0.30059458  0.29253890  0.30059458  0.56101421  
17_0_0     0.18826914  0.01077499  0.00000000  0.30059458  0.66040488  0.66040488  0.62151674  0.70150162  0.64720865  0.37743932  0.39568339  0.35964383  0.44341294  0.38650388  0.33374499  0.43361191  0.42394183  0.42394183  0.49451352  0.48400071  0.44341294  0.41439924  0.33374499  0.35964383  0.37743932  0.29253890  0.28457189  0.39568339  0.39568339  0.40498082  0.32531396  0.31698001  0.31698001  0.30874093  0.29253890  0.31698001  0.32531396  0.34227538  0.30874093  0.27669162  0.28457189  0.28457189  0.28457189  0.27669162  0.28457189  0.58461187  
32_0_0     0.16104276  0.30059458  0.30059458  0.00000000  0.62151674  0.63424870  0.62151674  0.59670561  0.64720865  0.32531396  0.35964383  0.32531396  0.49451352  0.40498082  0.36848689  0.48400071  0.47363840  0.56101421  0.52700040  0.40498082  0.44341294  0.41439924  0.36848689  0.38650388  0.46342236  0.30874093  0.30059458  0.35964383  0.39568339  0.43361191  0.32531396  0.27669162  0.27669162  0.28457189  0.30059458  0.27669162  0.28457189  0.30059458  0.30059458  0.35090751  0.34227538  0.34227538  0.35964383  0.33374499  0.32531396  0.51600863  
9_0_0      0.58461187  0.66040488  0.66040488  0.62151674  0.00000000  0.02724434  0.04980314  0.03843586  0.03843586  0.63424870  0.62151674  0.60900487  0.66040488  0.68754182  0.62151674  0.63424870  0.64720865  0.67384618  0.62151674  0.60900487  0.68754182  0.64720865  0.60900487  0.66040488  0.63424870  0.52700040  0.53816167  0.53816167  0.58461187  0.64720865  0.57271688  0.50518128  0.50518128  0.51600863  0.53816167  0.52700040  0.51600863  0.51600863  0.49451352  0.50518128  0.51600863  0.51600863  0.47363840  0.52700040  0.53816167  0.68754182  
11_0_0     0.57271688  0.66040488  0.66040488  0.63424870  0.02724434  0.00000000  0.06719596  0.05555443  0.05555443  0.67384618  0.66040488  0.64720865  0.66040488  0.68754182  0.62151674  0.64720865  0.66040488  0.68754182  0.63424870  0.59670561  0.66040488  0.62151674  0.60900487  0.66040488  0.64720865  0.53816167  0.54949776  0.52700040  0.59670561  0.64720865  0.60900487  0.51600863  0.51600863  0.52700040  0.54949776  0.53816167  0.52700040  0.52700040  0.50518128  0.51600863  0.52700040  0.52700040  0.50518128  0.53816167  0.54949776  0.73025586  
40_0_0     0.53816167  0.62151674  0.62151674  0.62151674  0.04980314  0.06719596  0.00000000  0.05555443  0.04409718  0.58461187  0.59670561  0.58461187  0.67384618  0.60900487  0.57271688  0.68754182  0.70150162  0.70150162  0.67384618  0.58461187  0.64720865  0.63424870  0.56101421  0.60900487  0.56101421  0.48400071  0.49451352  0.51600863  0.58461187  0.68754182  0.54949776  0.54949776  0.54949776  0.49451352  0.52700040  0.52700040  0.51600863  0.53816167  0.49451352  0.48400071  0.49451352  0.49451352  0.45334851  0.50518128  0.51600863  0.66040488  
52_0_0     0.60900487  0.67384618  0.70150162  0.59670561  0.03843586  0.05555443  0.05555443  0.00000000  0.03281847  0.63424870  0.62151674  0.63424870  0.70150162  0.68754182  0.62151674  0.63424870  0.64720865  0.67384618  0.64720865  0.58461187  0.70150162  0.68754182  0.63424870  0.66040488  0.63424870  0.52700040  0.53816167  0.56101421  0.56101421  0.63424870  0.57271688  0.48400071  0.48400071  0.47363840  0.51600863  0.48400071  0.47363840  0.49451352  0.49451352  0.52700040  0.53816167  0.53816167  0.49451352  0.54949776  0.56101421  0.67384618  
55_0_0     0.58461187  0.62151674  0.64720865  0.64720865  0.03843586  0.05555443  0.04409718  0.03281847  0.00000000  0.62151674  0.60900487  0.59670561  0.66040488  0.67384618  0.60900487  0.64720865  0.66040488  0.68754182  0.66040488  0.59670561  0.66040488  0.64720865  0.59670561  0.64720865  0.57271688  0.52700040  0.53816167  0.56101421  0.58461187  0.68754182  0.57271688  0.52700040  0.52700040  0.51600863  0.51600863  0.50518128  0.49451352  0.51600863  0.49451352  0.50518128  0.51600863  0.51600863  0.47363840  0.52700040  0.53816167  0.70150162  
41_0_0     0.28457189  0.37743932  0.37743932  0.32531396  0.63424870  0.67384618  0.58461187  0.63424870  0.62151674  0.00000000  0.09714630  0.07902780  0.30059458  0.18826914  0.14780423  0.30874093  0.30059458  0.34227538  0.35964383  0.23113096  0.28457189  0.27669162  0.13480350  0.14780423  0.21655984  0.18136593  0.18136593  0.30874093  0.33374499  0.30059458  0.24600146  0.21655984  0.21655984  0.26118389  0.25355286  0.24600146  0.24600146  0.23852802  0.25355286  0.22380873  0.21655984  0.21655984  0.26118389  0.23852802  0.20227628  0.60900487  
43_0_0     0.35090751  0.39568339  0.39568339  0.35964383  0.62151674  0.66040488  0.59670561  0.62151674  0.60900487  0.09714630  0.00000000  0.15439323  0.31698001  0.23852802  0.21655984  0.31698001  0.30874093  0.35090751  0.37743932  0.27669162  0.31698001  0.31698001  0.18826914  0.21655984  0.26889622  0.25355286  0.25355286  0.34227538  0.35090751  0.33374499  0.29253890  0.26118389  0.26118389  0.29253890  0.28457189  0.29253890  0.29253890  0.28457189  0.27669162  0.23113096  0.23852802  0.23852802  0.26889622  0.26118389  0.23852802  0.66040488  
49_0_0     0.28457189  0.35964383  0.35964383  0.32531396  0.60900487  0.64720865  0.58461187  0.63424870  0.59670561  0.07902780  0.15439323  0.00000000  0.28457189  0.17452794  0.13480350  0.29253890  0.28457189  0.30874093  0.34227538  0.27669162  0.32531396  0.31698001  0.12203217  0.15439323  0.26118389  0.18136593  0.18136593  0.30874093  0.30059458  0.25355286  0.23852802  0.21655984  0.21655984  0.26118389  0.26118389  0.24600146  0.24600146  0.23852802  0.25355286  0.20938283  0.20227628  0.20227628  0.24600146  0.22380873  0.20227628  0.57271688  
34_0_0     0.40498082  0.44341294  0.44341294  0.49451352  0.66040488  0.66040488  0.67384618  0.70150162  0.66040488  0.30059458  0.31698001  0.28457189  0.00000000  0.32531396  0.29253890  0.39568339  0.38650388  0.43361191  0.45334851  0.34227538  0.35090751  0.34227538  0.26118389  0.29253890  0.44341294  0.32531396  0.32531396  0.45334851  0.46342236  0.41439924  0.35090751  0.34227538  0.34227538  0.35964383  0.34227538  0.33374499  0.33374499  0.33374499  0.34227538  0.30874093  0.31698001  0.31698001  0.39568339  0.30874093  0.31698001  0.63424870  
37_1_0     0.27669162  0.40498082  0.38650388  0.40498082  0.68754182  0.68754182  0.60900487  0.68754182  0.67384618  0.18826914  0.23852802  0.17452794  0.32531396  0.00000000  0.05555443  0.28457189  0.27669162  0.30059458  0.35090751  0.27669162  0.26889622  0.30059458  0.07902780  0.07308770  0.26118389  0.23113096  0.21655984  0.38650388  0.39568339  0.30059458  0.28457189  0.30059458  0.30059458  0.30059458  0.30059458  0.30059458  0.30059458  0.29253890  0.25355286  0.22380873  0.23113096  0.23113096  0.26118389  0.25355286  0.23113096  0.62151674  
31_1_0     0.23113096  0.35090751  0.33374499  0.36848689  0.62151674  0.62151674  0.57271688  0.62151674  0.60900487  0.14780423  0.21655984  0.13480350  0.29253890  0.05555443  0.00000000  0.24600146  0.23852802  0.27669162  0.31698001  0.23113096  0.27669162  0.30059458  0.05555443  0.03843586  0.23852802  0.17452794  0.16104276  0.35090751  0.34227538  0.26889622  0.26889622  0.26889622  0.26889622  0.28457189  0.26889622  0.26889622  0.26889622  0.26118389  0.23113096  0.20227628  0.20938283  0.20938283  0.23852802  0.21655984  0.20938283  0.60900487  
16_1_0     0.38650388  0.45334851  0.43361191  0.48400071  0.63424870  0.64720865  0.68754182  0.63424870  0.64720865  0.30874093  0.31698001  0.29253890  0.39568339  0.28457189  0.24600146  0.00000000  0.00536745  0.07308770  0.15439323  0.31698001  0.35090751  0.34227538  0.25355286  0.24600146  0.35964383  0.33374499  0.33374499  0.39568339  0.41439924  0.35090751  0.35964383  0.34227538  0.34227538  0.36848689  0.36848689  0.34227538  0.34227538  0.31698001  0.31698001  0.31698001  0.32531396  0.32531396  0.36848689  0.32531396  0.30874093  0.63424870  
10_1_0     0.37743932  0.44341294  0.42394183  0.47363840  0.64720865  0.66040488  0.70150162  0.64720865  0.66040488  0.30059458  0.30874093  0.28457189  0.38650388  0.27669162  0.23852802  0.00536745  0.00000000  0.07902780  0.16104276  0.30874093  0.34227538  0.33374499  0.24600146  0.23852802  0.36848689  0.32531396  0.32531396  0.40498082  0.42394183  0.35964383  0.35090751  0.33374499  0.33374499  0.35964383  0.35964383  0.33374499  0.33374499  0.30874093  0.32531396  0.30874093  0.31698001  0.31698001  0.35964383  0.31698001  0.30059458  0.64720865  
36_1_0     0.45334851  0.44341294  0.42394183  0.56101421  0.67384618  0.68754182  0.70150162  0.67384618  0.68754182  0.34227538  0.35090751  0.30874093  0.43361191  0.30059458  0.27669162  0.07308770  0.07902780  0.00000000  0.12203217  0.37743932  0.37743932  0.36848689  0.28457189  0.27669162  0.41439924  0.36848689  0.38650388  0.45334851  0.47363840  0.35964383  0.34227538  0.30874093  0.30874093  0.33374499  0.33374499  0.30874093  0.30874093  0.31698001  0.31698001  0.30059458  0.30874093  0.30874093  0.35090751  0.30874093  0.30874093  0.71573596  
18_1_0     0.44341294  0.51600863  0.49451352  0.52700040  0.62151674  0.63424870  0.67384618  0.64720865  0.66040488  0.35964383  0.37743932  0.34227538  0.45334851  0.35090751  0.31698001  0.15439323  0.16104276  0.12203217  0.00000000  0.41439924  0.43361191  0.42394183  0.35090751  0.32531396  0.46342236  0.40498082  0.41439924  0.51600863  0.52700040  0.41439924  0.41439924  0.34227538  0.34227538  0.38650388  0.37743932  0.35964383  0.35964383  0.36848689  0.36848689  0.36848689  0.37743932  0.37743932  0.40498082  0.35964383  0.35964383  0.68754182  
10_0_0     0.36848689  0.50518128  0.48400071  0.40498082  0.60900487  0.59670561  0.58461187  0.58461187  0.59670561  0.23113096  0.27669162  0.27669162  0.34227538  0.27669162  0.23113096  0.31698001  0.30874093  0.37743932  0.41439924  0.00000000  0.28457189  0.29253890  0.20227628  0.23852802  0.33374499  0.26118389  0.26118389  0.39568339  0.43361191  0.36848689  0.30874093  0.26889622  0.26889622  0.26889622  0.30059458  0.28457189  0.28457189  0.29253890  0.30874093  0.31698001  0.31698001  0.31698001  0.35090751  0.29253890  0.28457189  0.63424870  
18_0_0     0.38650388  0.46342236  0.44341294  0.44341294  0.68754182  0.66040488  0.64720865  0.70150162  0.66040488  0.28457189  0.31698001  0.32531396  0.35090751  0.26889622  0.27669162  0.35090751  0.34227538  0.37743932  0.43361191  0.28457189  0.00000000  0.02724434  0.24600146  0.26889622  0.35964383  0.30874093  0.30874093  0.39568339  0.46342236  0.38650388  0.37743932  0.42394183  0.42394183  0.40498082  0.40498082  0.40498082  0.40498082  0.37743932  0.35964383  0.31698001  0.31698001  0.31698001  0.33374499  0.30874093  0.30059458  0.70150162  
36_0_0     0.35964383  0.43361191  0.41439924  0.41439924  0.64720865  0.62151674  0.63424870  0.68754182  0.64720865  0.27669162  0.31698001  0.31698001  0.34227538  0.30059458  0.30059458  0.34227538  0.33374499  0.36848689  0.42394183  0.29253890  0.02724434  0.00000000  0.26889622  0.29253890  0.38650388  0.31698001  0.31698001  0.36848689  0.45334851  0.37743932  0.35964383  0.39568339  0.39568339  0.37743932  0.35964383  0.37743932  0.37743932  0.35090751  0.36848689  0.32531396  0.32531396  0.32531396  0.34227538  0.31698001  0.30874093  0.67384618  
37_0_0     0.27669162  0.35090751  0.33374499  0.36848689  0.60900487  0.60900487  0.56101421  0.63424870  0.59670561  0.13480350  0.18826914  0.12203217  0.26118389  0.07902780  0.05555443  0.25355286  0.24600146  0.28457189  0.35090751  0.20227628  0.24600146  0.26889622  0.00000000  0.03843586  0.20938283  0.18826914  0.18826914  0.33374499  0.32531396  0.28457189  0.25355286  0.26889622  0.26889622  0.26889622  0.28457189  0.26889622  0.26889622  0.26118389  0.23113096  0.20227628  0.20938283  0.20938283  0.23852802  0.21655984  0.18136593  0.62151674  
31_0_0     0.26889622  0.37743932  0.35964383  0.38650388  0.66040488  0.66040488  0.60900487  0.66040488  0.64720865  0.14780423  0.21655984  0.15439323  0.29253890  0.07308770  0.03843586  0.24600146  0.23852802  0.27669162  0.32531396  0.23852802  0.26889622  0.29253890  0.03843586  0.00000000  0.23113096  0.20938283  0.20938283  0.35964383  0.36848689  0.29253890  0.27669162  0.27669162  0.27669162  0.29253890  0.27669162  0.27669162  0.27669162  0.26889622  0.23852802  0.22380873  0.23113096  0.23113096  0.26118389  0.23852802  0.20227628  0.63424870  
15_0_0     0.37743932  0.35964383  0.37743932  0.46342236  0.63424870  0.64720865  0.56101421  0.63424870  0.57271688  0.21655984  0.26889622  0.26118389  0.44341294  0.26118389  0.23852802  0.35964383  0.36848689  0.41439924  0.46342236  0.33374499  0.35964383  0.38650388  0.20938283  0.23113096  0.00000000  0.34227538  0.34227538  0.42394183  0.41439924  0.46342236  0.37743932  0.34227538  0.34227538  0.37743932  0.39568339  0.37743932  0.37743932  0.35964383  0.33374499  0.30059458  0.30874093  0.30874093  0.32531396  0.33374499  0.31698001  0.66040488  
46_0_0     0.21655984  0.30874093  0.29253890  0.30874093  0.52700040  0.53816167  0.48400071  0.52700040  0.52700040  0.18136593  0.25355286  0.18136593  0.32531396  0.23113096  0.17452794  0.33374499  0.32531396  0.36848689  0.40498082  0.26118389  0.30874093  0.31698001  0.18826914  0.20938283  0.34227538  0.00000000  0.01077499  0.29253890  0.28457189  0.19523883  0.23852802  0.21655984  0.21655984  0.21655984  0.23113096  0.20227628  0.20938283  0.20938283  0.19523883  0.18136593  0.17452794  0.17452794  0.18826914  0.16775395  0.16104276  0.60900487  
23_0_0     0.20938283  0.30059458  0.28457189  0.30059458  0.53816167  0.54949776  0.49451352  0.53816167  0.53816167  0.18136593  0.25355286  0.18136593  0.32531396  0.21655984  0.16104276  0.33374499  0.32531396  0.38650388  0.41439924  0.26118389  0.30874093  0.31698001  0.18826914  0.20938283  0.34227538  0.01077499  0.00000000  0.29253890  0.28457189  0.20227628  0.23852802  0.21655984  0.21655984  0.21655984  0.21655984  0.20227628  0.20938283  0.20938283  0.19523883  0.18136593  0.17452794  0.17452794  0.18826914  0.16775395  0.16104276  0.58461187  
53_0_0     0.30874093  0.39568339  0.39568339  0.35964383  0.53816167  0.52700040  0.51600863  0.56101421  0.56101421  0.30874093  0.34227538  0.30874093  0.45334851  0.38650388  0.35090751  0.39568339  0.40498082  0.45334851  0.51600863  0.39568339  0.39568339  0.36848689  0.33374499  0.35964383  0.42394183  0.29253890  0.29253890  0.00000000  0.16775395  0.30059458  0.30874093  0.30059458  0.30059458  0.28457189  0.29253890  0.31698001  0.32531396  0.27669162  0.29253890  0.27669162  0.26889622  0.26889622  0.27669162  0.27669162  0.26889622  0.46342236  
27_0_0     0.34227538  0.37743932  0.39568339  0.39568339  0.58461187  0.59670561  0.58461187  0.56101421  0.58461187  0.33374499  0.35090751  0.30059458  0.46342236  0.39568339  0.34227538  0.41439924  0.42394183  0.47363840  0.52700040  0.43361191  0.46342236  0.45334851  0.32531396  0.36848689  0.41439924  0.28457189  0.28457189  0.16775395  0.00000000  0.30874093  0.35964383  0.36848689  0.36848689  0.35090751  0.37743932  0.36848689  0.37743932  0.35964383  0.35964383  0.34227538  0.33374499  0.33374499  0.30059458  0.35964383  0.33374499  0.57271688  
8_0_0      0.36848689  0.42394183  0.40498082  0.43361191  0.64720865  0.64720865  0.68754182  0.63424870  0.68754182  0.30059458  0.33374499  0.25355286  0.41439924  0.30059458  0.26889622  0.35090751  0.35964383  0.35964383  0.41439924  0.36848689  0.38650388  0.37743932  0.28457189  0.29253890  0.46342236  0.19523883  0.20227628  0.30059458  0.30874093  0.00000000  0.31698001  0.28457189  0.28457189  0.29253890  0.27669162  0.30059458  0.30874093  0.29253890  0.27669162  0.23113096  0.22380873  0.22380873  0.26889622  0.24600146  0.22380873  0.64720865  
44_0_0     0.30059458  0.34227538  0.32531396  0.32531396  0.57271688  0.60900487  0.54949776  0.57271688  0.57271688  0.24600146  0.29253890  0.23852802  0.35090751  0.28457189  0.26889622  0.35964383  0.35090751  0.34227538  0.41439924  0.30874093  0.37743932  0.35964383  0.25355286  0.27669162  0.37743932  0.23852802  0.23852802  0.30874093  0.35964383  0.31698001  0.00000000  0.12203217  0.12203217  0.13480350  0.16104276  0.09714630  0.10328802  0.10328802  0.10328802  0.11573003  0.10948229  0.10948229  0.13480350  0.10328802  0.12203217  0.56101421  
45_0_0     0.29253890  0.31698001  0.31698001  0.27669162  0.50518128  0.51600863  0.54949776  0.48400071  0.52700040  0.21655984  0.26118389  0.21655984  0.34227538  0.30059458  0.26889622  0.34227538  0.33374499  0.30874093  0.34227538  0.26889622  0.42394183  0.39568339  0.26889622  0.27669162  0.34227538  0.21655984  0.21655984  0.30059458  0.36848689  0.28457189  0.12203217  0.00000000  0.00000000  0.07902780  0.09105627  0.04409718  0.04980314  0.06135179  0.07308770  0.09714630  0.09105627  0.09105627  0.12838967  0.08501705  0.10328802  0.49451352  
56_0_0     0.29253890  0.31698001  0.31698001  0.27669162  0.50518128  0.51600863  0.54949776  0.48400071  0.52700040  0.21655984  0.26118389  0.21655984  0.34227538  0.30059458  0.26889622  0.34227538  0.33374499  0.30874093  0.34227538  0.26889622  0.42394183  0.39568339  0.26889622  0.27669162  0.34227538  0.21655984  0.21655984  0.30059458  0.36848689  0.28457189  0.12203217  0.00000000  0.00000000  0.07902780  0.09105627  0.04409718  0.04980314  0.06135179  0.07308770  0.09714630  0.09105627  0.09105627  0.12838967  0.08501705  0.10328802  0.49451352  
42_0_0     0.28457189  0.30874093  0.30874093  0.28457189  0.51600863  0.52700040  0.49451352  0.47363840  0.51600863  0.26118389  0.29253890  0.26118389  0.35964383  0.30059458  0.28457189  0.36848689  0.35964383  0.33374499  0.38650388  0.26889622  0.40498082  0.37743932  0.26889622  0.29253890  0.37743932  0.21655984  0.21655984  0.28457189  0.35090751  0.29253890  0.13480350  0.07902780  0.07902780  0.00000000  0.06719596  0.06719596  0.07308770  0.09714630  0.10948229  0.12203217  0.11573003  0.11573003  0.14127468  0.10948229  0.12838967  0.52700040  
42_2_0     0.26889622  0.29253890  0.29253890  0.30059458  0.53816167  0.54949776  0.52700040  0.51600863  0.51600863  0.25355286  0.28457189  0.26118389  0.34227538  0.30059458  0.26889622  0.36848689  0.35964383  0.33374499  0.37743932  0.30059458  0.40498082  0.35964383  0.28457189  0.27669162  0.39568339  0.23113096  0.21655984  0.29253890  0.37743932  0.27669162  0.16104276  0.09105627  0.09105627  0.06719596  0.00000000  0.07902780  0.08501705  0.10948229  0.12203217  0.12203217  0.11573003  0.11573003  0.15439323  0.10948229  0.12838967  0.50518128  
50_0_0     0.27669162  0.31698001  0.31698001  0.27669162  0.52700040  0.53816167  0.52700040  0.48400071  0.50518128  0.24600146  0.29253890  0.24600146  0.33374499  0.30059458  0.26889622  0.34227538  0.33374499  0.30874093  0.35964383  0.28457189  0.40498082  0.37743932  0.26889622  0.27669162  0.37743932  0.20227628  0.20227628  0.31698001  0.36848689  0.30059458  0.09714630  0.04409718  0.04409718  0.06719596  0.07902780  0.00000000  0.00536745  0.04980314  0.06135179  0.08501705  0.07902780  0.07902780  0.12838967  0.07308770  0.09105627  0.52700040  
21_0_0     0.26889622  0.32531396  0.32531396  0.28457189  0.51600863  0.52700040  0.51600863  0.47363840  0.49451352  0.24600146  0.29253890  0.24600146  0.33374499  0.30059458  0.26889622  0.34227538  0.33374499  0.30874093  0.35964383  0.28457189  0.40498082  0.37743932  0.26889622  0.27669162  0.37743932  0.20938283  0.20938283  0.32531396  0.37743932  0.30874093  0.10328802  0.04980314  0.04980314  0.07308770  0.08501705  0.00536745  0.00000000  0.05555443  0.06719596  0.09105627  0.08501705  0.08501705  0.13480350  0.07902780  0.09714630  0.51600863  
28_0_0     0.30059458  0.34227538  0.34227538  0.30059458  0.51600863  0.52700040  0.53816167  0.49451352  0.51600863  0.23852802  0.28457189  0.23852802  0.33374499  0.29253890  0.26118389  0.31698001  0.30874093  0.31698001  0.36848689  0.29253890  0.37743932  0.35090751  0.26118389  0.26889622  0.35964383  0.20938283  0.20938283  0.27669162  0.35964383  0.29253890  0.10328802  0.06135179  0.06135179  0.09714630  0.10948229  0.04980314  0.05555443  0.00000000  0.06719596  0.09105627  0.08501705  0.08501705  0.12203217  0.07902780  0.08501705  0.50518128  
20_0_0     0.25355286  0.32531396  0.30874093  0.30059458  0.49451352  0.50518128  0.49451352  0.49451352  0.49451352  0.25355286  0.27669162  0.25355286  0.34227538  0.25355286  0.23113096  0.31698001  0.32531396  0.31698001  0.36848689  0.30874093  0.35964383  0.36848689  0.23113096  0.23852802  0.33374499  0.19523883  0.19523883  0.29253890  0.35964383  0.27669162  0.10328802  0.07308770  0.07308770  0.10948229  0.12203217  0.06135179  0.06719596  0.06719596  0.00000000  0.05555443  0.04980314  0.04980314  0.09714630  0.04409718  0.06135179  0.52700040  
25_0_0     0.28457189  0.29253890  0.27669162  0.35090751  0.50518128  0.51600863  0.48400071  0.52700040  0.50518128  0.22380873  0.23113096  0.20938283  0.30874093  0.22380873  0.20227628  0.31698001  0.30874093  0.30059458  0.36848689  0.31698001  0.31698001  0.32531396  0.20227628  0.22380873  0.30059458  0.18136593  0.18136593  0.27669162  0.34227538  0.23113096  0.11573003  0.09714630  0.09714630  0.12203217  0.12203217  0.08501705  0.09105627  0.09105627  0.05555443  0.00000000  0.00536745  0.00536745  0.06135179  0.02171282  0.03843586  0.54949776  
7_0_0      0.27669162  0.30059458  0.28457189  0.34227538  0.51600863  0.52700040  0.49451352  0.53816167  0.51600863  0.21655984  0.23852802  0.20227628  0.31698001  0.23113096  0.20938283  0.32531396  0.31698001  0.30874093  0.37743932  0.31698001  0.31698001  0.32531396  0.20938283  0.23113096  0.30874093  0.17452794  0.17452794  0.26889622  0.33374499  0.22380873  0.10948229  0.09105627  0.09105627  0.11573003  0.11573003  0.07902780  0.08501705  0.08501705  0.04980314  0.00536745  0.00000000  0.00000000  0.05555443  0.01622324  0.03281847  0.56101421  
38_0_0     0.27669162  0.30059458  0.28457189  0.34227538  0.51600863  0.52700040  0.49451352  0.53816167  0.51600863  0.21655984  0.23852802  0.20227628  0.31698001  0.23113096  0.20938283  0.32531396  0.31698001  0.30874093  0.37743932  0.31698001  0.31698001  0.32531396  0.20938283  0.23113096  0.30874093  0.17452794  0.17452794  0.26889622  0.33374499  0.22380873  0.10948229  0.09105627  0.09105627  0.11573003  0.11573003  0.07902780  0.08501705  0.08501705  0.04980314  0.00536745  0.00000000  0.00000000  0.05555443  0.01622324  0.03281847  0.56101421  
12_0_0     0.29253890  0.30059458  0.28457189  0.35964383  0.47363840  0.50518128  0.45334851  0.49451352  0.47363840  0.26118389  0.26889622  0.24600146  0.39568339  0.26118389  0.23852802  0.36848689  0.35964383  0.35090751  0.40498082  0.35090751  0.33374499  0.34227538  0.23852802  0.26118389  0.32531396  0.18826914  0.18826914  0.27669162  0.30059458  0.26889622  0.13480350  0.12838967  0.12838967  0.14127468  0.15439323  0.12838967  0.13480350  0.12203217  0.09714630  0.06135179  0.05555443  0.05555443  0.00000000  0.06135179  0.07902780  0.56101421  
29_0_0     0.28457189  0.29253890  0.27669162  0.33374499  0.52700040  0.53816167  0.50518128  0.54949776  0.52700040  0.23852802  0.26118389  0.22380873  0.30874093  0.25355286  0.21655984  0.32531396  0.31698001  0.30874093  0.35964383  0.29253890  0.30874093  0.31698001  0.21655984  0.23852802  0.33374499  0.16775395  0.16775395  0.27669162  0.35964383  0.24600146  0.10328802  0.08501705  0.08501705  0.10948229  0.10948229  0.07308770  0.07902780  0.07902780  0.04409718  0.02171282  0.01622324  0.01622324  0.06135179  0.00000000  0.02724434  0.54949776  
47_0_0     0.26118389  0.30059458  0.28457189  0.32531396  0.53816167  0.54949776  0.51600863  0.56101421  0.53816167  0.20227628  0.23852802  0.20227628  0.31698001  0.23113096  0.20938283  0.30874093  0.30059458  0.30874093  0.35964383  0.28457189  0.30059458  0.30874093  0.18136593  0.20227628  0.31698001  0.16104276  0.16104276  0.26889622  0.33374499  0.22380873  0.12203217  0.10328802  0.10328802  0.12838967  0.12838967  0.09105627  0.09714630  0.08501705  0.06135179  0.03843586  0.03281847  0.03281847  0.07902780  0.02724434  0.00000000  0.56101421  
1_0_0      0.53816167  0.56101421  0.58461187  0.51600863  0.68754182  0.73025586  0.66040488  0.67384618  0.70150162  0.60900487  0.66040488  0.57271688  0.63424870  0.62151674  0.60900487  0.63424870  0.64720865  0.71573596  0.68754182  0.63424870  0.70150162  0.67384618  0.62151674  0.63424870  0.66040488  0.60900487  0.58461187  0.46342236  0.57271688  0.64720865  0.56101421  0.49451352  0.49451352  0.52700040  0.50518128  0.52700040  0.51600863  0.50518128  0.52700040  0.54949776  0.56101421  0.56101421  0.56101421  0.54949776  0.56101421  0.00000000  

