32
29_0_0     0.00000000  0.00517249  0.05340945  0.05896638  0.05340945  0.08738801  0.08738801  0.08161660  0.08161660  0.08161660  0.22713356  0.26289794  0.24123469  0.17977427  0.24838625  0.27026079  0.24838625  0.24838625  0.24123469  0.24123469  0.28520766  0.27026079  0.19300217  0.21329347  0.25560689  0.21329347  0.20646833  0.22713356  0.20646833  0.19970494  0.21329347  0.22018149  
29_4_0     0.00517249  0.00000000  0.05896638  0.06456493  0.05896638  0.09320433  0.09320433  0.08738801  0.08738801  0.08738801  0.22018149  0.27026079  0.24838625  0.17324706  0.24123469  0.26289794  0.25560689  0.24123469  0.23415088  0.23415088  0.29279466  0.27769687  0.19970494  0.22018149  0.24838625  0.20646833  0.19970494  0.22018149  0.19970494  0.19300217  0.20646833  0.21329347  
5_0_0      0.05340945  0.05896638  0.00000000  0.00517249  0.00000000  0.07588939  0.07588939  0.08161660  0.05896638  0.04789351  0.21329347  0.24838625  0.24123469  0.16677633  0.24123469  0.24838625  0.23415088  0.23415088  0.24123469  0.24123469  0.28520766  0.27026079  0.19300217  0.21329347  0.24838625  0.22018149  0.21329347  0.22018149  0.21329347  0.20646833  0.22018149  0.25560689  
32_0_0     0.05896638  0.06456493  0.00517249  0.00000000  0.00517249  0.08161660  0.08161660  0.08738801  0.05340945  0.05340945  0.22018149  0.25560689  0.24838625  0.17324706  0.23415088  0.25560689  0.24123469  0.24123469  0.24838625  0.24838625  0.29279466  0.27769687  0.18635897  0.20646833  0.25560689  0.22713356  0.22018149  0.22713356  0.22018149  0.21329347  0.22713356  0.26289794  
13_0_0     0.05340945  0.05896638  0.00000000  0.00517249  0.00000000  0.07588939  0.07588939  0.08161660  0.05896638  0.04789351  0.21329347  0.24838625  0.24123469  0.16677633  0.24123469  0.24838625  0.23415088  0.23415088  0.24123469  0.24123469  0.28520766  0.27026079  0.19300217  0.21329347  0.24838625  0.22018149  0.21329347  0.22018149  0.21329347  0.20646833  0.22018149  0.25560689  
10_0_0     0.08738801  0.09320433  0.07588939  0.08161660  0.07588939  0.00000000  0.00000000  0.05896638  0.04789351  0.04789351  0.22713356  0.26289794  0.24838625  0.19970494  0.27026079  0.29279466  0.27769687  0.26289794  0.25560689  0.25560689  0.27769687  0.32393685  0.19970494  0.22018149  0.30820362  0.26289794  0.25560689  0.26289794  0.27026079  0.26289794  0.27769687  0.24123469  
37_0_0     0.08738801  0.09320433  0.07588939  0.08161660  0.07588939  0.00000000  0.00000000  0.05896638  0.04789351  0.04789351  0.22713356  0.26289794  0.24838625  0.19970494  0.27026079  0.29279466  0.27769687  0.26289794  0.25560689  0.25560689  0.27769687  0.32393685  0.19970494  0.22018149  0.30820362  0.26289794  0.25560689  0.26289794  0.27026079  0.26289794  0.27769687  0.24123469  
35_0_0     0.08161660  0.08738801  0.08161660  0.08738801  0.08161660  0.05896638  0.05896638  0.00000000  0.05340945  0.05340945  0.22713356  0.24838625  0.23415088  0.21329347  0.29279466  0.31602885  0.30045945  0.28520766  0.27769687  0.27026079  0.29279466  0.30820362  0.23415088  0.25560689  0.28520766  0.25560689  0.24838625  0.25560689  0.24838625  0.24123469  0.25560689  0.24123469  
38_0_0     0.08161660  0.08738801  0.05896638  0.05340945  0.05896638  0.04789351  0.04789351  0.05340945  0.00000000  0.02090820  0.22713356  0.26289794  0.24838625  0.21329347  0.26289794  0.28520766  0.28520766  0.27026079  0.26289794  0.26289794  0.30045945  0.28520766  0.19970494  0.22018149  0.27026079  0.24123469  0.23415088  0.24123469  0.23415088  0.22713356  0.24123469  0.23415088  
19_0_0     0.08161660  0.08738801  0.04789351  0.05340945  0.04789351  0.04789351  0.04789351  0.05340945  0.02090820  0.00000000  0.22018149  0.25560689  0.24123469  0.21329347  0.26289794  0.27026079  0.27026079  0.25560689  0.24838625  0.24838625  0.30045945  0.27026079  0.21329347  0.23415088  0.27026079  0.24123469  0.23415088  0.24123469  0.23415088  0.22713356  0.24123469  0.23415088  
49_0_0     0.22713356  0.22018149  0.21329347  0.22018149  0.21329347  0.22713356  0.22713356  0.22713356  0.22713356  0.22018149  0.00000000  0.04789351  0.05896638  0.14143934  0.27769687  0.28520766  0.31602885  0.31602885  0.30820362  0.30820362  0.34000830  0.32393685  0.34000830  0.33192939  0.34817545  0.31602885  0.30820362  0.28520766  0.27769687  0.27026079  0.28520766  0.34817545  
30_0_0     0.26289794  0.27026079  0.24838625  0.25560689  0.24838625  0.26289794  0.26289794  0.24838625  0.26289794  0.25560689  0.04789351  0.00000000  0.04241796  0.18635897  0.30045945  0.35643281  0.35643281  0.37322626  0.36478238  0.36478238  0.36478238  0.33192939  0.36478238  0.39040560  0.36478238  0.34817545  0.34000830  0.31602885  0.31602885  0.30820362  0.32393685  0.35643281  
4_0_0      0.24123469  0.24838625  0.24123469  0.24838625  0.24123469  0.24838625  0.24838625  0.23415088  0.24838625  0.24123469  0.05896638  0.04241796  0.00000000  0.17977427  0.30820362  0.33192939  0.34817545  0.34817545  0.34000830  0.34000830  0.35643281  0.31602885  0.33192939  0.35643281  0.32393685  0.32393685  0.31602885  0.30820362  0.29279466  0.28520766  0.30045945  0.34000830  
28_0_0     0.17977427  0.17324706  0.16677633  0.17324706  0.16677633  0.19970494  0.19970494  0.21329347  0.21329347  0.21329347  0.14143934  0.18635897  0.17977427  0.00000000  0.24123469  0.29279466  0.30820362  0.29279466  0.30045945  0.30045945  0.34000830  0.29279466  0.27026079  0.27769687  0.30820362  0.27769687  0.27026079  0.26289794  0.22713356  0.22018149  0.23415088  0.32393685  
3_0_0      0.24838625  0.24123469  0.24123469  0.23415088  0.24123469  0.27026079  0.27026079  0.29279466  0.26289794  0.26289794  0.27769687  0.30045945  0.30820362  0.24123469  0.00000000  0.18635897  0.15400051  0.16677633  0.16036114  0.16036114  0.24838625  0.26289794  0.18635897  0.19300217  0.21329347  0.18635897  0.17977427  0.18635897  0.16677633  0.16036114  0.17324706  0.22713356  
2_0_0      0.27026079  0.26289794  0.24838625  0.25560689  0.24838625  0.29279466  0.29279466  0.31602885  0.28520766  0.27026079  0.28520766  0.35643281  0.33192939  0.29279466  0.18635897  0.00000000  0.08161660  0.07020572  0.08738801  0.08738801  0.24838625  0.19970494  0.24838625  0.25560689  0.25560689  0.19970494  0.19300217  0.19970494  0.17977427  0.18635897  0.19970494  0.22713356  
7_0_0      0.24838625  0.25560689  0.23415088  0.24123469  0.23415088  0.27769687  0.27769687  0.30045945  0.28520766  0.27026079  0.31602885  0.35643281  0.34817545  0.30820362  0.15400051  0.08161660  0.00000000  0.03158573  0.04789351  0.04789351  0.24838625  0.19970494  0.22018149  0.22713356  0.23415088  0.20646833  0.19970494  0.20646833  0.21329347  0.22018149  0.23415088  0.24838625  
43_0_0     0.24838625  0.24123469  0.23415088  0.24123469  0.23415088  0.26289794  0.26289794  0.28520766  0.27026079  0.25560689  0.31602885  0.37322626  0.34817545  0.29279466  0.16677633  0.07020572  0.03158573  0.00000000  0.02622790  0.02622790  0.26289794  0.21329347  0.22018149  0.24123469  0.22018149  0.19300217  0.18635897  0.19300217  0.19970494  0.20646833  0.22018149  0.22018149  
45_0_0     0.24123469  0.23415088  0.24123469  0.24838625  0.24123469  0.25560689  0.25560689  0.27769687  0.26289794  0.24838625  0.30820362  0.36478238  0.34000830  0.30045945  0.16036114  0.08738801  0.04789351  0.02622790  0.00000000  0.01038102  0.25560689  0.20646833  0.21329347  0.23415088  0.21329347  0.18635897  0.17977427  0.17324706  0.19300217  0.19970494  0.21329347  0.21329347  
48_0_0     0.24123469  0.23415088  0.24123469  0.24838625  0.24123469  0.25560689  0.25560689  0.27026079  0.26289794  0.24838625  0.30820362  0.36478238  0.34000830  0.30045945  0.16036114  0.08738801  0.04789351  0.02622790  0.01038102  0.00000000  0.24123469  0.19970494  0.21329347  0.23415088  0.19970494  0.17324706  0.16677633  0.16036114  0.17977427  0.18635897  0.19970494  0.19970494  
1_0_0      0.28520766  0.29279466  0.28520766  0.29279466  0.28520766  0.27769687  0.27769687  0.29279466  0.30045945  0.30045945  0.34000830  0.36478238  0.35643281  0.34000830  0.24838625  0.24838625  0.24838625  0.26289794  0.25560689  0.24123469  0.00000000  0.19300217  0.24838625  0.22713356  0.23415088  0.19300217  0.18635897  0.18635897  0.21329347  0.20646833  0.22018149  0.21329347  
1_1_0      0.27026079  0.27769687  0.27026079  0.27769687  0.27026079  0.32393685  0.32393685  0.30820362  0.28520766  0.27026079  0.32393685  0.33192939  0.31602885  0.29279466  0.26289794  0.19970494  0.19970494  0.21329347  0.20646833  0.19970494  0.19300217  0.00000000  0.23415088  0.22713356  0.21329347  0.19970494  0.19300217  0.21329347  0.19300217  0.18635897  0.19970494  0.22713356  
25_2_0     0.19300217  0.19970494  0.19300217  0.18635897  0.19300217  0.19970494  0.19970494  0.23415088  0.19970494  0.21329347  0.34000830  0.36478238  0.33192939  0.27026079  0.18635897  0.24838625  0.22018149  0.22018149  0.21329347  0.21329347  0.24838625  0.23415088  0.00000000  0.02622790  0.14143934  0.10497449  0.09906625  0.12908573  0.14769355  0.14143934  0.14143934  0.14769355  
25_3_0     0.21329347  0.22018149  0.21329347  0.20646833  0.21329347  0.22018149  0.22018149  0.25560689  0.22018149  0.23415088  0.33192939  0.39040560  0.35643281  0.27769687  0.19300217  0.25560689  0.22713356  0.24123469  0.23415088  0.23415088  0.22713356  0.22713356  0.02622790  0.00000000  0.14769355  0.11092980  0.10497449  0.13523702  0.15400051  0.14769355  0.14769355  0.15400051  
33_0_0     0.25560689  0.24838625  0.24838625  0.25560689  0.24838625  0.30820362  0.30820362  0.28520766  0.27026079  0.27026079  0.34817545  0.36478238  0.32393685  0.30820362  0.21329347  0.25560689  0.23415088  0.22018149  0.21329347  0.19970494  0.23415088  0.21329347  0.14143934  0.14769355  0.00000000  0.05340945  0.04789351  0.07588939  0.08738801  0.08161660  0.08161660  0.12908573  
6_0_0      0.21329347  0.20646833  0.22018149  0.22713356  0.22018149  0.26289794  0.26289794  0.25560689  0.24123469  0.24123469  0.31602885  0.34817545  0.32393685  0.27769687  0.18635897  0.19970494  0.20646833  0.19300217  0.18635897  0.17324706  0.19300217  0.19970494  0.10497449  0.11092980  0.05340945  0.00000000  0.00517249  0.03158573  0.05340945  0.04789351  0.04789351  0.08161660  
24_0_0     0.20646833  0.19970494  0.21329347  0.22018149  0.21329347  0.25560689  0.25560689  0.24838625  0.23415088  0.23415088  0.30820362  0.34000830  0.31602885  0.27026079  0.17977427  0.19300217  0.19970494  0.18635897  0.17977427  0.16677633  0.18635897  0.19300217  0.09906625  0.10497449  0.04789351  0.00517249  0.00000000  0.02622790  0.04789351  0.04241796  0.04241796  0.07588939  
9_0_0      0.22713356  0.22018149  0.22018149  0.22713356  0.22018149  0.26289794  0.26289794  0.25560689  0.24123469  0.24123469  0.28520766  0.31602885  0.30820362  0.26289794  0.18635897  0.19970494  0.20646833  0.19300217  0.17324706  0.16036114  0.18635897  0.21329347  0.12908573  0.13523702  0.07588939  0.03158573  0.02622790  0.00000000  0.06456493  0.05896638  0.05896638  0.09320433  
21_0_0     0.20646833  0.19970494  0.21329347  0.22018149  0.21329347  0.27026079  0.27026079  0.24838625  0.23415088  0.23415088  0.27769687  0.31602885  0.29279466  0.22713356  0.16677633  0.17977427  0.21329347  0.19970494  0.19300217  0.17977427  0.21329347  0.19300217  0.14769355  0.15400051  0.08738801  0.05340945  0.04789351  0.06456493  0.00000000  0.00517249  0.01562608  0.12908573  
40_0_0     0.19970494  0.19300217  0.20646833  0.21329347  0.20646833  0.26289794  0.26289794  0.24123469  0.22713356  0.22713356  0.27026079  0.30820362  0.28520766  0.22018149  0.16036114  0.18635897  0.22018149  0.20646833  0.19970494  0.18635897  0.20646833  0.18635897  0.14143934  0.14769355  0.08161660  0.04789351  0.04241796  0.05896638  0.00517249  0.00000000  0.01038102  0.12298463  
14_0_0     0.21329347  0.20646833  0.22018149  0.22713356  0.22018149  0.27769687  0.27769687  0.25560689  0.24123469  0.24123469  0.28520766  0.32393685  0.30045945  0.23415088  0.17324706  0.19970494  0.23415088  0.22018149  0.21329347  0.19970494  0.22018149  0.19970494  0.14143934  0.14769355  0.08161660  0.04789351  0.04241796  0.05896638  0.01562608  0.01038102  0.00000000  0.12298463  
23_0_0     0.22018149  0.21329347  0.25560689  0.26289794  0.25560689  0.24123469  0.24123469  0.24123469  0.23415088  0.23415088  0.34817545  0.35643281  0.34000830  0.32393685  0.22713356  0.22713356  0.24838625  0.22018149  0.21329347  0.19970494  0.21329347  0.22713356  0.14769355  0.15400051  0.12908573  0.08161660  0.07588939  0.09320433  0.12908573  0.12298463  0.12298463  0.00000000  

