14
92_11_0    0.00000000  0.07254432  0.05370247  0.05992776  0.22848416  0.20509597  0.18992069  0.19746784  0.19746784  0.19746784  0.26926023  0.25266809  0.25266809  0.21280685  
92_9_0     0.07254432  0.00000000  0.09189920  0.09846973  0.24451502  0.19746784  0.18245283  0.23645440  0.22848416  0.25266809  0.25266809  0.23645440  0.25266809  0.24451502  
93_12_0    0.05370247  0.09189920  0.00000000  0.00577048  0.22060229  0.21280685  0.19746784  0.19746784  0.18992069  0.19746784  0.26091575  0.24451502  0.24451502  0.23645440  
99_12_0    0.05992776  0.09846973  0.00577048  0.00000000  0.22060229  0.21280685  0.19746784  0.20509597  0.19746784  0.20509597  0.25266809  0.23645440  0.23645440  0.22848416  
96_2_0     0.22848416  0.24451502  0.22060229  0.22060229  0.00000000  0.19746784  0.19746784  0.36816205  0.35858035  0.34912608  0.36816205  0.34912608  0.36816205  0.33979589  
100_2_0    0.20509597  0.19746784  0.21280685  0.21280685  0.19746784  0.00000000  0.01158819  0.26926023  0.26091575  0.28624892  0.24451502  0.26091575  0.26091575  0.26926023  
97_2_0     0.18992069  0.18245283  0.19746784  0.19746784  0.19746784  0.01158819  0.00000000  0.26926023  0.26091575  0.26926023  0.24451502  0.26091575  0.26091575  0.25266809  
97_8_0     0.19746784  0.23645440  0.19746784  0.20509597  0.36816205  0.26926023  0.26926023  0.00000000  0.00577048  0.03534717  0.30365356  0.30365356  0.30365356  0.26091575  
97_6_0     0.19746784  0.22848416  0.18992069  0.19746784  0.35858035  0.26091575  0.26091575  0.00577048  0.00000000  0.04141309  0.29489798  0.29489798  0.29489798  0.25266809  
95_6_0     0.19746784  0.25266809  0.19746784  0.20509597  0.34912608  0.28624892  0.26926023  0.03534717  0.04141309  0.00000000  0.28624892  0.28624892  0.28624892  0.26091575  
95_7_0     0.26926023  0.25266809  0.26091575  0.25266809  0.36816205  0.24451502  0.24451502  0.30365356  0.29489798  0.28624892  0.00000000  0.01158819  0.01158819  0.17506260  
100_7_0    0.25266809  0.23645440  0.24451502  0.23645440  0.34912608  0.26091575  0.26091575  0.30365356  0.29489798  0.28624892  0.01158819  0.00000000  0.01158819  0.16050872  
97_7_0     0.25266809  0.25266809  0.24451502  0.23645440  0.36816205  0.26091575  0.26091575  0.30365356  0.29489798  0.28624892  0.01158819  0.01158819  0.00000000  0.16050872  
96_3_0     0.21280685  0.24451502  0.23645440  0.22848416  0.33979589  0.26926023  0.25266809  0.26091575  0.25266809  0.26091575  0.17506260  0.16050872  0.16050872  0.00000000  

