43
9_18_0     0.00000000  0.00000000  0.02206120  0.60086033  0.60086033  0.42826819  0.44384236  0.44384236  0.45175272  0.44384236  0.42060102  0.43601475  0.44384236  0.43601475  0.43601475  0.41301162  0.40549843  0.40549843  0.39805993  0.40549843  0.40549843  0.45175272  0.45175272  0.42060102  0.47599834  0.50105603  0.51823987  0.45974761  0.39805993  0.40549843  0.42826819  0.45974761  0.41301162  0.46782885  0.49260988  0.44384236  0.47599834  0.43601475  0.45175272  0.57229438  0.39069466  0.36193790  0.36193790  
13_18_0    0.00000000  0.00000000  0.02206120  0.60086033  0.60086033  0.42826819  0.44384236  0.44384236  0.45175272  0.44384236  0.42060102  0.43601475  0.44384236  0.43601475  0.43601475  0.41301162  0.40549843  0.40549843  0.39805993  0.40549843  0.40549843  0.45175272  0.45175272  0.42060102  0.47599834  0.50105603  0.51823987  0.45974761  0.39805993  0.40549843  0.42826819  0.45974761  0.41301162  0.46782885  0.49260988  0.44384236  0.47599834  0.43601475  0.45175272  0.57229438  0.39069466  0.36193790  0.36193790  
7_18_0     0.02206120  0.02206120  0.00000000  0.60086033  0.60086033  0.45175272  0.46782885  0.46782885  0.47599834  0.46782885  0.45974761  0.47599834  0.45175272  0.45974761  0.45974761  0.42060102  0.41301162  0.41301162  0.40549843  0.41301162  0.41301162  0.45974761  0.45974761  0.42826819  0.45974761  0.48425800  0.50105603  0.45175272  0.40549843  0.39069466  0.41301162  0.44384236  0.39805993  0.45175272  0.47599834  0.44384236  0.47599834  0.43601475  0.42826819  0.57229438  0.36902414  0.38340119  0.37617813  
8_15_0     0.60086033  0.60086033  0.60086033  0.00000000  0.00874658  0.53582767  0.53582767  0.53582767  0.53582767  0.53582767  0.54477907  0.54477907  0.56300972  0.60086033  0.60086033  0.59121665  0.54477907  0.54477907  0.53582767  0.54477907  0.54477907  0.61062993  0.61062993  0.59121665  0.57229438  0.59121665  0.62052879  0.55383887  0.59121665  0.58169570  0.57229438  0.59121665  0.54477907  0.55383887  0.54477907  0.52698209  0.55383887  0.54477907  0.54477907  0.67208834  0.51823987  0.57229438  0.54477907  
18_15_0    0.60086033  0.60086033  0.60086033  0.00874658  0.00000000  0.55383887  0.55383887  0.55383887  0.55383887  0.55383887  0.56300972  0.56300972  0.56300972  0.60086033  0.60086033  0.59121665  0.54477907  0.54477907  0.53582767  0.54477907  0.54477907  0.61062993  0.61062993  0.59121665  0.57229438  0.61062993  0.62052879  0.55383887  0.60086033  0.59121665  0.58169570  0.60086033  0.55383887  0.56300972  0.53582767  0.53582767  0.56300972  0.55383887  0.55383887  0.66148826  0.50105603  0.55383887  0.54477907  
8_29_0     0.42826819  0.42826819  0.45175272  0.53582767  0.55383887  0.00000000  0.00874658  0.00874658  0.01315851  0.01759662  0.02655259  0.03561707  0.16469213  0.17013021  0.17013021  0.20934543  0.17013021  0.17013021  0.17560811  0.17013021  0.17013021  0.26919227  0.26919227  0.25073029  0.55383887  0.58169570  0.63056036  0.54477907  0.38340119  0.43601475  0.39805993  0.40549843  0.38340119  0.39805993  0.39069466  0.41301162  0.42826819  0.42826819  0.46782885  0.56300972  0.42060102  0.36902414  0.38340119  
8_31_0     0.44384236  0.44384236  0.46782885  0.53582767  0.55383887  0.00874658  0.00000000  0.00000000  0.00436051  0.00874658  0.01759662  0.02655259  0.16469213  0.17013021  0.17013021  0.20934543  0.17013021  0.17013021  0.17560811  0.17013021  0.17013021  0.26919227  0.26919227  0.25073029  0.54477907  0.57229438  0.62052879  0.53582767  0.38340119  0.43601475  0.39805993  0.40549843  0.38340119  0.39805993  0.39069466  0.41301162  0.42826819  0.42826819  0.46782885  0.56300972  0.42060102  0.35491814  0.38340119  
18_29_0    0.44384236  0.44384236  0.46782885  0.53582767  0.55383887  0.00874658  0.00000000  0.00000000  0.00436051  0.00874658  0.01759662  0.02655259  0.16469213  0.17013021  0.17013021  0.20934543  0.17013021  0.17013021  0.17560811  0.17013021  0.17013021  0.26919227  0.26919227  0.25073029  0.54477907  0.57229438  0.62052879  0.53582767  0.38340119  0.43601475  0.39805993  0.40549843  0.38340119  0.39805993  0.39069466  0.41301162  0.42826819  0.42826819  0.46782885  0.56300972  0.42060102  0.35491814  0.38340119  
8_30_0     0.45175272  0.45175272  0.47599834  0.53582767  0.55383887  0.01315851  0.00436051  0.00436051  0.00000000  0.01315851  0.02206120  0.03107110  0.17013021  0.17560811  0.17560811  0.21511924  0.17560811  0.17560811  0.18112641  0.17560811  0.17560811  0.27544890  0.27544890  0.25683380  0.55383887  0.58169570  0.63056036  0.54477907  0.39069466  0.44384236  0.40549843  0.41301162  0.39069466  0.40549843  0.39805993  0.42060102  0.43601475  0.43601475  0.47599834  0.56300972  0.42826819  0.36193790  0.39069466  
18_30_0    0.44384236  0.44384236  0.46782885  0.53582767  0.55383887  0.01759662  0.00874658  0.00874658  0.01315851  0.00000000  0.02655259  0.03561707  0.17560811  0.18112641  0.18112641  0.22093795  0.18112641  0.18112641  0.18668571  0.18112641  0.18112641  0.28175829  0.28175829  0.26298752  0.52698209  0.57229438  0.62052879  0.53582767  0.38340119  0.43601475  0.39805993  0.40549843  0.38340119  0.39805993  0.39069466  0.41301162  0.42826819  0.44384236  0.46782885  0.58169570  0.42060102  0.36902414  0.38340119  
8_20_0     0.42060102  0.42060102  0.45974761  0.54477907  0.56300972  0.02655259  0.01759662  0.01759662  0.02206120  0.02655259  0.00000000  0.00874658  0.17013021  0.17560811  0.17560811  0.21511924  0.17560811  0.17560811  0.18112641  0.17560811  0.17560811  0.28812135  0.28812135  0.26919227  0.53582767  0.58169570  0.61062993  0.54477907  0.37617813  0.44384236  0.40549843  0.42060102  0.39069466  0.39805993  0.39069466  0.39805993  0.42826819  0.42826819  0.45974761  0.57229438  0.42826819  0.34796364  0.37617813  
18_20_0    0.43601475  0.43601475  0.47599834  0.54477907  0.56300972  0.03561707  0.02655259  0.02655259  0.03107110  0.03561707  0.00874658  0.00000000  0.18112641  0.18668571  0.18668571  0.22680227  0.18668571  0.18668571  0.19228663  0.18668571  0.18668571  0.30101214  0.30101214  0.28175829  0.53582767  0.58169570  0.61062993  0.54477907  0.38340119  0.45974761  0.42060102  0.43601475  0.40549843  0.41301162  0.40549843  0.41301162  0.44384236  0.44384236  0.47599834  0.59121665  0.42826819  0.35491814  0.37617813  
7_20_0     0.44384236  0.44384236  0.45175272  0.56300972  0.56300972  0.16469213  0.16469213  0.16469213  0.17013021  0.17560811  0.17013021  0.18112641  0.00000000  0.02206120  0.02206120  0.06823655  0.04479271  0.04479271  0.04942308  0.04479271  0.04479271  0.18668571  0.18668571  0.17013021  0.52698209  0.53582767  0.56300972  0.47599834  0.39805993  0.45974761  0.36902414  0.39805993  0.35491814  0.36902414  0.33424560  0.37617813  0.42060102  0.43601475  0.44384236  0.48425800  0.39069466  0.32747977  0.40549843  
13_20_0    0.43601475  0.43601475  0.45974761  0.60086033  0.60086033  0.17013021  0.17013021  0.17013021  0.17560811  0.18112641  0.17560811  0.18668571  0.02206120  0.00000000  0.00000000  0.08753531  0.06348864  0.06348864  0.06823655  0.06348864  0.06348864  0.20934543  0.20934543  0.19228663  0.54477907  0.53582767  0.58169570  0.50105603  0.41301162  0.45175272  0.38340119  0.40549843  0.36193790  0.38340119  0.34796364  0.39069466  0.43601475  0.43601475  0.43601475  0.47599834  0.42060102  0.36193790  0.43601475  
9_20_0     0.43601475  0.43601475  0.45974761  0.60086033  0.60086033  0.17013021  0.17013021  0.17013021  0.17560811  0.18112641  0.17560811  0.18668571  0.02206120  0.00000000  0.00000000  0.08753531  0.06348864  0.06348864  0.06823655  0.06348864  0.06348864  0.20934543  0.20934543  0.19228663  0.54477907  0.53582767  0.58169570  0.50105603  0.41301162  0.45175272  0.38340119  0.40549843  0.36193790  0.38340119  0.34796364  0.39069466  0.43601475  0.43601475  0.43601475  0.47599834  0.42060102  0.36193790  0.43601475  
19_23_0    0.41301162  0.41301162  0.42060102  0.59121665  0.59121665  0.20934543  0.20934543  0.20934543  0.21511924  0.22093795  0.21511924  0.22680227  0.06823655  0.08753531  0.08753531  0.00000000  0.04942308  0.04942308  0.04479271  0.04942308  0.04942308  0.19228663  0.19228663  0.17560811  0.48425800  0.49260988  0.51823987  0.46782885  0.42826819  0.46782885  0.42060102  0.42060102  0.37617813  0.39069466  0.36902414  0.39805993  0.43601475  0.43601475  0.45175272  0.50959862  0.39805993  0.32747977  0.41301162  
9_23_0     0.40549843  0.40549843  0.41301162  0.54477907  0.54477907  0.17013021  0.17013021  0.17013021  0.17560811  0.18112641  0.17560811  0.18668571  0.04479271  0.06348864  0.06348864  0.04942308  0.00000000  0.00000000  0.00436051  0.00000000  0.00000000  0.14861108  0.14861108  0.14332663  0.50959862  0.50105603  0.52698209  0.47599834  0.36193790  0.42060102  0.36193790  0.39069466  0.33424560  0.36193790  0.32747977  0.36902414  0.38340119  0.38340119  0.43601475  0.45974761  0.39069466  0.30754178  0.38340119  
13_23_0    0.40549843  0.40549843  0.41301162  0.54477907  0.54477907  0.17013021  0.17013021  0.17013021  0.17560811  0.18112641  0.17560811  0.18668571  0.04479271  0.06348864  0.06348864  0.04942308  0.00000000  0.00000000  0.00436051  0.00000000  0.00000000  0.14861108  0.14861108  0.14332663  0.50959862  0.50105603  0.52698209  0.47599834  0.36193790  0.42060102  0.36193790  0.39069466  0.33424560  0.36193790  0.32747977  0.36902414  0.38340119  0.38340119  0.43601475  0.45974761  0.39069466  0.30754178  0.38340119  
7_25_0     0.39805993  0.39805993  0.40549843  0.53582767  0.53582767  0.17560811  0.17560811  0.17560811  0.18112641  0.18668571  0.18112641  0.19228663  0.04942308  0.06823655  0.06823655  0.04479271  0.00436051  0.00436051  0.00000000  0.00436051  0.00436051  0.14332663  0.14332663  0.13807925  0.50959862  0.50105603  0.52698209  0.47599834  0.36902414  0.42826819  0.36902414  0.38340119  0.34107318  0.36902414  0.33424560  0.37617813  0.39069466  0.39069466  0.42826819  0.46782885  0.38340119  0.31412892  0.39069466  
7_23_0     0.40549843  0.40549843  0.41301162  0.54477907  0.54477907  0.17013021  0.17013021  0.17013021  0.17560811  0.18112641  0.17560811  0.18668571  0.04479271  0.06348864  0.06348864  0.04942308  0.00000000  0.00000000  0.00436051  0.00000000  0.00000000  0.14861108  0.14861108  0.14332663  0.50959862  0.50105603  0.52698209  0.47599834  0.36193790  0.42060102  0.36193790  0.39069466  0.33424560  0.36193790  0.32747977  0.36902414  0.38340119  0.38340119  0.43601475  0.45974761  0.39069466  0.30754178  0.38340119  
7_26_0     0.40549843  0.40549843  0.41301162  0.54477907  0.54477907  0.17013021  0.17013021  0.17013021  0.17560811  0.18112641  0.17560811  0.18668571  0.04479271  0.06348864  0.06348864  0.04942308  0.00000000  0.00000000  0.00436051  0.00000000  0.00000000  0.14861108  0.14861108  0.14332663  0.50959862  0.50105603  0.52698209  0.47599834  0.36193790  0.42060102  0.36193790  0.39069466  0.33424560  0.36193790  0.32747977  0.36902414  0.38340119  0.38340119  0.43601475  0.45974761  0.39069466  0.30754178  0.38340119  
9_24_0     0.45175272  0.45175272  0.45974761  0.61062993  0.61062993  0.26919227  0.26919227  0.26919227  0.27544890  0.28175829  0.28812135  0.30101214  0.18668571  0.20934543  0.20934543  0.19228663  0.14861108  0.14861108  0.14332663  0.14861108  0.14861108  0.00000000  0.00000000  0.02655259  0.57229438  0.58169570  0.59121665  0.47599834  0.45175272  0.44384236  0.42060102  0.42060102  0.39805993  0.43601475  0.42826819  0.42826819  0.43601475  0.45175272  0.45974761  0.48425800  0.36193790  0.36193790  0.39805993  
13_24_0    0.45175272  0.45175272  0.45974761  0.61062993  0.61062993  0.26919227  0.26919227  0.26919227  0.27544890  0.28175829  0.28812135  0.30101214  0.18668571  0.20934543  0.20934543  0.19228663  0.14861108  0.14861108  0.14332663  0.14861108  0.14861108  0.00000000  0.00000000  0.02655259  0.57229438  0.58169570  0.59121665  0.47599834  0.45175272  0.44384236  0.42060102  0.42060102  0.39805993  0.43601475  0.42826819  0.42826819  0.43601475  0.45175272  0.45974761  0.48425800  0.36193790  0.36193790  0.39805993  
7_24_0     0.42060102  0.42060102  0.42826819  0.59121665  0.59121665  0.25073029  0.25073029  0.25073029  0.25683380  0.26298752  0.26919227  0.28175829  0.17013021  0.19228663  0.19228663  0.17560811  0.14332663  0.14332663  0.13807925  0.14332663  0.14332663  0.02655259  0.02655259  0.00000000  0.56300972  0.59121665  0.60086033  0.45974761  0.42826819  0.44384236  0.39805993  0.39069466  0.37617813  0.42826819  0.42060102  0.42060102  0.43601475  0.45175272  0.45175272  0.46782885  0.34796364  0.36193790  0.38340119  
19_1_0     0.47599834  0.47599834  0.45974761  0.57229438  0.57229438  0.55383887  0.54477907  0.54477907  0.55383887  0.52698209  0.53582767  0.53582767  0.52698209  0.54477907  0.54477907  0.48425800  0.50959862  0.50959862  0.50959862  0.50959862  0.50959862  0.57229438  0.57229438  0.56300972  0.00000000  0.17013021  0.17560811  0.10734506  0.42826819  0.45974761  0.39805993  0.39805993  0.34796364  0.34796364  0.35491814  0.31412892  0.42826819  0.40549843  0.37617813  0.56300972  0.42060102  0.39069466  0.34107318  
18_27_0    0.50105603  0.50105603  0.48425800  0.59121665  0.61062993  0.58169570  0.57229438  0.57229438  0.58169570  0.57229438  0.58169570  0.58169570  0.53582767  0.53582767  0.53582767  0.49260988  0.50105603  0.50105603  0.50105603  0.50105603  0.50105603  0.58169570  0.58169570  0.59121665  0.17013021  0.00000000  0.04479271  0.15393312  0.44384236  0.45974761  0.46782885  0.39805993  0.39069466  0.38340119  0.42060102  0.39805993  0.45175272  0.42826819  0.42060102  0.59121665  0.45974761  0.44384236  0.42826819  
8_27_0     0.51823987  0.51823987  0.50105603  0.62052879  0.62052879  0.63056036  0.62052879  0.62052879  0.63056036  0.62052879  0.61062993  0.61062993  0.56300972  0.58169570  0.58169570  0.51823987  0.52698209  0.52698209  0.52698209  0.52698209  0.52698209  0.59121665  0.59121665  0.60086033  0.17560811  0.04479271  0.00000000  0.16469213  0.45974761  0.48425800  0.47599834  0.40549843  0.41301162  0.41301162  0.43601475  0.41301162  0.48425800  0.44384236  0.46782885  0.58169570  0.47599834  0.41301162  0.42060102  
7_1_0      0.45974761  0.45974761  0.45175272  0.55383887  0.55383887  0.54477907  0.53582767  0.53582767  0.54477907  0.53582767  0.54477907  0.54477907  0.47599834  0.50105603  0.50105603  0.46782885  0.47599834  0.47599834  0.47599834  0.47599834  0.47599834  0.47599834  0.47599834  0.45974761  0.10734506  0.15393312  0.16469213  0.00000000  0.46782885  0.47599834  0.47599834  0.46782885  0.41301162  0.40549843  0.41301162  0.42060102  0.42060102  0.42826819  0.43601475  0.56300972  0.42060102  0.39069466  0.36902414  
16_4_0     0.39805993  0.39805993  0.40549843  0.59121665  0.60086033  0.38340119  0.38340119  0.38340119  0.39069466  0.38340119  0.37617813  0.38340119  0.39805993  0.41301162  0.41301162  0.42826819  0.36193790  0.36193790  0.36902414  0.36193790  0.36193790  0.45175272  0.45175272  0.42826819  0.42826819  0.44384236  0.45974761  0.46782885  0.00000000  0.22680227  0.22093795  0.22680227  0.16469213  0.23867063  0.25683380  0.22680227  0.27544890  0.26298752  0.26919227  0.32077457  0.38340119  0.35491814  0.32747977  
6_4_0      0.40549843  0.40549843  0.39069466  0.58169570  0.59121665  0.43601475  0.43601475  0.43601475  0.44384236  0.43601475  0.44384236  0.45974761  0.45974761  0.45175272  0.45175272  0.46782885  0.42060102  0.42060102  0.42826819  0.42060102  0.42060102  0.44384236  0.44384236  0.44384236  0.45974761  0.45974761  0.48425800  0.47599834  0.22680227  0.00000000  0.19792979  0.20934543  0.14861108  0.19792979  0.23867063  0.22680227  0.28175829  0.26919227  0.23867063  0.29453898  0.34107318  0.33424560  0.34107318  
14_4_0     0.42826819  0.42826819  0.41301162  0.57229438  0.58169570  0.39805993  0.39805993  0.39805993  0.40549843  0.39805993  0.40549843  0.42060102  0.36902414  0.38340119  0.38340119  0.42060102  0.36193790  0.36193790  0.36902414  0.36193790  0.36193790  0.42060102  0.42060102  0.39805993  0.39805993  0.46782885  0.47599834  0.47599834  0.22093795  0.19792979  0.00000000  0.12255435  0.09243879  0.19228663  0.20934543  0.17560811  0.25073029  0.24467616  0.24467616  0.34796364  0.30754178  0.33424560  0.28175829  
14_10_0    0.45974761  0.45974761  0.44384236  0.59121665  0.60086033  0.40549843  0.40549843  0.40549843  0.41301162  0.40549843  0.42060102  0.43601475  0.39805993  0.40549843  0.40549843  0.42060102  0.39069466  0.39069466  0.38340119  0.39069466  0.39069466  0.42060102  0.42060102  0.39069466  0.39805993  0.39805993  0.40549843  0.46782885  0.22680227  0.20934543  0.12255435  0.00000000  0.09737462  0.18668571  0.20361584  0.18112641  0.25073029  0.23867063  0.23271292  0.34796364  0.30754178  0.36902414  0.30101214  
15_4_0     0.41301162  0.41301162  0.39805993  0.54477907  0.55383887  0.38340119  0.38340119  0.38340119  0.39069466  0.38340119  0.39069466  0.40549843  0.35491814  0.36193790  0.36193790  0.37617813  0.33424560  0.33424560  0.34107318  0.33424560  0.33424560  0.39805993  0.39805993  0.37617813  0.34796364  0.39069466  0.41301162  0.41301162  0.16469213  0.14861108  0.09243879  0.09737462  0.00000000  0.13807925  0.15393312  0.13286841  0.18668571  0.18668571  0.18668571  0.32747977  0.30754178  0.30754178  0.25683380  
15_9_0     0.46782885  0.46782885  0.45175272  0.55383887  0.56300972  0.39805993  0.39805993  0.39805993  0.40549843  0.39805993  0.39805993  0.41301162  0.36902414  0.38340119  0.38340119  0.39069466  0.36193790  0.36193790  0.36902414  0.36193790  0.36193790  0.43601475  0.43601475  0.42826819  0.34796364  0.38340119  0.41301162  0.40549843  0.23867063  0.19792979  0.19228663  0.18668571  0.13807925  0.00000000  0.06823655  0.06823655  0.13807925  0.13807925  0.11238055  0.36193790  0.28812135  0.28812135  0.27544890  
15_8_0     0.49260988  0.49260988  0.47599834  0.54477907  0.53582767  0.39069466  0.39069466  0.39069466  0.39805993  0.39069466  0.39069466  0.40549843  0.33424560  0.34796364  0.34796364  0.36902414  0.32747977  0.32747977  0.33424560  0.32747977  0.32747977  0.42826819  0.42826819  0.42060102  0.35491814  0.42060102  0.43601475  0.41301162  0.25683380  0.23867063  0.20934543  0.20361584  0.15393312  0.06823655  0.00000000  0.10234323  0.14332663  0.17560811  0.12769361  0.36193790  0.33424560  0.31412892  0.33424560  
15_6_0     0.44384236  0.44384236  0.44384236  0.52698209  0.53582767  0.41301162  0.41301162  0.41301162  0.42060102  0.41301162  0.39805993  0.41301162  0.37617813  0.39069466  0.39069466  0.39805993  0.36902414  0.36902414  0.37617813  0.36902414  0.36902414  0.42826819  0.42826819  0.42060102  0.31412892  0.39805993  0.41301162  0.42060102  0.22680227  0.22680227  0.17560811  0.18112641  0.13286841  0.06823655  0.10234323  0.00000000  0.16469213  0.14332663  0.14861108  0.37617813  0.32077457  0.30754178  0.27544890  
6_6_0      0.47599834  0.47599834  0.47599834  0.55383887  0.56300972  0.42826819  0.42826819  0.42826819  0.43601475  0.42826819  0.42826819  0.44384236  0.42060102  0.43601475  0.43601475  0.43601475  0.38340119  0.38340119  0.39069466  0.38340119  0.38340119  0.43601475  0.43601475  0.43601475  0.42826819  0.45175272  0.48425800  0.42060102  0.27544890  0.28175829  0.25073029  0.25073029  0.18668571  0.13807925  0.14332663  0.16469213  0.00000000  0.06823655  0.19792979  0.42060102  0.32077457  0.37617813  0.34796364  
6_11_0     0.43601475  0.43601475  0.43601475  0.54477907  0.55383887  0.42826819  0.42826819  0.42826819  0.43601475  0.44384236  0.42826819  0.44384236  0.43601475  0.43601475  0.43601475  0.43601475  0.38340119  0.38340119  0.39069466  0.38340119  0.38340119  0.45175272  0.45175272  0.45175272  0.40549843  0.42826819  0.44384236  0.42826819  0.26298752  0.26919227  0.24467616  0.23867063  0.18668571  0.13807925  0.17560811  0.14332663  0.06823655  0.00000000  0.19228663  0.43601475  0.32747977  0.35491814  0.35491814  
14_5_0     0.45175272  0.45175272  0.42826819  0.54477907  0.55383887  0.46782885  0.46782885  0.46782885  0.47599834  0.46782885  0.45974761  0.47599834  0.44384236  0.43601475  0.43601475  0.45175272  0.43601475  0.43601475  0.42826819  0.43601475  0.43601475  0.45974761  0.45974761  0.45175272  0.37617813  0.42060102  0.46782885  0.43601475  0.26919227  0.23867063  0.24467616  0.23271292  0.18668571  0.11238055  0.12769361  0.14861108  0.19792979  0.19228663  0.00000000  0.43601475  0.35491814  0.37617813  0.36193790  
16_5_0     0.57229438  0.57229438  0.57229438  0.67208834  0.66148826  0.56300972  0.56300972  0.56300972  0.56300972  0.58169570  0.57229438  0.59121665  0.48425800  0.47599834  0.47599834  0.50959862  0.45974761  0.45974761  0.46782885  0.45974761  0.45974761  0.48425800  0.48425800  0.46782885  0.56300972  0.59121665  0.58169570  0.56300972  0.32077457  0.29453898  0.34796364  0.34796364  0.32747977  0.36193790  0.36193790  0.37617813  0.42060102  0.43601475  0.43601475  0.00000000  0.52698209  0.47599834  0.45974761  
14_3_0     0.39069466  0.39069466  0.36902414  0.51823987  0.50105603  0.42060102  0.42060102  0.42060102  0.42826819  0.42060102  0.42826819  0.42826819  0.39069466  0.42060102  0.42060102  0.39805993  0.39069466  0.39069466  0.38340119  0.39069466  0.39069466  0.36193790  0.36193790  0.34796364  0.42060102  0.45974761  0.47599834  0.42060102  0.38340119  0.34107318  0.30754178  0.30754178  0.30754178  0.28812135  0.33424560  0.32077457  0.32077457  0.32747977  0.35491814  0.52698209  0.00000000  0.20361584  0.19792979  
15_7_0     0.36193790  0.36193790  0.38340119  0.57229438  0.55383887  0.36902414  0.35491814  0.35491814  0.36193790  0.36902414  0.34796364  0.35491814  0.32747977  0.36193790  0.36193790  0.32747977  0.30754178  0.30754178  0.31412892  0.30754178  0.30754178  0.36193790  0.36193790  0.36193790  0.39069466  0.44384236  0.41301162  0.39069466  0.35491814  0.33424560  0.33424560  0.36902414  0.30754178  0.28812135  0.31412892  0.30754178  0.37617813  0.35491814  0.37617813  0.47599834  0.20361584  0.00000000  0.14861108  
15_3_0     0.36193790  0.36193790  0.37617813  0.54477907  0.54477907  0.38340119  0.38340119  0.38340119  0.39069466  0.38340119  0.37617813  0.37617813  0.40549843  0.43601475  0.43601475  0.41301162  0.38340119  0.38340119  0.39069466  0.38340119  0.38340119  0.39805993  0.39805993  0.38340119  0.34107318  0.42826819  0.42060102  0.36902414  0.32747977  0.34107318  0.28175829  0.30101214  0.25683380  0.27544890  0.33424560  0.27544890  0.34796364  0.35491814  0.36193790  0.45974761  0.19792979  0.14861108  0.00000000  

