38
57_0_0     0.00000000  0.08076376  0.13121918  0.12472042  0.15106593  0.12472042  0.09928279  0.11189205  0.10556050  0.09928279  0.13121918  0.11189205  0.12472042  0.10556050  0.09305802  0.10556050  0.10556050  0.10556050  0.08688530  0.09928279  0.10556050  0.10556050  0.09928279  0.10556050  0.10556050  0.10556050  0.11189205  0.09305802  0.09305802  0.09305802  0.09305802  0.11189205  0.08076376  0.08688530  0.08076376  0.08076376  0.07469257  0.08688530  
34_0_0     0.08076376  0.00000000  0.13777565  0.13121918  0.11827837  0.14439088  0.09928279  0.09928279  0.09928279  0.10556050  0.13777565  0.10556050  0.14439088  0.09928279  0.09305802  0.10556050  0.09305802  0.09305802  0.08076376  0.09928279  0.09928279  0.09928279  0.09305802  0.11189205  0.12472042  0.11189205  0.11827837  0.08688530  0.08688530  0.08688530  0.08688530  0.13121918  0.09305802  0.09305802  0.09928279  0.09928279  0.09305802  0.10556050  
96_0_0     0.13121918  0.13777565  0.00000000  0.15780188  0.15106593  0.15780188  0.13777565  0.12472042  0.11827837  0.11189205  0.13777565  0.13777565  0.14439088  0.11189205  0.10556050  0.11827837  0.13121918  0.13121918  0.13121918  0.11827837  0.12472042  0.12472042  0.13121918  0.11189205  0.10556050  0.14439088  0.14439088  0.11827837  0.11827837  0.12472042  0.12472042  0.11827837  0.11827837  0.11827837  0.12472042  0.12472042  0.11827837  0.12472042  
96_1_0     0.12472042  0.13121918  0.15780188  0.00000000  0.03353726  0.12472042  0.09928279  0.11189205  0.12472042  0.13121918  0.12472042  0.15106593  0.16459986  0.12472042  0.10556050  0.10556050  0.12472042  0.11189205  0.10556050  0.11189205  0.11189205  0.10556050  0.10556050  0.11189205  0.11189205  0.09305802  0.09305802  0.10556050  0.11189205  0.10556050  0.10556050  0.11827837  0.09928279  0.08076376  0.10556050  0.10556050  0.09928279  0.11189205  
96_7_0     0.15106593  0.11827837  0.15106593  0.03353726  0.00000000  0.14439088  0.10556050  0.10556050  0.11827837  0.12472042  0.13121918  0.15106593  0.16459986  0.13121918  0.10556050  0.11827837  0.12472042  0.11189205  0.10556050  0.11189205  0.10556050  0.11189205  0.09928279  0.09305802  0.11827837  0.08688530  0.08688530  0.11189205  0.10556050  0.09928279  0.09928279  0.13121918  0.11827837  0.09928279  0.11189205  0.11189205  0.10556050  0.11827837  
96_5_0     0.12472042  0.14439088  0.15780188  0.12472042  0.14439088  0.00000000  0.09928279  0.09928279  0.15106593  0.14439088  0.13121918  0.13777565  0.17146102  0.15780188  0.12472042  0.15106593  0.09928279  0.08688530  0.10556050  0.11827837  0.11827837  0.12472042  0.13777565  0.12472042  0.13777565  0.11827837  0.11189205  0.09305802  0.09928279  0.09928279  0.09928279  0.13121918  0.10556050  0.11827837  0.13121918  0.13121918  0.12472042  0.12472042  
38_3_0     0.09928279  0.09928279  0.13777565  0.09928279  0.10556050  0.09928279  0.00000000  0.01101067  0.08688530  0.08076376  0.09928279  0.06867089  0.09928279  0.10556050  0.07469257  0.09928279  0.05089509  0.05089509  0.04506368  0.08076376  0.07469257  0.08688530  0.07469257  0.06269794  0.08688530  0.06867089  0.06867089  0.06269794  0.05677293  0.05089509  0.05089509  0.08688530  0.05677293  0.07469257  0.05677293  0.05677293  0.06269794  0.06269794  
49_3_0     0.11189205  0.09928279  0.12472042  0.11189205  0.10556050  0.09928279  0.01101067  0.00000000  0.07469257  0.06867089  0.08688530  0.06867089  0.09928279  0.10556050  0.07469257  0.09928279  0.06269794  0.06269794  0.05677293  0.06867089  0.06269794  0.07469257  0.07469257  0.06269794  0.08688530  0.06867089  0.06867089  0.06269794  0.05677293  0.05089509  0.05089509  0.08688530  0.05677293  0.07469257  0.05677293  0.05677293  0.06269794  0.06269794  
62_0_0     0.10556050  0.09928279  0.11827837  0.12472042  0.11827837  0.15106593  0.08688530  0.07469257  0.00000000  0.00548481  0.03927798  0.08688530  0.12472042  0.09305802  0.08076376  0.08688530  0.08688530  0.08688530  0.06867089  0.07469257  0.06867089  0.06867089  0.06867089  0.05677293  0.08688530  0.06867089  0.07469257  0.06269794  0.05677293  0.05677293  0.05677293  0.07469257  0.07469257  0.08076376  0.05089509  0.05089509  0.05677293  0.05677293  
62_15_0    0.09928279  0.10556050  0.11189205  0.13121918  0.12472042  0.14439088  0.08076376  0.06867089  0.00548481  0.00000000  0.03353726  0.08076376  0.11827837  0.08688530  0.07469257  0.08076376  0.08076376  0.08076376  0.06269794  0.06867089  0.06269794  0.06269794  0.06269794  0.05089509  0.08076376  0.06269794  0.06867089  0.05677293  0.05089509  0.05089509  0.05089509  0.06867089  0.06867089  0.07469257  0.04506368  0.04506368  0.05089509  0.05089509  
69_0_0     0.13121918  0.13777565  0.13777565  0.12472042  0.13121918  0.13121918  0.09928279  0.08688530  0.03927798  0.03353726  0.00000000  0.09928279  0.14439088  0.10556050  0.08688530  0.08688530  0.09928279  0.08688530  0.08076376  0.08688530  0.08688530  0.08688530  0.09928279  0.07469257  0.09305802  0.06269794  0.05677293  0.06867089  0.07469257  0.07469257  0.07469257  0.08688530  0.09305802  0.08688530  0.08076376  0.08076376  0.08688530  0.08688530  
48_0_0     0.11189205  0.10556050  0.13777565  0.15106593  0.15106593  0.13777565  0.06867089  0.06867089  0.08688530  0.08076376  0.09928279  0.00000000  0.09305802  0.09305802  0.06867089  0.08076376  0.08688530  0.08688530  0.06867089  0.07469257  0.08076376  0.09305802  0.08688530  0.09305802  0.12472042  0.09305802  0.08688530  0.06269794  0.06269794  0.07469257  0.07469257  0.09305802  0.08688530  0.08688530  0.08076376  0.08076376  0.08688530  0.08688530  
95_16_0    0.12472042  0.14439088  0.14439088  0.16459986  0.16459986  0.17146102  0.09928279  0.09928279  0.12472042  0.11827837  0.14439088  0.09305802  0.00000000  0.08076376  0.11827837  0.13121918  0.12472042  0.12472042  0.11827837  0.13777565  0.14439088  0.14439088  0.13777565  0.11827837  0.11827837  0.13777565  0.13777565  0.11189205  0.11189205  0.11827837  0.11827837  0.11189205  0.10556050  0.12472042  0.11189205  0.11189205  0.11827837  0.10556050  
95_0_0     0.10556050  0.09928279  0.11189205  0.12472042  0.13121918  0.15780188  0.10556050  0.10556050  0.09305802  0.08688530  0.10556050  0.09305802  0.08076376  0.00000000  0.08076376  0.08076376  0.10556050  0.09305802  0.09305802  0.09928279  0.09928279  0.09305802  0.08688530  0.09305802  0.09305802  0.08688530  0.09305802  0.08688530  0.08688530  0.08688530  0.08688530  0.09928279  0.09305802  0.09305802  0.08076376  0.08076376  0.08688530  0.08688530  
85_0_0     0.09305802  0.09305802  0.10556050  0.10556050  0.10556050  0.12472042  0.07469257  0.07469257  0.08076376  0.07469257  0.08688530  0.06867089  0.11827837  0.08076376  0.00000000  0.05089509  0.07469257  0.07469257  0.05677293  0.05089509  0.05677293  0.06269794  0.05677293  0.06867089  0.08688530  0.06269794  0.05677293  0.05089509  0.05089509  0.06269794  0.06269794  0.07469257  0.06269794  0.05089509  0.06269794  0.06269794  0.05677293  0.06867089  
76_0_0     0.10556050  0.10556050  0.11827837  0.10556050  0.11827837  0.15106593  0.09928279  0.09928279  0.08688530  0.08076376  0.08688530  0.08076376  0.13121918  0.08076376  0.05089509  0.00000000  0.08688530  0.08688530  0.06867089  0.06269794  0.06269794  0.06867089  0.06269794  0.09928279  0.10556050  0.08688530  0.08076376  0.08076376  0.08076376  0.09305802  0.09305802  0.07469257  0.08076376  0.05677293  0.06867089  0.06867089  0.07469257  0.08688530  
39_0_0     0.10556050  0.09305802  0.13121918  0.12472042  0.12472042  0.09928279  0.05089509  0.06269794  0.08688530  0.08076376  0.09928279  0.08688530  0.12472042  0.10556050  0.07469257  0.08688530  0.00000000  0.01101067  0.01657820  0.06867089  0.06867089  0.08076376  0.07469257  0.07469257  0.09305802  0.08076376  0.07469257  0.03927798  0.03927798  0.05089509  0.05089509  0.07469257  0.05089509  0.06269794  0.05677293  0.05677293  0.06269794  0.06269794  
99_0_0     0.10556050  0.09305802  0.13121918  0.11189205  0.11189205  0.08688530  0.05089509  0.06269794  0.08688530  0.08076376  0.08688530  0.08688530  0.12472042  0.09305802  0.07469257  0.08688530  0.01101067  0.00000000  0.01657820  0.06867089  0.06867089  0.08076376  0.07469257  0.07469257  0.09305802  0.06867089  0.06269794  0.03927798  0.03927798  0.05089509  0.05089509  0.07469257  0.05089509  0.06269794  0.05677293  0.05677293  0.06269794  0.06269794  
81_0_0     0.08688530  0.08076376  0.13121918  0.10556050  0.10556050  0.10556050  0.04506368  0.05677293  0.06867089  0.06269794  0.08076376  0.06867089  0.11827837  0.09305802  0.05677293  0.06867089  0.01657820  0.01657820  0.00000000  0.05089509  0.05089509  0.06269794  0.05677293  0.06269794  0.08076376  0.06269794  0.05677293  0.03353726  0.03353726  0.04506368  0.04506368  0.06867089  0.04506368  0.04506368  0.03927798  0.03927798  0.04506368  0.05677293  
41_0_0     0.09928279  0.09928279  0.11827837  0.11189205  0.11189205  0.11827837  0.08076376  0.06867089  0.07469257  0.06867089  0.08688530  0.07469257  0.13777565  0.09928279  0.05089509  0.06269794  0.06867089  0.06867089  0.05089509  0.00000000  0.00548481  0.01657820  0.02218804  0.07469257  0.09305802  0.07469257  0.06867089  0.05677293  0.05677293  0.06867089  0.06867089  0.06269794  0.06867089  0.04506368  0.05677293  0.05677293  0.06269794  0.07469257  
77_0_0     0.10556050  0.09928279  0.12472042  0.11189205  0.10556050  0.11827837  0.07469257  0.06269794  0.06867089  0.06269794  0.08688530  0.08076376  0.14439088  0.09928279  0.05677293  0.06269794  0.06867089  0.06867089  0.05089509  0.00548481  0.00000000  0.01657820  0.01657820  0.06867089  0.09305802  0.06867089  0.06269794  0.05677293  0.05089509  0.06269794  0.06269794  0.06867089  0.06867089  0.04506368  0.05089509  0.05089509  0.05677293  0.06867089  
77_12_0    0.10556050  0.09928279  0.12472042  0.10556050  0.11189205  0.12472042  0.08688530  0.07469257  0.06867089  0.06269794  0.08688530  0.09305802  0.14439088  0.09305802  0.06269794  0.06867089  0.08076376  0.08076376  0.06269794  0.01657820  0.01657820  0.00000000  0.01101067  0.07469257  0.08688530  0.07469257  0.08076376  0.06269794  0.06867089  0.06867089  0.06867089  0.07469257  0.06269794  0.05089509  0.05677293  0.05677293  0.06269794  0.07469257  
41_12_0    0.09928279  0.09305802  0.13121918  0.10556050  0.09928279  0.13777565  0.07469257  0.07469257  0.06867089  0.06269794  0.09928279  0.08688530  0.13777565  0.08688530  0.05677293  0.06269794  0.07469257  0.07469257  0.05677293  0.02218804  0.01657820  0.01101067  0.00000000  0.06269794  0.08688530  0.06269794  0.06867089  0.06269794  0.05677293  0.05677293  0.05677293  0.06867089  0.06269794  0.05089509  0.04506368  0.04506368  0.05089509  0.06269794  
91_10_0    0.10556050  0.11189205  0.11189205  0.11189205  0.09305802  0.12472042  0.06269794  0.06269794  0.05677293  0.05089509  0.07469257  0.09305802  0.11827837  0.09305802  0.06867089  0.09928279  0.07469257  0.07469257  0.06269794  0.07469257  0.06867089  0.07469257  0.06269794  0.00000000  0.03353726  0.03353726  0.03927798  0.04506368  0.03927798  0.02784084  0.02784084  0.06269794  0.05089509  0.05677293  0.05089509  0.05089509  0.04506368  0.03927798  
71_10_0    0.10556050  0.12472042  0.10556050  0.11189205  0.11827837  0.13777565  0.08688530  0.08688530  0.08688530  0.08076376  0.09305802  0.12472042  0.11827837  0.09305802  0.08688530  0.10556050  0.09305802  0.09305802  0.08076376  0.09305802  0.09305802  0.08688530  0.08688530  0.03353726  0.00000000  0.06867089  0.07469257  0.06867089  0.07469257  0.06269794  0.06269794  0.08076376  0.05089509  0.05677293  0.06269794  0.06269794  0.05677293  0.06269794  
42_10_0    0.10556050  0.11189205  0.14439088  0.09305802  0.08688530  0.11827837  0.06867089  0.06867089  0.06867089  0.06269794  0.06269794  0.09305802  0.13777565  0.08688530  0.06269794  0.08688530  0.08076376  0.06867089  0.06269794  0.07469257  0.06867089  0.07469257  0.06269794  0.03353726  0.06867089  0.00000000  0.00548481  0.04506368  0.03927798  0.02784084  0.02784084  0.08076376  0.05677293  0.05677293  0.05089509  0.05089509  0.04506368  0.04506368  
97_10_0    0.11189205  0.11827837  0.14439088  0.09305802  0.08688530  0.11189205  0.06867089  0.06867089  0.07469257  0.06867089  0.05677293  0.08688530  0.13777565  0.09305802  0.05677293  0.08076376  0.07469257  0.06269794  0.05677293  0.06867089  0.06269794  0.08076376  0.06867089  0.03927798  0.07469257  0.00548481  0.00000000  0.03927798  0.03353726  0.03353726  0.03353726  0.07469257  0.06269794  0.05089509  0.05677293  0.05677293  0.05089509  0.05089509  
61_11_0    0.09305802  0.08688530  0.11827837  0.10556050  0.11189205  0.09305802  0.06269794  0.06269794  0.06269794  0.05677293  0.06867089  0.06269794  0.11189205  0.08688530  0.05089509  0.08076376  0.03927798  0.03927798  0.03353726  0.05677293  0.05677293  0.06269794  0.06269794  0.04506368  0.06867089  0.04506368  0.03927798  0.00000000  0.00548481  0.01657820  0.01657820  0.06269794  0.03353726  0.03353726  0.04506368  0.04506368  0.03927798  0.03927798  
73_11_0    0.09305802  0.08688530  0.11827837  0.11189205  0.10556050  0.09928279  0.05677293  0.05677293  0.05677293  0.05089509  0.07469257  0.06269794  0.11189205  0.08688530  0.05089509  0.08076376  0.03927798  0.03927798  0.03353726  0.05677293  0.05089509  0.06867089  0.05677293  0.03927798  0.07469257  0.03927798  0.03353726  0.00548481  0.00000000  0.01101067  0.01101067  0.06269794  0.03927798  0.03927798  0.03927798  0.03927798  0.03353726  0.03353726  
61_10_0    0.09305802  0.08688530  0.12472042  0.10556050  0.09928279  0.09928279  0.05089509  0.05089509  0.05677293  0.05089509  0.07469257  0.07469257  0.11827837  0.08688530  0.06269794  0.09305802  0.05089509  0.05089509  0.04506368  0.06867089  0.06269794  0.06867089  0.05677293  0.02784084  0.06269794  0.02784084  0.03353726  0.01657820  0.01101067  0.00000000  0.00000000  0.07469257  0.03927798  0.05089509  0.03927798  0.03927798  0.03353726  0.03353726  
73_10_0    0.09305802  0.08688530  0.12472042  0.10556050  0.09928279  0.09928279  0.05089509  0.05089509  0.05677293  0.05089509  0.07469257  0.07469257  0.11827837  0.08688530  0.06269794  0.09305802  0.05089509  0.05089509  0.04506368  0.06867089  0.06269794  0.06867089  0.05677293  0.02784084  0.06269794  0.02784084  0.03353726  0.01657820  0.01101067  0.00000000  0.00000000  0.07469257  0.03927798  0.05089509  0.03927798  0.03927798  0.03353726  0.03353726  
59_8_0     0.11189205  0.13121918  0.11827837  0.11827837  0.13121918  0.13121918  0.08688530  0.08688530  0.07469257  0.06867089  0.08688530  0.09305802  0.11189205  0.09928279  0.07469257  0.07469257  0.07469257  0.07469257  0.06867089  0.06269794  0.06867089  0.07469257  0.06867089  0.06269794  0.08076376  0.08076376  0.07469257  0.06269794  0.06269794  0.07469257  0.07469257  0.00000000  0.06269794  0.05089509  0.06269794  0.06269794  0.06867089  0.05677293  
71_8_0     0.08076376  0.09305802  0.11827837  0.09928279  0.11827837  0.10556050  0.05677293  0.05677293  0.07469257  0.06867089  0.09305802  0.08688530  0.10556050  0.09305802  0.06269794  0.08076376  0.05089509  0.05089509  0.04506368  0.06867089  0.06867089  0.06269794  0.06269794  0.05089509  0.05089509  0.05677293  0.06269794  0.03353726  0.03927798  0.03927798  0.03927798  0.06269794  0.00000000  0.02218804  0.02218804  0.02218804  0.01657820  0.01657820  
91_8_0     0.08688530  0.09305802  0.11827837  0.08076376  0.09928279  0.11827837  0.07469257  0.07469257  0.08076376  0.07469257  0.08688530  0.08688530  0.12472042  0.09305802  0.05089509  0.05677293  0.06269794  0.06269794  0.04506368  0.04506368  0.04506368  0.05089509  0.05089509  0.05677293  0.05677293  0.05677293  0.05089509  0.03353726  0.03927798  0.05089509  0.05089509  0.05089509  0.02218804  0.00000000  0.02784084  0.02784084  0.02218804  0.03353726  
73_8_0     0.08076376  0.09928279  0.12472042  0.10556050  0.11189205  0.13121918  0.05677293  0.05677293  0.05089509  0.04506368  0.08076376  0.08076376  0.11189205  0.08076376  0.06269794  0.06867089  0.05677293  0.05677293  0.03927798  0.05677293  0.05089509  0.05677293  0.04506368  0.05089509  0.06269794  0.05089509  0.05677293  0.04506368  0.03927798  0.03927798  0.03927798  0.06269794  0.02218804  0.02784084  0.00000000  0.00000000  0.00548481  0.01657820  
61_8_0     0.08076376  0.09928279  0.12472042  0.10556050  0.11189205  0.13121918  0.05677293  0.05677293  0.05089509  0.04506368  0.08076376  0.08076376  0.11189205  0.08076376  0.06269794  0.06867089  0.05677293  0.05677293  0.03927798  0.05677293  0.05089509  0.05677293  0.04506368  0.05089509  0.06269794  0.05089509  0.05677293  0.04506368  0.03927798  0.03927798  0.03927798  0.06269794  0.02218804  0.02784084  0.00000000  0.00000000  0.00548481  0.01657820  
97_8_0     0.07469257  0.09305802  0.11827837  0.09928279  0.10556050  0.12472042  0.06269794  0.06269794  0.05677293  0.05089509  0.08688530  0.08688530  0.11827837  0.08688530  0.05677293  0.07469257  0.06269794  0.06269794  0.04506368  0.06269794  0.05677293  0.06269794  0.05089509  0.04506368  0.05677293  0.04506368  0.05089509  0.03927798  0.03353726  0.03353726  0.03353726  0.06867089  0.01657820  0.02218804  0.00548481  0.00548481  0.00000000  0.01101067  
42_8_0     0.08688530  0.10556050  0.12472042  0.11189205  0.11827837  0.12472042  0.06269794  0.06269794  0.05677293  0.05089509  0.08688530  0.08688530  0.10556050  0.08688530  0.06867089  0.08688530  0.06269794  0.06269794  0.05677293  0.07469257  0.06867089  0.07469257  0.06269794  0.03927798  0.06269794  0.04506368  0.05089509  0.03927798  0.03353726  0.03353726  0.03353726  0.05677293  0.01657820  0.03353726  0.01657820  0.01657820  0.01101067  0.00000000  

