46
34_3_0     0.00000000  0.13149216  0.24646004  0.26534536  0.18104430  0.18675931  0.18675931  0.18104430  0.18104430  0.18104430  0.22804190  0.24026990  0.44470342  0.47788050  0.47788050  0.42075611  0.38247983  0.42075611  0.40520869  0.38997929  0.31818142  0.42865327  0.58732626  0.62770093  0.56793131  0.48641102  0.44470342  0.46110719  0.51260513  0.57756564  0.54902877  0.53059425  0.54902877  0.51260513  0.53059425  0.51260513  0.82893038  0.80223287  0.80223287  0.78923472  0.81546197  0.81546197  0.73939894  0.87086212  0.70409583  0.71567854  
4_3_0      0.13149216  0.00000000  0.28472218  0.27174843  0.21006838  0.21006838  0.21006838  0.21601148  0.21601148  0.22200239  0.25270207  0.26534536  0.44470342  0.46944662  0.48641102  0.39755505  0.38997929  0.39755505  0.37505515  0.39755505  0.31136821  0.41294182  0.57756564  0.57756564  0.53975446  0.45286013  0.45286013  0.48641102  0.46944662  0.58732626  0.53059425  0.42865327  0.47788050  0.45286013  0.46110719  0.46110719  0.87086212  0.80223287  0.80223287  0.72744429  0.72744429  0.73939894  0.71567854  0.81546197  0.68145734  0.65948689  
4_5_0      0.24646004  0.28472218  0.00000000  0.10019955  0.21006838  0.22200239  0.22200239  0.24026990  0.24026990  0.24026990  0.23413080  0.29129482  0.50377097  0.53975446  0.52154536  0.45286013  0.41294182  0.46110719  0.45286013  0.47788050  0.38247983  0.49504040  0.61740016  0.57756564  0.51260513  0.53975446  0.48641102  0.53059425  0.52154536  0.54902877  0.54902877  0.54902877  0.53059425  0.53975446  0.47788050  0.49504040  0.76389996  0.81546197  0.82893038  0.84264691  0.82893038  0.84264691  0.67039108  0.85662087  0.75154868  0.62770093  
34_5_0     0.26534536  0.27174843  0.10019955  0.00000000  0.22200239  0.22200239  0.22200239  0.24646004  0.24646004  0.25270207  0.29129482  0.34607539  0.55842005  0.57756564  0.57756564  0.43663510  0.42075611  0.44470342  0.44470342  0.46110719  0.38247983  0.48641102  0.58732626  0.57756564  0.53059425  0.49504040  0.46110719  0.48641102  0.47788050  0.58732626  0.54902877  0.47788050  0.53975446  0.50377097  0.51260513  0.51260513  0.81546197  0.84264691  0.82893038  0.80223287  0.78923472  0.80223287  0.70409583  0.81546197  0.69269055  0.65948689  
8_6_0      0.18104430  0.21006838  0.21006838  0.22200239  0.00000000  0.03192473  0.03192473  0.05559637  0.05559637  0.05559637  0.24646004  0.29792600  0.46944662  0.44470342  0.44470342  0.36770378  0.36042429  0.40520869  0.40520869  0.43663510  0.31818142  0.40520869  0.51260513  0.58732626  0.51260513  0.47788050  0.47788050  0.45286013  0.53059425  0.55842005  0.50377097  0.46944662  0.51260513  0.47788050  0.48641102  0.48641102  0.72744429  0.72744429  0.72744429  0.80223287  0.78923472  0.78923472  0.75154868  0.82893038  0.68145734  0.72744429  
1_6_0      0.18675931  0.21006838  0.22200239  0.22200239  0.03192473  0.00000000  0.00000000  0.07016922  0.07016922  0.06042237  0.25899688  0.28472218  0.47788050  0.47788050  0.47788050  0.38997929  0.35321527  0.37505515  0.39755505  0.42075611  0.30461677  0.38997929  0.52154536  0.56793131  0.51260513  0.46110719  0.46110719  0.45286013  0.49504040  0.57756564  0.48641102  0.45286013  0.49504040  0.46110719  0.48641102  0.46944662  0.72744429  0.72744429  0.72744429  0.75154868  0.72744429  0.75154868  0.75154868  0.82893038  0.68145734  0.71567854  
11_6_0     0.18675931  0.21006838  0.22200239  0.22200239  0.03192473  0.00000000  0.00000000  0.07016922  0.07016922  0.06042237  0.25899688  0.28472218  0.47788050  0.47788050  0.47788050  0.38997929  0.35321527  0.37505515  0.39755505  0.42075611  0.30461677  0.38997929  0.52154536  0.56793131  0.51260513  0.46110719  0.46110719  0.45286013  0.49504040  0.57756564  0.48641102  0.45286013  0.49504040  0.46110719  0.48641102  0.46944662  0.72744429  0.72744429  0.72744429  0.75154868  0.72744429  0.75154868  0.75154868  0.82893038  0.68145734  0.71567854  
1_5_0      0.18104430  0.21601148  0.24026990  0.24646004  0.05559637  0.07016922  0.07016922  0.00000000  0.00000000  0.03659924  0.26534536  0.30461677  0.46110719  0.43663510  0.43663510  0.37505515  0.36042429  0.37505515  0.38997929  0.40520869  0.31818142  0.40520869  0.49504040  0.58732626  0.51260513  0.47788050  0.46110719  0.45286013  0.53059425  0.57756564  0.52154536  0.50377097  0.54902877  0.51260513  0.50377097  0.50377097  0.71567854  0.70409583  0.70409583  0.78923472  0.77645959  0.78923472  0.73939894  0.81546197  0.63814620  0.71567854  
11_5_0     0.18104430  0.21601148  0.24026990  0.24646004  0.05559637  0.07016922  0.07016922  0.00000000  0.00000000  0.03659924  0.26534536  0.30461677  0.46110719  0.43663510  0.43663510  0.37505515  0.36042429  0.37505515  0.38997929  0.40520869  0.31818142  0.40520869  0.49504040  0.58732626  0.51260513  0.47788050  0.46110719  0.45286013  0.53059425  0.57756564  0.52154536  0.50377097  0.54902877  0.51260513  0.50377097  0.50377097  0.71567854  0.70409583  0.70409583  0.78923472  0.77645959  0.78923472  0.73939894  0.81546197  0.63814620  0.71567854  
8_5_0      0.18104430  0.22200239  0.24026990  0.25270207  0.05559637  0.06042237  0.06042237  0.03659924  0.03659924  0.00000000  0.25270207  0.30461677  0.45286013  0.44470342  0.44470342  0.38997929  0.36042429  0.36770378  0.38247983  0.42865327  0.33900332  0.39755505  0.52154536  0.58732626  0.51260513  0.51260513  0.47788050  0.48641102  0.54902877  0.54902877  0.49504040  0.50377097  0.53059425  0.51260513  0.52154536  0.52154536  0.64874009  0.71567854  0.71567854  0.75154868  0.75154868  0.76389996  0.73939894  0.75154868  0.64874009  0.71567854  
34_4_0     0.22804190  0.25270207  0.23413080  0.29129482  0.24646004  0.25899688  0.25899688  0.26534536  0.26534536  0.25270207  0.00000000  0.13683789  0.46110719  0.51260513  0.51260513  0.39755505  0.41294182  0.43663510  0.43663510  0.41294182  0.36770378  0.46944662  0.58732626  0.60723996  0.55842005  0.52154536  0.48641102  0.52154536  0.50377097  0.58732626  0.57756564  0.53059425  0.50377097  0.50377097  0.51260513  0.53059425  0.72744429  0.75154868  0.75154868  0.70409583  0.72744429  0.73939894  0.80223287  0.85662087  0.77645959  0.75154868  
4_4_0      0.24026990  0.26534536  0.29129482  0.34607539  0.29792600  0.28472218  0.28472218  0.30461677  0.30461677  0.30461677  0.13683789  0.00000000  0.49504040  0.57756564  0.57756564  0.44470342  0.38997929  0.42865327  0.43663510  0.44470342  0.32505756  0.42865327  0.53059425  0.64874009  0.55842005  0.49504040  0.44470342  0.50377097  0.49504040  0.63814620  0.57756564  0.52154536  0.53059425  0.50377097  0.54902877  0.53059425  0.77645959  0.88538107  0.88538107  0.73939894  0.73939894  0.76389996  0.77645959  0.91529697  0.80223287  0.76389996  
7_8_0      0.44470342  0.44470342  0.50377097  0.55842005  0.46944662  0.47788050  0.47788050  0.46110719  0.46110719  0.45286013  0.46110719  0.49504040  0.00000000  0.08004537  0.07016922  0.27820705  0.32505756  0.38247983  0.38997929  0.36770378  0.38997929  0.43663510  0.63814620  0.57756564  0.59721654  0.64874009  0.60723996  0.60723996  0.64874009  0.65948689  0.65948689  0.62770093  0.61740016  0.59721654  0.67039108  0.64874009  0.90018878  0.94646534  0.96255286  0.93071808  0.97899566  1.01301242  0.82893038  0.82893038  0.88538107  0.77645959  
7_11_0     0.47788050  0.46944662  0.53975446  0.57756564  0.44470342  0.47788050  0.47788050  0.43663510  0.43663510  0.44470342  0.51260513  0.57756564  0.08004537  0.00000000  0.01807476  0.28472218  0.30461677  0.36770378  0.38247983  0.33900332  0.37505515  0.42075611  0.68145734  0.63814620  0.61740016  0.62770093  0.61740016  0.59721654  0.62770093  0.68145734  0.67039108  0.62770093  0.61740016  0.59721654  0.64874009  0.63814620  0.93071808  0.87086212  0.88538107  0.93071808  0.94646534  0.96255286  0.81546197  0.85662087  0.90018878  0.77645959  
7_10_0     0.47788050  0.48641102  0.52154536  0.57756564  0.44470342  0.47788050  0.47788050  0.43663510  0.43663510  0.44470342  0.51260513  0.57756564  0.07016922  0.01807476  0.00000000  0.27820705  0.29792600  0.38247983  0.38997929  0.36042429  0.38247983  0.42865327  0.64874009  0.60723996  0.61740016  0.63814620  0.60723996  0.58732626  0.64874009  0.67039108  0.68145734  0.63814620  0.62770093  0.60723996  0.67039108  0.65948689  0.88538107  0.88538107  0.90018878  0.97899566  0.96255286  0.97899566  0.82893038  0.87086212  0.88538107  0.78923472  
14_13_0    0.42075611  0.39755505  0.45286013  0.43663510  0.36770378  0.38997929  0.38997929  0.37505515  0.37505515  0.38997929  0.39755505  0.44470342  0.27820705  0.28472218  0.27820705  0.00000000  0.13683789  0.24026990  0.22804190  0.17537282  0.26534536  0.31136821  0.61740016  0.49504040  0.51260513  0.53975446  0.53975446  0.48641102  0.57756564  0.69269055  0.68145734  0.55842005  0.53059425  0.53059425  0.57756564  0.56793131  0.85662087  0.88538107  0.88538107  0.88538107  0.80223287  0.82893038  0.76389996  0.87086212  0.80223287  0.72744429  
14_14_0    0.38247983  0.38997929  0.41294182  0.42075611  0.36042429  0.35321527  0.35321527  0.36042429  0.36042429  0.36042429  0.41294182  0.38997929  0.32505756  0.30461677  0.29792600  0.13683789  0.00000000  0.24026990  0.25270207  0.20417235  0.24646004  0.33900332  0.53059425  0.61740016  0.58732626  0.54902877  0.55842005  0.50377097  0.57756564  0.65948689  0.64874009  0.61740016  0.60723996  0.57756564  0.64874009  0.63814620  0.96255286  1.04865798  1.04865798  0.96255286  0.91529697  0.94646534  0.71567854  0.85662087  0.80223287  0.65948689  
14_16_0    0.42075611  0.39755505  0.46110719  0.44470342  0.40520869  0.37505515  0.37505515  0.37505515  0.37505515  0.36770378  0.43663510  0.42865327  0.38247983  0.36770378  0.38247983  0.24026990  0.24026990  0.00000000  0.03659924  0.10532451  0.26534536  0.35321527  0.57756564  0.56793131  0.58732626  0.55842005  0.56793131  0.57756564  0.60723996  0.67039108  0.68145734  0.57756564  0.62770093  0.59721654  0.64874009  0.61740016  0.85662087  0.88538107  0.88538107  0.85662087  0.85662087  0.88538107  0.73939894  0.81546197  0.82893038  0.70409583  
14_8_0     0.40520869  0.37505515  0.45286013  0.44470342  0.40520869  0.39755505  0.39755505  0.38997929  0.38997929  0.38247983  0.43663510  0.43663510  0.38997929  0.38247983  0.38997929  0.22804190  0.25270207  0.03659924  0.00000000  0.11048498  0.27174843  0.35321527  0.56793131  0.54902877  0.58732626  0.54902877  0.54902877  0.56793131  0.60723996  0.67039108  0.70409583  0.57756564  0.59721654  0.58732626  0.62770093  0.59721654  0.85662087  0.88538107  0.88538107  0.85662087  0.85662087  0.88538107  0.70409583  0.81546197  0.80223287  0.67039108  
14_15_0    0.38997929  0.39755505  0.47788050  0.46110719  0.43663510  0.42075611  0.42075611  0.40520869  0.40520869  0.42865327  0.41294182  0.44470342  0.36770378  0.33900332  0.36042429  0.17537282  0.20417235  0.10532451  0.11048498  0.00000000  0.21006838  0.32505756  0.59721654  0.55842005  0.56793131  0.52154536  0.49504040  0.48641102  0.52154536  0.60723996  0.64874009  0.57756564  0.56793131  0.57756564  0.60723996  0.61740016  0.90018878  0.87086212  0.87086212  0.90018878  0.84264691  0.85662087  0.75154868  0.88538107  0.85662087  0.75154868  
14_9_0     0.31818142  0.31136821  0.38247983  0.38247983  0.31818142  0.30461677  0.30461677  0.31818142  0.31818142  0.33900332  0.36770378  0.32505756  0.38997929  0.37505515  0.38247983  0.26534536  0.24646004  0.26534536  0.27174843  0.21006838  0.00000000  0.15861307  0.49504040  0.58732626  0.57756564  0.50377097  0.46944662  0.46110719  0.51260513  0.67039108  0.63814620  0.52154536  0.54902877  0.53975446  0.57756564  0.56793131  0.76389996  0.77645959  0.77645959  0.78923472  0.72744429  0.75154868  0.70409583  0.90018878  0.71567854  0.69269055  
7_9_0      0.42865327  0.41294182  0.49504040  0.48641102  0.40520869  0.38997929  0.38997929  0.40520869  0.40520869  0.39755505  0.46944662  0.42865327  0.43663510  0.42075611  0.42865327  0.31136821  0.33900332  0.35321527  0.35321527  0.32505756  0.15861307  0.00000000  0.54902877  0.67039108  0.61740016  0.54902877  0.54902877  0.55842005  0.56793131  0.73939894  0.68145734  0.53975446  0.54902877  0.53975446  0.57756564  0.55842005  0.73939894  0.67039108  0.67039108  0.71567854  0.71567854  0.72744429  0.71567854  0.76389996  0.72744429  0.69269055  
29_0_0     0.58732626  0.57756564  0.61740016  0.58732626  0.51260513  0.52154536  0.52154536  0.49504040  0.49504040  0.52154536  0.58732626  0.53059425  0.63814620  0.68145734  0.64874009  0.61740016  0.53059425  0.57756564  0.56793131  0.59721654  0.49504040  0.54902877  0.00000000  0.56793131  0.58732626  0.51260513  0.51260513  0.47788050  0.53975446  0.59721654  0.57756564  0.51260513  0.53059425  0.50377097  0.60723996  0.59721654  0.81546197  0.85662087  0.85662087  0.80223287  0.76389996  0.78923472  0.60723996  0.70409583  0.64874009  0.61740016  
54_20_0    0.62770093  0.57756564  0.57756564  0.57756564  0.58732626  0.56793131  0.56793131  0.58732626  0.58732626  0.58732626  0.60723996  0.64874009  0.57756564  0.63814620  0.60723996  0.49504040  0.61740016  0.56793131  0.54902877  0.55842005  0.58732626  0.67039108  0.56793131  0.00000000  0.08004537  0.25899688  0.29129482  0.27174843  0.31136821  0.36770378  0.42075611  0.27820705  0.24026990  0.25899688  0.25270207  0.22804190  0.73939894  0.72744429  0.72744429  0.68145734  0.64874009  0.67039108  0.65948689  0.65948689  0.60723996  0.67039108  
76_20_0    0.56793131  0.53975446  0.51260513  0.53059425  0.51260513  0.51260513  0.51260513  0.51260513  0.51260513  0.51260513  0.55842005  0.55842005  0.59721654  0.61740016  0.61740016  0.51260513  0.58732626  0.58732626  0.58732626  0.56793131  0.57756564  0.61740016  0.58732626  0.08004537  0.00000000  0.23413080  0.26534536  0.27174843  0.29129482  0.36770378  0.37505515  0.25899688  0.23413080  0.24026990  0.21601148  0.21601148  0.78923472  0.75154868  0.75154868  0.68145734  0.64874009  0.65948689  0.65948689  0.64874009  0.61740016  0.63814620  
93_19_0    0.48641102  0.45286013  0.53975446  0.49504040  0.47788050  0.46110719  0.46110719  0.47788050  0.47788050  0.51260513  0.52154536  0.49504040  0.64874009  0.62770093  0.63814620  0.53975446  0.54902877  0.55842005  0.54902877  0.52154536  0.50377097  0.54902877  0.51260513  0.25899688  0.23413080  0.00000000  0.08004537  0.07016922  0.09510963  0.33900332  0.31818142  0.08503300  0.09510963  0.07016922  0.12091449  0.11048498  0.76389996  0.69269055  0.70409583  0.63814620  0.63814620  0.65948689  0.68145734  0.62770093  0.60723996  0.64874009  
90_19_0    0.44470342  0.45286013  0.48641102  0.46110719  0.47788050  0.46110719  0.46110719  0.46110719  0.46110719  0.47788050  0.48641102  0.44470342  0.60723996  0.61740016  0.60723996  0.53975446  0.55842005  0.56793131  0.54902877  0.49504040  0.46944662  0.54902877  0.51260513  0.29129482  0.26534536  0.08004537  0.00000000  0.04603722  0.12091449  0.31136821  0.30461677  0.15310928  0.15310928  0.14222227  0.16974422  0.16974422  0.70409583  0.75154868  0.76389996  0.67039108  0.71567854  0.72744429  0.65948689  0.73939894  0.60723996  0.63814620  
59_19_0    0.46110719  0.48641102  0.53059425  0.48641102  0.45286013  0.45286013  0.45286013  0.45286013  0.45286013  0.48641102  0.52154536  0.50377097  0.60723996  0.59721654  0.58732626  0.48641102  0.50377097  0.57756564  0.56793131  0.48641102  0.46110719  0.55842005  0.47788050  0.27174843  0.27174843  0.07016922  0.04603722  0.00000000  0.14222227  0.33900332  0.33900332  0.15310928  0.15310928  0.13149216  0.18104430  0.18104430  0.68145734  0.71567854  0.72744429  0.70409583  0.70409583  0.71567854  0.69269055  0.71567854  0.61740016  0.69269055  
84_19_0    0.51260513  0.46944662  0.52154536  0.47788050  0.53059425  0.49504040  0.49504040  0.53059425  0.53059425  0.54902877  0.50377097  0.49504040  0.64874009  0.62770093  0.64874009  0.57756564  0.57756564  0.60723996  0.60723996  0.52154536  0.51260513  0.56793131  0.53975446  0.31136821  0.29129482  0.09510963  0.12091449  0.14222227  0.00000000  0.31818142  0.29129482  0.09005427  0.12091449  0.11568148  0.15310928  0.15310928  0.68145734  0.68145734  0.69269055  0.61740016  0.62770093  0.64874009  0.68145734  0.65948689  0.64874009  0.62770093  
76_18_0    0.57756564  0.58732626  0.54902877  0.58732626  0.55842005  0.57756564  0.57756564  0.57756564  0.57756564  0.54902877  0.58732626  0.63814620  0.65948689  0.68145734  0.67039108  0.69269055  0.65948689  0.67039108  0.67039108  0.60723996  0.67039108  0.73939894  0.59721654  0.36770378  0.36770378  0.33900332  0.31136821  0.33900332  0.31818142  0.00000000  0.07016922  0.31136821  0.33199779  0.35321527  0.31818142  0.33199779  0.77645959  0.84264691  0.84264691  0.69269055  0.68145734  0.68145734  0.65948689  0.68145734  0.64874009  0.68145734  
54_18_0    0.54902877  0.53059425  0.54902877  0.54902877  0.50377097  0.48641102  0.48641102  0.52154536  0.52154536  0.49504040  0.57756564  0.57756564  0.65948689  0.67039108  0.68145734  0.68145734  0.64874009  0.68145734  0.70409583  0.64874009  0.63814620  0.68145734  0.57756564  0.42075611  0.37505515  0.31818142  0.30461677  0.33900332  0.29129482  0.07016922  0.00000000  0.26534536  0.33199779  0.31818142  0.33199779  0.33199779  0.81546197  0.82893038  0.82893038  0.70409583  0.71567854  0.72744429  0.65948689  0.69269055  0.64874009  0.64874009  
93_18_0    0.53059425  0.42865327  0.54902877  0.47788050  0.46944662  0.45286013  0.45286013  0.50377097  0.50377097  0.50377097  0.53059425  0.52154536  0.62770093  0.62770093  0.63814620  0.55842005  0.61740016  0.57756564  0.57756564  0.57756564  0.52154536  0.53975446  0.51260513  0.27820705  0.25899688  0.08503300  0.15310928  0.15310928  0.09005427  0.31136821  0.26534536  0.00000000  0.07016922  0.04603722  0.10019955  0.10019955  0.71567854  0.70409583  0.70409583  0.65948689  0.63814620  0.64874009  0.75154868  0.65948689  0.65948689  0.69269055  
59_18_0    0.54902877  0.47788050  0.53059425  0.53975446  0.51260513  0.49504040  0.49504040  0.54902877  0.54902877  0.53059425  0.50377097  0.53059425  0.61740016  0.61740016  0.62770093  0.53059425  0.60723996  0.62770093  0.59721654  0.56793131  0.54902877  0.54902877  0.53059425  0.24026990  0.23413080  0.09510963  0.15310928  0.15310928  0.12091449  0.33199779  0.33199779  0.07016922  0.00000000  0.03192473  0.10532451  0.09510963  0.76389996  0.68145734  0.68145734  0.65948689  0.61740016  0.63814620  0.73939894  0.63814620  0.69269055  0.70409583  
90_18_0    0.51260513  0.45286013  0.53975446  0.50377097  0.47788050  0.46110719  0.46110719  0.51260513  0.51260513  0.51260513  0.50377097  0.50377097  0.59721654  0.59721654  0.60723996  0.53059425  0.57756564  0.59721654  0.58732626  0.57756564  0.53975446  0.53975446  0.50377097  0.25899688  0.24026990  0.07016922  0.14222227  0.13149216  0.11568148  0.35321527  0.31818142  0.04603722  0.03192473  0.00000000  0.11048498  0.10019955  0.76389996  0.65948689  0.65948689  0.63814620  0.61740016  0.63814620  0.76389996  0.62770093  0.69269055  0.70409583  
84_22_0    0.53059425  0.46110719  0.47788050  0.51260513  0.48641102  0.48641102  0.48641102  0.50377097  0.50377097  0.52154536  0.51260513  0.54902877  0.67039108  0.64874009  0.67039108  0.57756564  0.64874009  0.64874009  0.62770093  0.60723996  0.57756564  0.57756564  0.60723996  0.25270207  0.21601148  0.12091449  0.16974422  0.18104430  0.15310928  0.31818142  0.33199779  0.10019955  0.10532451  0.11048498  0.00000000  0.01807476  0.72744429  0.64874009  0.64874009  0.67039108  0.64874009  0.65948689  0.72744429  0.70409583  0.65948689  0.68145734  
84_18_0    0.51260513  0.46110719  0.49504040  0.51260513  0.48641102  0.46944662  0.46944662  0.50377097  0.50377097  0.52154536  0.53059425  0.53059425  0.64874009  0.63814620  0.65948689  0.56793131  0.63814620  0.61740016  0.59721654  0.61740016  0.56793131  0.55842005  0.59721654  0.22804190  0.21601148  0.11048498  0.16974422  0.18104430  0.15310928  0.33199779  0.33199779  0.10019955  0.09510963  0.10019955  0.01807476  0.00000000  0.75154868  0.67039108  0.67039108  0.67039108  0.64874009  0.67039108  0.70409583  0.68145734  0.63814620  0.67039108  
69_23_0    0.82893038  0.87086212  0.76389996  0.81546197  0.72744429  0.72744429  0.72744429  0.71567854  0.71567854  0.64874009  0.72744429  0.77645959  0.90018878  0.93071808  0.88538107  0.85662087  0.96255286  0.85662087  0.85662087  0.90018878  0.76389996  0.73939894  0.81546197  0.73939894  0.78923472  0.76389996  0.70409583  0.68145734  0.68145734  0.77645959  0.81546197  0.71567854  0.76389996  0.76389996  0.72744429  0.75154868  0.00000000  0.14764588  0.15310928  0.25899688  0.28472218  0.29129482  0.94646534  0.87086212  0.93071808  0.90018878  
78_23_0    0.80223287  0.80223287  0.81546197  0.84264691  0.72744429  0.72744429  0.72744429  0.70409583  0.70409583  0.71567854  0.75154868  0.88538107  0.94646534  0.87086212  0.88538107  0.88538107  1.04865798  0.88538107  0.88538107  0.87086212  0.77645959  0.67039108  0.85662087  0.72744429  0.75154868  0.69269055  0.75154868  0.71567854  0.68145734  0.84264691  0.82893038  0.70409583  0.68145734  0.65948689  0.64874009  0.67039108  0.14764588  0.00000000  0.00447772  0.20417235  0.21601148  0.22200239  0.96255286  0.88538107  0.90018878  0.88538107  
50_23_0    0.80223287  0.80223287  0.82893038  0.82893038  0.72744429  0.72744429  0.72744429  0.70409583  0.70409583  0.71567854  0.75154868  0.88538107  0.96255286  0.88538107  0.90018878  0.88538107  1.04865798  0.88538107  0.88538107  0.87086212  0.77645959  0.67039108  0.85662087  0.72744429  0.75154868  0.70409583  0.76389996  0.72744429  0.69269055  0.84264691  0.82893038  0.70409583  0.68145734  0.65948689  0.64874009  0.67039108  0.15310928  0.00447772  0.00000000  0.20417235  0.21601148  0.22200239  0.97899566  0.90018878  0.88538107  0.90018878  
78_0_0     0.78923472  0.72744429  0.84264691  0.80223287  0.80223287  0.75154868  0.75154868  0.78923472  0.78923472  0.75154868  0.70409583  0.73939894  0.93071808  0.93071808  0.97899566  0.88538107  0.96255286  0.85662087  0.85662087  0.90018878  0.78923472  0.71567854  0.80223287  0.68145734  0.68145734  0.63814620  0.67039108  0.70409583  0.61740016  0.69269055  0.70409583  0.65948689  0.65948689  0.63814620  0.67039108  0.67039108  0.25899688  0.20417235  0.20417235  0.00000000  0.03659924  0.04603722  0.87086212  0.85662087  0.85662087  0.81546197  
94_0_0     0.81546197  0.72744429  0.82893038  0.78923472  0.78923472  0.72744429  0.72744429  0.77645959  0.77645959  0.75154868  0.72744429  0.73939894  0.97899566  0.94646534  0.96255286  0.80223287  0.91529697  0.85662087  0.85662087  0.84264691  0.72744429  0.71567854  0.76389996  0.64874009  0.64874009  0.63814620  0.71567854  0.70409583  0.62770093  0.68145734  0.71567854  0.63814620  0.61740016  0.61740016  0.64874009  0.64874009  0.28472218  0.21601148  0.21601148  0.03659924  0.00000000  0.00898254  0.88538107  0.85662087  0.90018878  0.85662087  
50_0_0     0.81546197  0.73939894  0.84264691  0.80223287  0.78923472  0.75154868  0.75154868  0.78923472  0.78923472  0.76389996  0.73939894  0.76389996  1.01301242  0.96255286  0.97899566  0.82893038  0.94646534  0.88538107  0.88538107  0.85662087  0.75154868  0.72744429  0.78923472  0.67039108  0.65948689  0.65948689  0.72744429  0.71567854  0.64874009  0.68145734  0.72744429  0.64874009  0.63814620  0.63814620  0.65948689  0.67039108  0.29129482  0.22200239  0.22200239  0.04603722  0.00898254  0.00000000  0.88538107  0.85662087  0.90018878  0.88538107  
57_0_0     0.73939894  0.71567854  0.67039108  0.70409583  0.75154868  0.75154868  0.75154868  0.73939894  0.73939894  0.73939894  0.80223287  0.77645959  0.82893038  0.81546197  0.82893038  0.76389996  0.71567854  0.73939894  0.70409583  0.75154868  0.70409583  0.71567854  0.60723996  0.65948689  0.65948689  0.68145734  0.65948689  0.69269055  0.68145734  0.65948689  0.65948689  0.75154868  0.73939894  0.76389996  0.72744429  0.70409583  0.94646534  0.96255286  0.97899566  0.87086212  0.88538107  0.88538107  0.00000000  0.24646004  0.17537282  0.04130327  
89_0_0     0.87086212  0.81546197  0.85662087  0.81546197  0.82893038  0.82893038  0.82893038  0.81546197  0.81546197  0.75154868  0.85662087  0.91529697  0.82893038  0.85662087  0.87086212  0.87086212  0.85662087  0.81546197  0.81546197  0.88538107  0.90018878  0.76389996  0.70409583  0.65948689  0.64874009  0.62770093  0.73939894  0.71567854  0.65948689  0.68145734  0.69269055  0.65948689  0.63814620  0.62770093  0.70409583  0.68145734  0.87086212  0.88538107  0.90018878  0.85662087  0.85662087  0.85662087  0.24646004  0.00000000  0.27174843  0.25270207  
89_17_0    0.70409583  0.68145734  0.75154868  0.69269055  0.68145734  0.68145734  0.68145734  0.63814620  0.63814620  0.64874009  0.77645959  0.80223287  0.88538107  0.90018878  0.88538107  0.80223287  0.80223287  0.82893038  0.80223287  0.85662087  0.71567854  0.72744429  0.64874009  0.60723996  0.61740016  0.60723996  0.60723996  0.61740016  0.64874009  0.64874009  0.64874009  0.65948689  0.69269055  0.69269055  0.65948689  0.63814620  0.93071808  0.90018878  0.88538107  0.85662087  0.90018878  0.90018878  0.17537282  0.27174843  0.00000000  0.17537282  
49_0_0     0.71567854  0.65948689  0.62770093  0.65948689  0.72744429  0.71567854  0.71567854  0.71567854  0.71567854  0.71567854  0.75154868  0.76389996  0.77645959  0.77645959  0.78923472  0.72744429  0.65948689  0.70409583  0.67039108  0.75154868  0.69269055  0.69269055  0.61740016  0.67039108  0.63814620  0.64874009  0.63814620  0.69269055  0.62770093  0.68145734  0.64874009  0.69269055  0.70409583  0.70409583  0.68145734  0.67039108  0.90018878  0.88538107  0.90018878  0.81546197  0.85662087  0.88538107  0.04130327  0.25270207  0.17537282  0.00000000  

