20
15_0_0     0.00000000  0.20918892  0.20918892  0.20918892  0.20231660  0.20918892  0.21612548  0.14951546  0.14951546  0.24453885  0.23019619  0.23019619  0.25916416  0.27408351  0.27408351  0.25181548  0.25181548  0.24453885  0.25181548  0.25181548  
18_0_0     0.20918892  0.00000000  0.01049046  0.02113134  0.02650955  0.02113134  0.04288206  0.08255065  0.09428520  0.16887833  0.17544654  0.17544654  0.18207340  0.18207340  0.18207340  0.17544654  0.17544654  0.18207340  0.18875997  0.18875997  
14_0_0     0.20918892  0.01049046  0.00000000  0.02113134  0.02650955  0.02113134  0.04288206  0.08255065  0.09428520  0.16887833  0.17544654  0.17544654  0.18207340  0.18207340  0.18207340  0.17544654  0.17544654  0.18207340  0.18875997  0.18875997  
20_0_0     0.20918892  0.02113134  0.02113134  0.00000000  0.00522670  0.00000000  0.04288206  0.08255065  0.09428520  0.18207340  0.18875997  0.18875997  0.19550733  0.19550733  0.19550733  0.18875997  0.18875997  0.19550733  0.20231660  0.20231660  
12_0_0     0.20231660  0.02650955  0.02650955  0.00522670  0.00000000  0.00522670  0.04842083  0.07675223  0.08839473  0.18875997  0.19550733  0.19550733  0.20231660  0.20231660  0.20231660  0.19550733  0.19550733  0.20231660  0.20918892  0.20918892  
19_0_0     0.20918892  0.02113134  0.02113134  0.00000000  0.00522670  0.00000000  0.04288206  0.08255065  0.09428520  0.18207340  0.18875997  0.18875997  0.19550733  0.19550733  0.19550733  0.18875997  0.18875997  0.19550733  0.20231660  0.20231660  
13_0_0     0.21612548  0.04288206  0.04288206  0.04288206  0.04842083  0.04288206  0.00000000  0.10620828  0.11832605  0.16887833  0.16887833  0.16887833  0.19550733  0.18207340  0.18207340  0.17544654  0.17544654  0.18207340  0.18875997  0.18875997  
16_0_0     0.14951546  0.08255065  0.08255065  0.08255065  0.07675223  0.08255065  0.10620828  0.00000000  0.01049046  0.16236775  0.16887833  0.16887833  0.17544654  0.18875997  0.18875997  0.16887833  0.16887833  0.17544654  0.18207340  0.18207340  
17_0_0     0.14951546  0.09428520  0.09428520  0.09428520  0.08839473  0.09428520  0.11832605  0.01049046  0.00000000  0.16236775  0.16887833  0.16887833  0.18207340  0.19550733  0.19550733  0.17544654  0.17544654  0.17544654  0.18207340  0.18207340  
5_0_0      0.24453885  0.16887833  0.16887833  0.18207340  0.18875997  0.18207340  0.16887833  0.16236775  0.16236775  0.00000000  0.01579183  0.01579183  0.06528955  0.06528955  0.06528955  0.03738433  0.03738433  0.03192702  0.03738433  0.03738433  
4_0_0      0.23019619  0.17544654  0.17544654  0.18875997  0.19550733  0.18875997  0.16887833  0.16887833  0.16887833  0.01579183  0.00000000  0.00000000  0.07099876  0.07099876  0.07099876  0.04288206  0.04288206  0.03738433  0.04288206  0.04288206  
3_0_0      0.23019619  0.17544654  0.17544654  0.18875997  0.19550733  0.18875997  0.16887833  0.16887833  0.16887833  0.01579183  0.00000000  0.00000000  0.07099876  0.07099876  0.07099876  0.04288206  0.04288206  0.03738433  0.04288206  0.04288206  
6_0_0      0.25916416  0.18207340  0.18207340  0.19550733  0.20231660  0.19550733  0.19550733  0.17544654  0.18207340  0.06528955  0.07099876  0.07099876  0.00000000  0.02113134  0.02113134  0.04842083  0.04842083  0.06528955  0.07099876  0.07099876  
9_0_0      0.27408351  0.18207340  0.18207340  0.19550733  0.20231660  0.19550733  0.18207340  0.18875997  0.19550733  0.06528955  0.07099876  0.07099876  0.02113134  0.00000000  0.00000000  0.04842083  0.04842083  0.06528955  0.07099876  0.07099876  
1_0_0      0.27408351  0.18207340  0.18207340  0.19550733  0.20231660  0.19550733  0.18207340  0.18875997  0.19550733  0.06528955  0.07099876  0.07099876  0.02113134  0.00000000  0.00000000  0.04842083  0.04842083  0.06528955  0.07099876  0.07099876  
2_0_0      0.25181548  0.17544654  0.17544654  0.18875997  0.19550733  0.18875997  0.17544654  0.16887833  0.17544654  0.03738433  0.04288206  0.04288206  0.04842083  0.04842083  0.04842083  0.00000000  0.00000000  0.03738433  0.04288206  0.04288206  
8_0_0      0.25181548  0.17544654  0.17544654  0.18875997  0.19550733  0.18875997  0.17544654  0.16887833  0.17544654  0.03738433  0.04288206  0.04288206  0.04842083  0.04842083  0.04842083  0.00000000  0.00000000  0.03738433  0.04288206  0.04288206  
10_0_0     0.24453885  0.18207340  0.18207340  0.19550733  0.20231660  0.19550733  0.18207340  0.17544654  0.17544654  0.03192702  0.03738433  0.03738433  0.06528955  0.06528955  0.06528955  0.03738433  0.03738433  0.00000000  0.00522670  0.00522670  
7_0_0      0.25181548  0.18875997  0.18875997  0.20231660  0.20918892  0.20231660  0.18875997  0.18207340  0.18207340  0.03738433  0.04288206  0.04288206  0.07099876  0.07099876  0.07099876  0.04288206  0.04288206  0.00522670  0.00000000  0.00000000  
11_0_0     0.25181548  0.18875997  0.18875997  0.20231660  0.20918892  0.20231660  0.18875997  0.18207340  0.18207340  0.03738433  0.04288206  0.04288206  0.07099876  0.07099876  0.07099876  0.04288206  0.04288206  0.00522670  0.00000000  0.00000000  

