11
35_1_0     0.00000000  0.03549734  0.02517904  0.03032007  0.02007373  0.09499361  0.10064910  0.11209239  0.10634846  0.10634846  0.08938131  
16_2_0     0.03549734  0.00000000  0.00996831  0.01500364  0.01500364  0.11209239  0.11788157  0.12959860  0.12371673  0.12371673  0.09499361  
51_2_0     0.02517904  0.00996831  0.00000000  0.01500364  0.00496725  0.10064910  0.10634846  0.11788157  0.11209239  0.11209239  0.08381157  
16_1_0     0.03032007  0.01500364  0.01500364  0.00000000  0.00996831  0.09499361  0.10064910  0.11209239  0.10634846  0.10634846  0.08938131  
51_1_0     0.02007373  0.01500364  0.00496725  0.00996831  0.00000000  0.09499361  0.10064910  0.11209239  0.10634846  0.10634846  0.07828373  
3_1_0      0.09499361  0.11209239  0.10064910  0.09499361  0.09499361  0.00000000  0.02517904  0.02517904  0.02007373  0.02007373  0.03549734  
17_1_0     0.10064910  0.11788157  0.10634846  0.10064910  0.10064910  0.02517904  0.00000000  0.00996831  0.00496725  0.00496725  0.05125169  
15_1_0     0.11209239  0.12959860  0.11788157  0.11209239  0.11209239  0.02517904  0.00996831  0.00000000  0.00496725  0.00496725  0.06194546  
14_1_0     0.10634846  0.12371673  0.11209239  0.10634846  0.10634846  0.02007373  0.00496725  0.00496725  0.00000000  0.00000000  0.05657912  
47_1_0     0.10634846  0.12371673  0.11209239  0.10634846  0.10634846  0.02007373  0.00496725  0.00496725  0.00000000  0.00000000  0.05657912  
9_1_0      0.08938131  0.09499361  0.08381157  0.08938131  0.07828373  0.03549734  0.05125169  0.06194546  0.05657912  0.05657912  0.00000000  

