23
66_1_0     0.00000000  0.11663639  0.09000589  0.09877390  0.09877390  0.11663639  0.15374623  0.14428820  0.09877390  0.22367187  0.23423867  0.10764984  0.10764984  0.10764984  0.10764984  0.30111352  0.30111352  0.30111352  0.28952810  0.30111352  0.30111352  0.28952810  0.28952810  
89_1_0     0.11663639  0.00000000  0.02345425  0.03952524  0.03952524  0.05596258  0.11663639  0.10764984  0.04769708  0.20299175  0.21325768  0.07278336  0.07278336  0.05596258  0.05596258  0.26690113  0.26690113  0.26690113  0.25584844  0.26690113  0.26690113  0.25584844  0.25584844  
98_1_0     0.09000589  0.02345425  0.00000000  0.01555110  0.01555110  0.03144498  0.09000589  0.08134321  0.02345425  0.17304278  0.18288821  0.04769708  0.04769708  0.03144498  0.03144498  0.23423867  0.23423867  0.23423867  0.22367187  0.23423867  0.23423867  0.22367187  0.22367187  
87_1_0     0.09877390  0.03952524  0.01555110  0.00000000  0.00000000  0.02345425  0.09000589  0.08134321  0.03952524  0.19286993  0.20299175  0.06432392  0.06432392  0.04769708  0.04769708  0.21325768  0.21325768  0.21325768  0.20299175  0.21325768  0.21325768  0.20299175  0.20299175  
93_1_0     0.09877390  0.03952524  0.01555110  0.00000000  0.00000000  0.02345425  0.09000589  0.08134321  0.03952524  0.19286993  0.20299175  0.06432392  0.06432392  0.04769708  0.04769708  0.21325768  0.21325768  0.21325768  0.20299175  0.21325768  0.21325768  0.20299175  0.20299175  
62_1_0     0.11663639  0.05596258  0.03144498  0.02345425  0.02345425  0.00000000  0.11663639  0.10764984  0.05596258  0.21325768  0.22367187  0.08134321  0.08134321  0.06432392  0.06432392  0.22367187  0.22367187  0.22367187  0.21325768  0.22367187  0.22367187  0.21325768  0.21325768  
59_1_0     0.15374623  0.11663639  0.09000589  0.09000589  0.09000589  0.11663639  0.00000000  0.03144498  0.11663639  0.23423867  0.24496261  0.10764984  0.10764984  0.10764984  0.10764984  0.25584844  0.25584844  0.25584844  0.27812587  0.28952810  0.28952810  0.27812587  0.27812587  
81_1_0     0.14428820  0.10764984  0.08134321  0.08134321  0.08134321  0.10764984  0.03144498  0.00000000  0.10764984  0.22367187  0.23423867  0.10764984  0.10764984  0.09877390  0.09877390  0.25584844  0.25584844  0.25584844  0.26690113  0.27812587  0.27812587  0.26690113  0.26690113  
69_1_0     0.09877390  0.04769708  0.02345425  0.03952524  0.03952524  0.05596258  0.11663639  0.10764984  0.00000000  0.18288821  0.19286993  0.07278336  0.07278336  0.05596258  0.05596258  0.24496261  0.24496261  0.24496261  0.23423867  0.24496261  0.24496261  0.23423867  0.23423867  
91_1_0     0.22367187  0.20299175  0.17304278  0.19286993  0.19286993  0.21325768  0.23423867  0.22367187  0.18288821  0.00000000  0.02345425  0.14428820  0.14428820  0.15374623  0.15374623  0.33703029  0.33703029  0.33703029  0.33703029  0.32485818  0.32485818  0.33703029  0.33703029  
85_1_0     0.23423867  0.21325768  0.18288821  0.20299175  0.20299175  0.22367187  0.24496261  0.23423867  0.19286993  0.02345425  0.00000000  0.15374623  0.15374623  0.16332996  0.16332996  0.34941140  0.34941140  0.34941140  0.34941140  0.33703029  0.33703029  0.34941140  0.34941140  
76_3_0     0.10764984  0.07278336  0.04769708  0.06432392  0.06432392  0.08134321  0.10764984  0.10764984  0.07278336  0.14428820  0.15374623  0.00000000  0.00000000  0.03144498  0.03144498  0.19286993  0.19286993  0.19286993  0.20299175  0.21325768  0.21325768  0.20299175  0.20299175  
76_1_0     0.10764984  0.07278336  0.04769708  0.06432392  0.06432392  0.08134321  0.10764984  0.10764984  0.07278336  0.14428820  0.15374623  0.00000000  0.00000000  0.03144498  0.03144498  0.19286993  0.19286993  0.19286993  0.20299175  0.21325768  0.21325768  0.20299175  0.20299175  
58_1_0     0.10764984  0.05596258  0.03144498  0.04769708  0.04769708  0.06432392  0.10764984  0.09877390  0.05596258  0.15374623  0.16332996  0.03144498  0.03144498  0.00000000  0.00000000  0.21325768  0.21325768  0.21325768  0.20299175  0.21325768  0.21325768  0.20299175  0.20299175  
63_1_0     0.10764984  0.05596258  0.03144498  0.04769708  0.04769708  0.06432392  0.10764984  0.09877390  0.05596258  0.15374623  0.16332996  0.03144498  0.03144498  0.00000000  0.00000000  0.21325768  0.21325768  0.21325768  0.20299175  0.21325768  0.21325768  0.20299175  0.20299175  
83_1_0     0.30111352  0.26690113  0.23423867  0.21325768  0.21325768  0.22367187  0.25584844  0.25584844  0.24496261  0.33703029  0.34941140  0.19286993  0.19286993  0.21325768  0.21325768  0.00000000  0.00773363  0.00000000  0.02345425  0.03144498  0.03144498  0.02345425  0.02345425  
65_1_0     0.30111352  0.26690113  0.23423867  0.21325768  0.21325768  0.22367187  0.25584844  0.25584844  0.24496261  0.33703029  0.34941140  0.19286993  0.19286993  0.21325768  0.21325768  0.00773363  0.00000000  0.00773363  0.03144498  0.03952524  0.03952524  0.03144498  0.03144498  
95_1_0     0.30111352  0.26690113  0.23423867  0.21325768  0.21325768  0.22367187  0.25584844  0.25584844  0.24496261  0.33703029  0.34941140  0.19286993  0.19286993  0.21325768  0.21325768  0.00000000  0.00773363  0.00000000  0.02345425  0.03144498  0.03144498  0.02345425  0.02345425  
99_1_0     0.28952810  0.25584844  0.22367187  0.20299175  0.20299175  0.21325768  0.27812587  0.26690113  0.23423867  0.33703029  0.34941140  0.20299175  0.20299175  0.20299175  0.20299175  0.02345425  0.03144498  0.02345425  0.00000000  0.00773363  0.00773363  0.00000000  0.00000000  
61_1_0     0.30111352  0.26690113  0.23423867  0.21325768  0.21325768  0.22367187  0.28952810  0.27812587  0.24496261  0.32485818  0.33703029  0.21325768  0.21325768  0.21325768  0.21325768  0.03144498  0.03952524  0.03144498  0.00773363  0.00000000  0.00000000  0.00773363  0.00773363  
97_1_0     0.30111352  0.26690113  0.23423867  0.21325768  0.21325768  0.22367187  0.28952810  0.27812587  0.24496261  0.32485818  0.33703029  0.21325768  0.21325768  0.21325768  0.21325768  0.03144498  0.03952524  0.03144498  0.00773363  0.00000000  0.00000000  0.00773363  0.00773363  
72_1_0     0.28952810  0.25584844  0.22367187  0.20299175  0.20299175  0.21325768  0.27812587  0.26690113  0.23423867  0.33703029  0.34941140  0.20299175  0.20299175  0.20299175  0.20299175  0.02345425  0.03144498  0.02345425  0.00000000  0.00773363  0.00773363  0.00000000  0.00000000  
72_2_0     0.28952810  0.25584844  0.22367187  0.20299175  0.20299175  0.21325768  0.27812587  0.26690113  0.23423867  0.33703029  0.34941140  0.20299175  0.20299175  0.20299175  0.20299175  0.02345425  0.03144498  0.02345425  0.00000000  0.00773363  0.00773363  0.00000000  0.00000000  

