26
12_1_0     0.00000000  0.03719443  0.12385903  0.14248868  0.49981285  0.58652430  0.59811910  0.57510948  0.56386916  0.48965901  0.46001257  0.48965901  0.48965901  0.53114373  0.54189119  0.53114373  0.52055108  0.36051640  0.36902531  0.36051640  0.40408111  0.36051640  0.38634433  0.37763384  0.35210483  0.37763384  
10_1_0     0.03719443  0.00000000  0.11775257  0.13622621  0.51010886  0.59811910  0.60989966  0.60989966  0.59811910  0.48965901  0.44089214  0.48965901  0.48965901  0.53114373  0.54189119  0.53114373  0.52055108  0.37763384  0.38634433  0.39515925  0.42225631  0.37763384  0.40408111  0.37763384  0.38634433  0.37763384  
4_1_0      0.12385903  0.11775257  0.00000000  0.02637410  0.47964347  0.57510948  0.58652430  0.55279807  0.56386916  0.44089214  0.43151519  0.42225631  0.42225631  0.46001257  0.45039021  0.46001257  0.46976251  0.35210483  0.36051640  0.37763384  0.39515925  0.35210483  0.36051640  0.35210483  0.37763384  0.36902531  
4_2_0      0.14248868  0.13622621  0.02637410  0.00000000  0.46976251  0.56386916  0.57510948  0.54189119  0.55279807  0.46976251  0.46001257  0.44089214  0.44089214  0.47964347  0.46976251  0.47964347  0.48965901  0.35210483  0.36051640  0.37763384  0.39515925  0.35210483  0.36051640  0.35210483  0.37763384  0.36902531  
5_5_0      0.49981285  0.51010886  0.47964347  0.46976251  0.00000000  0.14248868  0.14880495  0.09382154  0.08795853  0.38634433  0.40408111  0.36902531  0.32743246  0.38634433  0.39515925  0.36902531  0.38634433  0.53114373  0.55279807  0.55279807  0.57510948  0.52055108  0.54189119  0.48965901  0.52055108  0.54189119  
14_5_0     0.58652430  0.59811910  0.57510948  0.56386916  0.14248868  0.00000000  0.00519969  0.05932479  0.05372945  0.38634433  0.40408111  0.40408111  0.35210483  0.42225631  0.41311256  0.38634433  0.40408111  0.55279807  0.57510948  0.56386916  0.57510948  0.54189119  0.54189119  0.48965901  0.54189119  0.58652430  
17_5_0     0.59811910  0.60989966  0.58652430  0.57510948  0.14880495  0.00519969  0.00000000  0.06496303  0.05932479  0.37763384  0.39515925  0.39515925  0.34378839  0.41311256  0.40408111  0.37763384  0.39515925  0.56386916  0.58652430  0.57510948  0.58652430  0.55279807  0.55279807  0.49981285  0.55279807  0.59811910  
6_5_0      0.57510948  0.60989966  0.55279807  0.54189119  0.09382154  0.05932479  0.06496303  0.00000000  0.00519969  0.37763384  0.39515925  0.37763384  0.34378839  0.37763384  0.38634433  0.36051640  0.37763384  0.49981285  0.52055108  0.53114373  0.52055108  0.48965901  0.51010886  0.47964347  0.48965901  0.53114373  
11_5_0     0.56386916  0.59811910  0.56386916  0.55279807  0.08795853  0.05372945  0.05932479  0.00519969  0.00000000  0.38634433  0.40408111  0.38634433  0.33556495  0.38634433  0.39515925  0.36902531  0.38634433  0.51010886  0.53114373  0.54189119  0.53114373  0.49981285  0.52055108  0.46976251  0.49981285  0.54189119  
5_8_0      0.48965901  0.48965901  0.44089214  0.46976251  0.38634433  0.38634433  0.37763384  0.37763384  0.38634433  0.00000000  0.06496303  0.07064484  0.09973168  0.09382154  0.09973168  0.10568971  0.10568971  0.38634433  0.40408111  0.37763384  0.43151519  0.39515925  0.39515925  0.44089214  0.41311256  0.44089214  
5_3_0      0.46001257  0.44089214  0.43151519  0.46001257  0.40408111  0.40408111  0.39515925  0.39515925  0.40408111  0.06496303  0.00000000  0.08214189  0.09973168  0.08795853  0.09382154  0.09382154  0.10568971  0.36051640  0.37763384  0.37763384  0.40408111  0.36902531  0.38634433  0.41311256  0.38634433  0.39515925  
5_7_0      0.48965901  0.48965901  0.42225631  0.44089214  0.36902531  0.40408111  0.39515925  0.37763384  0.38634433  0.07064484  0.08214189  0.00000000  0.04817636  0.06496303  0.07064484  0.06496303  0.06496303  0.36902531  0.38634433  0.36051640  0.40408111  0.37763384  0.39515925  0.40408111  0.39515925  0.37763384  
5_9_0      0.48965901  0.48965901  0.42225631  0.44089214  0.32743246  0.35210483  0.34378839  0.34378839  0.33556495  0.09973168  0.09973168  0.04817636  0.00000000  0.08214189  0.08795853  0.08214189  0.09382154  0.39515925  0.41311256  0.40408111  0.44089214  0.40408111  0.40408111  0.41311256  0.40408111  0.41311256  
14_3_0     0.53114373  0.53114373  0.46001257  0.47964347  0.38634433  0.42225631  0.41311256  0.37763384  0.38634433  0.09382154  0.08795853  0.06496303  0.08214189  0.00000000  0.01571068  0.03176437  0.04266490  0.37763384  0.39515925  0.39515925  0.42225631  0.38634433  0.40408111  0.41311256  0.40408111  0.39515925  
17_3_0     0.54189119  0.54189119  0.45039021  0.46976251  0.39515925  0.41311256  0.40408111  0.38634433  0.39515925  0.09973168  0.09382154  0.07064484  0.08795853  0.01571068  0.00000000  0.03719443  0.04817636  0.38634433  0.40408111  0.40408111  0.43151519  0.39515925  0.41311256  0.42225631  0.41311256  0.40408111  
11_3_0     0.53114373  0.53114373  0.46001257  0.47964347  0.36902531  0.38634433  0.37763384  0.36051640  0.36902531  0.10568971  0.09382154  0.06496303  0.08214189  0.03176437  0.03719443  0.00000000  0.03176437  0.36051640  0.37763384  0.37763384  0.39515925  0.36902531  0.36902531  0.39515925  0.38634433  0.37763384  
6_3_0      0.52055108  0.52055108  0.46976251  0.48965901  0.38634433  0.40408111  0.39515925  0.37763384  0.38634433  0.10568971  0.10568971  0.06496303  0.09382154  0.04266490  0.04817636  0.03176437  0.00000000  0.38634433  0.40408111  0.38634433  0.42225631  0.39515925  0.39515925  0.42225631  0.41311256  0.40408111  
20_0_0     0.36051640  0.37763384  0.35210483  0.35210483  0.53114373  0.55279807  0.56386916  0.49981285  0.51010886  0.38634433  0.36051640  0.36902531  0.39515925  0.37763384  0.38634433  0.36051640  0.38634433  0.00000000  0.01043640  0.03176437  0.04817636  0.01571068  0.03719443  0.07064484  0.03719443  0.04817636  
8_0_0      0.36902531  0.38634433  0.36051640  0.36051640  0.55279807  0.57510948  0.58652430  0.52055108  0.53114373  0.40408111  0.37763384  0.38634433  0.41311256  0.39515925  0.40408111  0.37763384  0.40408111  0.01043640  0.00000000  0.04266490  0.05932479  0.02637410  0.04817636  0.08214189  0.04817636  0.05932479  
15_0_0     0.36051640  0.39515925  0.37763384  0.37763384  0.55279807  0.56386916  0.57510948  0.53114373  0.54189119  0.37763384  0.37763384  0.36051640  0.40408111  0.39515925  0.40408111  0.37763384  0.38634433  0.03176437  0.04266490  0.00000000  0.07637090  0.04817636  0.05932479  0.09382154  0.05932479  0.07064484  
9_0_0      0.40408111  0.42225631  0.39515925  0.39515925  0.57510948  0.57510948  0.58652430  0.52055108  0.53114373  0.43151519  0.40408111  0.40408111  0.44089214  0.42225631  0.43151519  0.39515925  0.42225631  0.04817636  0.05932479  0.07637090  0.00000000  0.06496303  0.08214189  0.09973168  0.08795853  0.08795853  
16_0_0     0.36051640  0.37763384  0.35210483  0.35210483  0.52055108  0.54189119  0.55279807  0.48965901  0.49981285  0.39515925  0.36902531  0.37763384  0.40408111  0.38634433  0.39515925  0.36902531  0.39515925  0.01571068  0.02637410  0.04817636  0.06496303  0.00000000  0.05372945  0.06496303  0.04266490  0.05372945  
7_0_0      0.38634433  0.40408111  0.36051640  0.36051640  0.54189119  0.54189119  0.55279807  0.51010886  0.52055108  0.39515925  0.38634433  0.39515925  0.40408111  0.40408111  0.41311256  0.36902531  0.39515925  0.03719443  0.04817636  0.05932479  0.08214189  0.05372945  0.00000000  0.07637090  0.05372945  0.08795853  
18_0_0     0.37763384  0.37763384  0.35210483  0.35210483  0.48965901  0.48965901  0.49981285  0.47964347  0.46976251  0.44089214  0.41311256  0.40408111  0.41311256  0.41311256  0.42225631  0.39515925  0.42225631  0.07064484  0.08214189  0.09382154  0.09973168  0.06496303  0.07637090  0.00000000  0.08795853  0.08795853  
18_12_0    0.35210483  0.38634433  0.37763384  0.37763384  0.52055108  0.54189119  0.55279807  0.48965901  0.49981285  0.41311256  0.38634433  0.39515925  0.40408111  0.40408111  0.41311256  0.38634433  0.41311256  0.03719443  0.04817636  0.05932479  0.08795853  0.04266490  0.05372945  0.08795853  0.00000000  0.07637090  
19_0_0     0.37763384  0.37763384  0.36902531  0.36902531  0.54189119  0.58652430  0.59811910  0.53114373  0.54189119  0.44089214  0.39515925  0.37763384  0.41311256  0.39515925  0.40408111  0.37763384  0.40408111  0.04817636  0.05932479  0.07064484  0.08795853  0.05372945  0.08795853  0.08795853  0.07637090  0.00000000  

