45
24_0_0     0.00000000  0.01754579  0.24397548  0.25203568  0.24397548  0.24397548  0.26842218  0.26018393  0.25203568  0.26018393  0.26018393  0.48842910  0.51101917  0.60891333  0.63553488  0.51101917  0.54624123  0.57068189  0.55836147  0.54624123  0.58320924  0.70656794  0.62210535  0.66314180  0.66314180  0.64921063  0.78508420  0.70656794  0.70656794  0.60891333  0.60891333  0.59595057  0.75267939  0.53431479  0.53431479  0.51101917  0.51101917  0.49963862  0.49963862  0.49963862  0.51101917  0.53431479  0.55836147  0.53431479  0.55836147  
38_0_0     0.01754579  0.00000000  0.22030463  0.22811174  0.22030463  0.22030463  0.24397548  0.23600144  0.22811174  0.23600144  0.23600144  0.47738554  0.49963862  0.59595057  0.62210535  0.49963862  0.55836147  0.58320924  0.54624123  0.53431479  0.57068189  0.66314180  0.60891333  0.64921063  0.64921063  0.63553488  0.76870584  0.69180986  0.66314180  0.57068189  0.57068189  0.55836147  0.70656794  0.52257604  0.52257604  0.49963862  0.49963862  0.51101917  0.51101917  0.51101917  0.54624123  0.54624123  0.54624123  0.52257604  0.54624123  
91_0_0     0.24397548  0.22030463  0.00000000  0.00580286  0.00000000  0.00000000  0.04160124  0.04773830  0.01754579  0.11880478  0.12561413  0.32878752  0.36561030  0.57068189  0.62210535  0.52257604  0.63553488  0.63553488  0.59595057  0.60891333  0.62210535  0.59595057  0.59595057  0.62210535  0.64921063  0.63553488  0.67733812  0.63553488  0.62210535  0.57068189  0.57068189  0.58320924  0.69180986  0.46650310  0.46650310  0.45577714  0.47738554  0.45577714  0.45577714  0.45577714  0.46650310  0.48842910  0.46650310  0.42449474  0.42449474  
25_0_0     0.25203568  0.22811174  0.00580286  0.00000000  0.00580286  0.00580286  0.04773830  0.05392627  0.02348731  0.12561413  0.13248621  0.33782421  0.37510720  0.55836147  0.60891333  0.51101917  0.62210535  0.64921063  0.60891333  0.62210535  0.63553488  0.60891333  0.60891333  0.63553488  0.63553488  0.64921063  0.66314180  0.64921063  0.63553488  0.58320924  0.58320924  0.59595057  0.70656794  0.47738554  0.47738554  0.44520324  0.46650310  0.46650310  0.46650310  0.46650310  0.47738554  0.49963862  0.45577714  0.41435217  0.41435217  
25_2_0     0.24397548  0.22030463  0.00000000  0.00580286  0.00000000  0.00000000  0.04160124  0.04773830  0.01754579  0.11880478  0.12561413  0.32878752  0.36561030  0.57068189  0.62210535  0.52257604  0.63553488  0.63553488  0.59595057  0.60891333  0.62210535  0.59595057  0.59595057  0.62210535  0.64921063  0.63553488  0.67733812  0.63553488  0.62210535  0.57068189  0.57068189  0.58320924  0.69180986  0.46650310  0.46650310  0.45577714  0.47738554  0.45577714  0.45577714  0.45577714  0.46650310  0.48842910  0.46650310  0.42449474  0.42449474  
91_2_0     0.24397548  0.22030463  0.00000000  0.00580286  0.00000000  0.00000000  0.04160124  0.04773830  0.01754579  0.11880478  0.12561413  0.32878752  0.36561030  0.57068189  0.62210535  0.52257604  0.63553488  0.63553488  0.59595057  0.60891333  0.62210535  0.59595057  0.59595057  0.62210535  0.64921063  0.63553488  0.67733812  0.63553488  0.62210535  0.57068189  0.57068189  0.58320924  0.69180986  0.46650310  0.46650310  0.45577714  0.47738554  0.45577714  0.45577714  0.45577714  0.46650310  0.48842910  0.46650310  0.42449474  0.42449474  
21_0_0     0.26842218  0.24397548  0.04160124  0.04773830  0.04160124  0.04160124  0.00000000  0.00580286  0.02348731  0.13248621  0.14642327  0.37510720  0.39447162  0.58320924  0.63553488  0.54624123  0.63553488  0.64921063  0.63553488  0.64921063  0.63553488  0.66314180  0.66314180  0.63553488  0.66314180  0.64921063  0.66314180  0.64921063  0.60891333  0.58320924  0.58320924  0.64921063  0.70656794  0.49963862  0.49963862  0.48842910  0.51101917  0.48842910  0.48842910  0.48842910  0.52257604  0.52257604  0.47738554  0.42449474  0.39447162  
15_0_0     0.26018393  0.23600144  0.04773830  0.05392627  0.04773830  0.04773830  0.00580286  0.00000000  0.02947655  0.12561413  0.13942219  0.38472658  0.40434567  0.57068189  0.62210535  0.53431479  0.62210535  0.66314180  0.64921063  0.66314180  0.64921063  0.64921063  0.67733812  0.62210535  0.64921063  0.63553488  0.67733812  0.66314180  0.59595057  0.59595057  0.59595057  0.63553488  0.69180986  0.48842910  0.48842910  0.47738554  0.49963862  0.47738554  0.47738554  0.47738554  0.51101917  0.51101917  0.46650310  0.41435217  0.40434567  
71_0_0     0.25203568  0.22811174  0.01754579  0.02348731  0.01754579  0.01754579  0.02348731  0.02947655  0.00000000  0.11880478  0.13248621  0.34697172  0.36561030  0.54624123  0.59595057  0.52257604  0.60891333  0.62210535  0.60891333  0.62210535  0.60891333  0.60891333  0.60891333  0.63553488  0.66314180  0.64921063  0.66314180  0.64921063  0.60891333  0.58320924  0.58320924  0.62210535  0.70656794  0.47738554  0.47738554  0.48842910  0.51101917  0.46650310  0.46650310  0.46650310  0.49963862  0.49963862  0.47738554  0.42449474  0.39447162  
41_0_0     0.26018393  0.23600144  0.11880478  0.12561413  0.11880478  0.11880478  0.13248621  0.12561413  0.11880478  0.00000000  0.04773830  0.38472658  0.38472658  0.53431479  0.58320924  0.49963862  0.58320924  0.58320924  0.63553488  0.62210535  0.60891333  0.63553488  0.69180986  0.62210535  0.64921063  0.60891333  0.64921063  0.63553488  0.66314180  0.62210535  0.62210535  0.60891333  0.63553488  0.51101917  0.51101917  0.47738554  0.47738554  0.51101917  0.51101917  0.51101917  0.51101917  0.52257604  0.47738554  0.45577714  0.47738554  
89_0_0     0.26018393  0.23600144  0.12561413  0.13248621  0.12561413  0.12561413  0.14642327  0.13942219  0.13248621  0.04773830  0.00000000  0.37510720  0.37510720  0.59595057  0.64921063  0.48842910  0.64921063  0.62210535  0.59595057  0.60891333  0.59595057  0.59595057  0.64921063  0.66314180  0.63553488  0.62210535  0.69180986  0.64921063  0.69180986  0.64921063  0.64921063  0.58320924  0.63553488  0.45577714  0.45577714  0.44520324  0.44520324  0.49963862  0.49963862  0.49963862  0.47738554  0.51101917  0.44520324  0.41435217  0.43477713  
82_0_0     0.48842910  0.47738554  0.32878752  0.33782421  0.32878752  0.32878752  0.37510720  0.38472658  0.34697172  0.38472658  0.37510720  0.00000000  0.07920463  0.45577714  0.47738554  0.53431479  0.51101917  0.66314180  0.58320924  0.59595057  0.58320924  0.58320924  0.60891333  0.66314180  0.62210535  0.58320924  0.64921063  0.63553488  0.63553488  0.57068189  0.57068189  0.55836147  0.64921063  0.41435217  0.40434567  0.39447162  0.42449474  0.40434567  0.41435217  0.41435217  0.42449474  0.39447162  0.43477713  0.39447162  0.40434567  
74_0_0     0.51101917  0.49963862  0.36561030  0.37510720  0.36561030  0.36561030  0.39447162  0.40434567  0.36561030  0.38472658  0.37510720  0.07920463  0.00000000  0.36561030  0.38472658  0.45577714  0.43477713  0.55836147  0.51101917  0.52257604  0.48842910  0.57068189  0.62210535  0.58320924  0.54624123  0.51101917  0.57068189  0.55836147  0.58320924  0.49963862  0.49963862  0.49963862  0.59595057  0.35623279  0.34697172  0.33782421  0.36561030  0.42449474  0.39447162  0.39447162  0.42449474  0.39447162  0.37510720  0.35623279  0.36561030  
28_0_0     0.60891333  0.59595057  0.57068189  0.55836147  0.57068189  0.57068189  0.58320924  0.57068189  0.54624123  0.53431479  0.59595057  0.45577714  0.36561030  0.00000000  0.02947655  0.27675243  0.14642327  0.59595057  0.67733812  0.66314180  0.64921063  0.66314180  0.69180986  0.76870584  0.75267939  0.69180986  0.75267939  0.80183027  0.72162391  0.70656794  0.70656794  0.75267939  0.70656794  0.43477713  0.44520324  0.42449474  0.40434567  0.51101917  0.44520324  0.45577714  0.53431479  0.46650310  0.45577714  0.51101917  0.48842910  
59_0_0     0.63553488  0.62210535  0.62210535  0.60891333  0.62210535  0.62210535  0.63553488  0.62210535  0.59595057  0.58320924  0.64921063  0.47738554  0.38472658  0.02947655  0.00000000  0.30231633  0.16782962  0.59595057  0.67733812  0.66314180  0.64921063  0.69180986  0.69180986  0.75267939  0.73699005  0.67733812  0.73699005  0.78508420  0.73699005  0.72162391  0.72162391  0.80183027  0.75267939  0.43477713  0.44520324  0.43477713  0.41435217  0.49963862  0.47738554  0.46650310  0.54624123  0.47738554  0.45577714  0.51101917  0.48842910  
13_0_0     0.51101917  0.49963862  0.52257604  0.51101917  0.52257604  0.52257604  0.54624123  0.53431479  0.52257604  0.49963862  0.48842910  0.53431479  0.45577714  0.27675243  0.30231633  0.00000000  0.18244961  0.73699005  0.69180986  0.72162391  0.72162391  0.73699005  0.81896094  0.76870584  0.66314180  0.70656794  0.76870584  0.72162391  0.64921063  0.67733812  0.67733812  0.66314180  0.69180986  0.49963862  0.49963862  0.43477713  0.43477713  0.51101917  0.53431479  0.52257604  0.55836147  0.49963862  0.48842910  0.53431479  0.55836147  
67_0_0     0.54624123  0.55836147  0.63553488  0.62210535  0.63553488  0.63553488  0.63553488  0.62210535  0.60891333  0.58320924  0.64921063  0.51101917  0.43477713  0.14642327  0.16782962  0.18244961  0.00000000  0.66314180  0.67733812  0.66314180  0.67733812  0.75267939  0.75267939  0.69180986  0.70656794  0.70656794  0.76870584  0.75267939  0.70656794  0.67733812  0.67733812  0.78508420  0.69180986  0.46650310  0.46650310  0.44520324  0.44520324  0.43477713  0.45577714  0.44520324  0.47738554  0.42449474  0.48842910  0.54624123  0.52257604  
20_0_0     0.57068189  0.58320924  0.63553488  0.64921063  0.63553488  0.63553488  0.64921063  0.66314180  0.62210535  0.58320924  0.62210535  0.66314180  0.55836147  0.59595057  0.59595057  0.73699005  0.66314180  0.00000000  0.14642327  0.16062570  0.13248621  0.35623279  0.31985901  0.42449474  0.41435217  0.37510720  0.39447162  0.38472658  0.44520324  0.38472658  0.38472658  0.37510720  0.48842910  0.48842910  0.49963862  0.51101917  0.53431479  0.53431479  0.51101917  0.51101917  0.58320924  0.49963862  0.51101917  0.51101917  0.54624123  
60_0_0     0.55836147  0.54624123  0.59595057  0.60891333  0.59595057  0.59595057  0.63553488  0.64921063  0.60891333  0.63553488  0.59595057  0.58320924  0.51101917  0.67733812  0.67733812  0.69180986  0.67733812  0.14642327  0.00000000  0.02348731  0.02348731  0.23600144  0.20493133  0.40434567  0.31985901  0.33782421  0.33782421  0.29369731  0.39447162  0.31985901  0.31985901  0.29369731  0.42449474  0.38472658  0.39447162  0.44520324  0.46650310  0.47738554  0.47738554  0.47738554  0.51101917  0.42449474  0.43477713  0.41435217  0.41435217  
52_0_0     0.54624123  0.53431479  0.60891333  0.62210535  0.60891333  0.60891333  0.64921063  0.66314180  0.62210535  0.62210535  0.60891333  0.59595057  0.52257604  0.66314180  0.66314180  0.72162391  0.66314180  0.16062570  0.02348731  0.00000000  0.03551426  0.23600144  0.18986848  0.40434567  0.35623279  0.37510720  0.37510720  0.32878752  0.40434567  0.32878752  0.32878752  0.30231633  0.43477713  0.37510720  0.38472658  0.43477713  0.45577714  0.46650310  0.46650310  0.46650310  0.51101917  0.41435217  0.44520324  0.42449474  0.42449474  
10_0_0     0.58320924  0.57068189  0.62210535  0.63553488  0.62210535  0.62210535  0.63553488  0.64921063  0.60891333  0.60891333  0.59595057  0.58320924  0.48842910  0.64921063  0.64921063  0.72162391  0.67733812  0.13248621  0.02348731  0.03551426  0.00000000  0.23600144  0.22030463  0.40434567  0.35623279  0.35623279  0.33782421  0.32878752  0.39447162  0.33782421  0.33782421  0.31103610  0.43477713  0.38472658  0.39447162  0.42449474  0.44520324  0.45577714  0.43477713  0.43477713  0.52257604  0.40434567  0.41435217  0.42449474  0.39447162  
30_0_0     0.70656794  0.66314180  0.59595057  0.60891333  0.59595057  0.59595057  0.66314180  0.64921063  0.60891333  0.63553488  0.59595057  0.58320924  0.57068189  0.66314180  0.69180986  0.73699005  0.75267939  0.35623279  0.23600144  0.23600144  0.23600144  0.00000000  0.06645837  0.43477713  0.53431479  0.55836147  0.54624123  0.52257604  0.47738554  0.45577714  0.45577714  0.39447162  0.47738554  0.36561030  0.37510720  0.51101917  0.48842910  0.45577714  0.45577714  0.45577714  0.54624123  0.42449474  0.53431479  0.45577714  0.46650310  
57_0_0     0.62210535  0.60891333  0.59595057  0.60891333  0.59595057  0.59595057  0.66314180  0.67733812  0.60891333  0.69180986  0.64921063  0.60891333  0.62210535  0.69180986  0.69180986  0.81896094  0.75267939  0.31985901  0.20493133  0.18986848  0.22030463  0.06645837  0.00000000  0.43477713  0.48842910  0.51101917  0.47738554  0.45577714  0.47738554  0.45577714  0.45577714  0.41435217  0.46650310  0.36561030  0.37510720  0.58320924  0.53431479  0.47738554  0.46650310  0.46650310  0.57068189  0.44520324  0.53431479  0.42449474  0.48842910  
84_0_0     0.66314180  0.64921063  0.62210535  0.63553488  0.62210535  0.62210535  0.63553488  0.62210535  0.63553488  0.62210535  0.66314180  0.66314180  0.58320924  0.76870584  0.75267939  0.76870584  0.69180986  0.42449474  0.40434567  0.40434567  0.40434567  0.43477713  0.43477713  0.00000000  0.13942219  0.16782962  0.18244961  0.14642327  0.29369731  0.20493133  0.20493133  0.30231633  0.34697172  0.45577714  0.44520324  0.46650310  0.42449474  0.46650310  0.49963862  0.49963862  0.58320924  0.53431479  0.47738554  0.47738554  0.52257604  
1_0_0      0.66314180  0.64921063  0.64921063  0.63553488  0.64921063  0.64921063  0.66314180  0.64921063  0.66314180  0.64921063  0.63553488  0.62210535  0.54624123  0.75267939  0.73699005  0.66314180  0.70656794  0.41435217  0.31985901  0.35623279  0.35623279  0.53431479  0.48842910  0.13942219  0.00000000  0.06016600  0.04773830  0.02947655  0.26842218  0.19736188  0.19736188  0.27675243  0.33782421  0.46650310  0.45577714  0.48842910  0.46650310  0.52257604  0.55836147  0.55836147  0.59595057  0.59595057  0.47738554  0.46650310  0.48842910  
83_0_0     0.64921063  0.63553488  0.63553488  0.64921063  0.63553488  0.63553488  0.64921063  0.63553488  0.64921063  0.60891333  0.62210535  0.58320924  0.51101917  0.69180986  0.67733812  0.70656794  0.70656794  0.37510720  0.33782421  0.37510720  0.35623279  0.55836147  0.51101917  0.16782962  0.06016600  0.00000000  0.07280428  0.05392627  0.30231633  0.22811174  0.22811174  0.29369731  0.37510720  0.48842910  0.47738554  0.53431479  0.51101917  0.54624123  0.55836147  0.55836147  0.62210535  0.59595057  0.54624123  0.51101917  0.58320924  
16_0_0     0.78508420  0.76870584  0.67733812  0.66314180  0.67733812  0.67733812  0.66314180  0.67733812  0.66314180  0.64921063  0.69180986  0.64921063  0.57068189  0.75267939  0.73699005  0.76870584  0.76870584  0.39447162  0.33782421  0.37510720  0.33782421  0.54624123  0.47738554  0.18244961  0.04773830  0.07280428  0.00000000  0.02947655  0.28517676  0.22811174  0.22811174  0.34697172  0.36561030  0.52257604  0.51101917  0.55836147  0.53431479  0.57068189  0.55836147  0.55836147  0.67733812  0.62210535  0.52257604  0.52257604  0.51101917  
27_0_0     0.70656794  0.69180986  0.63553488  0.64921063  0.63553488  0.63553488  0.64921063  0.66314180  0.64921063  0.63553488  0.64921063  0.63553488  0.55836147  0.80183027  0.78508420  0.72162391  0.75267939  0.38472658  0.29369731  0.32878752  0.32878752  0.52257604  0.45577714  0.14642327  0.02947655  0.05392627  0.02947655  0.00000000  0.27675243  0.18986848  0.18986848  0.30231633  0.34697172  0.49963862  0.48842910  0.54624123  0.52257604  0.54624123  0.58320924  0.58320924  0.62210535  0.59595057  0.53431479  0.52257604  0.52257604  
46_0_0     0.70656794  0.66314180  0.62210535  0.63553488  0.62210535  0.62210535  0.60891333  0.59595057  0.60891333  0.66314180  0.69180986  0.63553488  0.58320924  0.72162391  0.73699005  0.64921063  0.70656794  0.44520324  0.39447162  0.40434567  0.39447162  0.47738554  0.47738554  0.29369731  0.26842218  0.30231633  0.28517676  0.27675243  0.00000000  0.10536978  0.10536978  0.18244961  0.21257837  0.53431479  0.52257604  0.51101917  0.51101917  0.49963862  0.52257604  0.52257604  0.64921063  0.55836147  0.45577714  0.51101917  0.47738554  
75_0_0     0.60891333  0.57068189  0.57068189  0.58320924  0.57068189  0.57068189  0.58320924  0.59595057  0.58320924  0.62210535  0.64921063  0.57068189  0.49963862  0.70656794  0.72162391  0.67733812  0.67733812  0.38472658  0.31985901  0.32878752  0.33782421  0.45577714  0.45577714  0.20493133  0.19736188  0.22811174  0.22811174  0.18986848  0.10536978  0.00000000  0.00000000  0.14642327  0.20493133  0.49963862  0.48842910  0.45577714  0.45577714  0.48842910  0.53431479  0.53431479  0.55836147  0.55836147  0.51101917  0.51101917  0.44520324  
80_0_0     0.60891333  0.57068189  0.57068189  0.58320924  0.57068189  0.57068189  0.58320924  0.59595057  0.58320924  0.62210535  0.64921063  0.57068189  0.49963862  0.70656794  0.72162391  0.67733812  0.67733812  0.38472658  0.31985901  0.32878752  0.33782421  0.45577714  0.45577714  0.20493133  0.19736188  0.22811174  0.22811174  0.18986848  0.10536978  0.00000000  0.00000000  0.14642327  0.20493133  0.49963862  0.48842910  0.45577714  0.45577714  0.48842910  0.53431479  0.53431479  0.55836147  0.55836147  0.51101917  0.51101917  0.44520324  
23_0_0     0.59595057  0.55836147  0.58320924  0.59595057  0.58320924  0.58320924  0.64921063  0.63553488  0.62210535  0.60891333  0.58320924  0.55836147  0.49963862  0.75267939  0.80183027  0.66314180  0.78508420  0.37510720  0.29369731  0.30231633  0.31103610  0.39447162  0.41435217  0.30231633  0.27675243  0.29369731  0.34697172  0.30231633  0.18244961  0.14642327  0.14642327  0.00000000  0.22811174  0.47738554  0.48842910  0.45577714  0.45577714  0.53431479  0.53431479  0.53431479  0.57068189  0.54624123  0.44520324  0.46650310  0.49963862  
65_0_0     0.75267939  0.70656794  0.69180986  0.70656794  0.69180986  0.69180986  0.70656794  0.69180986  0.70656794  0.63553488  0.63553488  0.64921063  0.59595057  0.70656794  0.75267939  0.69180986  0.69180986  0.48842910  0.42449474  0.43477713  0.43477713  0.47738554  0.46650310  0.34697172  0.33782421  0.37510720  0.36561030  0.34697172  0.21257837  0.20493133  0.20493133  0.22811174  0.00000000  0.55836147  0.57068189  0.58320924  0.55836147  0.62210535  0.59595057  0.59595057  0.59595057  0.64921063  0.53431479  0.52257604  0.54624123  
85_0_0     0.53431479  0.52257604  0.46650310  0.47738554  0.46650310  0.46650310  0.49963862  0.48842910  0.47738554  0.51101917  0.45577714  0.41435217  0.35623279  0.43477713  0.43477713  0.49963862  0.46650310  0.48842910  0.38472658  0.37510720  0.38472658  0.36561030  0.36561030  0.45577714  0.46650310  0.48842910  0.52257604  0.49963862  0.53431479  0.49963862  0.49963862  0.47738554  0.55836147  0.00000000  0.00580286  0.22030463  0.22030463  0.20493133  0.18986848  0.18986848  0.26842218  0.20493133  0.20493133  0.16782962  0.22811174  
12_0_0     0.53431479  0.52257604  0.46650310  0.47738554  0.46650310  0.46650310  0.49963862  0.48842910  0.47738554  0.51101917  0.45577714  0.40434567  0.34697172  0.44520324  0.44520324  0.49963862  0.46650310  0.49963862  0.39447162  0.38472658  0.39447162  0.37510720  0.37510720  0.44520324  0.45577714  0.47738554  0.51101917  0.48842910  0.52257604  0.48842910  0.48842910  0.48842910  0.57068189  0.00580286  0.00000000  0.22811174  0.22811174  0.19736188  0.19736188  0.19736188  0.27675243  0.21257837  0.21257837  0.17510380  0.23600144  
70_0_0     0.51101917  0.49963862  0.45577714  0.44520324  0.45577714  0.45577714  0.48842910  0.47738554  0.48842910  0.47738554  0.44520324  0.39447162  0.33782421  0.42449474  0.43477713  0.43477713  0.44520324  0.51101917  0.44520324  0.43477713  0.42449474  0.51101917  0.58320924  0.46650310  0.48842910  0.53431479  0.55836147  0.54624123  0.51101917  0.45577714  0.45577714  0.45577714  0.58320924  0.22030463  0.22811174  0.00000000  0.02947655  0.15349068  0.12561413  0.11880478  0.20493133  0.16782962  0.24397548  0.26018393  0.23600144  
63_0_0     0.51101917  0.49963862  0.47738554  0.46650310  0.47738554  0.47738554  0.51101917  0.49963862  0.51101917  0.47738554  0.44520324  0.42449474  0.36561030  0.40434567  0.41435217  0.43477713  0.44520324  0.53431479  0.46650310  0.45577714  0.44520324  0.48842910  0.53431479  0.42449474  0.46650310  0.51101917  0.53431479  0.52257604  0.51101917  0.45577714  0.45577714  0.45577714  0.55836147  0.22030463  0.22811174  0.02947655  0.00000000  0.16062570  0.12561413  0.11880478  0.22811174  0.17510380  0.22811174  0.24397548  0.24397548  
58_0_0     0.49963862  0.51101917  0.45577714  0.46650310  0.45577714  0.45577714  0.48842910  0.47738554  0.46650310  0.51101917  0.49963862  0.40434567  0.42449474  0.51101917  0.49963862  0.51101917  0.43477713  0.53431479  0.47738554  0.46650310  0.45577714  0.45577714  0.47738554  0.46650310  0.52257604  0.54624123  0.57068189  0.54624123  0.49963862  0.48842910  0.48842910  0.53431479  0.62210535  0.20493133  0.19736188  0.15349068  0.16062570  0.00000000  0.06016600  0.05392627  0.12561413  0.06016600  0.28517676  0.29369731  0.25203568  
86_0_0     0.49963862  0.51101917  0.45577714  0.46650310  0.45577714  0.45577714  0.48842910  0.47738554  0.46650310  0.51101917  0.49963862  0.41435217  0.39447162  0.44520324  0.47738554  0.53431479  0.45577714  0.51101917  0.47738554  0.46650310  0.43477713  0.45577714  0.46650310  0.49963862  0.55836147  0.55836147  0.55836147  0.58320924  0.52257604  0.53431479  0.53431479  0.53431479  0.59595057  0.18986848  0.19736188  0.12561413  0.12561413  0.06016600  0.00000000  0.00580286  0.13942219  0.07280428  0.26842218  0.27675243  0.24397548  
45_0_0     0.49963862  0.51101917  0.45577714  0.46650310  0.45577714  0.45577714  0.48842910  0.47738554  0.46650310  0.51101917  0.49963862  0.41435217  0.39447162  0.45577714  0.46650310  0.52257604  0.44520324  0.51101917  0.47738554  0.46650310  0.43477713  0.45577714  0.46650310  0.49963862  0.55836147  0.55836147  0.55836147  0.58320924  0.52257604  0.53431479  0.53431479  0.53431479  0.59595057  0.18986848  0.19736188  0.11880478  0.11880478  0.05392627  0.00580286  0.00000000  0.13248621  0.06645837  0.26842218  0.27675243  0.24397548  
49_0_0     0.51101917  0.54624123  0.46650310  0.47738554  0.46650310  0.46650310  0.52257604  0.51101917  0.49963862  0.51101917  0.47738554  0.42449474  0.42449474  0.53431479  0.54624123  0.55836147  0.47738554  0.58320924  0.51101917  0.51101917  0.52257604  0.54624123  0.57068189  0.58320924  0.59595057  0.62210535  0.67733812  0.62210535  0.64921063  0.55836147  0.55836147  0.57068189  0.59595057  0.26842218  0.27675243  0.20493133  0.22811174  0.12561413  0.13942219  0.13248621  0.00000000  0.11880478  0.34697172  0.34697172  0.31985901  
37_0_0     0.53431479  0.54624123  0.48842910  0.49963862  0.48842910  0.48842910  0.52257604  0.51101917  0.49963862  0.52257604  0.51101917  0.39447162  0.39447162  0.46650310  0.47738554  0.49963862  0.42449474  0.49963862  0.42449474  0.41435217  0.40434567  0.42449474  0.44520324  0.53431479  0.59595057  0.59595057  0.62210535  0.59595057  0.55836147  0.55836147  0.55836147  0.54624123  0.64921063  0.20493133  0.21257837  0.16782962  0.17510380  0.06016600  0.07280428  0.06645837  0.11880478  0.00000000  0.28517676  0.29369731  0.26842218  
76_0_0     0.55836147  0.54624123  0.46650310  0.45577714  0.46650310  0.46650310  0.47738554  0.46650310  0.47738554  0.47738554  0.44520324  0.43477713  0.37510720  0.45577714  0.45577714  0.48842910  0.48842910  0.51101917  0.43477713  0.44520324  0.41435217  0.53431479  0.53431479  0.47738554  0.47738554  0.54624123  0.52257604  0.53431479  0.45577714  0.51101917  0.51101917  0.44520324  0.53431479  0.20493133  0.21257837  0.24397548  0.22811174  0.28517676  0.26842218  0.26842218  0.34697172  0.28517676  0.00000000  0.07280428  0.17510380  
76_1_0     0.53431479  0.52257604  0.42449474  0.41435217  0.42449474  0.42449474  0.42449474  0.41435217  0.42449474  0.45577714  0.41435217  0.39447162  0.35623279  0.51101917  0.51101917  0.53431479  0.54624123  0.51101917  0.41435217  0.42449474  0.42449474  0.45577714  0.42449474  0.47738554  0.46650310  0.51101917  0.52257604  0.52257604  0.51101917  0.51101917  0.51101917  0.46650310  0.52257604  0.16782962  0.17510380  0.26018393  0.24397548  0.29369731  0.27675243  0.27675243  0.34697172  0.29369731  0.07280428  0.00000000  0.16062570  
40_0_0     0.55836147  0.54624123  0.42449474  0.41435217  0.42449474  0.42449474  0.39447162  0.40434567  0.39447162  0.47738554  0.43477713  0.40434567  0.36561030  0.48842910  0.48842910  0.55836147  0.52257604  0.54624123  0.41435217  0.42449474  0.39447162  0.46650310  0.48842910  0.52257604  0.48842910  0.58320924  0.51101917  0.52257604  0.47738554  0.44520324  0.44520324  0.49963862  0.54624123  0.22811174  0.23600144  0.23600144  0.24397548  0.25203568  0.24397548  0.24397548  0.31985901  0.26842218  0.17510380  0.16062570  0.00000000  

