30
35_2_0     0.00000000  0.06443628  0.05698598  0.19546277  0.18653865  0.19546277  0.19546277  0.19546277  0.16901473  0.19546277  0.34454384  0.34454384  0.34454384  0.31216243  0.33358783  0.30168360  0.42627876  0.36696773  0.39011066  0.31216243  0.31216243  0.33358783  0.31216243  0.31216243  0.32279564  0.34454384  0.32279564  0.31216243  0.31216243  0.34454384  
51_2_0     0.06443628  0.00000000  0.02084609  0.16901473  0.14350162  0.13519379  0.15190619  0.15190619  0.12698050  0.13519379  0.39011066  0.39011066  0.39011066  0.35566871  0.37844645  0.36696773  0.45143861  0.41402025  0.43874907  0.35566871  0.35566871  0.37844645  0.35566871  0.35566871  0.39011066  0.37844645  0.39011066  0.37844645  0.37844645  0.39011066  
16_2_0     0.05698598  0.02084609  0.00000000  0.17772351  0.15190619  0.14350162  0.16040977  0.16040977  0.13519379  0.14350162  0.40196646  0.37844645  0.37844645  0.36696773  0.39011066  0.35566871  0.46435523  0.42627876  0.42627876  0.34454384  0.34454384  0.36696773  0.34454384  0.34454384  0.37844645  0.36696773  0.37844645  0.36696773  0.36696773  0.37844645  
3_2_0      0.19546277  0.16901473  0.17772351  0.00000000  0.03508565  0.04231218  0.04231218  0.04231218  0.06443628  0.15190619  0.41402025  0.40196646  0.40196646  0.39011066  0.39011066  0.39011066  0.49090330  0.50455271  0.50455271  0.49090330  0.49090330  0.51846522  0.49090330  0.47750721  0.47750721  0.43874907  0.47750721  0.46435523  0.46435523  0.50455271  
17_2_0     0.18653865  0.14350162  0.15190619  0.03508565  0.00000000  0.00688202  0.00688202  0.00688202  0.04231218  0.12698050  0.45143861  0.41402025  0.41402025  0.42627876  0.42627876  0.42627876  0.50455271  0.51846522  0.51846522  0.50455271  0.50455271  0.53265116  0.50455271  0.49090330  0.49090330  0.42627876  0.46435523  0.45143861  0.45143861  0.51846522  
15_2_0     0.19546277  0.13519379  0.14350162  0.04231218  0.00688202  0.00000000  0.01383029  0.01383029  0.04961179  0.13519379  0.46435523  0.42627876  0.42627876  0.43874907  0.43874907  0.43874907  0.51846522  0.53265116  0.53265116  0.51846522  0.51846522  0.54712151  0.51846522  0.50455271  0.50455271  0.43874907  0.47750721  0.46435523  0.46435523  0.50455271  
47_2_0     0.19546277  0.15190619  0.16040977  0.04231218  0.00688202  0.01383029  0.00000000  0.00000000  0.04961179  0.11885961  0.43874907  0.40196646  0.40196646  0.43874907  0.41402025  0.41402025  0.51846522  0.53265116  0.53265116  0.51846522  0.51846522  0.54712151  0.51846522  0.47750721  0.50455271  0.43874907  0.47750721  0.46435523  0.46435523  0.53265116  
14_2_0     0.19546277  0.15190619  0.16040977  0.04231218  0.00688202  0.01383029  0.00000000  0.00000000  0.04961179  0.11885961  0.43874907  0.40196646  0.40196646  0.43874907  0.41402025  0.41402025  0.51846522  0.53265116  0.53265116  0.51846522  0.51846522  0.54712151  0.51846522  0.47750721  0.50455271  0.43874907  0.47750721  0.46435523  0.46435523  0.53265116  
9_2_0      0.16901473  0.12698050  0.13519379  0.06443628  0.04231218  0.04961179  0.04961179  0.04961179  0.00000000  0.12698050  0.42627876  0.41402025  0.41402025  0.40196646  0.40196646  0.40196646  0.47750721  0.49090330  0.49090330  0.50455271  0.50455271  0.53265116  0.50455271  0.50455271  0.46435523  0.42627876  0.46435523  0.45143861  0.45143861  0.49090330  
3_4_0      0.19546277  0.13519379  0.14350162  0.15190619  0.12698050  0.13519379  0.11885961  0.11885961  0.12698050  0.00000000  0.39011066  0.40196646  0.40196646  0.39011066  0.39011066  0.39011066  0.45143861  0.49090330  0.49090330  0.42627876  0.42627876  0.45143861  0.42627876  0.40196646  0.43874907  0.40196646  0.43874907  0.42627876  0.42627876  0.43874907  
3_1_0      0.34454384  0.39011066  0.40196646  0.41402025  0.45143861  0.46435523  0.43874907  0.43874907  0.42627876  0.39011066  0.00000000  0.04961179  0.04961179  0.04231218  0.05698598  0.04961179  0.31216243  0.26122636  0.28117156  0.23230534  0.23230534  0.21364902  0.21364902  0.21364902  0.25145670  0.24181750  0.23230534  0.22291690  0.22291690  0.25145670  
14_1_0     0.34454384  0.39011066  0.37844645  0.40196646  0.41402025  0.42627876  0.40196646  0.40196646  0.41402025  0.40196646  0.04961179  0.00000000  0.00000000  0.03508565  0.04961179  0.07196429  0.30168360  0.27113007  0.27113007  0.22291690  0.22291690  0.20449862  0.20449862  0.20449862  0.26122636  0.23230534  0.22291690  0.21364902  0.21364902  0.26122636  
47_1_0     0.34454384  0.39011066  0.37844645  0.40196646  0.41402025  0.42627876  0.40196646  0.40196646  0.41402025  0.40196646  0.04961179  0.00000000  0.00000000  0.03508565  0.04961179  0.07196429  0.30168360  0.27113007  0.27113007  0.22291690  0.22291690  0.20449862  0.20449862  0.20449862  0.26122636  0.23230534  0.22291690  0.21364902  0.21364902  0.26122636  
17_1_0     0.31216243  0.35566871  0.36696773  0.39011066  0.42627876  0.43874907  0.43874907  0.43874907  0.40196646  0.39011066  0.04231218  0.03508565  0.03508565  0.00000000  0.02793076  0.06443628  0.29135472  0.26122636  0.28117156  0.21364902  0.21364902  0.19546277  0.19546277  0.21364902  0.23230534  0.24181750  0.23230534  0.22291690  0.22291690  0.23230534  
15_1_0     0.33358783  0.37844645  0.39011066  0.39011066  0.42627876  0.43874907  0.41402025  0.41402025  0.40196646  0.39011066  0.05698598  0.04961179  0.04961179  0.02793076  0.00000000  0.07957164  0.33358783  0.30168360  0.32279564  0.25145670  0.25145670  0.23230534  0.23230534  0.23230534  0.27113007  0.28117156  0.27113007  0.26122636  0.26122636  0.27113007  
9_1_0      0.30168360  0.36696773  0.35566871  0.39011066  0.42627876  0.43874907  0.41402025  0.41402025  0.40196646  0.39011066  0.04961179  0.07196429  0.07196429  0.06443628  0.07957164  0.00000000  0.32279564  0.27113007  0.29135472  0.24181750  0.24181750  0.22291690  0.22291690  0.22291690  0.24181750  0.23230534  0.22291690  0.21364902  0.21364902  0.24181750  
51_3_0     0.42627876  0.45143861  0.46435523  0.49090330  0.50455271  0.51846522  0.51846522  0.51846522  0.47750721  0.45143861  0.31216243  0.30168360  0.30168360  0.29135472  0.33358783  0.32279564  0.00000000  0.03508565  0.05698598  0.23230534  0.23230534  0.23230534  0.23230534  0.27113007  0.23230534  0.26122636  0.23230534  0.22291690  0.22291690  0.23230534  
16_3_0     0.36696773  0.41402025  0.42627876  0.50455271  0.51846522  0.53265116  0.53265116  0.53265116  0.49090330  0.49090330  0.26122636  0.27113007  0.27113007  0.26122636  0.30168360  0.27113007  0.03508565  0.00000000  0.03508565  0.18653865  0.18653865  0.18653865  0.18653865  0.22291690  0.20449862  0.21364902  0.18653865  0.17772351  0.17772351  0.20449862  
35_3_0     0.39011066  0.43874907  0.42627876  0.50455271  0.51846522  0.53265116  0.53265116  0.53265116  0.49090330  0.49090330  0.28117156  0.27113007  0.27113007  0.28117156  0.32279564  0.29135472  0.05698598  0.03508565  0.00000000  0.18653865  0.18653865  0.18653865  0.18653865  0.22291690  0.20449862  0.21364902  0.18653865  0.19546277  0.19546277  0.20449862  
47_5_0     0.31216243  0.35566871  0.34454384  0.49090330  0.50455271  0.51846522  0.51846522  0.51846522  0.50455271  0.42627876  0.23230534  0.22291690  0.22291690  0.21364902  0.25145670  0.24181750  0.23230534  0.18653865  0.18653865  0.00000000  0.00000000  0.02793076  0.01383029  0.04231218  0.13519379  0.14350162  0.11885961  0.12698050  0.12698050  0.15190619  
14_5_0     0.31216243  0.35566871  0.34454384  0.49090330  0.50455271  0.51846522  0.51846522  0.51846522  0.50455271  0.42627876  0.23230534  0.22291690  0.22291690  0.21364902  0.25145670  0.24181750  0.23230534  0.18653865  0.18653865  0.00000000  0.00000000  0.02793076  0.01383029  0.04231218  0.13519379  0.14350162  0.11885961  0.12698050  0.12698050  0.15190619  
17_5_0     0.33358783  0.37844645  0.36696773  0.51846522  0.53265116  0.54712151  0.54712151  0.54712151  0.53265116  0.45143861  0.21364902  0.20449862  0.20449862  0.19546277  0.23230534  0.22291690  0.23230534  0.18653865  0.18653865  0.02793076  0.02793076  0.00000000  0.02793076  0.04231218  0.13519379  0.14350162  0.11885961  0.12698050  0.12698050  0.13519379  
15_5_0     0.31216243  0.35566871  0.34454384  0.49090330  0.50455271  0.51846522  0.51846522  0.51846522  0.50455271  0.42627876  0.21364902  0.20449862  0.20449862  0.19546277  0.23230534  0.22291690  0.23230534  0.18653865  0.18653865  0.01383029  0.01383029  0.02793076  0.00000000  0.04231218  0.13519379  0.14350162  0.11885961  0.12698050  0.12698050  0.15190619  
9_5_0      0.31216243  0.35566871  0.34454384  0.47750721  0.49090330  0.50455271  0.47750721  0.47750721  0.50455271  0.40196646  0.21364902  0.20449862  0.20449862  0.21364902  0.23230534  0.22291690  0.27113007  0.22291690  0.22291690  0.04231218  0.04231218  0.04231218  0.04231218  0.00000000  0.11885961  0.12698050  0.10288690  0.11082908  0.11082908  0.13519379  
3_3_0      0.32279564  0.39011066  0.37844645  0.47750721  0.49090330  0.50455271  0.50455271  0.50455271  0.46435523  0.43874907  0.25145670  0.26122636  0.26122636  0.23230534  0.27113007  0.24181750  0.23230534  0.20449862  0.20449862  0.13519379  0.13519379  0.13519379  0.13519379  0.11885961  0.00000000  0.04961179  0.02793076  0.03508565  0.03508565  0.02793076  
17_3_0     0.34454384  0.37844645  0.36696773  0.43874907  0.42627876  0.43874907  0.43874907  0.43874907  0.42627876  0.40196646  0.24181750  0.23230534  0.23230534  0.24181750  0.28117156  0.23230534  0.26122636  0.21364902  0.21364902  0.14350162  0.14350162  0.14350162  0.14350162  0.12698050  0.04961179  0.00000000  0.02084609  0.02793076  0.02793076  0.06443628  
15_3_0     0.32279564  0.39011066  0.37844645  0.47750721  0.46435523  0.47750721  0.47750721  0.47750721  0.46435523  0.43874907  0.23230534  0.22291690  0.22291690  0.23230534  0.27113007  0.22291690  0.23230534  0.18653865  0.18653865  0.11885961  0.11885961  0.11885961  0.11885961  0.10288690  0.02793076  0.02084609  0.00000000  0.00688202  0.00688202  0.04231218  
14_3_0     0.31216243  0.37844645  0.36696773  0.46435523  0.45143861  0.46435523  0.46435523  0.46435523  0.45143861  0.42627876  0.22291690  0.21364902  0.21364902  0.22291690  0.26122636  0.21364902  0.22291690  0.17772351  0.19546277  0.12698050  0.12698050  0.12698050  0.12698050  0.11082908  0.03508565  0.02793076  0.00688202  0.00000000  0.00000000  0.04961179  
47_3_0     0.31216243  0.37844645  0.36696773  0.46435523  0.45143861  0.46435523  0.46435523  0.46435523  0.45143861  0.42627876  0.22291690  0.21364902  0.21364902  0.22291690  0.26122636  0.21364902  0.22291690  0.17772351  0.19546277  0.12698050  0.12698050  0.12698050  0.12698050  0.11082908  0.03508565  0.02793076  0.00688202  0.00000000  0.00000000  0.04961179  
9_3_0      0.34454384  0.39011066  0.37844645  0.50455271  0.51846522  0.50455271  0.53265116  0.53265116  0.49090330  0.43874907  0.25145670  0.26122636  0.26122636  0.23230534  0.27113007  0.24181750  0.23230534  0.20449862  0.20449862  0.15190619  0.15190619  0.13519379  0.15190619  0.13519379  0.02793076  0.06443628  0.04231218  0.04961179  0.04961179  0.00000000  

