24
16_0_0     0.00000000  0.23104233  0.22175882  0.23104233  0.40966146  0.39788060  0.40966146  0.40966146  0.44616564  0.47153564  0.45874258  0.47153564  0.36361686  0.36361686  0.47153564  0.47153564  0.49780076  0.52502647  0.52502647  0.53902202  0.37486380  0.55328572  0.55328572  0.58266008  
15_0_0     0.23104233  0.00000000  0.15138522  0.11854530  0.32025484  0.30979778  0.32025484  0.32025484  0.37486380  0.38628326  0.37486380  0.38628326  0.37486380  0.38628326  0.47153564  0.47153564  0.44616564  0.47153564  0.47153564  0.44616564  0.36361686  0.40966146  0.40966146  0.43379764  
6_0_0      0.22175882  0.15138522  0.00000000  0.13478421  0.36361686  0.35253730  0.36361686  0.36361686  0.37486380  0.38628326  0.37486380  0.38628326  0.34162020  0.35253730  0.48455238  0.48455238  0.51128917  0.49780076  0.49780076  0.45874258  0.37486380  0.52502647  0.52502647  0.55328572  
14_0_0     0.23104233  0.11854530  0.13478421  0.00000000  0.35253730  0.36361686  0.35253730  0.35253730  0.44616564  0.40966146  0.42163174  0.40966146  0.33086089  0.34162020  0.43379764  0.43379764  0.43379764  0.45874258  0.45874258  0.43379764  0.32025484  0.44616564  0.44616564  0.47153564  
5_1_0      0.40966146  0.32025484  0.36361686  0.35253730  0.00000000  0.02791408  0.03505926  0.03505926  0.15138522  0.14303844  0.13478421  0.14303844  0.15138522  0.15982664  0.35253730  0.35253730  0.34162020  0.44616564  0.44616564  0.39788060  0.38628326  0.42163174  0.42163174  0.43379764  
10_1_0     0.39788060  0.30979778  0.35253730  0.36361686  0.02791408  0.00000000  0.00688102  0.00688102  0.15138522  0.14303844  0.13478421  0.14303844  0.16836487  0.17700216  0.33086089  0.33086089  0.32025484  0.42163174  0.42163174  0.39788060  0.36361686  0.44616564  0.44616564  0.45874258  
4_1_0      0.40966146  0.32025484  0.36361686  0.35253730  0.03505926  0.00688102  0.00000000  0.00000000  0.15982664  0.15138522  0.14303844  0.15138522  0.15982664  0.16836487  0.34162020  0.34162020  0.33086089  0.40966146  0.40966146  0.40966146  0.37486380  0.45874258  0.45874258  0.47153564  
12_1_0     0.40966146  0.32025484  0.36361686  0.35253730  0.03505926  0.00688102  0.00000000  0.00000000  0.15982664  0.15138522  0.14303844  0.15138522  0.15982664  0.16836487  0.34162020  0.34162020  0.33086089  0.40966146  0.40966146  0.40966146  0.37486380  0.45874258  0.45874258  0.47153564  
5_0_0      0.44616564  0.37486380  0.37486380  0.44616564  0.15138522  0.15138522  0.15982664  0.15982664  0.00000000  0.05691567  0.04955868  0.05691567  0.19458329  0.18574083  0.36361686  0.36361686  0.37486380  0.48455238  0.48455238  0.38628326  0.44616564  0.40966146  0.40966146  0.42163174  
10_0_0     0.47153564  0.38628326  0.38628326  0.40966146  0.14303844  0.14303844  0.15138522  0.15138522  0.05691567  0.00000000  0.00688102  0.00000000  0.17700216  0.16836487  0.35253730  0.35253730  0.36361686  0.42163174  0.42163174  0.33086089  0.40966146  0.40966146  0.40966146  0.42163174  
4_0_0      0.45874258  0.37486380  0.37486380  0.42163174  0.13478421  0.13478421  0.14303844  0.14303844  0.04955868  0.00688102  0.00000000  0.00688102  0.18574083  0.17700216  0.35253730  0.35253730  0.36361686  0.42163174  0.42163174  0.33086089  0.40966146  0.39788060  0.39788060  0.40966146  
12_0_0     0.47153564  0.38628326  0.38628326  0.40966146  0.14303844  0.14303844  0.15138522  0.15138522  0.05691567  0.00000000  0.00688102  0.00000000  0.17700216  0.16836487  0.35253730  0.35253730  0.36361686  0.42163174  0.42163174  0.33086089  0.40966146  0.40966146  0.40966146  0.42163174  
17_0_0     0.36361686  0.37486380  0.34162020  0.33086089  0.15138522  0.16836487  0.15982664  0.15982664  0.19458329  0.17700216  0.18574083  0.17700216  0.00000000  0.02791408  0.33086089  0.33086089  0.35253730  0.40966146  0.40966146  0.38628326  0.38628326  0.43379764  0.43379764  0.44616564  
11_0_0     0.36361686  0.38628326  0.35253730  0.34162020  0.15982664  0.17700216  0.16836487  0.16836487  0.18574083  0.16836487  0.17700216  0.16836487  0.02791408  0.00000000  0.33086089  0.33086089  0.35253730  0.42163174  0.42163174  0.39788060  0.39788060  0.43379764  0.43379764  0.44616564  
13_0_0     0.47153564  0.47153564  0.48455238  0.43379764  0.35253730  0.33086089  0.34162020  0.34162020  0.36361686  0.35253730  0.35253730  0.35253730  0.33086089  0.33086089  0.00000000  0.00000000  0.03505926  0.24044306  0.24044306  0.21258965  0.40966146  0.40966146  0.40966146  0.43379764  
9_0_0      0.47153564  0.47153564  0.48455238  0.43379764  0.35253730  0.33086089  0.34162020  0.34162020  0.36361686  0.35253730  0.35253730  0.35253730  0.33086089  0.33086089  0.00000000  0.00000000  0.03505926  0.24044306  0.24044306  0.21258965  0.40966146  0.40966146  0.40966146  0.43379764  
7_0_0      0.49780076  0.44616564  0.51128917  0.43379764  0.34162020  0.32025484  0.33086089  0.33086089  0.37486380  0.36361686  0.36361686  0.36361686  0.35253730  0.35253730  0.03505926  0.03505926  0.00000000  0.24996401  0.24996401  0.24044306  0.37486380  0.42163174  0.42163174  0.44616564  
18_0_0     0.52502647  0.47153564  0.49780076  0.45874258  0.44616564  0.42163174  0.40966146  0.40966146  0.48455238  0.42163174  0.42163174  0.42163174  0.40966146  0.42163174  0.24044306  0.24044306  0.24996401  0.00000000  0.01382622  0.12662048  0.43379764  0.42163174  0.42163174  0.44616564  
8_0_0      0.52502647  0.47153564  0.49780076  0.45874258  0.44616564  0.42163174  0.40966146  0.40966146  0.48455238  0.42163174  0.42163174  0.42163174  0.40966146  0.42163174  0.24044306  0.24044306  0.24996401  0.01382622  0.00000000  0.12662048  0.43379764  0.42163174  0.42163174  0.44616564  
19_0_0     0.53902202  0.44616564  0.45874258  0.43379764  0.39788060  0.39788060  0.40966146  0.40966146  0.38628326  0.33086089  0.33086089  0.33086089  0.38628326  0.39788060  0.21258965  0.21258965  0.24044306  0.12662048  0.12662048  0.00000000  0.40966146  0.37486380  0.37486380  0.39788060  
20_0_0     0.37486380  0.36361686  0.37486380  0.32025484  0.38628326  0.36361686  0.37486380  0.37486380  0.44616564  0.40966146  0.40966146  0.40966146  0.38628326  0.39788060  0.40966146  0.40966146  0.37486380  0.43379764  0.43379764  0.40966146  0.00000000  0.40966146  0.40966146  0.43379764  
1_0_0      0.55328572  0.40966146  0.52502647  0.44616564  0.42163174  0.44616564  0.45874258  0.45874258  0.40966146  0.40966146  0.39788060  0.40966146  0.43379764  0.43379764  0.40966146  0.40966146  0.42163174  0.42163174  0.42163174  0.37486380  0.40966146  0.00000000  0.00000000  0.01382622  
3_0_0      0.55328572  0.40966146  0.52502647  0.44616564  0.42163174  0.44616564  0.45874258  0.45874258  0.40966146  0.40966146  0.39788060  0.40966146  0.43379764  0.43379764  0.40966146  0.40966146  0.42163174  0.42163174  0.42163174  0.37486380  0.40966146  0.00000000  0.00000000  0.01382622  
2_0_0      0.58266008  0.43379764  0.55328572  0.47153564  0.43379764  0.45874258  0.47153564  0.47153564  0.42163174  0.42163174  0.40966146  0.42163174  0.44616564  0.44616564  0.43379764  0.43379764  0.44616564  0.44616564  0.44616564  0.39788060  0.43379764  0.01382622  0.01382622  0.00000000  

