20
3_0_0      0.00000000  0.02326127  0.06789660  0.13343792  0.13343792  0.13802005  0.13343792  0.14726999  0.14263062  0.19038247  0.19038247  0.34317129  0.36780986  0.36157317  0.36780986  0.36780986  0.37409937  0.36780986  0.36780986  0.31932393  
4_0_0      0.02326127  0.00000000  0.07630840  0.14726999  0.14726999  0.16136456  0.15193852  0.16612283  0.14263062  0.18058332  0.18058332  0.34317129  0.35538841  0.34925473  0.35538841  0.38044260  0.37409937  0.38044260  0.37409937  0.31347984  
5_0_0      0.06789660  0.07630840  0.00000000  0.15663659  0.15663659  0.17573181  0.16612283  0.18546674  0.13802005  0.19038247  0.19038247  0.36780986  0.35538841  0.34925473  0.35538841  0.35538841  0.36780986  0.35538841  0.37409937  0.31932393  
2_0_0      0.13343792  0.14726999  0.15663659  0.00000000  0.00000000  0.14263062  0.14263062  0.17091178  0.20031265  0.23092556  0.23092556  0.39980397  0.41968362  0.42643020  0.41968362  0.40637157  0.37409937  0.38044260  0.37409937  0.37409937  
8_0_0      0.13343792  0.14726999  0.15663659  0.00000000  0.00000000  0.14263062  0.14263062  0.17091178  0.20031265  0.23092556  0.23092556  0.39980397  0.41968362  0.42643020  0.41968362  0.40637157  0.37409937  0.38044260  0.37409937  0.37409937  
6_0_0      0.13802005  0.16136456  0.17573181  0.14263062  0.14263062  0.00000000  0.04321816  0.10652344  0.20532797  0.21546138  0.22058042  0.39329393  0.41299777  0.40637157  0.41299777  0.39329393  0.39329393  0.37409937  0.35538841  0.36157317  
1_0_0      0.13343792  0.15193852  0.16612283  0.14263062  0.14263062  0.04321816  0.00000000  0.08481657  0.19533096  0.21037740  0.23092556  0.39329393  0.41968362  0.41299777  0.41968362  0.39329393  0.39329393  0.38684047  0.38684047  0.38044260  
9_0_0      0.14726999  0.16612283  0.18546674  0.17091178  0.17091178  0.10652344  0.08481657  0.00000000  0.21037740  0.22058042  0.25205845  0.39980397  0.39980397  0.39329393  0.39980397  0.40637157  0.40637157  0.39980397  0.37409937  0.38044260  
10_0_0     0.14263062  0.14263062  0.13802005  0.20031265  0.20031265  0.20532797  0.19533096  0.21037740  0.00000000  0.14263062  0.13343792  0.36780986  0.36780986  0.37409937  0.38044260  0.35538841  0.35538841  0.34925473  0.40637157  0.35538841  
11_0_0     0.19038247  0.18058332  0.19038247  0.23092556  0.23092556  0.21546138  0.21037740  0.22058042  0.14263062  0.00000000  0.03918365  0.34925473  0.39980397  0.40637157  0.41299777  0.36780986  0.32521437  0.34317129  0.38044260  0.35538841  
7_0_0      0.19038247  0.18058332  0.19038247  0.23092556  0.23092556  0.22058042  0.23092556  0.25205845  0.13343792  0.03918365  0.00000000  0.36157317  0.40637157  0.41299777  0.41968362  0.39329393  0.32521437  0.34317129  0.39329393  0.35538841  
15_0_0     0.34317129  0.34317129  0.36780986  0.39980397  0.39980397  0.39329393  0.39329393  0.39980397  0.36780986  0.34925473  0.36157317  0.00000000  0.22573497  0.23092556  0.23615267  0.20031265  0.21546138  0.23092556  0.23092556  0.23092556  
12_0_0     0.36780986  0.35538841  0.35538841  0.41968362  0.41968362  0.41299777  0.41968362  0.39980397  0.36780986  0.39980397  0.40637157  0.22573497  0.00000000  0.00382664  0.00767309  0.12888390  0.24671858  0.23615267  0.34317129  0.31347984  
19_0_0     0.36157317  0.34925473  0.34925473  0.42643020  0.42643020  0.40637157  0.41299777  0.39329393  0.37409937  0.40637157  0.41299777  0.23092556  0.00382664  0.00000000  0.00382664  0.12435762  0.25205845  0.24141684  0.34925473  0.31932393  
20_0_0     0.36780986  0.35538841  0.35538841  0.41968362  0.41968362  0.41299777  0.41968362  0.39980397  0.38044260  0.41299777  0.41968362  0.23615267  0.00767309  0.00382664  0.00000000  0.11985877  0.24671858  0.23615267  0.35538841  0.32521437  
13_0_0     0.36780986  0.38044260  0.35538841  0.40637157  0.40637157  0.39329393  0.39329393  0.40637157  0.35538841  0.36780986  0.39329393  0.20031265  0.12888390  0.12435762  0.11985877  0.00000000  0.18058332  0.17091178  0.28492992  0.27381032  
18_0_0     0.37409937  0.37409937  0.36780986  0.37409937  0.37409937  0.39329393  0.39329393  0.40637157  0.35538841  0.32521437  0.32521437  0.21546138  0.24671858  0.25205845  0.24671858  0.18058332  0.00000000  0.02720997  0.33115190  0.27934931  
14_0_0     0.36780986  0.38044260  0.35538841  0.38044260  0.38044260  0.37409937  0.38684047  0.39980397  0.34925473  0.34317129  0.34317129  0.23092556  0.23615267  0.24141684  0.23615267  0.17091178  0.02720997  0.00000000  0.36157317  0.29621853  
16_0_0     0.36780986  0.37409937  0.37409937  0.37409937  0.37409937  0.35538841  0.38684047  0.37409937  0.40637157  0.38044260  0.39329393  0.23092556  0.34317129  0.34925473  0.35538841  0.28492992  0.33115190  0.36157317  0.00000000  0.11094200  
17_0_0     0.31932393  0.31347984  0.31932393  0.37409937  0.37409937  0.36157317  0.38044260  0.38044260  0.35538841  0.35538841  0.35538841  0.23092556  0.31347984  0.31932393  0.32521437  0.27381032  0.27934931  0.29621853  0.11094200  0.00000000  

