20
20_0_0     0.00000000  0.42307147  0.42958321  0.42958321  0.41021720  0.48384577  0.48384577  0.37902445  0.37902445  0.37294043  0.40387272  0.42307147  0.44278090  0.42958321  0.36690595  0.39134444  0.38515884  0.50526436  0.49805582  0.49805582  
7_0_0      0.42307147  0.00000000  0.01854516  0.01854516  0.07713937  0.17244033  0.17244033  0.31469920  0.31469920  0.32032160  0.32598699  0.34324777  0.31469920  0.36092022  0.32032160  0.30911914  0.30911914  0.46990309  0.46990309  0.46302891  
13_0_0     0.42958321  0.01854516  0.00000000  0.00000000  0.08943544  0.17707756  0.17707756  0.31469920  0.31469920  0.32032160  0.32598699  0.34324777  0.31469920  0.37902445  0.32598699  0.31469920  0.30911914  0.48384577  0.48384577  0.47684164  
9_0_0      0.42958321  0.01854516  0.00000000  0.00000000  0.08943544  0.17707756  0.17707756  0.31469920  0.31469920  0.32032160  0.32598699  0.34324777  0.31469920  0.37902445  0.32598699  0.31469920  0.30911914  0.48384577  0.48384577  0.47684164  
19_0_0     0.41021720  0.07713937  0.08943544  0.08943544  0.00000000  0.15417625  0.15417625  0.33169603  0.33169603  0.32598699  0.34324777  0.34324777  0.33744939  0.36690595  0.28183222  0.28183222  0.28183222  0.53482091  0.53482091  0.52732052  
18_0_0     0.48384577  0.17244033  0.17707756  0.17707756  0.15417625  0.00000000  0.00000000  0.41021720  0.41021720  0.40387272  0.43615267  0.42958321  0.39758210  0.42307147  0.41021720  0.38515884  0.39758210  0.55778864  0.54239800  0.55005336  
8_0_0      0.48384577  0.17244033  0.17707756  0.17707756  0.15417625  0.00000000  0.00000000  0.41021720  0.41021720  0.40387272  0.43615267  0.42958321  0.39758210  0.42307147  0.41021720  0.38515884  0.39758210  0.55778864  0.54239800  0.55005336  
12_0_0     0.37902445  0.31469920  0.31469920  0.31469920  0.33169603  0.41021720  0.41021720  0.00000000  0.00000000  0.00367209  0.03756637  0.10193900  0.11465716  0.26592971  0.23009955  0.24524370  0.23511329  0.38515884  0.36690595  0.37902445  
4_0_0      0.37902445  0.31469920  0.31469920  0.31469920  0.33169603  0.41021720  0.41021720  0.00000000  0.00000000  0.00367209  0.03756637  0.10193900  0.11465716  0.26592971  0.23009955  0.24524370  0.23511329  0.38515884  0.36690595  0.37902445  
10_0_0     0.37294043  0.32032160  0.32032160  0.32032160  0.32598699  0.40387272  0.40387272  0.00367209  0.00367209  0.00000000  0.04142991  0.10615418  0.11894552  0.27119272  0.23511329  0.24016118  0.24016118  0.39134444  0.37294043  0.38515884  
5_0_0      0.40387272  0.32598699  0.32598699  0.32598699  0.34324777  0.43615267  0.43615267  0.03756637  0.03756637  0.04142991  0.00000000  0.14076768  0.13196155  0.27649338  0.22511950  0.26070382  0.25036132  0.38515884  0.36690595  0.37902445  
11_0_0     0.42307147  0.34324777  0.34324777  0.34324777  0.34324777  0.42958321  0.42958321  0.10193900  0.10193900  0.10615418  0.14076768  0.00000000  0.03372287  0.32032160  0.25551453  0.26592971  0.27649338  0.42307147  0.41021720  0.42958321  
17_0_0     0.44278090  0.31469920  0.31469920  0.31469920  0.33744939  0.39758210  0.39758210  0.11465716  0.11465716  0.11894552  0.13196155  0.03372287  0.00000000  0.32598699  0.26070382  0.28183222  0.29808350  0.41021720  0.39758210  0.41661646  
16_0_0     0.42958321  0.36092022  0.37902445  0.37902445  0.36690595  0.42307147  0.42307147  0.26592971  0.26592971  0.27119272  0.27649338  0.32032160  0.32598699  0.00000000  0.17244033  0.18644000  0.19116596  0.37294043  0.35498245  0.36690595  
14_0_0     0.36690595  0.32032160  0.32598699  0.32598699  0.28183222  0.41021720  0.41021720  0.23009955  0.23009955  0.23511329  0.22511950  0.25551453  0.26070382  0.17244033  0.00000000  0.07713937  0.11465716  0.39758210  0.39134444  0.40387272  
6_0_0      0.39134444  0.30911914  0.31469920  0.31469920  0.28183222  0.38515884  0.38515884  0.24524370  0.24524370  0.24016118  0.26070382  0.26592971  0.28183222  0.18644000  0.07713937  0.00000000  0.07713937  0.37902445  0.37294043  0.37294043  
15_0_0     0.38515884  0.30911914  0.30911914  0.30911914  0.28183222  0.39758210  0.39758210  0.23511329  0.23511329  0.24016118  0.25036132  0.27649338  0.29808350  0.19116596  0.11465716  0.07713937  0.00000000  0.34909188  0.34324777  0.34324777  
1_0_0      0.50526436  0.46990309  0.48384577  0.48384577  0.53482091  0.55778864  0.55778864  0.38515884  0.38515884  0.39134444  0.38515884  0.42307147  0.41021720  0.37294043  0.39758210  0.37902445  0.34909188  0.00000000  0.01479881  0.00367209  
2_0_0      0.49805582  0.46990309  0.48384577  0.48384577  0.53482091  0.54239800  0.54239800  0.36690595  0.36690595  0.37294043  0.36690595  0.41021720  0.39758210  0.35498245  0.39134444  0.37294043  0.34324777  0.01479881  0.00000000  0.01107131  
3_0_0      0.49805582  0.46302891  0.47684164  0.47684164  0.52732052  0.55005336  0.55005336  0.37902445  0.37902445  0.38515884  0.37902445  0.42958321  0.41661646  0.36690595  0.40387272  0.37294043  0.34324777  0.00367209  0.01107131  0.00000000  

