8
7_3_0      0.00000000  0.00000000  0.01415224  0.01415224  0.02373864  0.20283396  0.23415777  0.18465286  
8_3_0      0.00000000  0.00000000  0.01415224  0.01415224  0.02373864  0.20283396  0.23415777  0.18465286  
8_4_0      0.01415224  0.01415224  0.00000000  0.00000000  0.01893003  0.21520592  0.25360427  0.19066407  
7_4_0      0.01415224  0.01415224  0.00000000  0.00000000  0.01893003  0.21520592  0.25360427  0.19066407  
4_3_0      0.02373864  0.02373864  0.01893003  0.01893003  0.00000000  0.20283396  0.24058371  0.19066407  
2_3_0      0.20283396  0.20283396  0.21520592  0.21520592  0.20283396  0.00000000  0.03344999  0.02857849  
5_3_0      0.23415777  0.23415777  0.25360427  0.25360427  0.24058371  0.03344999  0.00000000  0.05829696  
1_3_0      0.18465286  0.18465286  0.19066407  0.19066407  0.19066407  0.02857849  0.05829696  0.00000000  

