20
19_0_0     0.00000000  0.24277967  0.25126328  0.27730719  0.27730719  0.27730719  0.37131722  0.37131722  0.39162510  0.42315972  0.42315972  0.42315972  0.46738696  0.53905476  0.52662305  0.49052155  0.52662305  0.52662305  0.52662305  0.52662305  
18_0_0     0.24277967  0.00000000  0.00612255  0.24277967  0.25984422  0.25984422  0.43397379  0.44494650  0.38140224  0.37131722  0.37131722  0.37131722  0.44494650  0.41249978  0.47886482  0.55169659  0.51439458  0.60451543  0.60451543  0.60451543  
8_0_0      0.25126328  0.00612255  0.00000000  0.25126328  0.26852474  0.26852474  0.44494650  0.45608258  0.39162510  0.38140224  0.38140224  0.38140224  0.45608258  0.42315972  0.46738696  0.53905476  0.52662305  0.59095695  0.59095695  0.59095695  
7_0_0      0.27730719  0.24277967  0.25126328  0.00000000  0.03751039  0.03751039  0.50236283  0.46738696  0.43397379  0.46738696  0.46738696  0.46738696  0.44494650  0.53905476  0.57763987  0.52662305  0.60451543  0.69147242  0.69147242  0.66134943  
13_0_0     0.27730719  0.25984422  0.26852474  0.03751039  0.00000000  0.00000000  0.47886482  0.44494650  0.45608258  0.49052155  0.49052155  0.49052155  0.49052155  0.56455576  0.57763987  0.55169659  0.61832422  0.67625929  0.67625929  0.64673097  
9_0_0      0.27730719  0.25984422  0.26852474  0.03751039  0.00000000  0.00000000  0.47886482  0.44494650  0.45608258  0.49052155  0.49052155  0.49052155  0.49052155  0.56455576  0.57763987  0.55169659  0.61832422  0.67625929  0.67625929  0.64673097  
11_0_0     0.37131722  0.43397379  0.44494650  0.50236283  0.47886482  0.47886482  0.00000000  0.03112657  0.12587532  0.11869479  0.11869479  0.11869479  0.43397379  0.37131722  0.38140224  0.40198962  0.43397379  0.55169659  0.55169659  0.52662305  
17_0_0     0.37131722  0.44494650  0.45608258  0.46738696  0.44494650  0.44494650  0.03112657  0.00000000  0.10453729  0.11158255  0.11158255  0.11158255  0.42315972  0.39162510  0.36136637  0.37131722  0.45608258  0.52662305  0.52662305  0.50236283  
5_0_0      0.39162510  0.38140224  0.39162510  0.43397379  0.45608258  0.45608258  0.12587532  0.10453729  0.00000000  0.04394917  0.04394917  0.04394917  0.39162510  0.33228428  0.36136637  0.33228428  0.41249978  0.49052155  0.49052155  0.49052155  
10_0_0     0.42315972  0.37131722  0.38140224  0.46738696  0.49052155  0.49052155  0.11869479  0.11158255  0.04394917  0.00000000  0.00000000  0.00000000  0.44494650  0.32283621  0.35154617  0.37131722  0.42315972  0.50236283  0.50236283  0.50236283  
12_0_0     0.42315972  0.37131722  0.38140224  0.46738696  0.49052155  0.49052155  0.11869479  0.11158255  0.04394917  0.00000000  0.00000000  0.00000000  0.44494650  0.32283621  0.35154617  0.37131722  0.42315972  0.50236283  0.50236283  0.50236283  
4_0_0      0.42315972  0.37131722  0.38140224  0.46738696  0.49052155  0.49052155  0.11869479  0.11158255  0.04394917  0.00000000  0.00000000  0.00000000  0.44494650  0.32283621  0.35154617  0.37131722  0.42315972  0.50236283  0.50236283  0.50236283  
15_0_0     0.46738696  0.44494650  0.45608258  0.44494650  0.49052155  0.49052155  0.43397379  0.42315972  0.39162510  0.44494650  0.44494650  0.44494650  0.00000000  0.22609577  0.29518763  0.37131722  0.53905476  0.45608258  0.45608258  0.45608258  
6_0_0      0.53905476  0.41249978  0.42315972  0.53905476  0.56455576  0.56455576  0.37131722  0.39162510  0.33228428  0.32283621  0.32283621  0.32283621  0.22609577  0.00000000  0.18594493  0.37131722  0.37131722  0.49052155  0.49052155  0.51439458  
14_0_0     0.52662305  0.47886482  0.46738696  0.57763987  0.57763987  0.57763987  0.38140224  0.36136637  0.36136637  0.35154617  0.35154617  0.35154617  0.29518763  0.18594493  0.00000000  0.39162510  0.52662305  0.45608258  0.45608258  0.47886482  
16_0_0     0.49052155  0.55169659  0.53905476  0.52662305  0.55169659  0.55169659  0.40198962  0.37131722  0.33228428  0.37131722  0.37131722  0.37131722  0.37131722  0.37131722  0.39162510  0.00000000  0.47886482  0.39162510  0.39162510  0.37131722  
20_0_0     0.52662305  0.51439458  0.52662305  0.60451543  0.61832422  0.61832422  0.43397379  0.45608258  0.41249978  0.42315972  0.42315972  0.42315972  0.53905476  0.37131722  0.52662305  0.47886482  0.00000000  0.43397379  0.43397379  0.43397379  
2_0_0      0.52662305  0.60451543  0.59095695  0.69147242  0.67625929  0.67625929  0.55169659  0.52662305  0.49052155  0.50236283  0.50236283  0.50236283  0.45608258  0.49052155  0.45608258  0.39162510  0.43397379  0.00000000  0.00000000  0.01229563  
3_0_0      0.52662305  0.60451543  0.59095695  0.69147242  0.67625929  0.67625929  0.55169659  0.52662305  0.49052155  0.50236283  0.50236283  0.50236283  0.45608258  0.49052155  0.45608258  0.39162510  0.43397379  0.00000000  0.00000000  0.01229563  
1_0_0      0.52662305  0.60451543  0.59095695  0.66134943  0.64673097  0.64673097  0.52662305  0.50236283  0.49052155  0.50236283  0.50236283  0.50236283  0.45608258  0.51439458  0.47886482  0.37131722  0.43397379  0.01229563  0.01229563  0.00000000  

