22
48_0_0     0.00000000  0.01948885  0.04460588  0.03951280  0.04973478  0.06010207  0.06010207  0.08668395  0.08668395  0.09211859  0.09211859  0.08668395  0.08668395  0.07061885  0.07061885  0.07593466  0.07061885  0.07593466  0.09759404  0.09759404  0.12560538  0.14881578  
52_0_0     0.01948885  0.00000000  0.03951280  0.03445504  0.04460588  0.05490000  0.05490000  0.09211859  0.09211859  0.09759404  0.09759404  0.09211859  0.09211859  0.07593466  0.07593466  0.08128950  0.06534150  0.07061885  0.09211859  0.09211859  0.11991638  0.14294356  
52_2_0     0.04460588  0.03951280  0.00000000  0.01456760  0.02444353  0.05490000  0.05490000  0.08128950  0.08128950  0.08668395  0.08668395  0.08128950  0.08128950  0.07593466  0.07593466  0.08128950  0.06534150  0.07061885  0.09211859  0.09211859  0.11991638  0.14294356  
48_1_0     0.03951280  0.03445504  0.01456760  0.00000000  0.00967933  0.04973478  0.04973478  0.07593466  0.07593466  0.08128950  0.08128950  0.07593466  0.07593466  0.07061885  0.07061885  0.07593466  0.06010207  0.06534150  0.08668395  0.08668395  0.10311090  0.12560538  
52_1_0     0.04973478  0.04460588  0.02444353  0.00967933  0.00000000  0.06010207  0.06010207  0.08668395  0.08668395  0.09211859  0.09211859  0.08668395  0.08668395  0.07061885  0.07061885  0.08668395  0.07061885  0.07593466  0.09759404  0.09759404  0.11427142  0.12560538  
97_5_0     0.06010207  0.05490000  0.05490000  0.04973478  0.06010207  0.00000000  0.00000000  0.06534150  0.06534150  0.06010207  0.06010207  0.06534150  0.06534150  0.04973478  0.04973478  0.05490000  0.04973478  0.05490000  0.07593466  0.07593466  0.09211859  0.11427142  
84_5_0     0.06010207  0.05490000  0.05490000  0.04973478  0.06010207  0.00000000  0.00000000  0.06534150  0.06534150  0.06010207  0.06010207  0.06534150  0.06534150  0.04973478  0.04973478  0.05490000  0.04973478  0.05490000  0.07593466  0.07593466  0.09211859  0.11427142  
97_7_0     0.08668395  0.09211859  0.08128950  0.07593466  0.08668395  0.06534150  0.06534150  0.00000000  0.00000000  0.00482361  0.00482361  0.00000000  0.00000000  0.02444353  0.02444353  0.02943211  0.05490000  0.06010207  0.10866981  0.10866981  0.13711825  0.16070398  
84_7_0     0.08668395  0.09211859  0.08128950  0.07593466  0.08668395  0.06534150  0.06534150  0.00000000  0.00000000  0.00482361  0.00482361  0.00000000  0.00000000  0.02444353  0.02444353  0.02943211  0.05490000  0.06010207  0.10866981  0.10866981  0.13711825  0.16070398  
97_8_0     0.09211859  0.09759404  0.08668395  0.08128950  0.09211859  0.06010207  0.06010207  0.00482361  0.00482361  0.00000000  0.00000000  0.00482361  0.00482361  0.02943211  0.02943211  0.03445504  0.06010207  0.06534150  0.11427142  0.11427142  0.14294356  0.16672154  
84_8_0     0.09211859  0.09759404  0.08668395  0.08128950  0.09211859  0.06010207  0.06010207  0.00482361  0.00482361  0.00000000  0.00000000  0.00482361  0.00482361  0.02943211  0.02943211  0.03445504  0.06010207  0.06534150  0.11427142  0.11427142  0.14294356  0.16672154  
97_3_0     0.08668395  0.09211859  0.08128950  0.07593466  0.08668395  0.06534150  0.06534150  0.00000000  0.00000000  0.00482361  0.00482361  0.00000000  0.00000000  0.02444353  0.02444353  0.02943211  0.05490000  0.06010207  0.10866981  0.10866981  0.13711825  0.16070398  
84_3_0     0.08668395  0.09211859  0.08128950  0.07593466  0.08668395  0.06534150  0.06534150  0.00000000  0.00000000  0.00482361  0.00482361  0.00000000  0.00000000  0.02444353  0.02444353  0.02943211  0.05490000  0.06010207  0.10866981  0.10866981  0.13711825  0.16070398  
84_6_0     0.07061885  0.07593466  0.07593466  0.07061885  0.07061885  0.04973478  0.04973478  0.02444353  0.02444353  0.02943211  0.02943211  0.02444353  0.02444353  0.00000000  0.00000000  0.01456760  0.03951280  0.04460588  0.09211859  0.09211859  0.11991638  0.14294356  
97_6_0     0.07061885  0.07593466  0.07593466  0.07061885  0.07061885  0.04973478  0.04973478  0.02444353  0.02444353  0.02943211  0.02943211  0.02444353  0.02444353  0.00000000  0.00000000  0.01456760  0.03951280  0.04460588  0.09211859  0.09211859  0.11991638  0.14294356  
64_3_0     0.07593466  0.08128950  0.08128950  0.07593466  0.08668395  0.05490000  0.05490000  0.02943211  0.02943211  0.03445504  0.03445504  0.02943211  0.02943211  0.01456760  0.01456760  0.00000000  0.03951280  0.04460588  0.08668395  0.08668395  0.12560538  0.14881578  
84_4_0     0.07061885  0.06534150  0.06534150  0.06010207  0.07061885  0.04973478  0.04973478  0.05490000  0.05490000  0.06010207  0.06010207  0.05490000  0.05490000  0.03951280  0.03951280  0.03951280  0.00000000  0.00482361  0.07593466  0.07593466  0.10311090  0.12560538  
97_4_0     0.07593466  0.07061885  0.07061885  0.06534150  0.07593466  0.05490000  0.05490000  0.06010207  0.06010207  0.06534150  0.06534150  0.06010207  0.06010207  0.04460588  0.04460588  0.04460588  0.00482361  0.00000000  0.07061885  0.07061885  0.09759404  0.11991638  
65_9_0     0.09759404  0.09211859  0.09211859  0.08668395  0.09759404  0.07593466  0.07593466  0.10866981  0.10866981  0.11427142  0.11427142  0.10866981  0.10866981  0.09211859  0.09211859  0.08668395  0.07593466  0.07061885  0.00000000  0.00000000  0.04460588  0.06534150  
61_9_0     0.09759404  0.09211859  0.09211859  0.08668395  0.09759404  0.07593466  0.07593466  0.10866981  0.10866981  0.11427142  0.11427142  0.10866981  0.10866981  0.09211859  0.09211859  0.08668395  0.07593466  0.07061885  0.00000000  0.00000000  0.04460588  0.06534150  
94_9_0     0.12560538  0.11991638  0.11991638  0.10311090  0.11427142  0.09211859  0.09211859  0.13711825  0.13711825  0.14294356  0.14294356  0.13711825  0.13711825  0.11991638  0.11991638  0.12560538  0.10311090  0.09759404  0.04460588  0.04460588  0.00000000  0.01948885  
94_11_0    0.14881578  0.14294356  0.14294356  0.12560538  0.12560538  0.11427142  0.11427142  0.16070398  0.16070398  0.16672154  0.16672154  0.16070398  0.16070398  0.14294356  0.14294356  0.14881578  0.12560538  0.11991638  0.06534150  0.06534150  0.01948885  0.00000000  

