42
96_12_0    0.00000000  0.01887392  0.13608366  0.13608366  0.36182332  0.34177150  0.34177150  0.31268403  0.24031706  0.30323862  0.54563903  0.54563903  0.47121819  0.45951596  0.42548774  0.41448647  0.45951596  0.47121819  0.48310985  0.49519716  0.43665627  0.44799721  0.53270018  0.48310985  0.50748667  0.58588174  0.49519716  0.37205827  0.42548774  0.48310985  0.49519716  0.51998526  0.50748667  0.79136628  0.49519716  0.47121819  0.55880985  0.55880985  0.55880985  0.51998526  0.54563903  0.51998526  
96_32_0    0.01887392  0.00000000  0.12864630  0.12864630  0.35172900  0.31268403  0.31268403  0.28470448  0.23175256  0.29391310  0.53270018  0.50748667  0.43665627  0.42548774  0.41448647  0.40364750  0.44799721  0.45951596  0.44799721  0.45951596  0.42548774  0.43665627  0.49519716  0.44799721  0.47121819  0.58588174  0.53270018  0.36182332  0.43665627  0.47121819  0.45951596  0.48310985  0.54563903  0.79136628  0.49519716  0.47121819  0.59980121  0.59980121  0.51998526  0.50748667  0.50748667  0.50748667  
96_31_0    0.13608366  0.12864630  0.00000000  0.05144965  0.31268403  0.27560986  0.29391310  0.24898259  0.15885847  0.19845935  0.42548774  0.47121819  0.38243782  0.37205827  0.41448647  0.38243782  0.39296612  0.40364750  0.41448647  0.42548774  0.39296612  0.38243782  0.39296612  0.39296612  0.39296612  0.55880985  0.44799721  0.41448647  0.38243782  0.39296612  0.49519716  0.44799721  0.55880985  0.73859282  0.50748667  0.50748667  0.53270018  0.53270018  0.50748667  0.47121819  0.47121819  0.51998526  
96_30_0    0.13608366  0.12864630  0.05144965  0.00000000  0.31268403  0.27560986  0.27560986  0.24898259  0.19036656  0.23175256  0.47121819  0.49519716  0.42548774  0.41448647  0.41448647  0.40364750  0.45951596  0.47121819  0.48310985  0.49519716  0.43665627  0.42548774  0.43665627  0.42548774  0.42548774  0.55880985  0.49519716  0.41448647  0.40364750  0.39296612  0.49519716  0.47121819  0.53270018  0.77335062  0.51998526  0.51998526  0.53270018  0.53270018  0.54563903  0.50748667  0.50748667  0.54563903  
97_19_0    0.36182332  0.35172900  0.31268403  0.31268403  0.00000000  0.12864630  0.12864630  0.09254860  0.26662644  0.26662644  0.62845723  0.59980121  0.51998526  0.50748667  0.64321559  0.65827651  0.49519716  0.49519716  0.49519716  0.50748667  0.47121819  0.45951596  0.54563903  0.58588174  0.61398951  0.73859282  0.53270018  0.40364750  0.50748667  0.64321559  0.61398951  0.64321559  0.64321559  0.80983486  0.62845723  0.59980121  0.79136628  0.82877971  0.62845723  0.57222111  0.59980121  0.57222111  
97_21_0    0.34177150  0.31268403  0.27560986  0.27560986  0.12864630  0.00000000  0.06489545  0.07171177  0.27560986  0.26662644  0.53270018  0.55880985  0.45951596  0.44799721  0.54563903  0.53270018  0.42548774  0.42548774  0.42548774  0.43665627  0.40364750  0.39296612  0.45951596  0.50748667  0.53270018  0.72181175  0.58588174  0.49519716  0.50748667  0.54563903  0.58588174  0.50748667  0.70540543  0.75576619  0.58588174  0.61398951  0.77335062  0.80983486  0.55880985  0.51998526  0.51998526  0.54563903  
97_20_0    0.34177150  0.31268403  0.29391310  0.27560986  0.12864630  0.06489545  0.00000000  0.05814179  0.31268403  0.30323862  0.55880985  0.53270018  0.43665627  0.42548774  0.51998526  0.50748667  0.49519716  0.49519716  0.47121819  0.48310985  0.47121819  0.45951596  0.48310985  0.55880985  0.58588174  0.73859282  0.55880985  0.47121819  0.45951596  0.51998526  0.54563903  0.50748667  0.65827651  0.70540543  0.59980121  0.62845723  0.73859282  0.77335062  0.55880985  0.51998526  0.51998526  0.51998526  
77_19_0    0.31268403  0.28470448  0.24898259  0.24898259  0.09254860  0.07171177  0.05814179  0.00000000  0.24898259  0.24031706  0.54563903  0.49519716  0.40364750  0.39296612  0.55880985  0.54563903  0.43665627  0.43665627  0.43665627  0.44799721  0.41448647  0.40364750  0.47121819  0.49519716  0.54563903  0.65827651  0.57222111  0.41448647  0.49519716  0.58588174  0.58588174  0.54563903  0.64321559  0.73859282  0.65827651  0.65827651  0.80983486  0.84822605  0.51998526  0.48310985  0.48310985  0.53270018  
77_12_0    0.24031706  0.23175256  0.15885847  0.19036656  0.26662644  0.27560986  0.31268403  0.24898259  0.00000000  0.08553712  0.48310985  0.48310985  0.41448647  0.40364750  0.51998526  0.51998526  0.43665627  0.43665627  0.43665627  0.44799721  0.39296612  0.38243782  0.41448647  0.49519716  0.47121819  0.54563903  0.45951596  0.39296612  0.42548774  0.45951596  0.54563903  0.50748667  0.53270018  0.84822605  0.51998526  0.51998526  0.68935751  0.72181175  0.57222111  0.53270018  0.55880985  0.51998526  
97_12_0    0.30323862  0.29391310  0.19845935  0.23175256  0.26662644  0.26662644  0.30323862  0.24031706  0.08553712  0.00000000  0.49519716  0.47121819  0.47121819  0.45951596  0.53270018  0.53270018  0.42548774  0.42548774  0.42548774  0.43665627  0.40364750  0.39296612  0.43665627  0.50748667  0.45951596  0.59980121  0.44799721  0.39296612  0.47121819  0.44799721  0.50748667  0.44799721  0.54563903  0.82877971  0.50748667  0.48310985  0.65827651  0.68935751  0.58588174  0.51998526  0.54563903  0.48310985  
77_15_0    0.54563903  0.53270018  0.42548774  0.47121819  0.62845723  0.53270018  0.55880985  0.54563903  0.48310985  0.49519716  0.00000000  0.09254860  0.09962764  0.09254860  0.34177150  0.30323862  0.21491737  0.22328674  0.23175256  0.22328674  0.24031706  0.23175256  0.26662644  0.41448647  0.41448647  0.50748667  0.37205827  0.43665627  0.25775155  0.41448647  0.49519716  0.31268403  0.55880985  0.59980121  0.49519716  0.54563903  0.55880985  0.55880985  0.42548774  0.44799721  0.42548774  0.37205827  
97_15_0    0.54563903  0.50748667  0.47121819  0.49519716  0.59980121  0.55880985  0.53270018  0.49519716  0.48310985  0.47121819  0.09254860  0.00000000  0.11399370  0.10677555  0.32225246  0.30323862  0.23175256  0.24031706  0.26662644  0.25775155  0.24031706  0.23175256  0.26662644  0.41448647  0.43665627  0.53270018  0.35172900  0.37205827  0.25775155  0.35172900  0.42548774  0.25775155  0.53270018  0.58588174  0.49519716  0.49519716  0.65827651  0.65827651  0.47121819  0.51998526  0.49519716  0.35172900  
92_15_0    0.47121819  0.43665627  0.38243782  0.42548774  0.51998526  0.45951596  0.43665627  0.40364750  0.41448647  0.47121819  0.09962764  0.11399370  0.00000000  0.00623759  0.28470448  0.24898259  0.14359709  0.15118815  0.17444361  0.16660971  0.16660971  0.15885847  0.21491737  0.35172900  0.35172900  0.45951596  0.36182332  0.35172900  0.22328674  0.37205827  0.47121819  0.31268403  0.58588174  0.58588174  0.48310985  0.50748667  0.57222111  0.57222111  0.40364750  0.42548774  0.40364750  0.33194716  
89_15_0    0.45951596  0.42548774  0.37205827  0.41448647  0.50748667  0.44799721  0.42548774  0.39296612  0.40364750  0.45951596  0.09254860  0.10677555  0.00623759  0.00000000  0.28470448  0.24898259  0.13608366  0.14359709  0.16660971  0.15885847  0.15885847  0.15118815  0.20664227  0.34177150  0.34177150  0.45951596  0.35172900  0.34177150  0.21491737  0.36182332  0.45951596  0.30323862  0.57222111  0.58588174  0.48310985  0.50748667  0.55880985  0.55880985  0.39296612  0.41448647  0.39296612  0.32225246  
97_14_0    0.42548774  0.41448647  0.41448647  0.41448647  0.64321559  0.54563903  0.51998526  0.55880985  0.51998526  0.53270018  0.34177150  0.32225246  0.28470448  0.28470448  0.00000000  0.02527453  0.32225246  0.33194716  0.32225246  0.31268403  0.31268403  0.32225246  0.33194716  0.34177150  0.36182332  0.61398951  0.39296612  0.40364750  0.34177150  0.37205827  0.53270018  0.40364750  0.58588174  0.65827651  0.45951596  0.45951596  0.49519716  0.49519716  0.50748667  0.53270018  0.50748667  0.47121819  
77_22_0    0.41448647  0.40364750  0.38243782  0.40364750  0.65827651  0.53270018  0.50748667  0.54563903  0.51998526  0.53270018  0.30323862  0.30323862  0.24898259  0.24898259  0.02527453  0.00000000  0.30323862  0.31268403  0.30323862  0.29391310  0.31268403  0.32225246  0.31268403  0.32225246  0.34177150  0.57222111  0.37205827  0.42548774  0.32225246  0.35172900  0.50748667  0.38243782  0.62845723  0.67365266  0.43665627  0.43665627  0.44799721  0.44799721  0.45951596  0.48310985  0.45951596  0.44799721  
92_14_0    0.45951596  0.44799721  0.39296612  0.45951596  0.49519716  0.42548774  0.49519716  0.43665627  0.43665627  0.42548774  0.21491737  0.23175256  0.14359709  0.13608366  0.32225246  0.30323862  0.00000000  0.00623759  0.03824553  0.03173140  0.03173140  0.03824553  0.27560986  0.35172900  0.37205827  0.53270018  0.33194716  0.32225246  0.28470448  0.39296612  0.53270018  0.37205827  0.58588174  0.55880985  0.45951596  0.48310985  0.61398951  0.61398951  0.38243782  0.40364750  0.38243782  0.33194716  
89_14_0    0.47121819  0.45951596  0.40364750  0.47121819  0.49519716  0.42548774  0.49519716  0.43665627  0.43665627  0.42548774  0.22328674  0.24031706  0.15118815  0.14359709  0.33194716  0.31268403  0.00623759  0.00000000  0.04481793  0.03824553  0.03824553  0.04481793  0.28470448  0.36182332  0.38243782  0.54563903  0.34177150  0.33194716  0.29391310  0.40364750  0.54563903  0.38243782  0.57222111  0.55880985  0.47121819  0.49519716  0.62845723  0.62845723  0.39296612  0.41448647  0.39296612  0.34177150  
89_17_0    0.48310985  0.44799721  0.41448647  0.48310985  0.49519716  0.42548774  0.47121819  0.43665627  0.43665627  0.42548774  0.23175256  0.26662644  0.17444361  0.16660971  0.32225246  0.30323862  0.03824553  0.04481793  0.00000000  0.00623759  0.05814179  0.06489545  0.27560986  0.36182332  0.38243782  0.54563903  0.33194716  0.34177150  0.30323862  0.43665627  0.50748667  0.37205827  0.53270018  0.57222111  0.45951596  0.50748667  0.58588174  0.58588174  0.36182332  0.38243782  0.36182332  0.33194716  
92_17_0    0.49519716  0.45951596  0.42548774  0.49519716  0.50748667  0.43665627  0.48310985  0.44799721  0.44799721  0.43665627  0.22328674  0.25775155  0.16660971  0.15885847  0.31268403  0.29391310  0.03173140  0.03824553  0.00623759  0.00000000  0.06489545  0.07171177  0.28470448  0.37205827  0.39296612  0.53270018  0.34177150  0.35172900  0.31268403  0.44799721  0.51998526  0.38243782  0.54563903  0.55880985  0.47121819  0.51998526  0.59980121  0.59980121  0.37205827  0.39296612  0.37205827  0.34177150  
89_16_0    0.43665627  0.42548774  0.39296612  0.43665627  0.47121819  0.40364750  0.47121819  0.41448647  0.39296612  0.40364750  0.24031706  0.24031706  0.16660971  0.15885847  0.31268403  0.31268403  0.03173140  0.03824553  0.05814179  0.06489545  0.00000000  0.00623759  0.24898259  0.32225246  0.34177150  0.57222111  0.32225246  0.33194716  0.27560986  0.37205827  0.50748667  0.37205827  0.55880985  0.58588174  0.45951596  0.45951596  0.57222111  0.57222111  0.36182332  0.38243782  0.36182332  0.31268403  
92_16_0    0.44799721  0.43665627  0.38243782  0.42548774  0.45951596  0.39296612  0.45951596  0.40364750  0.38243782  0.39296612  0.23175256  0.23175256  0.15885847  0.15118815  0.32225246  0.32225246  0.03824553  0.04481793  0.06489545  0.07171177  0.00623759  0.00000000  0.24031706  0.31268403  0.33194716  0.58588174  0.33194716  0.34177150  0.26662644  0.36182332  0.49519716  0.36182332  0.57222111  0.59980121  0.47121819  0.47121819  0.58588174  0.58588174  0.35172900  0.37205827  0.35172900  0.30323862  
96_24_0    0.53270018  0.49519716  0.39296612  0.43665627  0.54563903  0.45951596  0.48310985  0.47121819  0.41448647  0.43665627  0.26662644  0.26662644  0.21491737  0.20664227  0.33194716  0.31268403  0.27560986  0.28470448  0.27560986  0.28470448  0.24898259  0.24031706  0.00000000  0.22328674  0.20664227  0.48310985  0.24898259  0.31268403  0.19036656  0.30323862  0.48310985  0.32225246  0.54563903  0.61398951  0.48310985  0.49519716  0.51998526  0.49519716  0.43665627  0.44799721  0.42548774  0.28470448  
96_28_0    0.48310985  0.44799721  0.39296612  0.42548774  0.58588174  0.50748667  0.55880985  0.49519716  0.49519716  0.50748667  0.41448647  0.41448647  0.35172900  0.34177150  0.34177150  0.32225246  0.35172900  0.36182332  0.36182332  0.37205827  0.32225246  0.31268403  0.22328674  0.00000000  0.07171177  0.64321559  0.40364750  0.36182332  0.34177150  0.43665627  0.42548774  0.44799721  0.68935751  0.54563903  0.62845723  0.58588174  0.64321559  0.61398951  0.43665627  0.44799721  0.42548774  0.42548774  
96_25_0    0.50748667  0.47121819  0.39296612  0.42548774  0.61398951  0.53270018  0.58588174  0.54563903  0.47121819  0.45951596  0.41448647  0.43665627  0.35172900  0.34177150  0.36182332  0.34177150  0.37205827  0.38243782  0.38243782  0.39296612  0.34177150  0.33194716  0.20664227  0.07171177  0.00000000  0.61398951  0.42548774  0.36182332  0.32225246  0.35172900  0.41448647  0.40364750  0.59980121  0.57222111  0.54563903  0.50748667  0.59980121  0.57222111  0.43665627  0.44799721  0.42548774  0.40364750  
96_13_0    0.58588174  0.58588174  0.55880985  0.55880985  0.73859282  0.72181175  0.73859282  0.65827651  0.54563903  0.59980121  0.50748667  0.53270018  0.45951596  0.45951596  0.61398951  0.57222111  0.53270018  0.54563903  0.54563903  0.53270018  0.57222111  0.58588174  0.48310985  0.64321559  0.61398951  0.00000000  0.50748667  0.47121819  0.53270018  0.62845723  0.75576619  0.65827651  0.61398951  0.82877971  0.67365266  0.62845723  0.65827651  0.68935751  0.67365266  0.70540543  0.68935751  0.61398951  
97_13_0    0.49519716  0.53270018  0.44799721  0.49519716  0.53270018  0.58588174  0.55880985  0.57222111  0.45951596  0.44799721  0.37205827  0.35172900  0.36182332  0.35172900  0.39296612  0.37205827  0.33194716  0.34177150  0.33194716  0.34177150  0.32225246  0.33194716  0.24898259  0.40364750  0.42548774  0.50748667  0.00000000  0.24031706  0.24031706  0.37205827  0.53270018  0.37205827  0.43665627  0.64321559  0.51998526  0.53270018  0.58588174  0.55880985  0.48310985  0.49519716  0.49519716  0.32225246  
77_13_0    0.37205827  0.36182332  0.41448647  0.41448647  0.40364750  0.49519716  0.47121819  0.41448647  0.39296612  0.39296612  0.43665627  0.37205827  0.35172900  0.34177150  0.40364750  0.42548774  0.32225246  0.33194716  0.34177150  0.35172900  0.33194716  0.34177150  0.31268403  0.36182332  0.36182332  0.47121819  0.24031706  0.00000000  0.30323862  0.44799721  0.47121819  0.44799721  0.45951596  0.67365266  0.50748667  0.47121819  0.61398951  0.61398951  0.50748667  0.54563903  0.51998526  0.36182332  
96_11_0    0.42548774  0.43665627  0.38243782  0.40364750  0.50748667  0.50748667  0.45951596  0.49519716  0.42548774  0.47121819  0.25775155  0.25775155  0.22328674  0.21491737  0.34177150  0.32225246  0.28470448  0.29391310  0.30323862  0.31268403  0.27560986  0.26662644  0.19036656  0.34177150  0.32225246  0.53270018  0.24031706  0.30323862  0.00000000  0.27560986  0.38243782  0.24031706  0.45951596  0.55880985  0.38243782  0.39296612  0.55880985  0.53270018  0.37205827  0.38243782  0.36182332  0.20664227  
93_57_0    0.48310985  0.47121819  0.39296612  0.39296612  0.64321559  0.54563903  0.51998526  0.58588174  0.45951596  0.44799721  0.41448647  0.35172900  0.37205827  0.36182332  0.37205827  0.35172900  0.39296612  0.40364750  0.43665627  0.44799721  0.37205827  0.36182332  0.30323862  0.43665627  0.35172900  0.62845723  0.37205827  0.44799721  0.27560986  0.00000000  0.33194716  0.23175256  0.45951596  0.58588174  0.38243782  0.37205827  0.47121819  0.44799721  0.47121819  0.48310985  0.48310985  0.34177150  
93_43_0    0.49519716  0.45951596  0.49519716  0.49519716  0.61398951  0.58588174  0.54563903  0.58588174  0.54563903  0.50748667  0.49519716  0.42548774  0.47121819  0.45951596  0.53270018  0.50748667  0.53270018  0.54563903  0.50748667  0.51998526  0.50748667  0.49519716  0.48310985  0.42548774  0.41448647  0.75576619  0.53270018  0.47121819  0.38243782  0.33194716  0.00000000  0.28470448  0.54563903  0.61398951  0.43665627  0.42548774  0.67365266  0.64321559  0.49519716  0.48310985  0.45951596  0.38243782  
93_52_0    0.51998526  0.48310985  0.44799721  0.47121819  0.64321559  0.50748667  0.50748667  0.54563903  0.50748667  0.44799721  0.31268403  0.25775155  0.31268403  0.30323862  0.40364750  0.38243782  0.37205827  0.38243782  0.37205827  0.38243782  0.37205827  0.36182332  0.32225246  0.44799721  0.40364750  0.65827651  0.37205827  0.44799721  0.24031706  0.23175256  0.28470448  0.00000000  0.48310985  0.51998526  0.39296612  0.42548774  0.62845723  0.59980121  0.35172900  0.38243782  0.36182332  0.22328674  
93_58_0    0.50748667  0.54563903  0.55880985  0.53270018  0.64321559  0.70540543  0.65827651  0.64321559  0.53270018  0.54563903  0.55880985  0.53270018  0.58588174  0.57222111  0.58588174  0.62845723  0.58588174  0.57222111  0.53270018  0.54563903  0.55880985  0.57222111  0.54563903  0.68935751  0.59980121  0.61398951  0.43665627  0.45951596  0.45951596  0.45951596  0.54563903  0.48310985  0.00000000  0.54563903  0.42548774  0.42548774  0.55880985  0.55880985  0.61398951  0.57222111  0.59980121  0.50748667  
93_55_0    0.79136628  0.79136628  0.73859282  0.77335062  0.80983486  0.75576619  0.70540543  0.73859282  0.84822605  0.82877971  0.59980121  0.58588174  0.58588174  0.58588174  0.65827651  0.67365266  0.55880985  0.55880985  0.57222111  0.55880985  0.58588174  0.59980121  0.61398951  0.54563903  0.57222111  0.82877971  0.64321559  0.67365266  0.55880985  0.58588174  0.61398951  0.51998526  0.54563903  0.00000000  0.53270018  0.58588174  0.86820115  0.82877971  0.75576619  0.79136628  0.80983486  0.57222111  
93_48_0    0.49519716  0.49519716  0.50748667  0.51998526  0.62845723  0.58588174  0.59980121  0.65827651  0.51998526  0.50748667  0.49519716  0.49519716  0.48310985  0.48310985  0.45951596  0.43665627  0.45951596  0.47121819  0.45951596  0.47121819  0.45951596  0.47121819  0.48310985  0.62845723  0.54563903  0.67365266  0.51998526  0.50748667  0.38243782  0.38243782  0.43665627  0.39296612  0.42548774  0.53270018  0.00000000  0.03173140  0.54563903  0.51998526  0.51998526  0.54563903  0.55880985  0.43665627  
93_60_0    0.47121819  0.47121819  0.50748667  0.51998526  0.59980121  0.61398951  0.62845723  0.65827651  0.51998526  0.48310985  0.54563903  0.49519716  0.50748667  0.50748667  0.45951596  0.43665627  0.48310985  0.49519716  0.50748667  0.51998526  0.45951596  0.47121819  0.49519716  0.58588174  0.50748667  0.62845723  0.53270018  0.47121819  0.39296612  0.37205827  0.42548774  0.42548774  0.42548774  0.58588174  0.03173140  0.00000000  0.55880985  0.53270018  0.55880985  0.55880985  0.57222111  0.47121819  
82_37_0    0.55880985  0.59980121  0.53270018  0.53270018  0.79136628  0.77335062  0.73859282  0.80983486  0.68935751  0.65827651  0.55880985  0.65827651  0.57222111  0.55880985  0.49519716  0.44799721  0.61398951  0.62845723  0.58588174  0.59980121  0.57222111  0.58588174  0.51998526  0.64321559  0.59980121  0.65827651  0.58588174  0.61398951  0.55880985  0.47121819  0.67365266  0.62845723  0.55880985  0.86820115  0.54563903  0.55880985  0.00000000  0.01252858  0.67365266  0.62845723  0.65827651  0.61398951  
82_35_0    0.55880985  0.59980121  0.53270018  0.53270018  0.82877971  0.80983486  0.77335062  0.84822605  0.72181175  0.68935751  0.55880985  0.65827651  0.57222111  0.55880985  0.49519716  0.44799721  0.61398951  0.62845723  0.58588174  0.59980121  0.57222111  0.58588174  0.49519716  0.61398951  0.57222111  0.68935751  0.55880985  0.61398951  0.53270018  0.44799721  0.64321559  0.59980121  0.55880985  0.82877971  0.51998526  0.53270018  0.01252858  0.00000000  0.67365266  0.62845723  0.65827651  0.58588174  
82_36_0    0.55880985  0.51998526  0.50748667  0.54563903  0.62845723  0.55880985  0.55880985  0.51998526  0.57222111  0.58588174  0.42548774  0.47121819  0.40364750  0.39296612  0.50748667  0.45951596  0.38243782  0.39296612  0.36182332  0.37205827  0.36182332  0.35172900  0.43665627  0.43665627  0.43665627  0.67365266  0.48310985  0.50748667  0.37205827  0.47121819  0.49519716  0.35172900  0.61398951  0.75576619  0.51998526  0.55880985  0.67365266  0.67365266  0.00000000  0.03173140  0.01887392  0.23175256  
84_36_0    0.51998526  0.50748667  0.47121819  0.50748667  0.57222111  0.51998526  0.51998526  0.48310985  0.53270018  0.51998526  0.44799721  0.51998526  0.42548774  0.41448647  0.53270018  0.48310985  0.40364750  0.41448647  0.38243782  0.39296612  0.38243782  0.37205827  0.44799721  0.44799721  0.44799721  0.70540543  0.49519716  0.54563903  0.38243782  0.48310985  0.48310985  0.38243782  0.57222111  0.79136628  0.54563903  0.55880985  0.62845723  0.62845723  0.03173140  0.00000000  0.01252858  0.25775155  
86_36_0    0.54563903  0.50748667  0.47121819  0.50748667  0.59980121  0.51998526  0.51998526  0.48310985  0.55880985  0.54563903  0.42548774  0.49519716  0.40364750  0.39296612  0.50748667  0.45951596  0.38243782  0.39296612  0.36182332  0.37205827  0.36182332  0.35172900  0.42548774  0.42548774  0.42548774  0.68935751  0.49519716  0.51998526  0.36182332  0.48310985  0.45951596  0.36182332  0.59980121  0.80983486  0.55880985  0.57222111  0.65827651  0.65827651  0.01887392  0.01252858  0.00000000  0.24031706  
99_36_0    0.51998526  0.50748667  0.51998526  0.54563903  0.57222111  0.54563903  0.51998526  0.53270018  0.51998526  0.48310985  0.37205827  0.35172900  0.33194716  0.32225246  0.47121819  0.44799721  0.33194716  0.34177150  0.33194716  0.34177150  0.31268403  0.30323862  0.28470448  0.42548774  0.40364750  0.61398951  0.32225246  0.36182332  0.20664227  0.34177150  0.38243782  0.22328674  0.50748667  0.57222111  0.43665627  0.47121819  0.61398951  0.58588174  0.23175256  0.25775155  0.24031706  0.00000000  

