40
16_0_0     0.00000000  0.14029254  0.11274665  0.11274665  0.17621769  0.20625594  0.17621769  0.17621769  0.39730570  0.36819381  0.36819381  0.37777228  0.36819381  0.33106277  0.38747515  0.39730570  0.34939763  0.33106277  0.32206137  0.32206137  0.33106277  0.31316713  0.35873661  0.34939763  0.32206137  0.28710265  0.34017395  0.36819381  0.41736360  0.40726733  0.30437754  0.28710265  0.29569017  0.30437754  0.33106277  0.32206137  0.30437754  0.30437754  0.31316713  0.34939763  
20_0_0     0.14029254  0.00000000  0.09934545  0.09934545  0.15445598  0.19108585  0.14029254  0.14029254  0.38747515  0.36819381  0.38747515  0.37777228  0.37777228  0.33106277  0.35873661  0.34939763  0.31316713  0.34017395  0.34939763  0.34939763  0.31316713  0.31316713  0.34017395  0.33106277  0.34939763  0.25370696  0.28710265  0.37777228  0.42759818  0.39730570  0.31316713  0.26191697  0.28710265  0.31316713  0.28710265  0.29569017  0.27861273  0.27861273  0.27861273  0.26191697  
19_0_0     0.11274665  0.09934545  0.00000000  0.00000000  0.15445598  0.19863239  0.16163968  0.14734070  0.35873661  0.33106277  0.36819381  0.35873661  0.33106277  0.29569017  0.35873661  0.34939763  0.31316713  0.34017395  0.31316713  0.31316713  0.29569017  0.29569017  0.34017395  0.33106277  0.34939763  0.28710265  0.33106277  0.34939763  0.41736360  0.39730570  0.28710265  0.25370696  0.28710265  0.28710265  0.30437754  0.30437754  0.26191697  0.26191697  0.27021821  0.32206137  
13_0_0     0.11274665  0.09934545  0.00000000  0.00000000  0.15445598  0.19863239  0.16163968  0.14734070  0.35873661  0.33106277  0.36819381  0.35873661  0.33106277  0.29569017  0.35873661  0.34939763  0.31316713  0.34017395  0.31316713  0.31316713  0.29569017  0.29569017  0.34017395  0.33106277  0.34939763  0.28710265  0.33106277  0.34939763  0.41736360  0.39730570  0.28710265  0.25370696  0.28710265  0.28710265  0.30437754  0.30437754  0.26191697  0.26191697  0.27021821  0.32206137  
14_0_0     0.17621769  0.15445598  0.15445598  0.15445598  0.00000000  0.13331027  0.11274665  0.11274665  0.38747515  0.35873661  0.38747515  0.37777228  0.36819381  0.34939763  0.38747515  0.37777228  0.33106277  0.34017395  0.34017395  0.34017395  0.32206137  0.32206137  0.35873661  0.34939763  0.34017395  0.30437754  0.31316713  0.39730570  0.42759818  0.41736360  0.29569017  0.29569017  0.30437754  0.29569017  0.28710265  0.29569017  0.25370696  0.25370696  0.29569017  0.34939763  
18_0_0     0.20625594  0.19108585  0.19863239  0.19863239  0.13331027  0.00000000  0.09273393  0.09273393  0.41736360  0.36819381  0.37777228  0.37777228  0.33106277  0.34017395  0.35873661  0.34939763  0.35873661  0.35873661  0.35873661  0.36819381  0.33106277  0.33106277  0.37777228  0.36819381  0.36819381  0.32206137  0.34939763  0.41736360  0.44849783  0.41736360  0.31316713  0.28710265  0.29569017  0.31316713  0.31316713  0.31316713  0.29569017  0.29569017  0.30437754  0.36819381  
17_0_0     0.17621769  0.14029254  0.16163968  0.16163968  0.11274665  0.09273393  0.00000000  0.01171935  0.41736360  0.37777228  0.37777228  0.36819381  0.32206137  0.34017395  0.35873661  0.36819381  0.33106277  0.36819381  0.34939763  0.35873661  0.33106277  0.31316713  0.36819381  0.35873661  0.36819381  0.28710265  0.34017395  0.41736360  0.44849783  0.41736360  0.31316713  0.30437754  0.29569017  0.31316713  0.28710265  0.28710265  0.27861273  0.27861273  0.27021821  0.33106277  
15_0_0     0.17621769  0.14029254  0.14734070  0.14734070  0.11274665  0.09273393  0.01171935  0.00000000  0.42759818  0.36819381  0.36819381  0.35873661  0.31316713  0.33106277  0.36819381  0.37777228  0.34017395  0.35873661  0.34017395  0.34939763  0.34017395  0.32206137  0.35873661  0.34939763  0.34939763  0.29569017  0.33106277  0.40726733  0.45917108  0.42759818  0.30437754  0.29569017  0.28710265  0.30437754  0.29569017  0.29569017  0.27021821  0.27021821  0.27861273  0.34017395  
18_7_0     0.39730570  0.38747515  0.35873661  0.35873661  0.38747515  0.41736360  0.41736360  0.42759818  0.00000000  0.09934545  0.12639264  0.13331027  0.14029254  0.14029254  0.11953849  0.10601600  0.19108585  0.15445598  0.15445598  0.14734070  0.15445598  0.16889313  0.19108585  0.19863239  0.17621769  0.30437754  0.34939763  0.40726733  0.38747515  0.41736360  0.39730570  0.38747515  0.42759818  0.40726733  0.39730570  0.38747515  0.37777228  0.37777228  0.46999903  0.44849783  
14_7_0     0.36819381  0.36819381  0.33106277  0.33106277  0.35873661  0.36819381  0.37777228  0.36819381  0.09934545  0.00000000  0.04802256  0.04184819  0.11274665  0.07968388  0.09273393  0.07968388  0.14029254  0.10601600  0.10601600  0.09934545  0.08618041  0.09934545  0.11953849  0.12639264  0.14029254  0.30437754  0.34017395  0.40726733  0.39730570  0.39730570  0.39730570  0.37777228  0.40726733  0.40726733  0.39730570  0.41736360  0.34939763  0.34939763  0.46999903  0.44849783  
17_7_0     0.36819381  0.38747515  0.36819381  0.36819381  0.38747515  0.37777228  0.37777228  0.36819381  0.12639264  0.04802256  0.00000000  0.00583669  0.10601600  0.07324336  0.06685789  0.07968388  0.15445598  0.09273393  0.12639264  0.11953849  0.10601600  0.10601600  0.12639264  0.13331027  0.13331027  0.33106277  0.37777228  0.39730570  0.36819381  0.36819381  0.40726733  0.40726733  0.41736360  0.41736360  0.41736360  0.43797492  0.37777228  0.37777228  0.44849783  0.44849783  
15_7_0     0.37777228  0.37777228  0.35873661  0.35873661  0.37777228  0.37777228  0.36819381  0.35873661  0.13331027  0.04184819  0.00583669  0.00000000  0.10601600  0.07968388  0.07324336  0.08618041  0.14734070  0.09934545  0.13331027  0.12639264  0.09934545  0.09934545  0.13331027  0.14029254  0.14029254  0.34017395  0.37777228  0.38747515  0.35873661  0.35873661  0.41736360  0.41736360  0.42759818  0.42759818  0.42759818  0.44849783  0.38747515  0.38747515  0.45917108  0.45917108  
18_4_0     0.36819381  0.37777228  0.33106277  0.33106277  0.36819381  0.33106277  0.32206137  0.31316713  0.14029254  0.11274665  0.10601600  0.10601600  0.00000000  0.08618041  0.09273393  0.09273393  0.19108585  0.15445598  0.16889313  0.17621769  0.16163968  0.16163968  0.18361479  0.19108585  0.17621769  0.34939763  0.39730570  0.42759818  0.40726733  0.41736360  0.37777228  0.37777228  0.38747515  0.38747515  0.42759818  0.40726733  0.38747515  0.38747515  0.41736360  0.43797492  
14_4_0     0.33106277  0.33106277  0.29569017  0.29569017  0.34939763  0.34017395  0.34017395  0.33106277  0.14029254  0.07968388  0.07324336  0.07968388  0.08618041  0.00000000  0.06052653  0.05424839  0.14734070  0.09934545  0.13331027  0.12639264  0.10601600  0.11953849  0.14029254  0.14734070  0.13331027  0.29569017  0.37777228  0.39730570  0.38747515  0.38747515  0.35873661  0.32206137  0.38747515  0.36819381  0.38747515  0.38747515  0.34939763  0.34939763  0.39730570  0.37777228  
15_4_0     0.38747515  0.35873661  0.35873661  0.35873661  0.38747515  0.35873661  0.35873661  0.36819381  0.11953849  0.09273393  0.06685789  0.07324336  0.09273393  0.06052653  0.00000000  0.01171935  0.16163968  0.11953849  0.14734070  0.14029254  0.11274665  0.11274665  0.16163968  0.16889313  0.14029254  0.30437754  0.37777228  0.41736360  0.34939763  0.34939763  0.35873661  0.35873661  0.37777228  0.36819381  0.39730570  0.40726733  0.37777228  0.37777228  0.44849783  0.36819381  
17_4_0     0.39730570  0.34939763  0.34939763  0.34939763  0.37777228  0.34939763  0.36819381  0.37777228  0.10601600  0.07968388  0.07968388  0.08618041  0.09273393  0.05424839  0.01171935  0.00000000  0.16163968  0.11274665  0.14029254  0.13331027  0.10601600  0.11953849  0.15445598  0.16163968  0.14734070  0.29569017  0.36819381  0.40726733  0.35873661  0.35873661  0.36819381  0.34939763  0.38747515  0.37777228  0.38747515  0.39730570  0.36819381  0.36819381  0.45917108  0.35873661  
16_4_0     0.34939763  0.31316713  0.31316713  0.31316713  0.33106277  0.35873661  0.33106277  0.34017395  0.19108585  0.14029254  0.15445598  0.14734070  0.19108585  0.14734070  0.16163968  0.16163968  0.00000000  0.11953849  0.14029254  0.13331027  0.07968388  0.07324336  0.15445598  0.14734070  0.17621769  0.33106277  0.41736360  0.46999903  0.43797492  0.38747515  0.38747515  0.37777228  0.39730570  0.39730570  0.38747515  0.40726733  0.35873661  0.35873661  0.46999903  0.40726733  
20_5_0     0.33106277  0.34017395  0.34017395  0.34017395  0.34017395  0.35873661  0.36819381  0.35873661  0.15445598  0.10601600  0.09273393  0.09934545  0.15445598  0.09934545  0.11953849  0.11274665  0.11953849  0.00000000  0.06685789  0.06052653  0.05424839  0.06685789  0.08618041  0.09273393  0.07968388  0.31316713  0.35873661  0.40726733  0.39730570  0.39730570  0.40726733  0.38747515  0.41736360  0.41736360  0.42759818  0.42759818  0.38747515  0.38747515  0.49213744  0.40726733  
13_5_0     0.32206137  0.34939763  0.31316713  0.31316713  0.34017395  0.35873661  0.34939763  0.34017395  0.15445598  0.10601600  0.12639264  0.13331027  0.16889313  0.13331027  0.14734070  0.14029254  0.14029254  0.06685789  0.00000000  0.01764869  0.07324336  0.08618041  0.07968388  0.08618041  0.11274665  0.29569017  0.34017395  0.45917108  0.46999903  0.44849783  0.39730570  0.37777228  0.40726733  0.40726733  0.40726733  0.40726733  0.35873661  0.35873661  0.46999903  0.42759818  
19_5_0     0.32206137  0.34939763  0.31316713  0.31316713  0.34017395  0.36819381  0.35873661  0.34939763  0.14734070  0.09934545  0.11953849  0.12639264  0.17621769  0.12639264  0.14029254  0.13331027  0.13331027  0.06052653  0.01764869  0.00000000  0.06685789  0.07968388  0.08618041  0.09273393  0.10601600  0.29569017  0.35873661  0.44849783  0.45917108  0.45917108  0.38747515  0.36819381  0.39730570  0.39730570  0.39730570  0.39730570  0.34939763  0.34939763  0.48098623  0.41736360  
13_6_0     0.33106277  0.31316713  0.29569017  0.29569017  0.32206137  0.33106277  0.33106277  0.34017395  0.15445598  0.08618041  0.10601600  0.09934545  0.16163968  0.10601600  0.11274665  0.10601600  0.07968388  0.05424839  0.07324336  0.06685789  0.00000000  0.01171935  0.08618041  0.09273393  0.11274665  0.28710265  0.35873661  0.42759818  0.39730570  0.37777228  0.39730570  0.37777228  0.40726733  0.40726733  0.37777228  0.39730570  0.35873661  0.35873661  0.46999903  0.38747515  
19_6_0     0.31316713  0.31316713  0.29569017  0.29569017  0.32206137  0.33106277  0.31316713  0.32206137  0.16889313  0.09934545  0.10601600  0.09934545  0.16163968  0.11953849  0.11274665  0.11953849  0.07324336  0.06685789  0.08618041  0.07968388  0.01171935  0.00000000  0.09934545  0.09273393  0.11274665  0.28710265  0.37777228  0.44849783  0.39730570  0.35873661  0.37777228  0.37777228  0.38747515  0.38747515  0.39730570  0.41736360  0.35873661  0.35873661  0.44849783  0.38747515  
13_4_0     0.35873661  0.34017395  0.34017395  0.34017395  0.35873661  0.37777228  0.36819381  0.35873661  0.19108585  0.11953849  0.12639264  0.13331027  0.18361479  0.14029254  0.16163968  0.15445598  0.15445598  0.08618041  0.07968388  0.08618041  0.08618041  0.09934545  0.00000000  0.00583669  0.13331027  0.33106277  0.37777228  0.44849783  0.43797492  0.41736360  0.43797492  0.43797492  0.44849783  0.44849783  0.38747515  0.40726733  0.34017395  0.34017395  0.42759818  0.41736360  
19_4_0     0.34939763  0.33106277  0.33106277  0.33106277  0.34939763  0.36819381  0.35873661  0.34939763  0.19863239  0.12639264  0.13331027  0.14029254  0.19108585  0.14734070  0.16889313  0.16163968  0.14734070  0.09273393  0.08618041  0.09273393  0.09273393  0.09273393  0.00583669  0.00000000  0.14029254  0.32206137  0.38747515  0.45917108  0.44849783  0.40726733  0.42759818  0.42759818  0.43797492  0.43797492  0.39730570  0.41736360  0.33106277  0.33106277  0.41736360  0.40726733  
20_4_0     0.32206137  0.34939763  0.34939763  0.34939763  0.34017395  0.36819381  0.36819381  0.34939763  0.17621769  0.14029254  0.13331027  0.14029254  0.17621769  0.13331027  0.14029254  0.14734070  0.17621769  0.07968388  0.11274665  0.10601600  0.11274665  0.11274665  0.13331027  0.14029254  0.00000000  0.30437754  0.34939763  0.46999903  0.41736360  0.43797492  0.38747515  0.36819381  0.39730570  0.39730570  0.43797492  0.43797492  0.39730570  0.39730570  0.50345762  0.40726733  
7_1_0      0.28710265  0.25370696  0.28710265  0.28710265  0.30437754  0.32206137  0.28710265  0.29569017  0.30437754  0.30437754  0.33106277  0.34017395  0.34939763  0.29569017  0.30437754  0.29569017  0.33106277  0.31316713  0.29569017  0.29569017  0.28710265  0.28710265  0.33106277  0.32206137  0.30437754  0.00000000  0.09934545  0.36819381  0.32206137  0.31316713  0.22174046  0.19108585  0.22960477  0.22174046  0.23755274  0.22174046  0.23755274  0.23755274  0.27021821  0.21395808  
7_0_0      0.34017395  0.28710265  0.33106277  0.33106277  0.31316713  0.34939763  0.34017395  0.33106277  0.34939763  0.34017395  0.37777228  0.37777228  0.39730570  0.37777228  0.37777228  0.36819381  0.41736360  0.35873661  0.34017395  0.35873661  0.35873661  0.37777228  0.37777228  0.38747515  0.34939763  0.09934545  0.00000000  0.37777228  0.36819381  0.39730570  0.24558619  0.22960477  0.25370696  0.24558619  0.26191697  0.26191697  0.26191697  0.26191697  0.34017395  0.26191697  
9_2_0      0.36819381  0.37777228  0.34939763  0.34939763  0.39730570  0.41736360  0.41736360  0.40726733  0.40726733  0.40726733  0.39730570  0.38747515  0.42759818  0.39730570  0.41736360  0.40726733  0.46999903  0.40726733  0.45917108  0.44849783  0.42759818  0.44849783  0.44849783  0.45917108  0.46999903  0.36819381  0.37777228  0.00000000  0.06052653  0.07968388  0.27861273  0.28710265  0.27021821  0.27861273  0.28710265  0.27861273  0.28710265  0.28710265  0.31316713  0.34017395  
3_2_0      0.41736360  0.42759818  0.41736360  0.41736360  0.42759818  0.44849783  0.44849783  0.45917108  0.38747515  0.39730570  0.36819381  0.35873661  0.40726733  0.38747515  0.34939763  0.35873661  0.43797492  0.39730570  0.46999903  0.45917108  0.39730570  0.39730570  0.43797492  0.44849783  0.41736360  0.32206137  0.36819381  0.06052653  0.00000000  0.04184819  0.27021821  0.29569017  0.27861273  0.27021821  0.27861273  0.27021821  0.29569017  0.29569017  0.34017395  0.34939763  
6_2_0      0.40726733  0.39730570  0.39730570  0.39730570  0.41736360  0.41736360  0.41736360  0.42759818  0.41736360  0.39730570  0.36819381  0.35873661  0.41736360  0.38747515  0.34939763  0.35873661  0.38747515  0.39730570  0.44849783  0.45917108  0.37777228  0.35873661  0.41736360  0.40726733  0.43797492  0.31316713  0.39730570  0.07968388  0.04184819  0.00000000  0.27021821  0.29569017  0.27861273  0.27021821  0.29569017  0.30437754  0.29569017  0.29569017  0.31316713  0.34939763  
1_3_0      0.30437754  0.31316713  0.28710265  0.28710265  0.29569017  0.31316713  0.31316713  0.30437754  0.39730570  0.39730570  0.40726733  0.41736360  0.37777228  0.35873661  0.35873661  0.36819381  0.38747515  0.40726733  0.39730570  0.38747515  0.39730570  0.37777228  0.43797492  0.42759818  0.38747515  0.22174046  0.24558619  0.27861273  0.27021821  0.27021821  0.00000000  0.04184819  0.02965046  0.01171935  0.13331027  0.11953849  0.08618041  0.08618041  0.16889313  0.18361479  
8_3_0      0.28710265  0.26191697  0.25370696  0.25370696  0.29569017  0.28710265  0.30437754  0.29569017  0.38747515  0.37777228  0.40726733  0.41736360  0.37777228  0.32206137  0.35873661  0.34939763  0.37777228  0.38747515  0.37777228  0.36819381  0.37777228  0.37777228  0.43797492  0.42759818  0.36819381  0.19108585  0.22960477  0.28710265  0.29569017  0.29569017  0.04184819  0.00000000  0.04802256  0.04184819  0.14029254  0.12639264  0.10601600  0.10601600  0.19108585  0.18361479  
1_2_0      0.29569017  0.28710265  0.28710265  0.28710265  0.30437754  0.29569017  0.29569017  0.28710265  0.42759818  0.40726733  0.41736360  0.42759818  0.38747515  0.38747515  0.37777228  0.38747515  0.39730570  0.41736360  0.40726733  0.39730570  0.40726733  0.38747515  0.44849783  0.43797492  0.39730570  0.22960477  0.25370696  0.27021821  0.27861273  0.27861273  0.02965046  0.04802256  0.00000000  0.01764869  0.11274665  0.11274665  0.07968388  0.07968388  0.16163968  0.17621769  
8_2_0      0.30437754  0.31316713  0.28710265  0.28710265  0.29569017  0.31316713  0.31316713  0.30437754  0.40726733  0.40726733  0.41736360  0.42759818  0.38747515  0.36819381  0.36819381  0.37777228  0.39730570  0.41736360  0.40726733  0.39730570  0.40726733  0.38747515  0.44849783  0.43797492  0.39730570  0.22174046  0.24558619  0.27861273  0.27021821  0.27021821  0.01171935  0.04184819  0.01764869  0.00000000  0.11953849  0.10601600  0.07324336  0.07324336  0.15445598  0.16889313  
2_2_0      0.33106277  0.28710265  0.30437754  0.30437754  0.28710265  0.31316713  0.28710265  0.29569017  0.39730570  0.39730570  0.41736360  0.42759818  0.42759818  0.38747515  0.39730570  0.38747515  0.38747515  0.42759818  0.40726733  0.39730570  0.37777228  0.39730570  0.38747515  0.39730570  0.43797492  0.23755274  0.26191697  0.28710265  0.27861273  0.29569017  0.13331027  0.14029254  0.11274665  0.11953849  0.00000000  0.01171935  0.06685789  0.06685789  0.14734070  0.19863239  
12_2_0     0.32206137  0.29569017  0.30437754  0.30437754  0.29569017  0.31316713  0.28710265  0.29569017  0.38747515  0.41736360  0.43797492  0.44849783  0.40726733  0.38747515  0.40726733  0.39730570  0.40726733  0.42759818  0.40726733  0.39730570  0.39730570  0.41736360  0.40726733  0.41736360  0.43797492  0.22174046  0.26191697  0.27861273  0.27021821  0.30437754  0.11953849  0.12639264  0.11274665  0.10601600  0.01171935  0.00000000  0.07968388  0.07968388  0.14734070  0.19863239  
4_2_0      0.30437754  0.27861273  0.26191697  0.26191697  0.25370696  0.29569017  0.27861273  0.27021821  0.37777228  0.34939763  0.37777228  0.38747515  0.38747515  0.34939763  0.37777228  0.36819381  0.35873661  0.38747515  0.35873661  0.34939763  0.35873661  0.35873661  0.34017395  0.33106277  0.39730570  0.23755274  0.26191697  0.28710265  0.29569017  0.29569017  0.08618041  0.10601600  0.07968388  0.07324336  0.06685789  0.07968388  0.00000000  0.00000000  0.14029254  0.18361479  
11_2_0     0.30437754  0.27861273  0.26191697  0.26191697  0.25370696  0.29569017  0.27861273  0.27021821  0.37777228  0.34939763  0.37777228  0.38747515  0.38747515  0.34939763  0.37777228  0.36819381  0.35873661  0.38747515  0.35873661  0.34939763  0.35873661  0.35873661  0.34017395  0.33106277  0.39730570  0.23755274  0.26191697  0.28710265  0.29569017  0.29569017  0.08618041  0.10601600  0.07968388  0.07324336  0.06685789  0.07968388  0.00000000  0.00000000  0.14029254  0.18361479  
5_2_0      0.31316713  0.27861273  0.27021821  0.27021821  0.29569017  0.30437754  0.27021821  0.27861273  0.46999903  0.46999903  0.44849783  0.45917108  0.41736360  0.39730570  0.44849783  0.45917108  0.46999903  0.49213744  0.46999903  0.48098623  0.46999903  0.44849783  0.42759818  0.41736360  0.50345762  0.27021821  0.34017395  0.31316713  0.34017395  0.31316713  0.16889313  0.19108585  0.16163968  0.15445598  0.14734070  0.14734070  0.14029254  0.14029254  0.00000000  0.22960477  
10_2_0     0.34939763  0.26191697  0.32206137  0.32206137  0.34939763  0.36819381  0.33106277  0.34017395  0.44849783  0.44849783  0.44849783  0.45917108  0.43797492  0.37777228  0.36819381  0.35873661  0.40726733  0.40726733  0.42759818  0.41736360  0.38747515  0.38747515  0.41736360  0.40726733  0.40726733  0.21395808  0.26191697  0.34017395  0.34939763  0.34939763  0.18361479  0.18361479  0.17621769  0.16889313  0.19863239  0.19863239  0.18361479  0.18361479  0.22960477  0.00000000  

