20
9_0_0      0.00000000  0.00470987  0.09508627  0.10044784  0.10584874  0.09508627  0.10584874  0.10584874  0.11677089  0.12229333  0.11677089  0.29660126  0.28268559  0.34748811  0.28268559  0.28268559  0.28961055  0.30365899  0.30365899  0.30365899  
1_0_0      0.00470987  0.00000000  0.10044784  0.09508627  0.10044784  0.10044784  0.11128956  0.11128956  0.12229333  0.12785751  0.12229333  0.29660126  0.28268559  0.33999965  0.28961055  0.28961055  0.28268559  0.29660126  0.29660126  0.29660126  
6_0_0      0.09508627  0.10044784  0.00000000  0.13911364  0.14480690  0.13346406  0.13346406  0.12229333  0.15632724  0.16215572  0.15632724  0.36269749  0.34748811  0.41030691  0.37822771  0.37822771  0.38611742  0.41854998  0.41854998  0.41854998  
8_0_0      0.10044784  0.09508627  0.13911364  0.00000000  0.00470987  0.10584874  0.11677089  0.11128956  0.12229333  0.11677089  0.12229333  0.31078503  0.29660126  0.33999965  0.30365899  0.30365899  0.30365899  0.32524744  0.32524744  0.32524744  
2_0_0      0.10584874  0.10044784  0.14480690  0.00470987  0.00000000  0.11128956  0.12229333  0.11677089  0.12785751  0.12229333  0.12785751  0.31798072  0.30365899  0.34748811  0.31078503  0.31078503  0.31078503  0.33258660  0.33258660  0.33258660  
5_0_0      0.09508627  0.10044784  0.13346406  0.10584874  0.11128956  0.00000000  0.04851214  0.04851214  0.11128956  0.11677089  0.11128956  0.32524744  0.32524744  0.34748811  0.33258660  0.33258660  0.33999965  0.37042165  0.37042165  0.37042165  
3_0_0      0.10584874  0.11128956  0.13346406  0.11677089  0.12229333  0.04851214  0.00000000  0.03855061  0.13346406  0.13911364  0.13346406  0.33999965  0.33999965  0.39409260  0.35505352  0.35505352  0.36269749  0.39409260  0.39409260  0.39409260  
4_0_0      0.10584874  0.11128956  0.12229333  0.11128956  0.11677089  0.04851214  0.03855061  0.00000000  0.13346406  0.13911364  0.13346406  0.31798072  0.31798072  0.37042165  0.34748811  0.34748811  0.35505352  0.37042165  0.37042165  0.37042165  
10_0_0     0.11677089  0.12229333  0.15632724  0.12229333  0.12785751  0.11128956  0.13346406  0.13346406  0.00000000  0.02385656  0.00945006  0.28961055  0.27582516  0.33258660  0.31078503  0.31078503  0.30365899  0.31798072  0.31798072  0.31798072  
7_0_0      0.12229333  0.12785751  0.16215572  0.11677089  0.12229333  0.11677089  0.13911364  0.13911364  0.02385656  0.00000000  0.01422097  0.31078503  0.29660126  0.33999965  0.31078503  0.31078503  0.32524744  0.33999965  0.33999965  0.33999965  
11_0_0     0.11677089  0.12229333  0.15632724  0.12229333  0.12785751  0.11128956  0.13346406  0.13346406  0.00945006  0.01422097  0.00000000  0.28961055  0.27582516  0.33258660  0.31078503  0.31078503  0.30365899  0.31798072  0.31798072  0.31798072  
17_0_0     0.29660126  0.29660126  0.36269749  0.31078503  0.31798072  0.32524744  0.33999965  0.31798072  0.28961055  0.31078503  0.28961055  0.00000000  0.01902301  0.19201105  0.11128956  0.11128956  0.16215572  0.12785751  0.12785751  0.12785751  
16_0_0     0.28268559  0.28268559  0.34748811  0.29660126  0.30365899  0.32524744  0.33999965  0.31798072  0.27582516  0.29660126  0.27582516  0.01902301  0.00000000  0.19201105  0.11128956  0.11128956  0.16215572  0.11677089  0.11677089  0.11677089  
15_0_0     0.34748811  0.33999965  0.41030691  0.33999965  0.34748811  0.34748811  0.39409260  0.37042165  0.33258660  0.33999965  0.33258660  0.19201105  0.19201105  0.00000000  0.18594234  0.18594234  0.19201105  0.17395297  0.17395297  0.17395297  
18_0_0     0.28268559  0.28961055  0.37822771  0.30365899  0.31078503  0.33258660  0.35505352  0.34748811  0.31078503  0.31078503  0.31078503  0.11128956  0.11128956  0.18594234  0.00000000  0.00000000  0.12785751  0.08447886  0.08447886  0.08447886  
14_0_0     0.28268559  0.28961055  0.37822771  0.30365899  0.31078503  0.33258660  0.35505352  0.34748811  0.31078503  0.31078503  0.31078503  0.11128956  0.11128956  0.18594234  0.00000000  0.00000000  0.12785751  0.08447886  0.08447886  0.08447886  
13_0_0     0.28961055  0.28268559  0.38611742  0.30365899  0.31078503  0.33999965  0.36269749  0.35505352  0.30365899  0.32524744  0.30365899  0.16215572  0.16215572  0.19201105  0.12785751  0.12785751  0.00000000  0.06884892  0.06884892  0.06884892  
20_0_0     0.30365899  0.29660126  0.41854998  0.32524744  0.33258660  0.37042165  0.39409260  0.37042165  0.31798072  0.33999965  0.31798072  0.12785751  0.11677089  0.17395297  0.08447886  0.08447886  0.06884892  0.00000000  0.00000000  0.00000000  
12_0_0     0.30365899  0.29660126  0.41854998  0.32524744  0.33258660  0.37042165  0.39409260  0.37042165  0.31798072  0.33999965  0.31798072  0.12785751  0.11677089  0.17395297  0.08447886  0.08447886  0.06884892  0.00000000  0.00000000  0.00000000  
19_0_0     0.30365899  0.29660126  0.41854998  0.32524744  0.33258660  0.37042165  0.39409260  0.37042165  0.31798072  0.33999965  0.31798072  0.12785751  0.11677089  0.17395297  0.08447886  0.08447886  0.06884892  0.00000000  0.00000000  0.00000000  

