11
3_1_0      0.00000000  0.00573643  0.00573643  0.04718478  0.04718478  0.04718478  0.04111978  0.04718478  0.04111978  0.04111978  0.03510401  
2_1_0      0.00573643  0.00000000  0.00000000  0.04111978  0.04111978  0.04111978  0.03510401  0.04111978  0.03510401  0.03510401  0.02913667  
1_1_0      0.00573643  0.00000000  0.00000000  0.04111978  0.04111978  0.04111978  0.03510401  0.04111978  0.03510401  0.03510401  0.02913667  
1_2_0      0.04718478  0.04111978  0.04111978  0.00000000  0.00000000  0.00000000  0.00573643  0.00573643  0.04111978  0.04111978  0.04111978  
3_2_0      0.04718478  0.04111978  0.04111978  0.00000000  0.00000000  0.00000000  0.00573643  0.00573643  0.04111978  0.04111978  0.04111978  
2_2_0      0.04718478  0.04111978  0.04111978  0.00000000  0.00000000  0.00000000  0.00573643  0.00573643  0.04111978  0.04111978  0.04111978  
2_5_0      0.04111978  0.03510401  0.03510401  0.00573643  0.00573643  0.00573643  0.00000000  0.01151759  0.04718478  0.04718478  0.04718478  
3_5_0      0.04718478  0.04111978  0.04111978  0.00573643  0.00573643  0.00573643  0.01151759  0.00000000  0.04111978  0.04111978  0.04111978  
2_0_0      0.04111978  0.03510401  0.03510401  0.04111978  0.04111978  0.04111978  0.04718478  0.04111978  0.00000000  0.00000000  0.00573643  
3_0_0      0.04111978  0.03510401  0.03510401  0.04111978  0.04111978  0.04111978  0.04718478  0.04111978  0.00000000  0.00000000  0.00573643  
1_0_0      0.03510401  0.02913667  0.02913667  0.04111978  0.04111978  0.04111978  0.04718478  0.04111978  0.00573643  0.00573643  0.00000000  

