20
20_5_0     0.00000000  0.24935704  0.23920176  0.24935704  0.25965368  0.25965368  0.25965368  0.22918401  0.22918401  0.22918401  0.22918401  0.22918401  0.22918401  0.22918401  0.29143251  0.24935704  0.24935704  0.23920176  0.23920176  0.23920176  
11_2_0     0.24935704  0.00000000  0.00733552  0.00000000  0.02222847  0.02222847  0.03742742  0.06082793  0.06082793  0.06879554  0.06082793  0.07684991  0.07684991  0.09322660  0.08499294  0.07684991  0.07684991  0.05294522  0.05294522  0.05294522  
14_2_0     0.23920176  0.00733552  0.00000000  0.00733552  0.02978891  0.02978891  0.04514563  0.06879554  0.06879554  0.07684991  0.06879554  0.08499294  0.08499294  0.10155295  0.09322660  0.08499294  0.08499294  0.06082793  0.06082793  0.06082793  
2_2_0      0.24935704  0.00000000  0.00733552  0.00000000  0.02222847  0.02222847  0.03742742  0.06082793  0.06082793  0.06879554  0.06082793  0.07684991  0.07684991  0.09322660  0.08499294  0.07684991  0.07684991  0.05294522  0.05294522  0.05294522  
3_2_0      0.25965368  0.02222847  0.02978891  0.02222847  0.00000000  0.00000000  0.01474451  0.05294522  0.05294522  0.06082793  0.05294522  0.06879554  0.06879554  0.08499294  0.06082793  0.05294522  0.05294522  0.02978891  0.02978891  0.02978891  
6_2_0      0.25965368  0.02222847  0.02978891  0.02222847  0.00000000  0.00000000  0.01474451  0.05294522  0.05294522  0.06082793  0.05294522  0.06879554  0.06879554  0.08499294  0.06082793  0.05294522  0.05294522  0.02978891  0.02978891  0.02978891  
13_2_0     0.25965368  0.03742742  0.04514563  0.03742742  0.01474451  0.01474451  0.00000000  0.06879554  0.06879554  0.07684991  0.06879554  0.08499294  0.08499294  0.10155295  0.06879554  0.06082793  0.06082793  0.04514563  0.04514563  0.04514563  
3_1_0      0.22918401  0.06082793  0.06879554  0.06082793  0.05294522  0.05294522  0.06879554  0.00000000  0.00000000  0.00733552  0.00000000  0.02978891  0.02978891  0.04514563  0.06082793  0.04514563  0.04514563  0.02222847  0.02222847  0.02222847  
6_1_0      0.22918401  0.06082793  0.06879554  0.06082793  0.05294522  0.05294522  0.06879554  0.00000000  0.00000000  0.00733552  0.00000000  0.02978891  0.02978891  0.04514563  0.06082793  0.04514563  0.04514563  0.02222847  0.02222847  0.02222847  
13_4_0     0.22918401  0.06879554  0.07684991  0.06879554  0.06082793  0.06082793  0.07684991  0.00733552  0.00733552  0.00000000  0.00733552  0.03742742  0.03742742  0.05294522  0.06879554  0.05294522  0.05294522  0.02978891  0.02978891  0.02978891  
13_1_0     0.22918401  0.06082793  0.06879554  0.06082793  0.05294522  0.05294522  0.06879554  0.00000000  0.00000000  0.00733552  0.00000000  0.02978891  0.02978891  0.04514563  0.06082793  0.04514563  0.04514563  0.02222847  0.02222847  0.02222847  
2_1_0      0.22918401  0.07684991  0.08499294  0.07684991  0.06879554  0.06879554  0.08499294  0.02978891  0.02978891  0.03742742  0.02978891  0.00000000  0.00000000  0.01474451  0.07684991  0.04514563  0.04514563  0.03742742  0.03742742  0.03742742  
14_1_0     0.22918401  0.07684991  0.08499294  0.07684991  0.06879554  0.06879554  0.08499294  0.02978891  0.02978891  0.03742742  0.02978891  0.00000000  0.00000000  0.01474451  0.07684991  0.04514563  0.04514563  0.03742742  0.03742742  0.03742742  
11_1_0     0.22918401  0.09322660  0.10155295  0.09322660  0.08499294  0.08499294  0.10155295  0.04514563  0.04514563  0.05294522  0.04514563  0.01474451  0.01474451  0.00000000  0.09322660  0.06082793  0.06082793  0.05294522  0.05294522  0.05294522  
13_0_0     0.29143251  0.08499294  0.09322660  0.08499294  0.06082793  0.06082793  0.06879554  0.06082793  0.06082793  0.06879554  0.06082793  0.07684991  0.07684991  0.09322660  0.00000000  0.02978891  0.02978891  0.03742742  0.03742742  0.03742742  
3_0_0      0.24935704  0.07684991  0.08499294  0.07684991  0.05294522  0.05294522  0.06082793  0.04514563  0.04514563  0.05294522  0.04514563  0.04514563  0.04514563  0.06082793  0.02978891  0.00000000  0.00000000  0.02222847  0.02222847  0.02222847  
6_0_0      0.24935704  0.07684991  0.08499294  0.07684991  0.05294522  0.05294522  0.06082793  0.04514563  0.04514563  0.05294522  0.04514563  0.04514563  0.04514563  0.06082793  0.02978891  0.00000000  0.00000000  0.02222847  0.02222847  0.02222847  
11_0_0     0.23920176  0.05294522  0.06082793  0.05294522  0.02978891  0.02978891  0.04514563  0.02222847  0.02222847  0.02978891  0.02222847  0.03742742  0.03742742  0.05294522  0.03742742  0.02222847  0.02222847  0.00000000  0.00000000  0.00000000  
2_0_0      0.23920176  0.05294522  0.06082793  0.05294522  0.02978891  0.02978891  0.04514563  0.02222847  0.02222847  0.02978891  0.02222847  0.03742742  0.03742742  0.05294522  0.03742742  0.02222847  0.02222847  0.00000000  0.00000000  0.00000000  
14_0_0     0.23920176  0.05294522  0.06082793  0.05294522  0.02978891  0.02978891  0.04514563  0.02222847  0.02222847  0.02978891  0.02222847  0.03742742  0.03742742  0.05294522  0.03742742  0.02222847  0.02222847  0.00000000  0.00000000  0.00000000  

