40
66_11_0    0.00000000  0.09225889  0.10980589  0.19769423  0.26755434  0.25304424  0.26026369  0.33662279  0.33662279  0.29745787  0.26026369  0.21114812  0.21114812  0.31287578  0.29745787  0.28235493  0.28235493  0.27491760  0.27491760  0.31287578  0.30512664  0.36952065  0.33662279  0.33662279  0.39519177  0.43086822  0.44937351  0.36952065  0.38653531  0.38653531  0.40395079  0.40395079  0.43086822  0.43086822  0.41281482  0.37797904  0.34471104  0.36952065  0.39519177  0.42178642  
68_11_0    0.09225889  0.00000000  0.17796160  0.23179945  0.28235493  0.28235493  0.28986784  0.39519177  0.41281482  0.33662279  0.28235493  0.23179945  0.23179945  0.38653531  0.36952065  0.32070701  0.33662279  0.32070701  0.32070701  0.36115793  0.35288876  0.38653531  0.36952065  0.35288876  0.39519177  0.42178642  0.44006297  0.36115793  0.40395079  0.42178642  0.42178642  0.40395079  0.41281482  0.39519177  0.39519177  0.43086822  0.37797904  0.40395079  0.38653531  0.40395079  
80_11_0    0.10980589  0.17796160  0.00000000  0.23179945  0.24589460  0.26026369  0.29745787  0.29745787  0.32862208  0.27491760  0.31287578  0.24589460  0.24589460  0.28986784  0.26026369  0.28986784  0.27491760  0.31287578  0.31287578  0.33662279  0.32070701  0.35288876  0.30512664  0.32070701  0.32862208  0.45880280  0.45880280  0.44006297  0.41281482  0.40395079  0.38653531  0.48783444  0.51805283  0.45880280  0.47803001  0.42178642  0.42178642  0.41281482  0.42178642  0.47803001  
74_12_0    0.19769423  0.23179945  0.23179945  0.00000000  0.14620094  0.32070701  0.30512664  0.37797904  0.32070701  0.31287578  0.27491760  0.26755434  0.26755434  0.36115793  0.34471104  0.33662279  0.34471104  0.32070701  0.32070701  0.32862208  0.32070701  0.36952065  0.38653531  0.38653531  0.37797904  0.43086822  0.43086822  0.44937351  0.38653531  0.45880280  0.40395079  0.48783444  0.47803001  0.44937351  0.45880280  0.41281482  0.42178642  0.47803001  0.44937351  0.43086822  
74_11_0    0.26755434  0.28235493  0.24589460  0.14620094  0.00000000  0.36115793  0.37797904  0.31287578  0.39519177  0.36952065  0.29745787  0.30512664  0.30512664  0.36952065  0.35288876  0.33662279  0.33662279  0.35288876  0.35288876  0.37797904  0.36952065  0.37797904  0.36952065  0.36952065  0.32862208  0.43086822  0.43086822  0.43086822  0.40395079  0.44937351  0.50784218  0.47803001  0.45880280  0.44937351  0.48783444  0.44006297  0.46835391  0.48783444  0.47803001  0.45880280  
71_13_0    0.25304424  0.28235493  0.26026369  0.32070701  0.36115793  0.00000000  0.06949249  0.37797904  0.36952065  0.36115793  0.32862208  0.32862208  0.32862208  0.35288876  0.35288876  0.34471104  0.32862208  0.33662279  0.32862208  0.34471104  0.48783444  0.44006297  0.40395079  0.41281482  0.44937351  0.52840647  0.58246810  0.51805283  0.51805283  0.47803001  0.46835391  0.59377151  0.58246810  0.57133489  0.56036685  0.58246810  0.54955915  0.50784218  0.44937351  0.44937351  
17_13_0    0.26026369  0.28986784  0.29745787  0.30512664  0.37797904  0.06949249  0.00000000  0.42178642  0.39519177  0.36952065  0.33662279  0.36952065  0.36952065  0.39519177  0.36115793  0.35288876  0.35288876  0.28235493  0.27491760  0.28986784  0.44006297  0.34471104  0.36115793  0.36952065  0.42178642  0.51805283  0.54955915  0.51805283  0.49777063  0.47803001  0.46835391  0.51805283  0.50784218  0.53890717  0.54955915  0.52840647  0.51805283  0.45880280  0.39519177  0.37797904  
95_11_0    0.33662279  0.39519177  0.29745787  0.37797904  0.31287578  0.37797904  0.42178642  0.00000000  0.32070701  0.31287578  0.27491760  0.28235493  0.28235493  0.31287578  0.28235493  0.26755434  0.31287578  0.44006297  0.43086822  0.46835391  0.50784218  0.48783444  0.44937351  0.44937351  0.44937351  0.54955915  0.56036685  0.44937351  0.44006297  0.40395079  0.44006297  0.57133489  0.56036685  0.58246810  0.54955915  0.56036685  0.51805283  0.57133489  0.48783444  0.57133489  
72_11_0    0.33662279  0.41281482  0.32862208  0.32070701  0.39519177  0.36952065  0.39519177  0.32070701  0.00000000  0.08078806  0.21114812  0.23179945  0.23179945  0.23881344  0.25304424  0.27491760  0.29745787  0.42178642  0.43086822  0.43086822  0.47803001  0.46835391  0.45880280  0.47803001  0.44937351  0.42178642  0.46835391  0.56036685  0.50784218  0.46835391  0.48783444  0.58246810  0.59377151  0.54955915  0.53890717  0.57133489  0.57133489  0.56036685  0.58246810  0.54955915  
39_11_0    0.29745787  0.33662279  0.27491760  0.31287578  0.36952065  0.36115793  0.36952065  0.31287578  0.08078806  0.00000000  0.23179945  0.23881344  0.23881344  0.25304424  0.25304424  0.30512664  0.31287578  0.37797904  0.38653531  0.38653531  0.44937351  0.40395079  0.39519177  0.41281482  0.40395079  0.42178642  0.44937351  0.56036685  0.51805283  0.49777063  0.51805283  0.52840647  0.51805283  0.53890717  0.57133489  0.51805283  0.53890717  0.52840647  0.51805283  0.50784218  
38_11_0    0.26026369  0.28235493  0.31287578  0.27491760  0.29745787  0.32862208  0.33662279  0.27491760  0.21114812  0.23179945  0.00000000  0.10391049  0.10391049  0.23881344  0.21114812  0.25304424  0.25304424  0.34471104  0.35288876  0.36115793  0.40395079  0.39519177  0.41281482  0.41281482  0.39519177  0.41281482  0.43086822  0.43086822  0.38653531  0.44006297  0.49777063  0.48783444  0.47803001  0.51805283  0.47803001  0.52840647  0.49777063  0.47803001  0.45880280  0.41281482  
61_11_0    0.21114812  0.23179945  0.24589460  0.26755434  0.30512664  0.32862208  0.36952065  0.28235493  0.23179945  0.23881344  0.10391049  0.00000000  0.00000000  0.22485139  0.21114812  0.22485139  0.25304424  0.36952065  0.37797904  0.38653531  0.36115793  0.44006297  0.40395079  0.40395079  0.42178642  0.42178642  0.44937351  0.47803001  0.45880280  0.45880280  0.47803001  0.51805283  0.54955915  0.48783444  0.48783444  0.51805283  0.48783444  0.48783444  0.46835391  0.51805283  
79_11_0    0.21114812  0.23179945  0.24589460  0.26755434  0.30512664  0.32862208  0.36952065  0.28235493  0.23179945  0.23881344  0.10391049  0.00000000  0.00000000  0.22485139  0.21114812  0.22485139  0.25304424  0.36952065  0.37797904  0.38653531  0.36115793  0.44006297  0.40395079  0.40395079  0.42178642  0.42178642  0.44937351  0.47803001  0.45880280  0.45880280  0.47803001  0.51805283  0.54955915  0.48783444  0.48783444  0.51805283  0.48783444  0.48783444  0.46835391  0.51805283  
87_11_0    0.31287578  0.38653531  0.28986784  0.36115793  0.36952065  0.35288876  0.39519177  0.31287578  0.23881344  0.25304424  0.23881344  0.22485139  0.22485139  0.00000000  0.04198626  0.17796160  0.19105800  0.38653531  0.37797904  0.42178642  0.37797904  0.43086822  0.39519177  0.39519177  0.39519177  0.52840647  0.54955915  0.48783444  0.47803001  0.52840647  0.54955915  0.67813912  0.66548099  0.57133489  0.58246810  0.56036685  0.56036685  0.61691039  0.52840647  0.57133489  
89_11_0    0.29745787  0.36952065  0.26026369  0.34471104  0.35288876  0.35288876  0.36115793  0.28235493  0.25304424  0.25304424  0.21114812  0.21114812  0.21114812  0.04198626  0.00000000  0.18448080  0.19105800  0.40395079  0.39519177  0.44006297  0.37797904  0.37797904  0.37797904  0.37797904  0.36115793  0.50784218  0.52840647  0.44937351  0.45880280  0.48783444  0.54955915  0.62875719  0.61691039  0.52840647  0.56036685  0.49777063  0.51805283  0.57133489  0.48783444  0.52840647  
91_11_0    0.28235493  0.32070701  0.28986784  0.33662279  0.33662279  0.34471104  0.35288876  0.26755434  0.27491760  0.30512664  0.25304424  0.22485139  0.22485139  0.17796160  0.18448080  0.00000000  0.14620094  0.36115793  0.35288876  0.38653531  0.40395079  0.44006297  0.44937351  0.44937351  0.42178642  0.61691039  0.64079690  0.46835391  0.41281482  0.42178642  0.42178642  0.52840647  0.56036685  0.51805283  0.49777063  0.50784218  0.50784218  0.49777063  0.42178642  0.52840647  
47_11_0    0.28235493  0.33662279  0.27491760  0.34471104  0.33662279  0.32862208  0.35288876  0.31287578  0.29745787  0.31287578  0.25304424  0.25304424  0.25304424  0.19105800  0.19105800  0.14620094  0.00000000  0.38653531  0.37797904  0.43086822  0.44937351  0.48783444  0.44006297  0.45880280  0.39519177  0.56036685  0.60525043  0.49777063  0.48783444  0.51805283  0.49777063  0.60525043  0.61691039  0.57133489  0.59377151  0.53890717  0.58246810  0.59377151  0.52840647  0.53890717  
56_0_0     0.27491760  0.32070701  0.31287578  0.32070701  0.35288876  0.33662279  0.28235493  0.44006297  0.42178642  0.37797904  0.34471104  0.36952065  0.36952065  0.38653531  0.40395079  0.36115793  0.38653531  0.00000000  0.00511973  0.04198626  0.19769423  0.23179945  0.19105800  0.19105800  0.22485139  0.46835391  0.49777063  0.42178642  0.44006297  0.40395079  0.36952065  0.51805283  0.50784218  0.50784218  0.49777063  0.50784218  0.46835391  0.45880280  0.37797904  0.42178642  
30_0_0     0.27491760  0.32070701  0.31287578  0.32070701  0.35288876  0.32862208  0.27491760  0.43086822  0.43086822  0.38653531  0.35288876  0.37797904  0.37797904  0.37797904  0.39519177  0.35288876  0.37797904  0.00511973  0.00000000  0.04740625  0.19769423  0.23179945  0.19105800  0.19105800  0.22485139  0.46835391  0.49777063  0.42178642  0.44006297  0.40395079  0.36952065  0.52840647  0.51805283  0.51805283  0.50784218  0.51805283  0.47803001  0.46835391  0.38653531  0.43086822  
59_0_0     0.31287578  0.36115793  0.33662279  0.32862208  0.37797904  0.34471104  0.28986784  0.46835391  0.43086822  0.38653531  0.36115793  0.38653531  0.38653531  0.42178642  0.44006297  0.38653531  0.43086822  0.04198626  0.04740625  0.00000000  0.20439058  0.19105800  0.17796160  0.17796160  0.23881344  0.45880280  0.48783444  0.41281482  0.43086822  0.39519177  0.36115793  0.54955915  0.53890717  0.57133489  0.53890717  0.49777063  0.47803001  0.44937351  0.41281482  0.41281482  
54_0_0     0.30512664  0.35288876  0.32070701  0.32070701  0.36952065  0.48783444  0.44006297  0.50784218  0.47803001  0.44937351  0.40395079  0.36115793  0.36115793  0.37797904  0.37797904  0.40395079  0.44937351  0.19769423  0.19769423  0.20439058  0.00000000  0.15244486  0.13386911  0.13386911  0.14620094  0.50784218  0.50784218  0.47803001  0.45880280  0.42178642  0.40395079  0.49777063  0.52840647  0.43086822  0.51805283  0.44937351  0.44937351  0.45880280  0.45880280  0.51805283  
37_0_0     0.36952065  0.38653531  0.35288876  0.36952065  0.37797904  0.44006297  0.34471104  0.48783444  0.46835391  0.40395079  0.39519177  0.44006297  0.44006297  0.43086822  0.37797904  0.44006297  0.48783444  0.23179945  0.23179945  0.19105800  0.15244486  0.00000000  0.10980589  0.10980589  0.11574867  0.44937351  0.46835391  0.48783444  0.44006297  0.33662279  0.40395079  0.45880280  0.44937351  0.46835391  0.49777063  0.44937351  0.43086822  0.44006297  0.45880280  0.44937351  
25_0_0     0.33662279  0.36952065  0.30512664  0.38653531  0.36952065  0.40395079  0.36115793  0.44937351  0.45880280  0.39519177  0.41281482  0.40395079  0.40395079  0.39519177  0.37797904  0.44937351  0.44006297  0.19105800  0.19105800  0.17796160  0.13386911  0.10980589  0.00000000  0.01027515  0.09806174  0.48783444  0.50784218  0.49777063  0.52840647  0.43086822  0.41281482  0.48783444  0.47803001  0.44937351  0.47803001  0.47803001  0.44006297  0.44937351  0.44006297  0.46835391  
18_0_0     0.33662279  0.35288876  0.32070701  0.38653531  0.36952065  0.41281482  0.36952065  0.44937351  0.47803001  0.41281482  0.41281482  0.40395079  0.40395079  0.39519177  0.37797904  0.44937351  0.45880280  0.19105800  0.19105800  0.17796160  0.13386911  0.10980589  0.01027515  0.00000000  0.09806174  0.48783444  0.50784218  0.47803001  0.52840647  0.43086822  0.41281482  0.48783444  0.47803001  0.43086822  0.45880280  0.47803001  0.44006297  0.43086822  0.44006297  0.46835391  
77_0_0     0.39519177  0.39519177  0.32862208  0.37797904  0.32862208  0.44937351  0.42178642  0.44937351  0.44937351  0.40395079  0.39519177  0.42178642  0.42178642  0.39519177  0.36115793  0.42178642  0.39519177  0.22485139  0.22485139  0.23881344  0.14620094  0.11574867  0.09806174  0.09806174  0.00000000  0.47803001  0.43086822  0.53890717  0.44937351  0.37797904  0.46835391  0.50784218  0.49777063  0.44006297  0.50784218  0.47803001  0.45880280  0.50784218  0.48783444  0.46835391  
100_0_0    0.43086822  0.42178642  0.45880280  0.43086822  0.43086822  0.52840647  0.51805283  0.54955915  0.42178642  0.42178642  0.41281482  0.42178642  0.42178642  0.52840647  0.50784218  0.61691039  0.56036685  0.46835391  0.46835391  0.45880280  0.50784218  0.44937351  0.48783444  0.48783444  0.47803001  0.00000000  0.04198626  0.36115793  0.35288876  0.40395079  0.36952065  0.46835391  0.46835391  0.51805283  0.48783444  0.48783444  0.48783444  0.48783444  0.53890717  0.48783444  
51_0_0     0.44937351  0.44006297  0.45880280  0.43086822  0.43086822  0.58246810  0.54955915  0.56036685  0.46835391  0.44937351  0.43086822  0.44937351  0.44937351  0.54955915  0.52840647  0.64079690  0.60525043  0.49777063  0.49777063  0.48783444  0.50784218  0.46835391  0.50784218  0.50784218  0.43086822  0.04198626  0.00000000  0.40395079  0.32862208  0.38653531  0.38653531  0.43086822  0.43086822  0.47803001  0.48783444  0.46835391  0.46835391  0.48783444  0.51805283  0.48783444  
99_9_0     0.36952065  0.36115793  0.44006297  0.44937351  0.43086822  0.51805283  0.51805283  0.44937351  0.56036685  0.56036685  0.43086822  0.47803001  0.47803001  0.48783444  0.44937351  0.46835391  0.49777063  0.42178642  0.42178642  0.41281482  0.47803001  0.48783444  0.49777063  0.47803001  0.53890717  0.36115793  0.40395079  0.00000000  0.22485139  0.26755434  0.26026369  0.47803001  0.46835391  0.47803001  0.48783444  0.48783444  0.48783444  0.44006297  0.40395079  0.44006297  
99_0_0     0.38653531  0.40395079  0.41281482  0.38653531  0.40395079  0.51805283  0.49777063  0.44006297  0.50784218  0.51805283  0.38653531  0.45880280  0.45880280  0.47803001  0.45880280  0.41281482  0.48783444  0.44006297  0.44006297  0.43086822  0.45880280  0.44006297  0.52840647  0.52840647  0.44937351  0.35288876  0.32862208  0.22485139  0.00000000  0.16509315  0.22485139  0.41281482  0.39519177  0.44006297  0.46835391  0.46835391  0.44937351  0.42178642  0.39519177  0.40395079  
99_10_0    0.38653531  0.42178642  0.40395079  0.45880280  0.44937351  0.47803001  0.47803001  0.40395079  0.46835391  0.49777063  0.44006297  0.45880280  0.45880280  0.52840647  0.48783444  0.42178642  0.51805283  0.40395079  0.40395079  0.39519177  0.42178642  0.33662279  0.43086822  0.43086822  0.37797904  0.40395079  0.38653531  0.26755434  0.16509315  0.00000000  0.17796160  0.45880280  0.45880280  0.48783444  0.49777063  0.47803001  0.44006297  0.41281482  0.45880280  0.48783444  
99_8_0     0.40395079  0.42178642  0.38653531  0.40395079  0.50784218  0.46835391  0.46835391  0.44006297  0.48783444  0.51805283  0.49777063  0.47803001  0.47803001  0.54955915  0.54955915  0.42178642  0.49777063  0.36952065  0.36952065  0.36115793  0.40395079  0.40395079  0.41281482  0.41281482  0.46835391  0.36952065  0.38653531  0.26026369  0.22485139  0.17796160  0.00000000  0.46835391  0.44937351  0.44006297  0.43086822  0.48783444  0.44937351  0.40395079  0.38653531  0.47803001  
7_3_0      0.40395079  0.40395079  0.48783444  0.48783444  0.47803001  0.59377151  0.51805283  0.57133489  0.58246810  0.52840647  0.48783444  0.51805283  0.51805283  0.67813912  0.62875719  0.52840647  0.60525043  0.51805283  0.52840647  0.54955915  0.49777063  0.45880280  0.48783444  0.48783444  0.50784218  0.46835391  0.43086822  0.47803001  0.41281482  0.45880280  0.46835391  0.00000000  0.02596070  0.09806174  0.14000932  0.12173961  0.09806174  0.14000932  0.28986784  0.32862208  
7_0_0      0.43086822  0.41281482  0.51805283  0.47803001  0.45880280  0.58246810  0.50784218  0.56036685  0.59377151  0.51805283  0.47803001  0.54955915  0.54955915  0.66548099  0.61691039  0.56036685  0.61691039  0.50784218  0.51805283  0.53890717  0.52840647  0.44937351  0.47803001  0.47803001  0.49777063  0.46835391  0.43086822  0.46835391  0.39519177  0.45880280  0.44937351  0.02596070  0.00000000  0.09225889  0.13386911  0.12777949  0.10391049  0.14620094  0.28986784  0.32862208  
9_2_0      0.43086822  0.39519177  0.45880280  0.44937351  0.44937351  0.57133489  0.53890717  0.58246810  0.54955915  0.53890717  0.51805283  0.48783444  0.48783444  0.57133489  0.52840647  0.51805283  0.57133489  0.50784218  0.51805283  0.57133489  0.43086822  0.46835391  0.44937351  0.43086822  0.44006297  0.51805283  0.47803001  0.47803001  0.44006297  0.48783444  0.44006297  0.09806174  0.09225889  0.00000000  0.08650123  0.12173961  0.12173961  0.15244486  0.28986784  0.35288876  
9_0_0      0.41281482  0.39519177  0.47803001  0.45880280  0.48783444  0.56036685  0.54955915  0.54955915  0.53890717  0.57133489  0.47803001  0.48783444  0.48783444  0.58246810  0.56036685  0.49777063  0.59377151  0.49777063  0.50784218  0.53890717  0.51805283  0.49777063  0.47803001  0.45880280  0.50784218  0.48783444  0.48783444  0.48783444  0.46835391  0.49777063  0.43086822  0.14000932  0.13386911  0.08650123  0.00000000  0.17796160  0.14000932  0.18448080  0.32070701  0.34471104  
14_4_0     0.37797904  0.43086822  0.42178642  0.41281482  0.44006297  0.58246810  0.52840647  0.56036685  0.57133489  0.51805283  0.52840647  0.51805283  0.51805283  0.56036685  0.49777063  0.50784218  0.53890717  0.50784218  0.51805283  0.49777063  0.44937351  0.44937351  0.47803001  0.47803001  0.47803001  0.48783444  0.46835391  0.48783444  0.46835391  0.47803001  0.48783444  0.12173961  0.12777949  0.12173961  0.17796160  0.00000000  0.05286626  0.09225889  0.28986784  0.32862208  
13_4_0     0.34471104  0.37797904  0.42178642  0.42178642  0.46835391  0.54955915  0.51805283  0.51805283  0.57133489  0.53890717  0.49777063  0.48783444  0.48783444  0.56036685  0.51805283  0.50784218  0.58246810  0.46835391  0.47803001  0.47803001  0.44937351  0.43086822  0.44006297  0.44006297  0.45880280  0.48783444  0.46835391  0.48783444  0.44937351  0.44006297  0.44937351  0.09806174  0.10391049  0.12173961  0.14000932  0.05286626  0.00000000  0.10391049  0.30512664  0.32070701  
14_0_0     0.36952065  0.40395079  0.41281482  0.47803001  0.48783444  0.50784218  0.45880280  0.57133489  0.56036685  0.52840647  0.47803001  0.48783444  0.48783444  0.61691039  0.57133489  0.49777063  0.59377151  0.45880280  0.46835391  0.44937351  0.45880280  0.44006297  0.44937351  0.43086822  0.50784218  0.48783444  0.48783444  0.44006297  0.42178642  0.41281482  0.40395079  0.14000932  0.14620094  0.15244486  0.18448080  0.09225889  0.10391049  0.00000000  0.28235493  0.32070701  
5_0_0      0.39519177  0.38653531  0.42178642  0.44937351  0.47803001  0.44937351  0.39519177  0.48783444  0.58246810  0.51805283  0.45880280  0.46835391  0.46835391  0.52840647  0.48783444  0.42178642  0.52840647  0.37797904  0.38653531  0.41281482  0.45880280  0.45880280  0.44006297  0.44006297  0.48783444  0.53890717  0.51805283  0.40395079  0.39519177  0.45880280  0.38653531  0.28986784  0.28986784  0.28986784  0.32070701  0.28986784  0.30512664  0.28235493  0.00000000  0.14000932  
12_0_0     0.42178642  0.40395079  0.47803001  0.43086822  0.45880280  0.44937351  0.37797904  0.57133489  0.54955915  0.50784218  0.41281482  0.51805283  0.51805283  0.57133489  0.52840647  0.52840647  0.53890717  0.42178642  0.43086822  0.41281482  0.51805283  0.44937351  0.46835391  0.46835391  0.46835391  0.48783444  0.48783444  0.44006297  0.40395079  0.48783444  0.47803001  0.32862208  0.32862208  0.35288876  0.34471104  0.32862208  0.32070701  0.32070701  0.14000932  0.00000000  

