20
18_0_0     0.00000000  0.00000000  0.01006890  0.01006890  0.09035137  0.12510239  0.22674411  0.21996103  0.23359060  0.21324021  0.22674411  0.22674411  0.21996103  0.19998082  0.18053129  0.19344008  0.19344008  0.18695724  0.19998082  0.19998082  
17_0_0     0.00000000  0.00000000  0.01006890  0.01006890  0.09035137  0.12510239  0.22674411  0.21996103  0.23359060  0.21324021  0.22674411  0.22674411  0.21996103  0.19998082  0.18053129  0.19344008  0.19344008  0.18695724  0.19998082  0.19998082  
19_0_0     0.01006890  0.01006890  0.00000000  0.01006890  0.09035137  0.12510239  0.21324021  0.20658050  0.21996103  0.19998082  0.21324021  0.21324021  0.20658050  0.18695724  0.18053129  0.19344008  0.19344008  0.18695724  0.19998082  0.19998082  
15_0_0     0.01006890  0.01006890  0.01006890  0.00000000  0.07912475  0.12510239  0.22674411  0.20658050  0.23359060  0.21324021  0.22674411  0.22674411  0.21996103  0.19998082  0.19344008  0.20658050  0.20658050  0.19998082  0.21324021  0.21324021  
16_0_0     0.09035137  0.09035137  0.09035137  0.07912475  0.00000000  0.11333453  0.25452273  0.23359060  0.24747866  0.25452273  0.26881744  0.26881744  0.26163520  0.24050171  0.24050171  0.24050171  0.24050171  0.24747866  0.24747866  0.24747866  
20_0_0     0.12510239  0.12510239  0.12510239  0.12510239  0.11333453  0.00000000  0.29079672  0.25452273  0.24050171  0.24747866  0.24747866  0.23359060  0.24050171  0.24747866  0.20658050  0.20658050  0.20658050  0.21324021  0.21324021  0.21324021  
8_0_0      0.22674411  0.22674411  0.21324021  0.22674411  0.25452273  0.29079672  0.00000000  0.03063181  0.04113392  0.03063181  0.04113392  0.04113392  0.03586404  0.08471655  0.22674411  0.23359060  0.23359060  0.21996103  0.23359060  0.23359060  
4_0_0      0.21996103  0.21996103  0.20658050  0.20658050  0.23359060  0.25452273  0.03063181  0.00000000  0.04113392  0.03063181  0.04113392  0.04113392  0.03586404  0.09602990  0.20658050  0.21324021  0.21324021  0.21324021  0.22674411  0.22674411  
12_0_0     0.23359060  0.23359060  0.21996103  0.23359060  0.24747866  0.24050171  0.04113392  0.04113392  0.00000000  0.02027818  0.02027818  0.02027818  0.01515575  0.09602990  0.21996103  0.21324021  0.21324021  0.21324021  0.22674411  0.22674411  
1_0_0      0.21324021  0.21324021  0.19998082  0.21324021  0.25452273  0.24747866  0.03063181  0.03063181  0.02027818  0.00000000  0.01006890  0.01006890  0.00501715  0.09602990  0.19998082  0.19344008  0.19344008  0.19344008  0.20658050  0.20658050  
7_0_0      0.22674411  0.22674411  0.21324021  0.22674411  0.26881744  0.24747866  0.04113392  0.04113392  0.02027818  0.01006890  0.00000000  0.01006890  0.00501715  0.08471655  0.21324021  0.20658050  0.20658050  0.20658050  0.21996103  0.21996103  
5_0_0      0.22674411  0.22674411  0.21324021  0.22674411  0.26881744  0.23359060  0.04113392  0.04113392  0.02027818  0.01006890  0.01006890  0.00000000  0.00501715  0.08471655  0.19998082  0.19344008  0.19344008  0.19344008  0.20658050  0.20658050  
10_0_0     0.21996103  0.21996103  0.20658050  0.21996103  0.26163520  0.24050171  0.03586404  0.03586404  0.01515575  0.00501715  0.00501715  0.00501715  0.00000000  0.09035137  0.20658050  0.19998082  0.19998082  0.19998082  0.21324021  0.21324021  
9_0_0      0.19998082  0.19998082  0.18695724  0.19998082  0.24050171  0.24747866  0.08471655  0.09602990  0.09602990  0.09602990  0.08471655  0.08471655  0.09035137  0.00000000  0.17416123  0.18053129  0.18053129  0.16784611  0.18053129  0.18053129  
11_0_0     0.18053129  0.18053129  0.18053129  0.19344008  0.24050171  0.20658050  0.22674411  0.20658050  0.21996103  0.19998082  0.21324021  0.19998082  0.20658050  0.17416123  0.00000000  0.02027818  0.02027818  0.04113392  0.03063181  0.03063181  
2_0_0      0.19344008  0.19344008  0.19344008  0.20658050  0.24050171  0.20658050  0.23359060  0.21324021  0.21324021  0.19344008  0.20658050  0.19344008  0.19998082  0.18053129  0.02027818  0.00000000  0.00000000  0.02027818  0.01006890  0.01006890  
14_0_0     0.19344008  0.19344008  0.19344008  0.20658050  0.24050171  0.20658050  0.23359060  0.21324021  0.21324021  0.19344008  0.20658050  0.19344008  0.19998082  0.18053129  0.02027818  0.00000000  0.00000000  0.02027818  0.01006890  0.01006890  
13_0_0     0.18695724  0.18695724  0.18695724  0.19998082  0.24747866  0.21324021  0.21996103  0.21324021  0.21324021  0.19344008  0.20658050  0.19344008  0.19998082  0.16784611  0.04113392  0.02027818  0.02027818  0.00000000  0.01006890  0.01006890  
6_0_0      0.19998082  0.19998082  0.19998082  0.21324021  0.24747866  0.21324021  0.23359060  0.22674411  0.22674411  0.20658050  0.21996103  0.20658050  0.21324021  0.18053129  0.03063181  0.01006890  0.01006890  0.01006890  0.00000000  0.00000000  
3_0_0      0.19998082  0.19998082  0.19998082  0.21324021  0.24747866  0.21324021  0.23359060  0.22674411  0.22674411  0.20658050  0.21996103  0.20658050  0.21324021  0.18053129  0.03063181  0.01006890  0.01006890  0.01006890  0.00000000  0.00000000  

