37
50_3_0     0.00000000  0.01923546  0.01276786  0.03898488  0.13884218  0.15427596  0.15427596  0.13884218  0.17003887  0.12372406  0.12372406  0.13884218  0.13884218  0.14651879  0.14651879  0.14651879  0.17003887  0.17804820  0.09438496  0.15427596  0.14651879  0.14651879  0.18614526  0.17003887  0.14651879  0.14651879  0.14651879  0.24545311  0.20261042  0.20261042  0.17804820  0.23668362  0.23668362  0.23668362  0.26331052  0.25432790  0.22801695  
31_3_0     0.01923546  0.00000000  0.00635637  0.02576015  0.13884218  0.15427596  0.15427596  0.13884218  0.18614526  0.13884218  0.13124447  0.14651879  0.13884218  0.13884218  0.14651879  0.14651879  0.17804820  0.18614526  0.11627939  0.14651879  0.16211540  0.14651879  0.18614526  0.16211540  0.15427596  0.15427596  0.16211540  0.25432790  0.20261042  0.21098261  0.17804820  0.21098261  0.23668362  0.23668362  0.24545311  0.25432790  0.23668362  
16_3_0     0.01276786  0.00635637  0.00000000  0.02576015  0.13124447  0.14651879  0.14651879  0.13124447  0.17804820  0.13884218  0.13124447  0.14651879  0.13884218  0.13884218  0.14651879  0.14651879  0.17003887  0.18614526  0.10890896  0.14651879  0.16211540  0.14651879  0.17804820  0.16211540  0.15427596  0.15427596  0.15427596  0.24545311  0.19433200  0.20261042  0.17003887  0.21945071  0.23668362  0.23668362  0.24545311  0.25432790  0.22801695  
3_3_0      0.03898488  0.02576015  0.02576015  0.00000000  0.16211540  0.16211540  0.16211540  0.16211540  0.21098261  0.15427596  0.14651879  0.16211540  0.15427596  0.15427596  0.16211540  0.16211540  0.18614526  0.19433200  0.13884218  0.14651879  0.16211540  0.14651879  0.19433200  0.14651879  0.15427596  0.15427596  0.18614526  0.26331052  0.21098261  0.21945071  0.17003887  0.22801695  0.21945071  0.21945071  0.22801695  0.23668362  0.24545311  
50_2_0     0.13884218  0.13884218  0.13124447  0.16211540  0.00000000  0.01276786  0.01276786  0.01276786  0.05245052  0.14651879  0.15427596  0.15427596  0.15427596  0.14651879  0.14651879  0.14651879  0.14651879  0.15427596  0.15427596  0.12372406  0.13884218  0.13884218  0.15427596  0.15427596  0.13124447  0.13124447  0.14651879  0.22801695  0.21945071  0.21098261  0.17804820  0.21945071  0.21945071  0.21945071  0.21945071  0.22801695  0.21945071  
16_2_0     0.15427596  0.15427596  0.14651879  0.16211540  0.01276786  0.00000000  0.00000000  0.01276786  0.05245052  0.16211540  0.17003887  0.17003887  0.17003887  0.16211540  0.16211540  0.16211540  0.14651879  0.17003887  0.17003887  0.12372406  0.13884218  0.13124447  0.13884218  0.14651879  0.12372406  0.12372406  0.16211540  0.22801695  0.21098261  0.20261042  0.17804820  0.21098261  0.21945071  0.21945071  0.21098261  0.21945071  0.23668362  
16_4_0     0.15427596  0.15427596  0.14651879  0.16211540  0.01276786  0.00000000  0.00000000  0.01276786  0.05245052  0.16211540  0.17003887  0.17003887  0.17003887  0.16211540  0.16211540  0.16211540  0.14651879  0.17003887  0.17003887  0.12372406  0.13884218  0.13124447  0.13884218  0.14651879  0.12372406  0.12372406  0.16211540  0.22801695  0.21098261  0.20261042  0.17804820  0.21098261  0.21945071  0.21945071  0.21098261  0.21945071  0.23668362  
31_2_0     0.13884218  0.13884218  0.13124447  0.16211540  0.01276786  0.01276786  0.01276786  0.00000000  0.05245052  0.14651879  0.15427596  0.15427596  0.17003887  0.16211540  0.16211540  0.16211540  0.14651879  0.15427596  0.15427596  0.12372406  0.13884218  0.13124447  0.13884218  0.14651879  0.12372406  0.12372406  0.16211540  0.22801695  0.21098261  0.20261042  0.17804820  0.21098261  0.21945071  0.21945071  0.21098261  0.21945071  0.21945071  
3_2_0      0.17003887  0.18614526  0.17804820  0.21098261  0.05245052  0.05245052  0.05245052  0.05245052  0.00000000  0.17804820  0.17804820  0.16211540  0.20261042  0.19433200  0.19433200  0.19433200  0.19433200  0.20261042  0.18614526  0.18614526  0.18614526  0.19433200  0.18614526  0.21098261  0.17003887  0.17003887  0.17003887  0.22801695  0.21098261  0.20261042  0.21945071  0.23668362  0.22801695  0.22801695  0.22801695  0.21945071  0.23668362  
44_2_0     0.12372406  0.13884218  0.13884218  0.15427596  0.14651879  0.16211540  0.16211540  0.14651879  0.17804820  0.00000000  0.02576015  0.02576015  0.07312041  0.08014084  0.06616603  0.06616603  0.12372406  0.09438496  0.05927647  0.05245052  0.03234294  0.04568704  0.17804820  0.12372406  0.05245052  0.04568704  0.09438496  0.17804820  0.13884218  0.13884218  0.12372406  0.18614526  0.17804820  0.17003887  0.19433200  0.18614526  0.17003887  
10_2_0     0.12372406  0.13124447  0.13124447  0.14651879  0.15427596  0.17003887  0.17003887  0.15427596  0.17804820  0.02576015  0.00000000  0.01923546  0.08722859  0.08014084  0.08014084  0.08014084  0.13884218  0.09438496  0.05927647  0.05245052  0.05927647  0.05927647  0.16211540  0.10890896  0.05245052  0.04568704  0.08722859  0.18614526  0.13884218  0.12372406  0.13124447  0.17804820  0.15427596  0.15427596  0.17804820  0.17003887  0.14651879  
41_2_0     0.13884218  0.14651879  0.14651879  0.16211540  0.15427596  0.17003887  0.17003887  0.15427596  0.16211540  0.02576015  0.01923546  0.00000000  0.08722859  0.08014084  0.08014084  0.08014084  0.13884218  0.10890896  0.07312041  0.05245052  0.05927647  0.07312041  0.17003887  0.12372406  0.05245052  0.04568704  0.08014084  0.18614526  0.14651879  0.14651879  0.13884218  0.17003887  0.16211540  0.14651879  0.17003887  0.16211540  0.15427596  
15_6_0     0.13884218  0.13884218  0.13884218  0.15427596  0.15427596  0.17003887  0.17003887  0.17003887  0.20261042  0.07312041  0.08722859  0.08722859  0.00000000  0.00635637  0.00635637  0.00635637  0.15427596  0.13124447  0.09438496  0.07312041  0.08014084  0.08014084  0.17003887  0.14651879  0.07312041  0.08014084  0.11627939  0.17003887  0.20261042  0.20261042  0.13124447  0.17003887  0.20261042  0.21098261  0.21945071  0.22801695  0.22801695  
22_6_0     0.14651879  0.13884218  0.13884218  0.15427596  0.14651879  0.16211540  0.16211540  0.16211540  0.19433200  0.08014084  0.08014084  0.08014084  0.00635637  0.00000000  0.01276786  0.01276786  0.16211540  0.12372406  0.10161129  0.06616603  0.08722859  0.08722859  0.16211540  0.13884218  0.06616603  0.07312041  0.10890896  0.17003887  0.20261042  0.19433200  0.13124447  0.17003887  0.20261042  0.21098261  0.21945071  0.22801695  0.22801695  
22_2_0     0.14651879  0.14651879  0.14651879  0.16211540  0.14651879  0.16211540  0.16211540  0.16211540  0.19433200  0.06616603  0.08014084  0.08014084  0.00635637  0.01276786  0.00000000  0.00000000  0.14651879  0.12372406  0.08722859  0.06616603  0.07312041  0.07312041  0.17804820  0.13884218  0.06616603  0.07312041  0.10890896  0.16211540  0.19433200  0.19433200  0.13884218  0.17804820  0.19433200  0.20261042  0.21098261  0.21945071  0.21945071  
15_2_0     0.14651879  0.14651879  0.14651879  0.16211540  0.14651879  0.16211540  0.16211540  0.16211540  0.19433200  0.06616603  0.08014084  0.08014084  0.00635637  0.01276786  0.00000000  0.00000000  0.14651879  0.12372406  0.08722859  0.06616603  0.07312041  0.07312041  0.17804820  0.13884218  0.06616603  0.07312041  0.10890896  0.16211540  0.19433200  0.19433200  0.13884218  0.17804820  0.19433200  0.20261042  0.21098261  0.21945071  0.21945071  
43_2_0     0.17003887  0.17804820  0.17003887  0.18614526  0.14651879  0.14651879  0.14651879  0.14651879  0.19433200  0.12372406  0.13884218  0.13884218  0.15427596  0.16211540  0.14651879  0.14651879  0.00000000  0.17003887  0.10890896  0.10161129  0.10890896  0.12372406  0.14651879  0.14651879  0.11627939  0.12372406  0.13884218  0.19433200  0.19433200  0.19433200  0.16211540  0.20261042  0.21945071  0.22801695  0.22801695  0.23668362  0.20261042  
18_2_0     0.17804820  0.18614526  0.18614526  0.19433200  0.15427596  0.17003887  0.17003887  0.15427596  0.20261042  0.09438496  0.09438496  0.10890896  0.13124447  0.12372406  0.12372406  0.12372406  0.17003887  0.00000000  0.07312041  0.10890896  0.10161129  0.10161129  0.17003887  0.14651879  0.09438496  0.10161129  0.13884218  0.19433200  0.17003887  0.16211540  0.17804820  0.19433200  0.18614526  0.19433200  0.21945071  0.21098261  0.21945071  
29_2_0     0.09438496  0.11627939  0.10890896  0.13884218  0.15427596  0.17003887  0.17003887  0.15427596  0.18614526  0.05927647  0.05927647  0.07312041  0.09438496  0.10161129  0.08722859  0.08722859  0.10890896  0.07312041  0.00000000  0.08722859  0.08014084  0.08014084  0.16211540  0.14651879  0.07312041  0.08014084  0.10161129  0.16211540  0.13124447  0.13124447  0.14651879  0.19433200  0.17804820  0.18614526  0.21098261  0.20261042  0.16211540  
44_5_0     0.15427596  0.14651879  0.14651879  0.14651879  0.12372406  0.12372406  0.12372406  0.12372406  0.18614526  0.05245052  0.05245052  0.05245052  0.07312041  0.06616603  0.06616603  0.06616603  0.10161129  0.10890896  0.08722859  0.00000000  0.01923546  0.03234294  0.13124447  0.08014084  0.02576015  0.01923546  0.10890896  0.18614526  0.17003887  0.16211540  0.11627939  0.17003887  0.18614526  0.17804820  0.18614526  0.19433200  0.17003887  
10_5_0     0.14651879  0.16211540  0.16211540  0.16211540  0.13884218  0.13884218  0.13884218  0.13884218  0.18614526  0.03234294  0.05927647  0.05927647  0.08014084  0.08722859  0.07312041  0.07312041  0.10890896  0.10161129  0.08014084  0.01923546  0.00000000  0.02576015  0.15427596  0.10161129  0.03234294  0.02576015  0.11627939  0.18614526  0.16211540  0.16211540  0.11627939  0.18614526  0.18614526  0.17804820  0.20261042  0.19433200  0.17003887  
41_5_0     0.14651879  0.14651879  0.14651879  0.14651879  0.13884218  0.13124447  0.13124447  0.13124447  0.19433200  0.04568704  0.05927647  0.07312041  0.08014084  0.08722859  0.07312041  0.07312041  0.12372406  0.10161129  0.08014084  0.03234294  0.02576015  0.00000000  0.14651879  0.07312041  0.03234294  0.02576015  0.13124447  0.19433200  0.13884218  0.13884218  0.13124447  0.17003887  0.18614526  0.17804820  0.17003887  0.17804820  0.18614526  
43_5_0     0.18614526  0.18614526  0.17804820  0.19433200  0.15427596  0.13884218  0.13884218  0.13884218  0.18614526  0.17804820  0.16211540  0.17003887  0.17003887  0.16211540  0.17804820  0.17804820  0.14651879  0.17003887  0.16211540  0.13124447  0.15427596  0.14651879  0.00000000  0.12372406  0.12372406  0.13124447  0.14651879  0.21098261  0.22801695  0.21098261  0.17804820  0.17804820  0.20261042  0.21945071  0.20261042  0.21098261  0.21945071  
29_5_0     0.17003887  0.16211540  0.16211540  0.14651879  0.15427596  0.14651879  0.14651879  0.14651879  0.21098261  0.12372406  0.10890896  0.12372406  0.14651879  0.13884218  0.13884218  0.13884218  0.14651879  0.14651879  0.14651879  0.08014084  0.10161129  0.07312041  0.12372406  0.00000000  0.08014084  0.07312041  0.15427596  0.20261042  0.17003887  0.16211540  0.16211540  0.17003887  0.13884218  0.13124447  0.13884218  0.14651879  0.20261042  
22_5_0     0.14651879  0.15427596  0.15427596  0.15427596  0.13124447  0.12372406  0.12372406  0.12372406  0.17003887  0.05245052  0.05245052  0.05245052  0.07312041  0.06616603  0.06616603  0.06616603  0.11627939  0.09438496  0.07312041  0.02576015  0.03234294  0.03234294  0.12372406  0.08014084  0.00000000  0.00635637  0.09438496  0.17804820  0.16211540  0.15427596  0.13124447  0.17003887  0.17003887  0.17804820  0.18614526  0.17804820  0.17804820  
15_5_0     0.14651879  0.15427596  0.15427596  0.15427596  0.13124447  0.12372406  0.12372406  0.12372406  0.17003887  0.04568704  0.04568704  0.04568704  0.08014084  0.07312041  0.07312041  0.07312041  0.12372406  0.10161129  0.08014084  0.01923546  0.02576015  0.02576015  0.13124447  0.07312041  0.00635637  0.00000000  0.10161129  0.18614526  0.15427596  0.14651879  0.13884218  0.16211540  0.17804820  0.17003887  0.17804820  0.17003887  0.17804820  
23_7_0     0.14651879  0.16211540  0.15427596  0.18614526  0.14651879  0.16211540  0.16211540  0.16211540  0.17003887  0.09438496  0.08722859  0.08014084  0.11627939  0.10890896  0.10890896  0.10890896  0.13884218  0.13884218  0.10161129  0.10890896  0.11627939  0.13124447  0.14651879  0.15427596  0.09438496  0.10161129  0.00000000  0.20261042  0.16211540  0.16211540  0.15427596  0.21945071  0.20261042  0.20261042  0.22801695  0.21945071  0.20261042  
8_9_0      0.24545311  0.25432790  0.24545311  0.26331052  0.22801695  0.22801695  0.22801695  0.22801695  0.22801695  0.17804820  0.18614526  0.18614526  0.17003887  0.17003887  0.16211540  0.16211540  0.19433200  0.19433200  0.16211540  0.18614526  0.18614526  0.19433200  0.21098261  0.20261042  0.17804820  0.18614526  0.20261042  0.00000000  0.11627939  0.11627939  0.14651879  0.17003887  0.17003887  0.17804820  0.19433200  0.19433200  0.22801695  
4_2_0      0.20261042  0.20261042  0.19433200  0.21098261  0.21945071  0.21098261  0.21098261  0.21098261  0.21098261  0.13884218  0.13884218  0.14651879  0.20261042  0.20261042  0.19433200  0.19433200  0.19433200  0.17003887  0.13124447  0.17003887  0.16211540  0.13884218  0.22801695  0.17003887  0.16211540  0.15427596  0.16211540  0.11627939  0.00000000  0.01276786  0.13124447  0.15427596  0.16211540  0.14651879  0.16211540  0.16211540  0.20261042  
33_2_0     0.20261042  0.21098261  0.20261042  0.21945071  0.21098261  0.20261042  0.20261042  0.20261042  0.20261042  0.13884218  0.12372406  0.14651879  0.20261042  0.19433200  0.19433200  0.19433200  0.19433200  0.16211540  0.13124447  0.16211540  0.16211540  0.13884218  0.21098261  0.16211540  0.15427596  0.14651879  0.16211540  0.11627939  0.01276786  0.00000000  0.12372406  0.15427596  0.16211540  0.16211540  0.17804820  0.17804820  0.20261042  
8_1_0      0.17804820  0.17804820  0.17003887  0.17003887  0.17804820  0.17804820  0.17804820  0.17804820  0.21945071  0.12372406  0.13124447  0.13884218  0.13124447  0.13124447  0.13884218  0.13884218  0.16211540  0.17804820  0.14651879  0.11627939  0.11627939  0.13124447  0.17804820  0.16211540  0.13124447  0.13884218  0.15427596  0.14651879  0.13124447  0.12372406  0.00000000  0.13884218  0.14651879  0.16211540  0.17003887  0.17804820  0.18614526  
8_8_0      0.23668362  0.21098261  0.21945071  0.22801695  0.21945071  0.21098261  0.21098261  0.21098261  0.23668362  0.18614526  0.17804820  0.17003887  0.17003887  0.17003887  0.17804820  0.17804820  0.20261042  0.19433200  0.19433200  0.17003887  0.18614526  0.17003887  0.17804820  0.17003887  0.17003887  0.16211540  0.21945071  0.17003887  0.15427596  0.15427596  0.13884218  0.00000000  0.13884218  0.13884218  0.13124447  0.13884218  0.21098261  
49_1_0     0.23668362  0.23668362  0.23668362  0.21945071  0.21945071  0.21945071  0.21945071  0.21945071  0.22801695  0.17804820  0.15427596  0.16211540  0.20261042  0.20261042  0.19433200  0.19433200  0.21945071  0.18614526  0.17804820  0.18614526  0.18614526  0.18614526  0.20261042  0.13884218  0.17003887  0.17804820  0.20261042  0.17003887  0.16211540  0.16211540  0.14651879  0.13884218  0.00000000  0.01276786  0.04568704  0.03898488  0.14651879  
49_12_0    0.23668362  0.23668362  0.23668362  0.21945071  0.21945071  0.21945071  0.21945071  0.21945071  0.22801695  0.17003887  0.15427596  0.14651879  0.21098261  0.21098261  0.20261042  0.20261042  0.22801695  0.19433200  0.18614526  0.17804820  0.17804820  0.17804820  0.21945071  0.13124447  0.17804820  0.17003887  0.20261042  0.17804820  0.14651879  0.16211540  0.16211540  0.13884218  0.01276786  0.00000000  0.03234294  0.02576015  0.15427596  
4_1_0      0.26331052  0.24545311  0.24545311  0.22801695  0.21945071  0.21098261  0.21098261  0.21098261  0.22801695  0.19433200  0.17804820  0.17003887  0.21945071  0.21945071  0.21098261  0.21098261  0.22801695  0.21945071  0.21098261  0.18614526  0.20261042  0.17003887  0.20261042  0.13884218  0.18614526  0.17804820  0.22801695  0.19433200  0.16211540  0.17804820  0.17003887  0.13124447  0.04568704  0.03234294  0.00000000  0.00635637  0.17804820  
33_1_0     0.25432790  0.25432790  0.25432790  0.23668362  0.22801695  0.21945071  0.21945071  0.21945071  0.21945071  0.18614526  0.17003887  0.16211540  0.22801695  0.22801695  0.21945071  0.21945071  0.23668362  0.21098261  0.20261042  0.19433200  0.19433200  0.17804820  0.21098261  0.14651879  0.17804820  0.17003887  0.21945071  0.19433200  0.16211540  0.17804820  0.17804820  0.13884218  0.03898488  0.02576015  0.00635637  0.00000000  0.17003887  
38_1_0     0.22801695  0.23668362  0.22801695  0.24545311  0.21945071  0.23668362  0.23668362  0.21945071  0.23668362  0.17003887  0.14651879  0.15427596  0.22801695  0.22801695  0.21945071  0.21945071  0.20261042  0.21945071  0.16211540  0.17003887  0.17003887  0.18614526  0.21945071  0.20261042  0.17804820  0.17804820  0.20261042  0.22801695  0.20261042  0.20261042  0.18614526  0.21098261  0.14651879  0.15427596  0.17804820  0.17003887  0.00000000  

