27
18_1_0     0.00000000  0.08607759  0.08607759  0.08607759  0.09988998  0.10455148  0.11396272  0.13314877  0.13802332  0.14292991  0.15784616  0.15784616  0.16288522  0.11871321  0.07251610  0.09988998  0.09988998  0.11871321  0.07700928  0.07700928  0.07700928  0.13802332  0.27154422  0.27154422  0.35826627  0.33881622  0.31986004  
16_1_0     0.08607759  0.00000000  0.00000000  0.00000000  0.08152967  0.12349412  0.10455148  0.10455148  0.10924227  0.11396272  0.15284089  0.15284089  0.15784616  0.10455148  0.07251610  0.09988998  0.09988998  0.11871321  0.06804980  0.06804980  0.06804980  0.13802332  0.25993848  0.25993848  0.34524343  0.33244386  0.30748480  
7_1_0      0.08607759  0.00000000  0.00000000  0.00000000  0.08152967  0.12349412  0.10455148  0.10455148  0.10924227  0.11396272  0.15284089  0.15284089  0.15784616  0.10455148  0.07251610  0.09988998  0.09988998  0.11871321  0.06804980  0.06804980  0.06804980  0.13802332  0.25993848  0.25993848  0.34524343  0.33244386  0.30748480  
12_1_0     0.08607759  0.00000000  0.00000000  0.00000000  0.08152967  0.12349412  0.10455148  0.10455148  0.10924227  0.11396272  0.15284089  0.15284089  0.15784616  0.10455148  0.07251610  0.09988998  0.09988998  0.11871321  0.06804980  0.06804980  0.06804980  0.13802332  0.25993848  0.25993848  0.34524343  0.33244386  0.30748480  
18_10_0    0.09988998  0.08152967  0.08152967  0.08152967  0.00000000  0.05480901  0.04611050  0.07251610  0.07700928  0.08152967  0.10455148  0.11396272  0.10924227  0.05919657  0.05919657  0.08607759  0.09525740  0.09988998  0.05919657  0.05919657  0.05919657  0.11871321  0.27741544  0.27741544  0.31986004  0.31364678  0.33881622  
18_11_0    0.10455148  0.12349412  0.12349412  0.12349412  0.05480901  0.00000000  0.06804980  0.11396272  0.11871321  0.12349412  0.13802332  0.14786895  0.14292991  0.10924227  0.08152967  0.10924227  0.10455148  0.10924227  0.07251610  0.07251610  0.07251610  0.16288522  0.30137326  0.30137326  0.35826627  0.33881622  0.33881622  
18_3_0     0.11396272  0.10455148  0.10455148  0.10455148  0.04611050  0.06804980  0.00000000  0.10455148  0.10924227  0.11396272  0.13802332  0.13802332  0.14292991  0.09065338  0.08152967  0.10924227  0.09988998  0.11396272  0.08607759  0.08607759  0.08607759  0.14292991  0.32612544  0.32612544  0.39185325  0.37823661  0.37823661  
16_3_0     0.13314877  0.10455148  0.10455148  0.10455148  0.07251610  0.11396272  0.10455148  0.00000000  0.00407615  0.00817467  0.13802332  0.13802332  0.13314877  0.11396272  0.09065338  0.13802332  0.12830584  0.12830584  0.09988998  0.09988998  0.09988998  0.14292991  0.31364678  0.31364678  0.31986004  0.33881622  0.32612544  
7_3_0      0.13802332  0.10924227  0.10924227  0.10924227  0.07700928  0.11871321  0.10924227  0.00407615  0.00000000  0.01229582  0.13314877  0.13314877  0.12830584  0.11871321  0.09525740  0.14292991  0.12349412  0.12349412  0.10455148  0.10455148  0.10455148  0.13802332  0.30748480  0.30748480  0.31364678  0.33244386  0.31986004  
12_3_0     0.14292991  0.11396272  0.11396272  0.11396272  0.08152967  0.12349412  0.11396272  0.00817467  0.01229582  0.00000000  0.14786895  0.14786895  0.14292991  0.12349412  0.09988998  0.14786895  0.12830584  0.13802332  0.10924227  0.10924227  0.10924227  0.15284089  0.32612544  0.32612544  0.33244386  0.35172645  0.33881622  
12_2_0     0.15784616  0.15284089  0.15284089  0.15284089  0.10455148  0.13802332  0.13802332  0.13802332  0.13314877  0.14786895  0.00000000  0.00817467  0.00407615  0.11396272  0.10455148  0.11396272  0.13314877  0.11871321  0.11871321  0.11871321  0.11871321  0.17820971  0.29531135  0.29531135  0.35826627  0.35826627  0.34524343  
16_2_0     0.15784616  0.15284089  0.15284089  0.15284089  0.11396272  0.14786895  0.13802332  0.13802332  0.13314877  0.14786895  0.00817467  0.00000000  0.00407615  0.12349412  0.10455148  0.11396272  0.13314877  0.12830584  0.11871321  0.11871321  0.11871321  0.17820971  0.30748480  0.30748480  0.35826627  0.35826627  0.34524343  
7_2_0      0.16288522  0.15784616  0.15784616  0.15784616  0.10924227  0.14292991  0.14292991  0.13314877  0.12830584  0.14292991  0.00407615  0.00407615  0.00000000  0.11871321  0.10924227  0.11871321  0.13802332  0.12349412  0.12349412  0.12349412  0.12349412  0.18338858  0.30137326  0.30137326  0.35172645  0.35172645  0.35172645  
18_4_0     0.11871321  0.10455148  0.10455148  0.10455148  0.05919657  0.10924227  0.09065338  0.11396272  0.11871321  0.12349412  0.11396272  0.12349412  0.11871321  0.00000000  0.09065338  0.09988998  0.11871321  0.12349412  0.09065338  0.09065338  0.09065338  0.14292991  0.28929826  0.28929826  0.35172645  0.32612544  0.35172645  
18_8_0     0.07251610  0.07251610  0.07251610  0.07251610  0.05919657  0.08152967  0.08152967  0.09065338  0.09525740  0.09988998  0.10455148  0.10455148  0.10924227  0.09065338  0.00000000  0.04179896  0.03751217  0.05044709  0.02901173  0.02901173  0.02901173  0.12830584  0.24851040  0.24851040  0.33881622  0.34524343  0.30748480  
18_7_0     0.09988998  0.09988998  0.09988998  0.09988998  0.08607759  0.10924227  0.10924227  0.13802332  0.14292991  0.14786895  0.11396272  0.11396272  0.11871321  0.09988998  0.04179896  0.00000000  0.08152967  0.09525740  0.06361006  0.06361006  0.06361006  0.15784616  0.25420258  0.25420258  0.32612544  0.33244386  0.29531135  
18_9_0     0.09988998  0.09988998  0.09988998  0.09988998  0.09525740  0.10455148  0.09988998  0.12830584  0.12349412  0.12830584  0.13314877  0.13314877  0.13802332  0.11871321  0.03751217  0.08152967  0.00000000  0.02901173  0.05919657  0.05919657  0.05919657  0.13802332  0.24851040  0.24851040  0.34524343  0.34524343  0.31364678  
18_6_0     0.11871321  0.11871321  0.11871321  0.11871321  0.09988998  0.10924227  0.11396272  0.12830584  0.12349412  0.13802332  0.11871321  0.12830584  0.12349412  0.12349412  0.05044709  0.09525740  0.02901173  0.00000000  0.08152967  0.08152967  0.08152967  0.15284089  0.26571880  0.26571880  0.33244386  0.33244386  0.32612544  
12_0_0     0.07700928  0.06804980  0.06804980  0.06804980  0.05919657  0.07251610  0.08607759  0.09988998  0.10455148  0.10924227  0.11871321  0.11871321  0.12349412  0.09065338  0.02901173  0.06361006  0.05919657  0.08152967  0.00000000  0.00000000  0.00000000  0.12830584  0.24851040  0.24851040  0.34524343  0.33881622  0.31364678  
7_0_0      0.07700928  0.06804980  0.06804980  0.06804980  0.05919657  0.07251610  0.08607759  0.09988998  0.10455148  0.10924227  0.11871321  0.11871321  0.12349412  0.09065338  0.02901173  0.06361006  0.05919657  0.08152967  0.00000000  0.00000000  0.00000000  0.12830584  0.24851040  0.24851040  0.34524343  0.33881622  0.31364678  
16_0_0     0.07700928  0.06804980  0.06804980  0.06804980  0.05919657  0.07251610  0.08607759  0.09988998  0.10455148  0.10924227  0.11871321  0.11871321  0.12349412  0.09065338  0.02901173  0.06361006  0.05919657  0.08152967  0.00000000  0.00000000  0.00000000  0.12830584  0.24851040  0.24851040  0.34524343  0.33881622  0.31364678  
20_0_0     0.13802332  0.13802332  0.13802332  0.13802332  0.11871321  0.16288522  0.14292991  0.14292991  0.13802332  0.15284089  0.17820971  0.17820971  0.18338858  0.14292991  0.12830584  0.15784616  0.13802332  0.15284089  0.12830584  0.12830584  0.12830584  0.00000000  0.30137326  0.30137326  0.35826627  0.32612544  0.31986004  
29_13_0    0.27154422  0.25993848  0.25993848  0.25993848  0.27741544  0.30137326  0.32612544  0.31364678  0.30748480  0.32612544  0.29531135  0.30748480  0.30137326  0.28929826  0.24851040  0.25420258  0.24851040  0.26571880  0.24851040  0.24851040  0.24851040  0.30137326  0.00000000  0.00407615  0.17306652  0.14786895  0.12349412  
29_15_0    0.27154422  0.25993848  0.25993848  0.25993848  0.27741544  0.30137326  0.32612544  0.31364678  0.30748480  0.32612544  0.29531135  0.30748480  0.30137326  0.28929826  0.24851040  0.25420258  0.24851040  0.26571880  0.24851040  0.24851040  0.24851040  0.30137326  0.00407615  0.00000000  0.17306652  0.15284089  0.12830584  
22_14_0    0.35826627  0.34524343  0.34524343  0.34524343  0.31986004  0.35826627  0.39185325  0.31986004  0.31364678  0.33244386  0.35826627  0.35826627  0.35172645  0.35172645  0.33881622  0.32612544  0.34524343  0.33244386  0.34524343  0.34524343  0.34524343  0.35826627  0.17306652  0.17306652  0.00000000  0.14786895  0.13314877  
29_14_0    0.33881622  0.33244386  0.33244386  0.33244386  0.31364678  0.33881622  0.37823661  0.33881622  0.33244386  0.35172645  0.35826627  0.35826627  0.35172645  0.32612544  0.34524343  0.33244386  0.34524343  0.33244386  0.33881622  0.33881622  0.33881622  0.32612544  0.14786895  0.15284089  0.14786895  0.00000000  0.09988998  
29_16_0    0.31986004  0.30748480  0.30748480  0.30748480  0.33881622  0.33881622  0.37823661  0.32612544  0.31986004  0.33881622  0.34524343  0.34524343  0.35172645  0.35172645  0.30748480  0.29531135  0.31364678  0.32612544  0.31364678  0.31364678  0.31364678  0.31986004  0.12349412  0.12830584  0.13314877  0.09988998  0.00000000  

