20
11_0_0     0.00000000  0.00428574  0.00428574  0.01293152  0.01293152  0.01293152  0.18304670  0.19959849  0.21652439  0.21083981  0.21083981  0.20519806  0.22225244  0.20519806  0.13547916  0.15100171  0.13547916  0.13547916  0.13547916  0.13547916  
14_0_0     0.00428574  0.00000000  0.00000000  0.00859615  0.00859615  0.00859615  0.17760974  0.19404048  0.21083981  0.20519806  0.20519806  0.19959849  0.21652439  0.19959849  0.13037566  0.14579170  0.13037566  0.13037566  0.13037566  0.13037566  
2_0_0      0.00428574  0.00000000  0.00000000  0.00859615  0.00859615  0.00859615  0.17760974  0.19404048  0.21083981  0.20519806  0.20519806  0.19959849  0.21652439  0.19959849  0.13037566  0.14579170  0.13037566  0.13037566  0.13037566  0.13037566  
13_0_0     0.01293152  0.00859615  0.00859615  0.00000000  0.00859615  0.00859615  0.18852342  0.20519806  0.22225244  0.21652439  0.21652439  0.21083981  0.22802464  0.21083981  0.14061768  0.15624823  0.14061768  0.14061768  0.14061768  0.14061768  
6_0_0      0.01293152  0.00859615  0.00859615  0.00859615  0.00000000  0.00000000  0.18852342  0.20519806  0.22225244  0.21652439  0.21652439  0.21083981  0.21652439  0.21083981  0.14061768  0.15624823  0.14061768  0.14061768  0.14061768  0.14061768  
3_0_0      0.01293152  0.00859615  0.00859615  0.00859615  0.00000000  0.00000000  0.18852342  0.20519806  0.22225244  0.21652439  0.21652439  0.21083981  0.21652439  0.21083981  0.14061768  0.15624823  0.14061768  0.14061768  0.14061768  0.14061768  
9_0_0      0.18304670  0.17760974  0.17760974  0.18852342  0.18852342  0.18852342  0.00000000  0.01293152  0.02609026  0.02167827  0.02167827  0.02609026  0.03948434  0.03499298  0.21083981  0.21652439  0.23384168  0.23384168  0.23384168  0.23384168  
8_0_0      0.19959849  0.19404048  0.19404048  0.20519806  0.20519806  0.20519806  0.01293152  0.00000000  0.01293152  0.00859615  0.00859615  0.01293152  0.02609026  0.02167827  0.21652439  0.22225244  0.23970425  0.23970425  0.23970425  0.23970425  
5_0_0      0.21652439  0.21083981  0.21083981  0.22225244  0.22225244  0.22225244  0.02609026  0.01293152  0.00000000  0.00428574  0.00428574  0.00859615  0.03052839  0.02609026  0.23384168  0.23970425  0.25757247  0.25757247  0.25757247  0.25757247  
10_0_0     0.21083981  0.20519806  0.20519806  0.21652439  0.21652439  0.21652439  0.02167827  0.00859615  0.00428574  0.00000000  0.00000000  0.00428574  0.02609026  0.02167827  0.22802464  0.23384168  0.25156890  0.25156890  0.25156890  0.25156890  
7_0_0      0.21083981  0.20519806  0.20519806  0.21652439  0.21652439  0.21652439  0.02167827  0.00859615  0.00428574  0.00000000  0.00000000  0.00428574  0.02609026  0.02167827  0.22802464  0.23384168  0.25156890  0.25156890  0.25156890  0.25156890  
1_0_0      0.20519806  0.19959849  0.19959849  0.21083981  0.21083981  0.21083981  0.02609026  0.01293152  0.00859615  0.00428574  0.00428574  0.00000000  0.03052839  0.02609026  0.22225244  0.22802464  0.24561308  0.24561308  0.24561308  0.24561308  
4_0_0      0.22225244  0.21652439  0.21652439  0.22802464  0.21652439  0.21652439  0.03948434  0.02609026  0.03052839  0.02609026  0.02609026  0.03052839  0.00000000  0.03948434  0.23970425  0.24561308  0.26362455  0.26362455  0.26362455  0.26362455  
12_0_0     0.20519806  0.19959849  0.19959849  0.21083981  0.21083981  0.21083981  0.03499298  0.02167827  0.02609026  0.02167827  0.02167827  0.02609026  0.03948434  0.00000000  0.23384168  0.23970425  0.25757247  0.25757247  0.25757247  0.25757247  
16_0_0     0.13547916  0.13037566  0.13037566  0.14061768  0.14061768  0.14061768  0.21083981  0.21652439  0.23384168  0.22802464  0.22802464  0.22225244  0.23970425  0.23384168  0.00000000  0.02609026  0.03499298  0.03499298  0.03499298  0.03499298  
20_0_0     0.15100171  0.14579170  0.14579170  0.15624823  0.15624823  0.15624823  0.21652439  0.22225244  0.23970425  0.23384168  0.23384168  0.22802464  0.24561308  0.23970425  0.02609026  0.00000000  0.03499298  0.03499298  0.03499298  0.03499298  
17_0_0     0.13547916  0.13037566  0.13037566  0.14061768  0.14061768  0.14061768  0.23384168  0.23970425  0.25757247  0.25156890  0.25156890  0.24561308  0.26362455  0.25757247  0.03499298  0.03499298  0.00000000  0.00000000  0.00000000  0.00000000  
19_0_0     0.13547916  0.13037566  0.13037566  0.14061768  0.14061768  0.14061768  0.23384168  0.23970425  0.25757247  0.25156890  0.25156890  0.24561308  0.26362455  0.25757247  0.03499298  0.03499298  0.00000000  0.00000000  0.00000000  0.00000000  
18_0_0     0.13547916  0.13037566  0.13037566  0.14061768  0.14061768  0.14061768  0.23384168  0.23970425  0.25757247  0.25156890  0.25156890  0.24561308  0.26362455  0.25757247  0.03499298  0.03499298  0.00000000  0.00000000  0.00000000  0.00000000  
15_0_0     0.13547916  0.13037566  0.13037566  0.14061768  0.14061768  0.14061768  0.23384168  0.23970425  0.25757247  0.25156890  0.25156890  0.24561308  0.26362455  0.25757247  0.03499298  0.03499298  0.00000000  0.00000000  0.00000000  0.00000000  

