41
36_0_0     0.00000000  0.01214893  0.02450388  0.04986069  0.13169954  0.12451735  0.13895323  0.12451735  0.11740528  0.11740528  0.10338610  0.12451735  0.15368094  0.14627987  0.11740528  0.13169954  0.11740528  0.11036197  0.11036197  0.08285050  0.08285050  0.13169954  0.10338610  0.11740528  0.14627987  0.14627987  0.12451735  0.13169954  0.13895323  0.13895323  0.13895323  0.13169954  0.10338610  0.28363171  0.16871252  0.13169954  0.16115796  0.24047868  0.24047868  0.24047868  0.23214653  
42_0_0     0.01214893  0.00000000  0.01214893  0.03707198  0.13169954  0.11036197  0.12451735  0.11036197  0.11740528  0.11740528  0.10338610  0.13895323  0.16871252  0.16115796  0.10338610  0.11740528  0.13169954  0.11036197  0.11036197  0.08285050  0.09647638  0.13169954  0.11740528  0.11740528  0.14627987  0.14627987  0.12451735  0.11740528  0.13895323  0.12451735  0.13895323  0.13169954  0.10338610  0.28363171  0.16871252  0.14627987  0.17634623  0.25743442  0.25743442  0.25743442  0.24890722  
37_0_0     0.02450388  0.01214893  0.00000000  0.02450388  0.11740528  0.09647638  0.11036197  0.09647638  0.10338610  0.10338610  0.10338610  0.12451735  0.15368094  0.14627987  0.08963159  0.10338610  0.13169954  0.09647638  0.09647638  0.08285050  0.09647638  0.13169954  0.11740528  0.10338610  0.14627987  0.14627987  0.12451735  0.11740528  0.12451735  0.11036197  0.12451735  0.11740528  0.08963159  0.28363171  0.15368094  0.14627987  0.17634623  0.25743442  0.25743442  0.25743442  0.24890722  
3_0_0      0.04986069  0.03707198  0.02450388  0.00000000  0.12451735  0.11740528  0.13169954  0.11740528  0.12451735  0.12451735  0.12451735  0.14627987  0.16115796  0.16871252  0.11036197  0.12451735  0.15368094  0.11740528  0.11740528  0.10338610  0.11740528  0.15368094  0.13895323  0.11740528  0.15368094  0.15368094  0.13895323  0.13169954  0.13895323  0.11036197  0.12451735  0.13169954  0.10338610  0.27479420  0.16115796  0.16115796  0.16115796  0.27479420  0.27479420  0.27479420  0.26606261  
20_0_0     0.13169954  0.13169954  0.11740528  0.12451735  0.00000000  0.06947479  0.06947479  0.06947479  0.06287791  0.06287791  0.08963159  0.08285050  0.08285050  0.10338610  0.06287791  0.06947479  0.08963159  0.05634023  0.05634023  0.05634023  0.08285050  0.08963159  0.07613195  0.10338610  0.16115796  0.16115796  0.17634623  0.16871252  0.12451735  0.12451735  0.11036197  0.13169954  0.10338610  0.24890722  0.17634623  0.16115796  0.16115796  0.24047868  0.24047868  0.24047868  0.23214653  
10_0_0     0.12451735  0.11036197  0.09647638  0.11740528  0.06947479  0.00000000  0.01214893  0.00000000  0.01830021  0.01830021  0.08285050  0.07613195  0.08963159  0.09647638  0.04986069  0.06287791  0.08285050  0.04986069  0.04986069  0.04986069  0.06287791  0.08285050  0.06947479  0.08285050  0.13895323  0.13895323  0.16871252  0.14627987  0.10338610  0.10338610  0.10338610  0.11036197  0.08285050  0.24890722  0.15368094  0.15368094  0.16871252  0.27479420  0.27479420  0.25743442  0.26606261  
23_0_0     0.13895323  0.12451735  0.11036197  0.13169954  0.06947479  0.01214893  0.00000000  0.01214893  0.03076083  0.03076083  0.09647638  0.07613195  0.08963159  0.09647638  0.06287791  0.06947479  0.09647638  0.06287791  0.06287791  0.06287791  0.07613195  0.09647638  0.08285050  0.09647638  0.15368094  0.15368094  0.18406078  0.16115796  0.11740528  0.10338610  0.10338610  0.12451735  0.09647638  0.26606261  0.16871252  0.15368094  0.16871252  0.27479420  0.27479420  0.25743442  0.26606261  
2_0_0      0.12451735  0.11036197  0.09647638  0.11740528  0.06947479  0.00000000  0.01214893  0.00000000  0.01830021  0.01830021  0.08285050  0.07613195  0.08963159  0.09647638  0.04986069  0.06287791  0.08285050  0.04986069  0.04986069  0.04986069  0.06287791  0.08285050  0.06947479  0.08285050  0.13895323  0.13895323  0.16871252  0.14627987  0.10338610  0.10338610  0.10338610  0.11036197  0.08285050  0.24890722  0.15368094  0.15368094  0.16871252  0.27479420  0.27479420  0.25743442  0.26606261  
58_6_0     0.11740528  0.11740528  0.10338610  0.12451735  0.06287791  0.01830021  0.03076083  0.01830021  0.00000000  0.00000000  0.07613195  0.08285050  0.08285050  0.08963159  0.05634023  0.06947479  0.07613195  0.04343827  0.04343827  0.04343827  0.05634023  0.06947479  0.06287791  0.07613195  0.12451735  0.12451735  0.16115796  0.15368094  0.09647638  0.11036197  0.09647638  0.10338610  0.07613195  0.24047868  0.14627987  0.14627987  0.16115796  0.24890722  0.26606261  0.24890722  0.25743442  
58_0_0     0.11740528  0.11740528  0.10338610  0.12451735  0.06287791  0.01830021  0.03076083  0.01830021  0.00000000  0.00000000  0.07613195  0.08285050  0.08285050  0.08963159  0.05634023  0.06947479  0.07613195  0.04343827  0.04343827  0.04343827  0.05634023  0.06947479  0.06287791  0.07613195  0.12451735  0.12451735  0.16115796  0.15368094  0.09647638  0.11036197  0.09647638  0.10338610  0.07613195  0.24047868  0.14627987  0.14627987  0.16115796  0.24890722  0.26606261  0.24890722  0.25743442  
28_0_0     0.10338610  0.10338610  0.10338610  0.12451735  0.08963159  0.08285050  0.09647638  0.08285050  0.07613195  0.07613195  0.00000000  0.05634023  0.08285050  0.08963159  0.07613195  0.08963159  0.08963159  0.06947479  0.06947479  0.05634023  0.08285050  0.07613195  0.08963159  0.11740528  0.16115796  0.16115796  0.16115796  0.16871252  0.13895323  0.15368094  0.13895323  0.14627987  0.11740528  0.25743442  0.17634623  0.19185789  0.20770701  0.25743442  0.25743442  0.25743442  0.24890722  
18_9_0     0.12451735  0.13895323  0.12451735  0.14627987  0.08285050  0.07613195  0.07613195  0.07613195  0.08285050  0.08285050  0.05634023  0.00000000  0.03707198  0.04343827  0.08285050  0.08963159  0.09647638  0.07613195  0.07613195  0.06287791  0.07613195  0.08285050  0.08285050  0.11036197  0.16871252  0.16871252  0.16115796  0.16871252  0.13169954  0.13169954  0.11740528  0.13895323  0.12451735  0.28363171  0.16871252  0.15368094  0.16871252  0.23214653  0.23214653  0.23214653  0.22390859  
28_9_0     0.15368094  0.16871252  0.15368094  0.16115796  0.08285050  0.08963159  0.08963159  0.08963159  0.08285050  0.08285050  0.08285050  0.03707198  0.00000000  0.01830021  0.09647638  0.10338610  0.11036197  0.08963159  0.08963159  0.08963159  0.08963159  0.09647638  0.08963159  0.11036197  0.16871252  0.16871252  0.17634623  0.18406078  0.13169954  0.13169954  0.11740528  0.13895323  0.12451735  0.26606261  0.18406078  0.15368094  0.15368094  0.26606261  0.26606261  0.24890722  0.25743442  
28_10_0    0.14627987  0.16115796  0.14627987  0.16871252  0.10338610  0.09647638  0.09647638  0.09647638  0.08963159  0.08963159  0.08963159  0.04343827  0.01830021  0.00000000  0.09647638  0.10338610  0.10338610  0.09647638  0.09647638  0.09647638  0.09647638  0.10338610  0.09647638  0.11740528  0.17634623  0.17634623  0.18406078  0.19185789  0.13895323  0.13895323  0.12451735  0.14627987  0.13169954  0.29257774  0.19185789  0.16115796  0.17634623  0.26606261  0.26606261  0.24890722  0.25743442  
26_0_0     0.11740528  0.10338610  0.08963159  0.11036197  0.06287791  0.04986069  0.06287791  0.04986069  0.05634023  0.05634023  0.07613195  0.08285050  0.09647638  0.09647638  0.00000000  0.01214893  0.08285050  0.04986069  0.04986069  0.04986069  0.07613195  0.07613195  0.05634023  0.09647638  0.15368094  0.15368094  0.16115796  0.14627987  0.11740528  0.11740528  0.11740528  0.12451735  0.09647638  0.24890722  0.16871252  0.16871252  0.18406078  0.24047868  0.24047868  0.24047868  0.23214653  
32_0_0     0.13169954  0.11740528  0.10338610  0.12451735  0.06947479  0.06287791  0.06947479  0.06287791  0.06947479  0.06947479  0.08963159  0.08963159  0.10338610  0.10338610  0.01214893  0.00000000  0.09647638  0.06287791  0.06287791  0.06287791  0.08963159  0.08963159  0.06947479  0.11036197  0.16871252  0.16871252  0.17634623  0.16115796  0.13169954  0.12451735  0.12451735  0.13895323  0.11036197  0.26606261  0.18406078  0.17634623  0.19185789  0.24890722  0.24890722  0.24890722  0.24047868  
46_0_0     0.11740528  0.13169954  0.13169954  0.15368094  0.08963159  0.08285050  0.09647638  0.08285050  0.07613195  0.07613195  0.08963159  0.09647638  0.11036197  0.10338610  0.08285050  0.09647638  0.00000000  0.05634023  0.05634023  0.06947479  0.08285050  0.10338610  0.06947479  0.11740528  0.14627987  0.14627987  0.16115796  0.16115796  0.12451735  0.13895323  0.12451735  0.13169954  0.11740528  0.24890722  0.19185789  0.17634623  0.19185789  0.22390859  0.22390859  0.22390859  0.21576276  
54_8_0     0.11036197  0.11036197  0.09647638  0.11740528  0.05634023  0.04986069  0.06287791  0.04986069  0.04343827  0.04343827  0.06947479  0.07613195  0.08963159  0.09647638  0.04986069  0.06287791  0.05634023  0.00000000  0.00000000  0.03707198  0.06287791  0.06947479  0.05634023  0.08285050  0.13895323  0.13895323  0.15368094  0.14627987  0.10338610  0.11740528  0.10338610  0.11036197  0.08285050  0.22390859  0.14627987  0.13895323  0.15368094  0.24890722  0.23214653  0.24890722  0.24047868  
34_0_0     0.11036197  0.11036197  0.09647638  0.11740528  0.05634023  0.04986069  0.06287791  0.04986069  0.04343827  0.04343827  0.06947479  0.07613195  0.08963159  0.09647638  0.04986069  0.06287791  0.05634023  0.00000000  0.00000000  0.03707198  0.06287791  0.06947479  0.05634023  0.08285050  0.13895323  0.13895323  0.15368094  0.14627987  0.10338610  0.11740528  0.10338610  0.11036197  0.08285050  0.22390859  0.14627987  0.13895323  0.15368094  0.24890722  0.23214653  0.24890722  0.24047868  
9_0_0      0.08285050  0.08285050  0.08285050  0.10338610  0.05634023  0.04986069  0.06287791  0.04986069  0.04343827  0.04343827  0.05634023  0.06287791  0.08963159  0.09647638  0.04986069  0.06287791  0.06947479  0.03707198  0.03707198  0.00000000  0.02450388  0.04343827  0.03076083  0.08285050  0.13169954  0.13169954  0.13895323  0.13169954  0.10338610  0.11740528  0.10338610  0.11036197  0.06947479  0.23214653  0.13895323  0.13895323  0.15368094  0.24047868  0.24047868  0.24047868  0.23214653  
50_0_0     0.08285050  0.09647638  0.09647638  0.11740528  0.08285050  0.06287791  0.07613195  0.06287791  0.05634023  0.05634023  0.08285050  0.07613195  0.08963159  0.09647638  0.07613195  0.08963159  0.08285050  0.06287791  0.06287791  0.02450388  0.00000000  0.06947479  0.04343827  0.09647638  0.13169954  0.13169954  0.15368094  0.14627987  0.10338610  0.11740528  0.11740528  0.11036197  0.06947479  0.22390859  0.12451735  0.11036197  0.12451735  0.25743442  0.25743442  0.24047868  0.24890722  
50_7_0     0.13169954  0.13169954  0.13169954  0.15368094  0.08963159  0.08285050  0.09647638  0.08285050  0.06947479  0.06947479  0.07613195  0.08285050  0.09647638  0.10338610  0.07613195  0.08963159  0.10338610  0.06947479  0.06947479  0.04343827  0.06947479  0.00000000  0.06287791  0.11740528  0.15368094  0.15368094  0.16115796  0.16871252  0.13895323  0.15368094  0.13895323  0.14627987  0.10338610  0.27479420  0.19185789  0.17634623  0.19185789  0.26606261  0.27479420  0.27479420  0.26606261  
9_7_0      0.10338610  0.11740528  0.11740528  0.13895323  0.07613195  0.06947479  0.08285050  0.06947479  0.06287791  0.06287791  0.08963159  0.08285050  0.08963159  0.09647638  0.05634023  0.06947479  0.06947479  0.05634023  0.05634023  0.03076083  0.04343827  0.06287791  0.00000000  0.10338610  0.15368094  0.15368094  0.14627987  0.13895323  0.12451735  0.13895323  0.12451735  0.13169954  0.08963159  0.22390859  0.17634623  0.14627987  0.16115796  0.24890722  0.24890722  0.24890722  0.24047868  
48_0_0     0.11740528  0.11740528  0.10338610  0.11740528  0.10338610  0.08285050  0.09647638  0.08285050  0.07613195  0.07613195  0.11740528  0.11036197  0.11036197  0.11740528  0.09647638  0.11036197  0.11740528  0.08285050  0.08285050  0.08285050  0.09647638  0.11740528  0.10338610  0.00000000  0.06287791  0.06287791  0.11740528  0.09647638  0.05634023  0.05634023  0.04343827  0.04986069  0.03707198  0.20770701  0.08963159  0.07613195  0.08963159  0.26606261  0.26606261  0.24890722  0.25743442  
22_1_0     0.14627987  0.14627987  0.14627987  0.15368094  0.16115796  0.13895323  0.15368094  0.13895323  0.12451735  0.12451735  0.16115796  0.16871252  0.16871252  0.17634623  0.15368094  0.16871252  0.14627987  0.13895323  0.13895323  0.13169954  0.13169954  0.15368094  0.15368094  0.06287791  0.00000000  0.00000000  0.13895323  0.11740528  0.06947479  0.07613195  0.07613195  0.06287791  0.06947479  0.24047868  0.12451735  0.11740528  0.12451735  0.28363171  0.29257774  0.27479420  0.28363171  
19_1_0     0.14627987  0.14627987  0.14627987  0.15368094  0.16115796  0.13895323  0.15368094  0.13895323  0.12451735  0.12451735  0.16115796  0.16871252  0.16871252  0.17634623  0.15368094  0.16871252  0.14627987  0.13895323  0.13895323  0.13169954  0.13169954  0.15368094  0.15368094  0.06287791  0.00000000  0.00000000  0.13895323  0.11740528  0.06947479  0.07613195  0.07613195  0.06287791  0.06947479  0.24047868  0.12451735  0.11740528  0.12451735  0.28363171  0.29257774  0.27479420  0.28363171  
19_0_0     0.12451735  0.12451735  0.12451735  0.13895323  0.17634623  0.16871252  0.18406078  0.16871252  0.16115796  0.16115796  0.16115796  0.16115796  0.17634623  0.18406078  0.16115796  0.17634623  0.16115796  0.15368094  0.15368094  0.13895323  0.15368094  0.16115796  0.14627987  0.11740528  0.13895323  0.13895323  0.00000000  0.03076083  0.12451735  0.11036197  0.11036197  0.11740528  0.10338610  0.24047868  0.16115796  0.14627987  0.16115796  0.24047868  0.24047868  0.24047868  0.23214653  
22_0_0     0.13169954  0.11740528  0.11740528  0.13169954  0.16871252  0.14627987  0.16115796  0.14627987  0.15368094  0.15368094  0.16871252  0.16871252  0.18406078  0.19185789  0.14627987  0.16115796  0.16115796  0.14627987  0.14627987  0.13169954  0.14627987  0.16871252  0.13895323  0.09647638  0.11740528  0.11740528  0.03076083  0.00000000  0.11740528  0.08963159  0.10338610  0.11036197  0.09647638  0.21576276  0.13895323  0.12451735  0.13895323  0.25743442  0.25743442  0.25743442  0.24890722  
63_0_0     0.13895323  0.13895323  0.12451735  0.13895323  0.12451735  0.10338610  0.11740528  0.10338610  0.09647638  0.09647638  0.13895323  0.13169954  0.13169954  0.13895323  0.11740528  0.13169954  0.12451735  0.10338610  0.10338610  0.10338610  0.10338610  0.13895323  0.12451735  0.05634023  0.06947479  0.06947479  0.12451735  0.11740528  0.00000000  0.03707198  0.03707198  0.01830021  0.05634023  0.22390859  0.11036197  0.11036197  0.11036197  0.24047868  0.24047868  0.22390859  0.23214653  
17_0_0     0.13895323  0.12451735  0.11036197  0.11036197  0.12451735  0.10338610  0.10338610  0.10338610  0.11036197  0.11036197  0.15368094  0.13169954  0.13169954  0.13895323  0.11740528  0.12451735  0.13895323  0.11740528  0.11740528  0.11740528  0.11740528  0.15368094  0.13895323  0.05634023  0.07613195  0.07613195  0.11036197  0.08963159  0.03707198  0.00000000  0.01214893  0.03076083  0.05634023  0.22390859  0.11740528  0.09647638  0.09647638  0.22390859  0.22390859  0.20770701  0.21576276  
17_2_0     0.13895323  0.13895323  0.12451735  0.12451735  0.11036197  0.10338610  0.10338610  0.10338610  0.09647638  0.09647638  0.13895323  0.11740528  0.11740528  0.12451735  0.11740528  0.12451735  0.12451735  0.10338610  0.10338610  0.10338610  0.11740528  0.13895323  0.12451735  0.04343827  0.07613195  0.07613195  0.11036197  0.10338610  0.03707198  0.01214893  0.00000000  0.03076083  0.05634023  0.21576276  0.11740528  0.09647638  0.09647638  0.20770701  0.20770701  0.19185789  0.19973935  
62_0_0     0.13169954  0.13169954  0.11740528  0.13169954  0.13169954  0.11036197  0.12451735  0.11036197  0.10338610  0.10338610  0.14627987  0.13895323  0.13895323  0.14627987  0.12451735  0.13895323  0.13169954  0.11036197  0.11036197  0.11036197  0.11036197  0.14627987  0.13169954  0.04986069  0.06287791  0.06287791  0.11740528  0.11036197  0.01830021  0.03076083  0.03076083  0.00000000  0.04986069  0.23214653  0.11740528  0.10338610  0.11740528  0.24890722  0.24890722  0.23214653  0.24047868  
27_0_0     0.10338610  0.10338610  0.08963159  0.10338610  0.10338610  0.08285050  0.09647638  0.08285050  0.07613195  0.07613195  0.11740528  0.12451735  0.12451735  0.13169954  0.09647638  0.11036197  0.11740528  0.08285050  0.08285050  0.06947479  0.06947479  0.10338610  0.08963159  0.03707198  0.06947479  0.06947479  0.10338610  0.09647638  0.05634023  0.05634023  0.05634023  0.04986069  0.00000000  0.23214653  0.10338610  0.08963159  0.10338610  0.24890722  0.24890722  0.23214653  0.24047868  
14_4_0     0.28363171  0.28363171  0.28363171  0.27479420  0.24890722  0.24890722  0.26606261  0.24890722  0.24047868  0.24047868  0.25743442  0.28363171  0.26606261  0.29257774  0.24890722  0.26606261  0.24890722  0.22390859  0.22390859  0.23214653  0.22390859  0.27479420  0.22390859  0.20770701  0.24047868  0.24047868  0.24047868  0.21576276  0.22390859  0.22390859  0.21576276  0.23214653  0.23214653  0.00000000  0.20770701  0.19973935  0.18406078  0.36839925  0.36839925  0.34869136  0.35847867  
14_0_0     0.16871252  0.16871252  0.15368094  0.16115796  0.17634623  0.15368094  0.16871252  0.15368094  0.14627987  0.14627987  0.17634623  0.16871252  0.18406078  0.19185789  0.16871252  0.18406078  0.19185789  0.14627987  0.14627987  0.13895323  0.12451735  0.19185789  0.17634623  0.08963159  0.12451735  0.12451735  0.16115796  0.13895323  0.11036197  0.11740528  0.11740528  0.11740528  0.10338610  0.20770701  0.00000000  0.07613195  0.08963159  0.27479420  0.26606261  0.25743442  0.26606261  
45_0_0     0.13169954  0.14627987  0.14627987  0.16115796  0.16115796  0.15368094  0.15368094  0.15368094  0.14627987  0.14627987  0.19185789  0.15368094  0.15368094  0.16115796  0.16871252  0.17634623  0.17634623  0.13895323  0.13895323  0.13895323  0.11036197  0.17634623  0.14627987  0.07613195  0.11740528  0.11740528  0.14627987  0.12451735  0.11036197  0.09647638  0.09647638  0.10338610  0.08963159  0.19973935  0.07613195  0.00000000  0.02450388  0.28363171  0.26606261  0.26606261  0.27479420  
4_0_0      0.16115796  0.17634623  0.17634623  0.16115796  0.16115796  0.16871252  0.16871252  0.16871252  0.16115796  0.16115796  0.20770701  0.16871252  0.15368094  0.17634623  0.18406078  0.19185789  0.19185789  0.15368094  0.15368094  0.15368094  0.12451735  0.19185789  0.16115796  0.08963159  0.12451735  0.12451735  0.16115796  0.13895323  0.11036197  0.09647638  0.09647638  0.11740528  0.10338610  0.18406078  0.08963159  0.02450388  0.00000000  0.30163499  0.28363171  0.28363171  0.29257774  
13_0_0     0.24047868  0.25743442  0.25743442  0.27479420  0.24047868  0.27479420  0.27479420  0.27479420  0.24890722  0.24890722  0.25743442  0.23214653  0.26606261  0.26606261  0.24047868  0.24890722  0.22390859  0.24890722  0.24890722  0.24047868  0.25743442  0.26606261  0.24890722  0.26606261  0.28363171  0.28363171  0.24047868  0.25743442  0.24047868  0.22390859  0.20770701  0.24890722  0.24890722  0.36839925  0.27479420  0.28363171  0.30163499  0.00000000  0.01830021  0.01214893  0.00604914  
44_0_0     0.24047868  0.25743442  0.25743442  0.27479420  0.24047868  0.27479420  0.27479420  0.27479420  0.26606261  0.26606261  0.25743442  0.23214653  0.26606261  0.26606261  0.24047868  0.24890722  0.22390859  0.23214653  0.23214653  0.24047868  0.25743442  0.27479420  0.24890722  0.26606261  0.29257774  0.29257774  0.24047868  0.25743442  0.24047868  0.22390859  0.20770701  0.24890722  0.24890722  0.36839925  0.26606261  0.26606261  0.28363171  0.01830021  0.00000000  0.01830021  0.01214893  
47_5_0     0.24047868  0.25743442  0.25743442  0.27479420  0.24047868  0.25743442  0.25743442  0.25743442  0.24890722  0.24890722  0.25743442  0.23214653  0.24890722  0.24890722  0.24047868  0.24890722  0.22390859  0.24890722  0.24890722  0.24047868  0.24047868  0.27479420  0.24890722  0.24890722  0.27479420  0.27479420  0.24047868  0.25743442  0.22390859  0.20770701  0.19185789  0.23214653  0.23214653  0.34869136  0.25743442  0.26606261  0.28363171  0.01214893  0.01830021  0.00000000  0.00604914  
47_0_0     0.23214653  0.24890722  0.24890722  0.26606261  0.23214653  0.26606261  0.26606261  0.26606261  0.25743442  0.25743442  0.24890722  0.22390859  0.25743442  0.25743442  0.23214653  0.24047868  0.21576276  0.24047868  0.24047868  0.23214653  0.24890722  0.26606261  0.24047868  0.25743442  0.28363171  0.28363171  0.23214653  0.24890722  0.23214653  0.21576276  0.19973935  0.24047868  0.24047868  0.35847867  0.26606261  0.27479420  0.29257774  0.00604914  0.01214893  0.00604914  0.00000000  

