17
1_0_0      0.00000000  0.13768016  0.13768016  0.07329522  0.06817539  0.09944203  0.09944203  0.11016622  0.34329719  0.34329719  0.34329719  0.32862093  0.32862093  0.39709635  0.38916603  0.38916603  0.37355697  
2_0_0      0.13768016  0.00000000  0.00936155  0.09413791  0.08887170  0.12655099  0.16045589  0.18395820  0.35827174  0.35827174  0.35827174  0.35074642  0.35074642  0.38132016  0.43808117  0.36587472  0.36587472  
12_0_0     0.13768016  0.00936155  0.00000000  0.09413791  0.08887170  0.13768016  0.16045589  0.18395820  0.37355697  0.37355697  0.37355697  0.36587472  0.36587472  0.39709635  0.42141268  0.38132016  0.38132016  
11_0_0     0.07329522  0.09413791  0.09413791  0.00000000  0.00466591  0.09944203  0.11558742  0.13768016  0.35074642  0.34329719  0.34329719  0.33592252  0.33592252  0.39709635  0.40511295  0.37355697  0.37355697  
4_0_0      0.06817539  0.08887170  0.08887170  0.00466591  0.00000000  0.09413791  0.11016622  0.13209456  0.34329719  0.33592252  0.33592252  0.32862093  0.32862093  0.38916603  0.39709635  0.36587472  0.36587472  
5_0_0      0.09944203  0.12655099  0.13768016  0.09944203  0.09413791  0.00000000  0.12655099  0.12655099  0.35827174  0.32862093  0.32862093  0.32862093  0.32862093  0.38132016  0.42141268  0.37355697  0.37355697  
10_0_0     0.09944203  0.16045589  0.16045589  0.11558742  0.11016622  0.12655099  0.00000000  0.01884358  0.31423131  0.32862093  0.32862093  0.31423131  0.31423131  0.36587472  0.38916603  0.38916603  0.37355697  
10_1_0     0.11016622  0.18395820  0.18395820  0.13768016  0.13209456  0.12655099  0.01884358  0.00000000  0.28626870  0.30011736  0.30011736  0.28626870  0.28626870  0.35074642  0.38916603  0.38916603  0.37355697  
14_0_0     0.34329719  0.35827174  0.37355697  0.35074642  0.34329719  0.35827174  0.31423131  0.28626870  0.00000000  0.05804124  0.04804459  0.05804124  0.05804124  0.18995282  0.25274478  0.20823497  0.20823497  
18_0_0     0.34329719  0.35827174  0.37355697  0.34329719  0.33592252  0.32862093  0.32862093  0.30011736  0.05804124  0.00000000  0.02844923  0.03818177  0.03818177  0.16626156  0.23975097  0.17801197  0.17801197  
18_2_0     0.34329719  0.35827174  0.37355697  0.34329719  0.33592252  0.32862093  0.32862093  0.30011736  0.04804459  0.02844923  0.00000000  0.03818177  0.03818177  0.16626156  0.23975097  0.18395820  0.18395820  
17_0_0     0.32862093  0.35074642  0.36587472  0.33592252  0.32862093  0.32862093  0.31423131  0.28626870  0.05804124  0.03818177  0.03818177  0.00000000  0.00000000  0.16626156  0.25274478  0.18395820  0.18395820  
15_0_0     0.32862093  0.35074642  0.36587472  0.33592252  0.32862093  0.32862093  0.31423131  0.28626870  0.05804124  0.03818177  0.03818177  0.00000000  0.00000000  0.16626156  0.25274478  0.18395820  0.18395820  
16_0_0     0.39709635  0.38132016  0.39709635  0.39709635  0.38916603  0.38132016  0.36587472  0.35074642  0.18995282  0.16626156  0.16626156  0.16626156  0.16626156  0.00000000  0.13209456  0.07329522  0.07329522  
20_0_0     0.38916603  0.43808117  0.42141268  0.40511295  0.39709635  0.42141268  0.38916603  0.38916603  0.25274478  0.23975097  0.23975097  0.25274478  0.25274478  0.13209456  0.00000000  0.09413791  0.09413791  
13_0_0     0.38916603  0.36587472  0.38132016  0.37355697  0.36587472  0.37355697  0.38916603  0.38916603  0.20823497  0.17801197  0.18395820  0.18395820  0.18395820  0.07329522  0.09413791  0.00000000  0.00936155  
19_0_0     0.37355697  0.36587472  0.38132016  0.37355697  0.36587472  0.37355697  0.37355697  0.37355697  0.20823497  0.17801197  0.18395820  0.18395820  0.18395820  0.07329522  0.09413791  0.00936155  0.00000000  

