50
77_0_0     0.00000000  0.08256422  0.08256422  0.25195222  0.41510154  0.45253905  0.49197190  0.49197190  0.37082033  0.35382405  0.36227339  0.37946713  0.36227339  0.35382405  0.35382405  0.36227339  0.39706987  0.41510154  0.48191495  0.48191495  0.48191495  0.52298974  0.66196834  0.58922125  0.58922125  0.54441497  0.60085992  0.56647905  0.68789832  0.61268457  0.55536478  0.66196834  0.50216740  0.51250534  0.53362482  0.91821505  0.51250534  0.54441497  0.54441497  0.51250534  0.57776279  0.57776279  0.56647905  0.68789832  0.71476996  0.66196834  0.49197190  0.51250534  0.50216740  0.51250534  
92_0_0     0.08256422  0.00000000  0.00000000  0.23030929  0.40603078  0.42428486  0.50216740  0.50216740  0.39706987  0.37946713  0.40603078  0.40603078  0.38821616  0.37946713  0.43358357  0.38821616  0.42428486  0.44300062  0.50216740  0.50216740  0.50216740  0.56647905  0.66196834  0.54441497  0.61268457  0.57776279  0.51250534  0.56647905  0.64933629  0.56647905  0.53362482  0.64933629  0.48191495  0.49197190  0.51250534  0.93645014  0.53362482  0.56647905  0.56647905  0.52298974  0.60085992  0.60085992  0.56647905  0.67481976  0.70121217  0.67481976  0.53362482  0.55536478  0.54441497  0.51250534  
72_0_0     0.08256422  0.00000000  0.00000000  0.23030929  0.40603078  0.42428486  0.50216740  0.50216740  0.39706987  0.37946713  0.40603078  0.40603078  0.38821616  0.37946713  0.43358357  0.38821616  0.42428486  0.44300062  0.50216740  0.50216740  0.50216740  0.56647905  0.66196834  0.54441497  0.61268457  0.57776279  0.51250534  0.56647905  0.64933629  0.56647905  0.53362482  0.64933629  0.48191495  0.49197190  0.51250534  0.93645014  0.53362482  0.56647905  0.56647905  0.52298974  0.60085992  0.60085992  0.56647905  0.67481976  0.70121217  0.67481976  0.53362482  0.55536478  0.54441497  0.51250534  
97_0_0     0.25195222  0.23030929  0.23030929  0.00000000  0.32903986  0.31296652  0.49197190  0.49197190  0.23030929  0.24466736  0.22323340  0.23745350  0.25195222  0.24466736  0.27424725  0.23745350  0.25930952  0.27424725  0.52298974  0.52298974  0.51250534  0.48191495  0.55536478  0.52298974  0.49197190  0.54441497  0.54441497  0.55536478  0.68789832  0.55536478  0.57776279  0.60085992  0.46220203  0.47199285  0.49197190  0.77163051  0.48191495  0.49197190  0.49197190  0.51250534  0.55536478  0.55536478  0.54441497  0.60085992  0.60085992  0.70121217  0.54441497  0.52298974  0.51250534  0.51250534  
69_1_0     0.41510154  0.40603078  0.40603078  0.32903986  0.00000000  0.03192900  0.38821616  0.38821616  0.15596388  0.16242224  0.16242224  0.16242224  0.14321383  0.13692024  0.17551056  0.14321383  0.14956139  0.17551056  0.55536478  0.55536478  0.51250534  0.57776279  0.56647905  0.49197190  0.46220203  0.55536478  0.58922125  0.48191495  0.68789832  0.51250534  0.49197190  0.47199285  0.58922125  0.58922125  0.61268457  0.68789832  0.54441497  0.55536478  0.57776279  0.52298974  0.47199285  0.47199285  0.50216740  0.57776279  0.53362482  0.57776279  0.55536478  0.57776279  0.58922125  0.58922125  
94_1_0     0.45253905  0.42428486  0.42428486  0.31296652  0.03192900  0.00000000  0.38821616  0.38821616  0.14956139  0.15596388  0.14321383  0.14321383  0.14956139  0.14321383  0.16893747  0.13692024  0.14956139  0.17551056  0.58922125  0.58922125  0.51250534  0.56647905  0.55536478  0.48191495  0.47199285  0.54441497  0.58922125  0.50216740  0.68789832  0.52298974  0.52298974  0.48191495  0.55536478  0.55536478  0.57776279  0.68789832  0.53362482  0.54441497  0.56647905  0.52298974  0.47199285  0.47199285  0.50216740  0.60085992  0.55536478  0.55536478  0.56647905  0.56647905  0.57776279  0.60085992  
98_1_0     0.49197190  0.50216740  0.50216740  0.49197190  0.38821616  0.38821616  0.00000000  0.01049068  0.39706987  0.42428486  0.39706987  0.36227339  0.36227339  0.37082033  0.36227339  0.37946713  0.38821616  0.40603078  0.49197190  0.49197190  0.48191495  0.48191495  0.54441497  0.49197190  0.49197190  0.60085992  0.50216740  0.47199285  0.70121217  0.52298974  0.52298974  0.48191495  0.51250534  0.53362482  0.52298974  0.95514595  0.51250534  0.54441497  0.50216740  0.47199285  0.44300062  0.44300062  0.43358357  0.71476996  0.70121217  0.66196834  0.52298974  0.52298974  0.53362482  0.51250534  
81_1_0     0.49197190  0.50216740  0.50216740  0.49197190  0.38821616  0.38821616  0.01049068  0.00000000  0.39706987  0.42428486  0.41510154  0.37946713  0.36227339  0.37082033  0.37946713  0.37946713  0.38821616  0.40603078  0.49197190  0.49197190  0.47199285  0.48191495  0.56647905  0.51250534  0.49197190  0.60085992  0.48191495  0.47199285  0.67481976  0.52298974  0.52298974  0.48191495  0.53362482  0.53362482  0.52298974  0.99401714  0.53362482  0.54441497  0.50216740  0.49197190  0.46220203  0.46220203  0.45253905  0.68789832  0.70121217  0.66196834  0.54441497  0.54441497  0.55536478  0.53362482  
94_4_0     0.37082033  0.39706987  0.39706987  0.23030929  0.15596388  0.14956139  0.39706987  0.39706987  0.00000000  0.02651092  0.05400697  0.04288566  0.03192900  0.02651092  0.09430300  0.01049068  0.07100875  0.09430300  0.44300062  0.44300062  0.47199285  0.45253905  0.53362482  0.44300062  0.46220203  0.45253905  0.49197190  0.51250534  0.71476996  0.49197190  0.53362482  0.52298974  0.49197190  0.51250534  0.53362482  0.72858078  0.46220203  0.49197190  0.51250534  0.46220203  0.41510154  0.41510154  0.44300062  0.57776279  0.56647905  0.61268457  0.48191495  0.50216740  0.51250534  0.51250534  
69_4_0     0.35382405  0.37946713  0.37946713  0.24466736  0.16242224  0.15596388  0.42428486  0.42428486  0.02651092  0.00000000  0.07100875  0.05963094  0.04842542  0.04288566  0.11226787  0.02651092  0.09430300  0.11835440  0.42428486  0.42428486  0.47199285  0.45253905  0.53362482  0.46220203  0.45253905  0.46220203  0.47199285  0.48191495  0.68789832  0.49197190  0.51250534  0.51250534  0.47199285  0.49197190  0.51250534  0.72858078  0.46220203  0.49197190  0.51250534  0.46220203  0.43358357  0.43358357  0.46220203  0.62470124  0.60085992  0.64933629  0.46220203  0.48191495  0.49197190  0.49197190  
94_3_0     0.36227339  0.40603078  0.40603078  0.22323340  0.16242224  0.14321383  0.39706987  0.41510154  0.05400697  0.07100875  0.00000000  0.02113221  0.07676393  0.07100875  0.10623099  0.05400697  0.11226787  0.13692024  0.49197190  0.49197190  0.48191495  0.46220203  0.50216740  0.43358357  0.50216740  0.47199285  0.54441497  0.53362482  0.71476996  0.52298974  0.54441497  0.52298974  0.46220203  0.48191495  0.48191495  0.62470124  0.43358357  0.46220203  0.48191495  0.47199285  0.45253905  0.45253905  0.46220203  0.63691626  0.58922125  0.61268457  0.49197190  0.51250534  0.50216740  0.48191495  
69_3_0     0.37946713  0.40603078  0.40603078  0.23745350  0.16242224  0.14321383  0.36227339  0.37946713  0.04288566  0.05963094  0.02113221  0.00000000  0.06529798  0.05963094  0.11835440  0.04288566  0.11226787  0.13692024  0.47199285  0.47199285  0.48191495  0.46220203  0.52298974  0.43358357  0.48191495  0.45253905  0.52298974  0.53362482  0.71476996  0.50216740  0.56647905  0.52298974  0.46220203  0.48191495  0.50216740  0.66196834  0.41510154  0.44300062  0.46220203  0.45253905  0.42428486  0.42428486  0.45253905  0.61268457  0.56647905  0.58922125  0.47199285  0.51250534  0.50216740  0.48191495  
94_0_0     0.36227339  0.38821616  0.38821616  0.25195222  0.14321383  0.14956139  0.36227339  0.36227339  0.03192900  0.04842542  0.07676393  0.06529798  0.00000000  0.00522675  0.10623099  0.02113221  0.07676393  0.10024296  0.45253905  0.45253905  0.46220203  0.46220203  0.52298974  0.43358357  0.40603078  0.47199285  0.50216740  0.49197190  0.68789832  0.47199285  0.51250534  0.49197190  0.50216740  0.52298974  0.54441497  0.74265425  0.47199285  0.50216740  0.52298974  0.45253905  0.38821616  0.38821616  0.41510154  0.52298974  0.52298974  0.56647905  0.49197190  0.53362482  0.54441497  0.52298974  
69_0_0     0.35382405  0.37946713  0.37946713  0.24466736  0.13692024  0.14321383  0.37082033  0.37082033  0.02651092  0.04288566  0.07100875  0.05963094  0.00522675  0.00000000  0.10024296  0.01579231  0.07100875  0.09430300  0.44300062  0.44300062  0.47199285  0.45253905  0.51250534  0.42428486  0.41510154  0.46220203  0.49197190  0.48191495  0.68789832  0.47199285  0.51250534  0.49197190  0.49197190  0.51250534  0.53362482  0.72858078  0.46220203  0.49197190  0.51250534  0.44300062  0.39706987  0.39706987  0.42428486  0.53362482  0.53362482  0.55536478  0.48191495  0.52298974  0.53362482  0.51250534  
69_2_0     0.35382405  0.43358357  0.43358357  0.27424725  0.17551056  0.16893747  0.36227339  0.37946713  0.09430300  0.11226787  0.10623099  0.11835440  0.10623099  0.10024296  0.00000000  0.08256422  0.11835440  0.14321383  0.45253905  0.45253905  0.46220203  0.48191495  0.52298974  0.47199285  0.46220203  0.46220203  0.55536478  0.51250534  0.75700057  0.56647905  0.56647905  0.55536478  0.49197190  0.51250534  0.53362482  0.74265425  0.51250534  0.54441497  0.54441497  0.49197190  0.43358357  0.43358357  0.46220203  0.63691626  0.58922125  0.61268457  0.49197190  0.49197190  0.50216740  0.50216740  
94_2_0     0.36227339  0.38821616  0.38821616  0.23745350  0.14321383  0.13692024  0.37946713  0.37946713  0.01049068  0.02651092  0.05400697  0.04288566  0.02113221  0.01579231  0.08256422  0.00000000  0.06529798  0.08841033  0.43358357  0.43358357  0.46220203  0.46220203  0.52298974  0.43358357  0.44300062  0.43358357  0.48191495  0.49197190  0.68789832  0.48191495  0.52298974  0.50216740  0.48191495  0.50216740  0.52298974  0.72858078  0.45253905  0.48191495  0.50216740  0.45253905  0.40603078  0.40603078  0.43358357  0.56647905  0.54441497  0.58922125  0.47199285  0.49197190  0.50216740  0.50216740  
98_0_0     0.39706987  0.42428486  0.42428486  0.25930952  0.14956139  0.14956139  0.38821616  0.38821616  0.07100875  0.09430300  0.11226787  0.11226787  0.07676393  0.07100875  0.11835440  0.06529798  0.00000000  0.02113221  0.44300062  0.44300062  0.50216740  0.45253905  0.50216740  0.43358357  0.48191495  0.50216740  0.52298974  0.49197190  0.75700057  0.46220203  0.50216740  0.50216740  0.50216740  0.52298974  0.52298974  0.72858078  0.47199285  0.50216740  0.52298974  0.45253905  0.40603078  0.40603078  0.43358357  0.60085992  0.60085992  0.64933629  0.49197190  0.51250534  0.52298974  0.50216740  
81_0_0     0.41510154  0.44300062  0.44300062  0.27424725  0.17551056  0.17551056  0.40603078  0.40603078  0.09430300  0.11835440  0.13692024  0.13692024  0.10024296  0.09430300  0.14321383  0.08841033  0.02113221  0.00000000  0.41510154  0.41510154  0.51250534  0.44300062  0.51250534  0.44300062  0.49197190  0.51250534  0.51250534  0.47199285  0.77163051  0.45253905  0.49197190  0.47199285  0.49197190  0.51250534  0.51250534  0.74265425  0.47199285  0.50216740  0.52298974  0.48191495  0.43358357  0.43358357  0.44300062  0.58922125  0.58922125  0.66196834  0.46220203  0.48191495  0.49197190  0.49197190  
80_0_0     0.48191495  0.50216740  0.50216740  0.52298974  0.55536478  0.58922125  0.49197190  0.49197190  0.44300062  0.42428486  0.49197190  0.47199285  0.45253905  0.44300062  0.45253905  0.43358357  0.44300062  0.41510154  0.00000000  0.00000000  0.16242224  0.18214256  0.18214256  0.14956139  0.23030929  0.36227339  0.16893747  0.22323340  0.60085992  0.17551056  0.21622452  0.28183073  0.20928139  0.20928139  0.22323340  0.67481976  0.13067973  0.14956139  0.16242224  0.14321383  0.25930952  0.25930952  0.26674069  0.44300062  0.48191495  0.47199285  0.11226787  0.14956139  0.14321383  0.18214256  
71_0_0     0.48191495  0.50216740  0.50216740  0.52298974  0.55536478  0.58922125  0.49197190  0.49197190  0.44300062  0.42428486  0.49197190  0.47199285  0.45253905  0.44300062  0.45253905  0.43358357  0.44300062  0.41510154  0.00000000  0.00000000  0.16242224  0.18214256  0.18214256  0.14956139  0.23030929  0.36227339  0.16893747  0.22323340  0.60085992  0.17551056  0.21622452  0.28183073  0.20928139  0.20928139  0.22323340  0.67481976  0.13067973  0.14956139  0.16242224  0.14321383  0.25930952  0.25930952  0.26674069  0.44300062  0.48191495  0.47199285  0.11226787  0.14956139  0.14321383  0.18214256  
93_0_0     0.48191495  0.50216740  0.50216740  0.51250534  0.51250534  0.51250534  0.48191495  0.47199285  0.47199285  0.47199285  0.48191495  0.48191495  0.46220203  0.47199285  0.46220203  0.46220203  0.50216740  0.51250534  0.16242224  0.16242224  0.00000000  0.30505890  0.26674069  0.23030929  0.28949273  0.38821616  0.24466736  0.25195222  0.58922125  0.26674069  0.29723489  0.33720938  0.23030929  0.23745350  0.28183073  0.68789832  0.20240281  0.21622452  0.20240281  0.18214256  0.25930952  0.25930952  0.25195222  0.53362482  0.57776279  0.56647905  0.19558758  0.18214256  0.18883454  0.21622452  
85_0_0     0.52298974  0.56647905  0.56647905  0.48191495  0.57776279  0.56647905  0.48191495  0.48191495  0.45253905  0.45253905  0.46220203  0.46220203  0.46220203  0.45253905  0.48191495  0.46220203  0.45253905  0.44300062  0.18214256  0.18214256  0.30505890  0.00000000  0.28949273  0.26674069  0.27424725  0.37082033  0.31296652  0.32903986  0.63691626  0.30505890  0.28949273  0.33720938  0.29723489  0.29723489  0.26674069  0.55536478  0.24466736  0.26674069  0.28183073  0.20240281  0.28183073  0.28183073  0.30505890  0.51250534  0.54441497  0.49197190  0.24466736  0.25930952  0.25195222  0.25195222  
67_0_0     0.66196834  0.66196834  0.66196834  0.55536478  0.56647905  0.55536478  0.54441497  0.56647905  0.53362482  0.53362482  0.50216740  0.52298974  0.52298974  0.51250534  0.52298974  0.52298974  0.50216740  0.51250534  0.18214256  0.18214256  0.26674069  0.28949273  0.00000000  0.07100875  0.20928139  0.45253905  0.28183073  0.29723489  0.71476996  0.33720938  0.35382405  0.32903986  0.29723489  0.30505890  0.27424725  0.54441497  0.23030929  0.23030929  0.24466736  0.22323340  0.29723489  0.29723489  0.32095955  0.55536478  0.57776279  0.56647905  0.24466736  0.25930952  0.25195222  0.23745350  
76_0_0     0.58922125  0.54441497  0.54441497  0.52298974  0.49197190  0.48191495  0.49197190  0.51250534  0.44300062  0.46220203  0.43358357  0.43358357  0.43358357  0.42428486  0.47199285  0.43358357  0.43358357  0.44300062  0.14956139  0.14956139  0.23030929  0.26674069  0.07100875  0.00000000  0.18883454  0.38821616  0.23745350  0.31296652  0.66196834  0.25195222  0.26674069  0.31296652  0.28183073  0.28949273  0.25930952  0.56647905  0.19558758  0.21622452  0.23030929  0.18883454  0.28183073  0.28183073  0.30505890  0.49197190  0.51250534  0.48191495  0.20928139  0.23745350  0.23030929  0.20240281  
74_0_0     0.58922125  0.61268457  0.61268457  0.49197190  0.46220203  0.47199285  0.49197190  0.49197190  0.46220203  0.45253905  0.50216740  0.48191495  0.40603078  0.41510154  0.46220203  0.44300062  0.48191495  0.49197190  0.23030929  0.23030929  0.28949273  0.27424725  0.20928139  0.18883454  0.00000000  0.43358357  0.32095955  0.32903986  0.70121217  0.31296652  0.29723489  0.31296652  0.28949273  0.29723489  0.33720938  0.60085992  0.24466736  0.26674069  0.26674069  0.24466736  0.30505890  0.30505890  0.32903986  0.48191495  0.50216740  0.51250534  0.23030929  0.25930952  0.25195222  0.29723489  
79_0_0     0.54441497  0.57776279  0.57776279  0.54441497  0.55536478  0.54441497  0.60085992  0.60085992  0.45253905  0.46220203  0.47199285  0.45253905  0.47199285  0.46220203  0.46220203  0.43358357  0.50216740  0.51250534  0.36227339  0.36227339  0.38821616  0.37082033  0.45253905  0.38821616  0.43358357  0.00000000  0.38821616  0.49197190  0.63691626  0.46220203  0.44300062  0.46220203  0.42428486  0.44300062  0.47199285  0.70121217  0.40603078  0.41510154  0.43358357  0.40603078  0.45253905  0.45253905  0.48191495  0.57776279  0.57776279  0.56647905  0.41510154  0.41510154  0.40603078  0.38821616  
79_5_0     0.60085992  0.51250534  0.51250534  0.54441497  0.58922125  0.58922125  0.50216740  0.48191495  0.49197190  0.47199285  0.54441497  0.52298974  0.50216740  0.49197190  0.55536478  0.48191495  0.52298974  0.51250534  0.16893747  0.16893747  0.24466736  0.31296652  0.28183073  0.23745350  0.32095955  0.38821616  0.00000000  0.26674069  0.66196834  0.23030929  0.26674069  0.28183073  0.28183073  0.26674069  0.28183073  0.66196834  0.23030929  0.22323340  0.22323340  0.21622452  0.27424725  0.27424725  0.26674069  0.56647905  0.61268457  0.58922125  0.23745350  0.25195222  0.24466736  0.25930952  
85_5_0     0.56647905  0.56647905  0.56647905  0.55536478  0.48191495  0.50216740  0.47199285  0.47199285  0.51250534  0.48191495  0.53362482  0.53362482  0.49197190  0.48191495  0.51250534  0.49197190  0.49197190  0.47199285  0.22323340  0.22323340  0.25195222  0.32903986  0.29723489  0.31296652  0.32903986  0.49197190  0.26674069  0.00000000  0.54441497  0.25195222  0.28183073  0.29723489  0.32095955  0.33720938  0.37082033  0.66196834  0.26674069  0.28949273  0.30505890  0.25930952  0.28183073  0.28183073  0.28949273  0.57776279  0.60085992  0.54441497  0.28949273  0.28949273  0.29723489  0.29723489  
93_5_0     0.68789832  0.64933629  0.64933629  0.68789832  0.68789832  0.68789832  0.70121217  0.67481976  0.71476996  0.68789832  0.71476996  0.71476996  0.68789832  0.68789832  0.75700057  0.68789832  0.75700057  0.77163051  0.60085992  0.60085992  0.58922125  0.63691626  0.71476996  0.66196834  0.70121217  0.63691626  0.66196834  0.54441497  0.00000000  0.57776279  0.57776279  0.62470124  0.54441497  0.54441497  0.56647905  0.88303992  0.63691626  0.62470124  0.63691626  0.66196834  0.64933629  0.64933629  0.67481976  0.81734013  0.81734013  0.71476996  0.67481976  0.64933629  0.63691626  0.58922125  
67_5_0     0.61268457  0.56647905  0.56647905  0.55536478  0.51250534  0.52298974  0.52298974  0.52298974  0.49197190  0.49197190  0.52298974  0.50216740  0.47199285  0.47199285  0.56647905  0.48191495  0.46220203  0.45253905  0.17551056  0.17551056  0.26674069  0.30505890  0.33720938  0.25195222  0.31296652  0.46220203  0.23030929  0.25195222  0.57776279  0.00000000  0.08841033  0.18883454  0.25930952  0.25930952  0.27424725  0.67481976  0.16893747  0.18214256  0.18883454  0.19558758  0.28949273  0.28949273  0.28183073  0.50216740  0.52298974  0.52298974  0.18883454  0.20240281  0.19558758  0.22323340  
76_5_0     0.55536478  0.53362482  0.53362482  0.57776279  0.49197190  0.52298974  0.52298974  0.52298974  0.53362482  0.51250534  0.54441497  0.56647905  0.51250534  0.51250534  0.56647905  0.52298974  0.50216740  0.49197190  0.21622452  0.21622452  0.29723489  0.28949273  0.35382405  0.26674069  0.29723489  0.44300062  0.26674069  0.28183073  0.57776279  0.08841033  0.00000000  0.15596388  0.28949273  0.28949273  0.27424725  0.66196834  0.20928139  0.23030929  0.21622452  0.23030929  0.32903986  0.32903986  0.32095955  0.53362482  0.55536478  0.55536478  0.18883454  0.21622452  0.20928139  0.23745350  
74_5_0     0.66196834  0.64933629  0.64933629  0.60085992  0.47199285  0.48191495  0.48191495  0.48191495  0.52298974  0.51250534  0.52298974  0.52298974  0.49197190  0.49197190  0.55536478  0.50216740  0.50216740  0.47199285  0.28183073  0.28183073  0.33720938  0.33720938  0.32903986  0.31296652  0.31296652  0.46220203  0.28183073  0.29723489  0.62470124  0.18883454  0.15596388  0.00000000  0.31296652  0.32903986  0.32903986  0.60085992  0.28183073  0.29723489  0.28183073  0.29723489  0.32095955  0.32095955  0.31296652  0.53362482  0.53362482  0.57776279  0.25930952  0.27424725  0.26674069  0.32095955  
95_0_0     0.50216740  0.48191495  0.48191495  0.46220203  0.58922125  0.55536478  0.51250534  0.53362482  0.49197190  0.47199285  0.46220203  0.46220203  0.50216740  0.49197190  0.49197190  0.48191495  0.50216740  0.49197190  0.20928139  0.20928139  0.23030929  0.29723489  0.29723489  0.28183073  0.28949273  0.42428486  0.28183073  0.32095955  0.54441497  0.25930952  0.28949273  0.31296652  0.00000000  0.01049068  0.04842542  0.63691626  0.16893747  0.17551056  0.16242224  0.23745350  0.32903986  0.32903986  0.32095955  0.60085992  0.62470124  0.58922125  0.18883454  0.20240281  0.19558758  0.22323340  
73_0_0     0.51250534  0.49197190  0.49197190  0.47199285  0.58922125  0.55536478  0.53362482  0.53362482  0.51250534  0.49197190  0.48191495  0.48191495  0.52298974  0.51250534  0.51250534  0.50216740  0.52298974  0.51250534  0.20928139  0.20928139  0.23745350  0.29723489  0.30505890  0.28949273  0.29723489  0.44300062  0.26674069  0.33720938  0.54441497  0.25930952  0.28949273  0.32903986  0.01049068  0.00000000  0.03738705  0.63691626  0.16893747  0.16242224  0.14956139  0.23745350  0.34547008  0.34547008  0.33720938  0.60085992  0.62470124  0.58922125  0.18883454  0.20240281  0.19558758  0.22323340  
66_0_0     0.53362482  0.51250534  0.51250534  0.49197190  0.61268457  0.57776279  0.52298974  0.52298974  0.53362482  0.51250534  0.48191495  0.50216740  0.54441497  0.53362482  0.53362482  0.52298974  0.52298974  0.51250534  0.22323340  0.22323340  0.28183073  0.26674069  0.27424725  0.25930952  0.33720938  0.47199285  0.28183073  0.37082033  0.56647905  0.27424725  0.27424725  0.32903986  0.04842542  0.03738705  0.00000000  0.63691626  0.16893747  0.16242224  0.14956139  0.24466736  0.35382405  0.35382405  0.34547008  0.63691626  0.66196834  0.62470124  0.20240281  0.21622452  0.20928139  0.23745350  
83_0_0     0.91821505  0.93645014  0.93645014  0.77163051  0.68789832  0.68789832  0.95514595  0.99401714  0.72858078  0.72858078  0.62470124  0.66196834  0.74265425  0.72858078  0.74265425  0.72858078  0.72858078  0.74265425  0.67481976  0.67481976  0.68789832  0.55536478  0.54441497  0.56647905  0.60085992  0.70121217  0.66196834  0.66196834  0.88303992  0.67481976  0.66196834  0.60085992  0.63691626  0.63691626  0.63691626  0.00000000  0.61268457  0.60085992  0.58922125  0.61268457  0.62470124  0.62470124  0.64933629  0.71476996  0.66196834  0.64933629  0.60085992  0.58922125  0.57776279  0.54441497  
84_0_0     0.51250534  0.53362482  0.53362482  0.48191495  0.54441497  0.53362482  0.51250534  0.53362482  0.46220203  0.46220203  0.43358357  0.41510154  0.47199285  0.46220203  0.51250534  0.45253905  0.47199285  0.47199285  0.13067973  0.13067973  0.20240281  0.24466736  0.23030929  0.19558758  0.24466736  0.40603078  0.23030929  0.26674069  0.63691626  0.16893747  0.20928139  0.28183073  0.16893747  0.16893747  0.16893747  0.61268457  0.00000000  0.02651092  0.03738705  0.10623099  0.23745350  0.23745350  0.25195222  0.55536478  0.57776279  0.54441497  0.08256422  0.11835440  0.11226787  0.14321383  
99_0_0     0.54441497  0.56647905  0.56647905  0.49197190  0.55536478  0.54441497  0.54441497  0.54441497  0.49197190  0.49197190  0.46220203  0.44300062  0.50216740  0.49197190  0.54441497  0.48191495  0.50216740  0.50216740  0.14956139  0.14956139  0.21622452  0.26674069  0.23030929  0.21622452  0.26674069  0.41510154  0.22323340  0.28949273  0.62470124  0.18214256  0.23030929  0.29723489  0.17551056  0.16242224  0.16242224  0.60085992  0.02651092  0.00000000  0.02113221  0.12449140  0.25930952  0.25930952  0.27424725  0.54441497  0.56647905  0.53362482  0.08841033  0.12449140  0.11835440  0.14956139  
100_0_0    0.54441497  0.56647905  0.56647905  0.49197190  0.57776279  0.56647905  0.50216740  0.50216740  0.51250534  0.51250534  0.48191495  0.46220203  0.52298974  0.51250534  0.54441497  0.50216740  0.52298974  0.52298974  0.16242224  0.16242224  0.20240281  0.28183073  0.24466736  0.23030929  0.26674069  0.43358357  0.22323340  0.30505890  0.63691626  0.18883454  0.21622452  0.28183073  0.16242224  0.14956139  0.14956139  0.58922125  0.03738705  0.02113221  0.00000000  0.13692024  0.27424725  0.27424725  0.27424725  0.56647905  0.58922125  0.55536478  0.07676393  0.11226787  0.10623099  0.13692024  
70_7_0     0.51250534  0.52298974  0.52298974  0.51250534  0.52298974  0.52298974  0.47199285  0.49197190  0.46220203  0.46220203  0.47199285  0.45253905  0.45253905  0.44300062  0.49197190  0.45253905  0.45253905  0.48191495  0.14321383  0.14321383  0.18214256  0.20240281  0.22323340  0.18883454  0.24466736  0.40603078  0.21622452  0.25930952  0.66196834  0.19558758  0.23030929  0.29723489  0.23745350  0.23745350  0.24466736  0.61268457  0.10623099  0.12449140  0.13692024  0.00000000  0.12449140  0.12449140  0.14321383  0.53362482  0.55536478  0.50216740  0.13067973  0.14956139  0.14321383  0.16242224  
90_7_0     0.57776279  0.60085992  0.60085992  0.55536478  0.47199285  0.47199285  0.44300062  0.46220203  0.41510154  0.43358357  0.45253905  0.42428486  0.38821616  0.39706987  0.43358357  0.40603078  0.40603078  0.43358357  0.25930952  0.25930952  0.25930952  0.28183073  0.29723489  0.28183073  0.30505890  0.45253905  0.27424725  0.28183073  0.64933629  0.28949273  0.32903986  0.32095955  0.32903986  0.34547008  0.35382405  0.62470124  0.23745350  0.25930952  0.27424725  0.12449140  0.00000000  0.00000000  0.02651092  0.50216740  0.52298974  0.51250534  0.25195222  0.26674069  0.25930952  0.25195222  
87_7_0     0.57776279  0.60085992  0.60085992  0.55536478  0.47199285  0.47199285  0.44300062  0.46220203  0.41510154  0.43358357  0.45253905  0.42428486  0.38821616  0.39706987  0.43358357  0.40603078  0.40603078  0.43358357  0.25930952  0.25930952  0.25930952  0.28183073  0.29723489  0.28183073  0.30505890  0.45253905  0.27424725  0.28183073  0.64933629  0.28949273  0.32903986  0.32095955  0.32903986  0.34547008  0.35382405  0.62470124  0.23745350  0.25930952  0.27424725  0.12449140  0.00000000  0.00000000  0.02651092  0.50216740  0.52298974  0.51250534  0.25195222  0.26674069  0.25930952  0.25195222  
82_7_0     0.56647905  0.56647905  0.56647905  0.54441497  0.50216740  0.50216740  0.43358357  0.45253905  0.44300062  0.46220203  0.46220203  0.45253905  0.41510154  0.42428486  0.46220203  0.43358357  0.43358357  0.44300062  0.26674069  0.26674069  0.25195222  0.30505890  0.32095955  0.30505890  0.32903986  0.48191495  0.26674069  0.28949273  0.67481976  0.28183073  0.32095955  0.31296652  0.32095955  0.33720938  0.34547008  0.64933629  0.25195222  0.27424725  0.27424725  0.14321383  0.02651092  0.02651092  0.00000000  0.52298974  0.54441497  0.53362482  0.25930952  0.27424725  0.26674069  0.27424725  
75_0_0     0.68789832  0.67481976  0.67481976  0.60085992  0.57776279  0.60085992  0.71476996  0.68789832  0.57776279  0.62470124  0.63691626  0.61268457  0.52298974  0.53362482  0.63691626  0.56647905  0.60085992  0.58922125  0.44300062  0.44300062  0.53362482  0.51250534  0.55536478  0.49197190  0.48191495  0.57776279  0.56647905  0.57776279  0.81734013  0.50216740  0.53362482  0.53362482  0.60085992  0.60085992  0.63691626  0.71476996  0.55536478  0.54441497  0.56647905  0.53362482  0.50216740  0.50216740  0.52298974  0.00000000  0.02113221  0.07100875  0.50216740  0.54441497  0.53362482  0.56647905  
68_0_0     0.71476996  0.70121217  0.70121217  0.60085992  0.53362482  0.55536478  0.70121217  0.70121217  0.56647905  0.60085992  0.58922125  0.56647905  0.52298974  0.53362482  0.58922125  0.54441497  0.60085992  0.58922125  0.48191495  0.48191495  0.57776279  0.54441497  0.57776279  0.51250534  0.50216740  0.57776279  0.61268457  0.60085992  0.81734013  0.52298974  0.55536478  0.53362482  0.62470124  0.62470124  0.66196834  0.66196834  0.57776279  0.56647905  0.58922125  0.55536478  0.52298974  0.52298974  0.54441497  0.02113221  0.00000000  0.07100875  0.52298974  0.54441497  0.53362482  0.56647905  
96_0_0     0.66196834  0.67481976  0.67481976  0.70121217  0.57776279  0.55536478  0.66196834  0.66196834  0.61268457  0.64933629  0.61268457  0.58922125  0.56647905  0.55536478  0.61268457  0.58922125  0.64933629  0.66196834  0.47199285  0.47199285  0.56647905  0.49197190  0.56647905  0.48191495  0.51250534  0.56647905  0.58922125  0.54441497  0.71476996  0.52298974  0.55536478  0.57776279  0.58922125  0.58922125  0.62470124  0.64933629  0.54441497  0.53362482  0.55536478  0.50216740  0.51250534  0.51250534  0.53362482  0.07100875  0.07100875  0.00000000  0.51250534  0.55536478  0.54441497  0.55536478  
86_0_0     0.49197190  0.53362482  0.53362482  0.54441497  0.55536478  0.56647905  0.52298974  0.54441497  0.48191495  0.46220203  0.49197190  0.47199285  0.49197190  0.48191495  0.49197190  0.47199285  0.49197190  0.46220203  0.11226787  0.11226787  0.19558758  0.24466736  0.24466736  0.20928139  0.23030929  0.41510154  0.23745350  0.28949273  0.67481976  0.18883454  0.18883454  0.25930952  0.18883454  0.18883454  0.20240281  0.60085992  0.08256422  0.08841033  0.07676393  0.13067973  0.25195222  0.25195222  0.25930952  0.50216740  0.52298974  0.51250534  0.00000000  0.03192900  0.02651092  0.08256422  
91_0_0     0.51250534  0.55536478  0.55536478  0.52298974  0.57776279  0.56647905  0.52298974  0.54441497  0.50216740  0.48191495  0.51250534  0.51250534  0.53362482  0.52298974  0.49197190  0.49197190  0.51250534  0.48191495  0.14956139  0.14956139  0.18214256  0.25930952  0.25930952  0.23745350  0.25930952  0.41510154  0.25195222  0.28949273  0.64933629  0.20240281  0.21622452  0.27424725  0.20240281  0.20240281  0.21622452  0.58922125  0.11835440  0.12449140  0.11226787  0.14956139  0.26674069  0.26674069  0.27424725  0.54441497  0.54441497  0.55536478  0.03192900  0.00000000  0.00522675  0.07100875  
89_0_0     0.50216740  0.54441497  0.54441497  0.51250534  0.58922125  0.57776279  0.53362482  0.55536478  0.51250534  0.49197190  0.50216740  0.50216740  0.54441497  0.53362482  0.50216740  0.50216740  0.52298974  0.49197190  0.14321383  0.14321383  0.18883454  0.25195222  0.25195222  0.23030929  0.25195222  0.40603078  0.24466736  0.29723489  0.63691626  0.19558758  0.20928139  0.26674069  0.19558758  0.19558758  0.20928139  0.57776279  0.11226787  0.11835440  0.10623099  0.14321383  0.25930952  0.25930952  0.26674069  0.53362482  0.53362482  0.54441497  0.02651092  0.00522675  0.00000000  0.06529798  
88_0_0     0.51250534  0.51250534  0.51250534  0.51250534  0.58922125  0.60085992  0.51250534  0.53362482  0.51250534  0.49197190  0.48191495  0.48191495  0.52298974  0.51250534  0.50216740  0.50216740  0.50216740  0.49197190  0.18214256  0.18214256  0.21622452  0.25195222  0.23745350  0.20240281  0.29723489  0.38821616  0.25930952  0.29723489  0.58922125  0.22323340  0.23745350  0.32095955  0.22323340  0.22323340  0.23745350  0.54441497  0.14321383  0.14956139  0.13692024  0.16242224  0.25195222  0.25195222  0.27424725  0.56647905  0.56647905  0.55536478  0.08256422  0.07100875  0.06529798  0.00000000  

