30
96_0_0     0.00000000  1.31471168  1.38176760  1.49540631  1.41773346  1.38176760  1.31471168  1.34747670  1.14387144  1.04865298  1.11888802  1.02665487  1.02665487  1.00529482  1.02665487  1.11888802  1.19653431  1.31471168  1.09472440  1.00529482  1.02665487  1.09472440  1.02665487  0.98453688  0.94469789  1.02665487  1.11888802  1.09472440  1.11888802  1.09472440  
36_4_0     1.31471168  0.00000000  0.12893549  0.12893549  0.10996678  0.07343501  0.19594394  0.52688658  0.53796453  0.48416956  0.47386652  0.51597280  0.54921167  0.53796453  0.58402194  0.51597280  0.48416956  0.54921167  0.49461878  0.53796453  0.52688658  0.58402194  0.54921167  0.52688658  0.56063325  0.56063325  0.53796453  0.53796453  0.53796453  0.51597280  
7_4_0      1.38176760  0.12893549  0.00000000  0.09147440  0.09147440  0.09758708  0.21729595  0.58402194  0.51597280  0.42440856  0.43403800  0.49461878  0.52688658  0.51597280  0.58402194  0.53796453  0.49461878  0.50521839  0.49461878  0.58402194  0.57223475  0.65900502  0.60817785  0.60817785  0.57223475  0.54921167  0.49461878  0.47386652  0.50521839  0.48416956  
20_16_0    1.49540631  0.12893549  0.09147440  0.00000000  0.07939918  0.07343501  0.21729595  0.57223475  0.48416956  0.41490340  0.40551936  0.48416956  0.51597280  0.50521839  0.52688658  0.48416956  0.46370564  0.49461878  0.50521839  0.58402194  0.54921167  0.63315304  0.60817785  0.58402194  0.58402194  0.58402194  0.50521839  0.48416956  0.51597280  0.51597280  
35_4_0     1.41773346  0.10996678  0.09147440  0.07939918  0.00000000  0.05004993  0.18204560  0.53796453  0.52688658  0.45368305  0.44379502  0.48416956  0.49461878  0.48416956  0.52688658  0.48416956  0.44379502  0.47386652  0.46370564  0.59600086  0.58402194  0.63315304  0.60817785  0.59600086  0.53796453  0.53796453  0.56063325  0.56063325  0.51597280  0.51597280  
20_4_0     1.38176760  0.07343501  0.09758708  0.07343501  0.05004993  0.00000000  0.16167786  0.53796453  0.50521839  0.43403800  0.42440856  0.46370564  0.49461878  0.48416956  0.54921167  0.48416956  0.44379502  0.49461878  0.46370564  0.58402194  0.57223475  0.62055958  0.59600086  0.56063325  0.53796453  0.53796453  0.51597280  0.49461878  0.48416956  0.48416956  
30_4_0     1.31471168  0.19594394  0.21729595  0.21729595  0.18204560  0.16167786  0.00000000  0.54921167  0.48416956  0.39625340  0.39625340  0.46370564  0.48416956  0.47386652  0.49461878  0.48416956  0.43403800  0.45368305  0.44379502  0.50521839  0.48416956  0.52688658  0.50521839  0.48416956  0.52688658  0.50521839  0.53796453  0.53796453  0.50521839  0.46370564  
33_14_0    1.34747670  0.52688658  0.58402194  0.57223475  0.53796453  0.53796453  0.54921167  0.00000000  0.25431875  0.33446409  0.30949165  0.39625340  0.37806404  0.38710256  0.43403800  0.36913510  0.38710256  0.39625340  0.44379502  0.59600086  0.62055958  0.60817785  0.56063325  0.58402194  0.52688658  0.56063325  0.57223475  0.54921167  0.56063325  0.54921167  
14_14_0    1.14387144  0.53796453  0.51597280  0.48416956  0.52688658  0.50521839  0.48416956  0.25431875  0.00000000  0.20299271  0.21010961  0.30135219  0.28533830  0.29330172  0.38710256  0.33446409  0.32604550  0.35159558  0.40551936  0.56063325  0.53796453  0.52688658  0.54921167  0.53796453  0.59600086  0.58402194  0.44379502  0.44379502  0.50521839  0.48416956  
18_18_0    1.04865298  0.48416956  0.42440856  0.41490340  0.45368305  0.43403800  0.39625340  0.33446409  0.20299271  0.00000000  0.06164965  0.16840471  0.15501189  0.16167786  0.21010961  0.18204560  0.26195201  0.30949165  0.26195201  0.48416956  0.48416956  0.50521839  0.47386652  0.48416956  0.44379502  0.45368305  0.39625340  0.37806404  0.45368305  0.43403800  
18_14_0    1.11888802  0.47386652  0.43403800  0.40551936  0.44379502  0.42440856  0.39625340  0.30949165  0.21010961  0.06164965  0.00000000  0.18204560  0.16840471  0.17519358  0.22455311  0.16840471  0.24676380  0.26966522  0.25431875  0.47386652  0.47386652  0.49461878  0.46370564  0.47386652  0.44379502  0.47386652  0.41490340  0.39625340  0.41490340  0.39625340  
11_14_0    1.02665487  0.51597280  0.49461878  0.48416956  0.48416956  0.46370564  0.46370564  0.39625340  0.30135219  0.16840471  0.18204560  0.00000000  0.02738461  0.02182562  0.09758708  0.07939918  0.32604550  0.39625340  0.26966522  0.54921167  0.58402194  0.58402194  0.53796453  0.54921167  0.51597280  0.50521839  0.47386652  0.45368305  0.49461878  0.49461878  
37_14_0    1.02665487  0.54921167  0.52688658  0.51597280  0.49461878  0.49461878  0.48416956  0.37806404  0.28533830  0.15501189  0.16840471  0.02738461  0.00000000  0.00539606  0.09147440  0.07343501  0.30949165  0.37806404  0.26966522  0.52688658  0.58402194  0.56063325  0.51597280  0.52688658  0.50521839  0.49461878  0.48416956  0.46370564  0.48416956  0.48416956  
37_17_0    1.00529482  0.53796453  0.51597280  0.50521839  0.48416956  0.48416956  0.47386652  0.38710256  0.29330172  0.16167786  0.17519358  0.02182562  0.00539606  0.00000000  0.08541204  0.06751876  0.31772206  0.38710256  0.26195201  0.53796453  0.59600086  0.57223475  0.52688658  0.53796453  0.51597280  0.50521839  0.49461878  0.47386652  0.49461878  0.49461878  
2_14_0     1.02665487  0.58402194  0.58402194  0.52688658  0.52688658  0.54921167  0.49461878  0.43403800  0.38710256  0.21010961  0.22455311  0.09758708  0.09147440  0.08541204  0.00000000  0.08541204  0.37806404  0.41490340  0.30949165  0.56063325  0.62055958  0.57223475  0.52688658  0.56063325  0.50521839  0.49461878  0.54921167  0.50521839  0.54921167  0.54921167  
34_14_0    1.11888802  0.51597280  0.53796453  0.48416956  0.48416956  0.48416956  0.48416956  0.36913510  0.33446409  0.18204560  0.16840471  0.07939918  0.07343501  0.06751876  0.08541204  0.00000000  0.36031313  0.37806404  0.27746006  0.50521839  0.53796453  0.53796453  0.49461878  0.49461878  0.50521839  0.51597280  0.52688658  0.52688658  0.52688658  0.52688658  
7_14_0     1.19653431  0.48416956  0.49461878  0.46370564  0.44379502  0.44379502  0.43403800  0.38710256  0.32604550  0.26195201  0.24676380  0.32604550  0.30949165  0.31772206  0.37806404  0.36031313  0.00000000  0.10996678  0.14840572  0.54921167  0.59600086  0.54921167  0.53796453  0.51597280  0.49461878  0.46370564  0.46370564  0.48416956  0.46370564  0.46370564  
20_14_0    1.31471168  0.54921167  0.50521839  0.49461878  0.47386652  0.49461878  0.45368305  0.39625340  0.35159558  0.30949165  0.26966522  0.39625340  0.37806404  0.38710256  0.41490340  0.37806404  0.10996678  0.00000000  0.16840471  0.54921167  0.62055958  0.62055958  0.58402194  0.53796453  0.50521839  0.47386652  0.52688658  0.54921167  0.48416956  0.48416956  
35_14_0    1.09472440  0.49461878  0.49461878  0.50521839  0.46370564  0.46370564  0.44379502  0.44379502  0.40551936  0.26195201  0.25431875  0.26966522  0.26966522  0.26195201  0.30949165  0.27746006  0.14840572  0.16840471  0.00000000  0.53796453  0.58402194  0.56063325  0.52688658  0.53796453  0.47386652  0.44379502  0.52688658  0.52688658  0.50521839  0.50521839  
1_7_0      1.00529482  0.53796453  0.58402194  0.58402194  0.59600086  0.58402194  0.50521839  0.59600086  0.56063325  0.48416956  0.47386652  0.54921167  0.52688658  0.53796453  0.56063325  0.50521839  0.54921167  0.54921167  0.53796453  0.00000000  0.05582695  0.05582695  0.02182562  0.03863008  0.43403800  0.41490340  0.42440856  0.43403800  0.39625340  0.38710256  
5_8_0      1.02665487  0.52688658  0.57223475  0.54921167  0.58402194  0.57223475  0.48416956  0.62055958  0.53796453  0.48416956  0.47386652  0.58402194  0.58402194  0.59600086  0.62055958  0.53796453  0.59600086  0.62055958  0.58402194  0.05582695  0.00000000  0.10375092  0.07939918  0.08541204  0.42440856  0.42440856  0.39625340  0.40551936  0.40551936  0.39625340  
5_7_0      1.09472440  0.58402194  0.65900502  0.63315304  0.63315304  0.62055958  0.52688658  0.60817785  0.52688658  0.50521839  0.49461878  0.58402194  0.56063325  0.57223475  0.57223475  0.53796453  0.54921167  0.62055958  0.56063325  0.05582695  0.10375092  0.00000000  0.03298588  0.07343501  0.44379502  0.42440856  0.46370564  0.47386652  0.44379502  0.43403800  
13_7_0     1.02665487  0.54921167  0.60817785  0.60817785  0.60817785  0.59600086  0.50521839  0.56063325  0.54921167  0.47386652  0.46370564  0.53796453  0.51597280  0.52688658  0.52688658  0.49461878  0.53796453  0.58402194  0.52688658  0.02182562  0.07939918  0.03298588  0.00000000  0.05004993  0.41490340  0.39625340  0.41490340  0.42440856  0.40551936  0.39625340  
10_7_0     0.98453688  0.52688658  0.60817785  0.58402194  0.59600086  0.56063325  0.48416956  0.58402194  0.53796453  0.48416956  0.47386652  0.54921167  0.52688658  0.53796453  0.56063325  0.49461878  0.51597280  0.53796453  0.53796453  0.03863008  0.08541204  0.07343501  0.05004993  0.00000000  0.40551936  0.39625340  0.40551936  0.41490340  0.39625340  0.38710256  
27_4_0     0.94469789  0.56063325  0.57223475  0.58402194  0.53796453  0.53796453  0.52688658  0.52688658  0.59600086  0.44379502  0.44379502  0.51597280  0.50521839  0.51597280  0.50521839  0.50521839  0.49461878  0.50521839  0.47386652  0.43403800  0.42440856  0.44379502  0.41490340  0.40551936  0.00000000  0.03863008  0.22455311  0.19594394  0.21010961  0.21729595  
16_4_0     1.02665487  0.56063325  0.54921167  0.58402194  0.53796453  0.53796453  0.50521839  0.56063325  0.58402194  0.45368305  0.47386652  0.50521839  0.49461878  0.50521839  0.49461878  0.51597280  0.46370564  0.47386652  0.44379502  0.41490340  0.42440856  0.42440856  0.39625340  0.39625340  0.03863008  0.00000000  0.20299271  0.17519358  0.18896198  0.19594394  
27_9_0     1.11888802  0.53796453  0.49461878  0.50521839  0.56063325  0.51597280  0.53796453  0.57223475  0.44379502  0.39625340  0.41490340  0.47386652  0.48416956  0.49461878  0.54921167  0.52688658  0.46370564  0.52688658  0.52688658  0.42440856  0.39625340  0.46370564  0.41490340  0.40551936  0.22455311  0.20299271  0.00000000  0.03298588  0.18204560  0.16167786  
16_9_0     1.09472440  0.53796453  0.47386652  0.48416956  0.56063325  0.49461878  0.53796453  0.54921167  0.44379502  0.37806404  0.39625340  0.45368305  0.46370564  0.47386652  0.50521839  0.52688658  0.48416956  0.54921167  0.52688658  0.43403800  0.40551936  0.47386652  0.42440856  0.41490340  0.19594394  0.17519358  0.03298588  0.00000000  0.15501189  0.14840572  
16_12_0    1.11888802  0.53796453  0.50521839  0.51597280  0.51597280  0.48416956  0.50521839  0.56063325  0.50521839  0.45368305  0.41490340  0.49461878  0.48416956  0.49461878  0.54921167  0.52688658  0.46370564  0.48416956  0.50521839  0.39625340  0.40551936  0.44379502  0.40551936  0.39625340  0.21010961  0.18896198  0.18204560  0.15501189  0.00000000  0.03298588  
27_12_0    1.09472440  0.51597280  0.48416956  0.51597280  0.51597280  0.48416956  0.46370564  0.54921167  0.48416956  0.43403800  0.39625340  0.49461878  0.48416956  0.49461878  0.54921167  0.52688658  0.46370564  0.48416956  0.50521839  0.38710256  0.39625340  0.43403800  0.39625340  0.38710256  0.21729595  0.19594394  0.16167786  0.14840572  0.03298588  0.00000000  

