26
29_0_0     0.00000000  0.02308896  0.02897726  0.02308896  0.01724783  0.02308896  0.21674221  0.24799578  0.23220158  0.23220158  0.23220158  0.24005592  0.23220158  0.06534189  0.07158295  0.07158295  0.07787788  0.17223828  0.16507803  0.09709543  0.09709543  0.08422762  0.08422762  0.20160378  0.20913371  0.24799578  
6_0_0      0.02308896  0.00000000  0.00570407  0.02897726  0.02897726  0.03491350  0.20160378  0.23220158  0.21674221  0.21674221  0.21674221  0.22443093  0.21674221  0.07158295  0.08422762  0.08422762  0.08422762  0.17223828  0.16507803  0.11019438  0.11019438  0.09709543  0.09709543  0.20160378  0.20913371  0.24005592  
77_0_0     0.02897726  0.00570407  0.00000000  0.03491350  0.03491350  0.04089845  0.20913371  0.22443093  0.22443093  0.22443093  0.22443093  0.23220158  0.22443093  0.07787788  0.09063314  0.07787788  0.07787788  0.16507803  0.15798739  0.11683315  0.11683315  0.10361549  0.10361549  0.20913371  0.21674221  0.24799578  
29_4_0     0.02308896  0.02897726  0.03491350  0.00000000  0.00570407  0.01145311  0.20913371  0.24005592  0.22443093  0.22443093  0.22443093  0.23220158  0.22443093  0.06534189  0.08422762  0.07158295  0.07787788  0.17946954  0.17223828  0.11019438  0.11019438  0.09709543  0.09709543  0.20160378  0.20913371  0.23220158  
77_4_0     0.01724783  0.02897726  0.03491350  0.00570407  0.00000000  0.00570407  0.20913371  0.24005592  0.22443093  0.22443093  0.22443093  0.23220158  0.22443093  0.07158295  0.07787788  0.06534189  0.07158295  0.17946954  0.17223828  0.10361549  0.10361549  0.09063314  0.09063314  0.19415080  0.20160378  0.24005592  
6_4_0      0.02308896  0.03491350  0.04089845  0.01145311  0.00570407  0.00000000  0.20160378  0.23220158  0.21674221  0.21674221  0.21674221  0.22443093  0.21674221  0.07787788  0.08422762  0.07158295  0.07787788  0.18677323  0.17946954  0.11019438  0.11019438  0.09709543  0.09709543  0.18677323  0.19415080  0.23220158  
51_0_0     0.21674221  0.20160378  0.20913371  0.20913371  0.20913371  0.20160378  0.00000000  0.02897726  0.02308896  0.02308896  0.02308896  0.02897726  0.05915379  0.24799578  0.24005592  0.25602304  0.26413965  0.34156576  0.33254557  0.28904600  0.28904600  0.26413965  0.26413965  0.31483317  0.30613574  0.34156576  
2_0_0      0.24799578  0.23220158  0.22443093  0.24005592  0.24005592  0.23220158  0.02897726  0.00000000  0.04089845  0.04089845  0.04089845  0.04693293  0.06534189  0.26413965  0.25602304  0.27234761  0.28064901  0.32363560  0.31483317  0.32363560  0.32363560  0.29754081  0.29754081  0.31483317  0.30613574  0.34156576  
24_0_0     0.23220158  0.21674221  0.22443093  0.22443093  0.22443093  0.21674221  0.02308896  0.04089845  0.00000000  0.00000000  0.00000000  0.00570407  0.07158295  0.24799578  0.24005592  0.27234761  0.28064901  0.34156576  0.33254557  0.30613574  0.30613574  0.28064901  0.28064901  0.31483317  0.30613574  0.34156576  
91_0_0     0.23220158  0.21674221  0.22443093  0.22443093  0.22443093  0.21674221  0.02308896  0.04089845  0.00000000  0.00000000  0.00000000  0.00570407  0.07158295  0.24799578  0.24005592  0.27234761  0.28064901  0.34156576  0.33254557  0.30613574  0.30613574  0.28064901  0.28064901  0.31483317  0.30613574  0.34156576  
37_0_0     0.23220158  0.21674221  0.22443093  0.22443093  0.22443093  0.21674221  0.02308896  0.04089845  0.00000000  0.00000000  0.00000000  0.00570407  0.07158295  0.24799578  0.24005592  0.27234761  0.28064901  0.34156576  0.33254557  0.30613574  0.30613574  0.28064901  0.28064901  0.31483317  0.30613574  0.34156576  
11_0_0     0.24005592  0.22443093  0.23220158  0.23220158  0.23220158  0.22443093  0.02897726  0.04693293  0.00570407  0.00570407  0.00570407  0.00000000  0.07787788  0.25602304  0.24799578  0.28064901  0.28904600  0.35069891  0.34156576  0.31483317  0.31483317  0.28904600  0.28904600  0.32363560  0.31483317  0.35069891  
48_0_0     0.23220158  0.21674221  0.22443093  0.22443093  0.22443093  0.21674221  0.05915379  0.06534189  0.07158295  0.07158295  0.07158295  0.07787788  0.00000000  0.24799578  0.25602304  0.28904600  0.29754081  0.33254557  0.32363560  0.28064901  0.28064901  0.27234761  0.27234761  0.32363560  0.31483317  0.35069891  
80_0_0     0.06534189  0.07158295  0.07787788  0.06534189  0.07158295  0.07787788  0.24799578  0.26413965  0.24799578  0.24799578  0.24799578  0.25602304  0.24799578  0.00000000  0.06534189  0.13029482  0.13712000  0.20160378  0.19415080  0.15096504  0.15096504  0.13712000  0.13712000  0.21674221  0.22443093  0.23220158  
9_0_0      0.07158295  0.08422762  0.09063314  0.08422762  0.07787788  0.08422762  0.24005592  0.25602304  0.24005592  0.24005592  0.24005592  0.24799578  0.25602304  0.06534189  0.00000000  0.09063314  0.09709543  0.17946954  0.18677323  0.14400966  0.14400966  0.11683315  0.11683315  0.17223828  0.17946954  0.20160378  
20_0_0     0.07158295  0.08422762  0.07787788  0.07158295  0.06534189  0.07158295  0.25602304  0.27234761  0.27234761  0.27234761  0.27234761  0.28064901  0.28904600  0.13029482  0.09063314  0.00000000  0.00570407  0.19415080  0.20160378  0.14400966  0.14400966  0.11683315  0.11683315  0.20913371  0.21674221  0.25602304  
41_0_0     0.07787788  0.08422762  0.07787788  0.07787788  0.07158295  0.07787788  0.26413965  0.28064901  0.28064901  0.28064901  0.28064901  0.28904600  0.29754081  0.13712000  0.09709543  0.00570407  0.00000000  0.18677323  0.19415080  0.15096504  0.15096504  0.12353292  0.12353292  0.21674221  0.22443093  0.26413965  
15_0_0     0.17223828  0.17223828  0.16507803  0.17946954  0.17946954  0.18677323  0.34156576  0.32363560  0.34156576  0.34156576  0.34156576  0.35069891  0.33254557  0.20160378  0.17946954  0.19415080  0.18677323  0.00000000  0.00570407  0.13029482  0.13029482  0.11683315  0.11683315  0.26413965  0.27234761  0.26413965  
87_0_0     0.16507803  0.16507803  0.15798739  0.17223828  0.17223828  0.17946954  0.33254557  0.31483317  0.33254557  0.33254557  0.33254557  0.34156576  0.32363560  0.19415080  0.18677323  0.20160378  0.19415080  0.00570407  0.00000000  0.12353292  0.12353292  0.11019438  0.11019438  0.26413965  0.27234761  0.26413965  
57_0_0     0.09709543  0.11019438  0.11683315  0.11019438  0.10361549  0.11019438  0.28904600  0.32363560  0.30613574  0.30613574  0.30613574  0.31483317  0.28064901  0.15096504  0.14400966  0.14400966  0.15096504  0.13029482  0.12353292  0.00000000  0.00000000  0.02308896  0.02308896  0.25602304  0.26413965  0.26413965  
10_0_0     0.09709543  0.11019438  0.11683315  0.11019438  0.10361549  0.11019438  0.28904600  0.32363560  0.30613574  0.30613574  0.30613574  0.31483317  0.28064901  0.15096504  0.14400966  0.14400966  0.15096504  0.13029482  0.12353292  0.00000000  0.00000000  0.02308896  0.02308896  0.25602304  0.26413965  0.26413965  
76_3_0     0.08422762  0.09709543  0.10361549  0.09709543  0.09063314  0.09709543  0.26413965  0.29754081  0.28064901  0.28064901  0.28064901  0.28904600  0.27234761  0.13712000  0.11683315  0.11683315  0.12353292  0.11683315  0.11019438  0.02308896  0.02308896  0.00000000  0.00000000  0.24005592  0.24799578  0.24799578  
76_0_0     0.08422762  0.09709543  0.10361549  0.09709543  0.09063314  0.09709543  0.26413965  0.29754081  0.28064901  0.28064901  0.28064901  0.28904600  0.27234761  0.13712000  0.11683315  0.11683315  0.12353292  0.11683315  0.11019438  0.02308896  0.02308896  0.00000000  0.00000000  0.24005592  0.24799578  0.24799578  
4_0_0      0.20160378  0.20160378  0.20913371  0.20160378  0.19415080  0.18677323  0.31483317  0.31483317  0.31483317  0.31483317  0.31483317  0.32363560  0.32363560  0.21674221  0.17223828  0.20913371  0.21674221  0.26413965  0.26413965  0.25602304  0.25602304  0.24005592  0.24005592  0.00000000  0.00570407  0.03491350  
4_2_0      0.20913371  0.20913371  0.21674221  0.20913371  0.20160378  0.19415080  0.30613574  0.30613574  0.30613574  0.30613574  0.30613574  0.31483317  0.31483317  0.22443093  0.17946954  0.21674221  0.22443093  0.27234761  0.27234761  0.26413965  0.26413965  0.24799578  0.24799578  0.00570407  0.00000000  0.02897726  
4_1_0      0.24799578  0.24005592  0.24799578  0.23220158  0.24005592  0.23220158  0.34156576  0.34156576  0.34156576  0.34156576  0.34156576  0.35069891  0.35069891  0.23220158  0.20160378  0.25602304  0.26413965  0.26413965  0.26413965  0.26413965  0.26413965  0.24799578  0.24799578  0.03491350  0.02897726  0.00000000  

