17
26_15_0    0.00000000  0.01987060  0.17614514  0.14374023  0.25466346  0.27329620  0.28279037  0.26392156  0.24551904  0.28279037  0.26392156  0.23648556  0.24551904  0.27329620  0.27329620  0.26392156  0.27329620  
26_16_0    0.01987060  0.00000000  0.16791076  0.13585463  0.26392156  0.28279037  0.29240715  0.27329620  0.25466346  0.27329620  0.25466346  0.22756034  0.23648556  0.26392156  0.28279037  0.27329620  0.26392156  
26_14_0    0.17614514  0.16791076  0.00000000  0.14374023  0.23648556  0.29240715  0.28279037  0.28279037  0.26392156  0.28279037  0.26392156  0.25466346  0.24551904  0.27329620  0.28279037  0.25466346  0.24551904  
26_13_0    0.14374023  0.13585463  0.14374023  0.00000000  0.25466346  0.23648556  0.22756034  0.22756034  0.22756034  0.24551904  0.22756034  0.21874083  0.21002454  0.23648556  0.27329620  0.22756034  0.25466346  
19_0_0     0.25466346  0.26392156  0.23648556  0.25466346  0.00000000  0.23648556  0.26392156  0.25466346  0.21002454  0.22756034  0.21002454  0.20140910  0.19289219  0.20140910  0.24551904  0.22756034  0.21874083  
22_2_0     0.27329620  0.28279037  0.29240715  0.23648556  0.23648556  0.00000000  0.05421396  0.07560686  0.03341848  0.06127686  0.04721741  0.04028599  0.04721741  0.05421396  0.06840739  0.07560686  0.09763255  
22_5_0     0.28279037  0.29240715  0.28279037  0.22756034  0.26392156  0.05421396  0.00000000  0.01987060  0.06127686  0.09021804  0.07560686  0.06840739  0.07560686  0.08287662  0.09763255  0.10512163  0.12805166  
22_4_0     0.26392156  0.27329620  0.28279037  0.22756034  0.25466346  0.07560686  0.01987060  0.00000000  0.06840739  0.09763255  0.08287662  0.07560686  0.08287662  0.09021804  0.10512163  0.11268680  0.13585463  
29_2_0     0.24551904  0.25466346  0.26392156  0.22756034  0.21002454  0.03341848  0.06127686  0.06840739  0.00000000  0.02661374  0.01318798  0.01987060  0.01318798  0.01987060  0.04721741  0.04028599  0.07560686  
29_6_0     0.28279037  0.27329620  0.28279037  0.24551904  0.22756034  0.06127686  0.09021804  0.09763255  0.02661374  0.00000000  0.01318798  0.03341848  0.02661374  0.03341848  0.07560686  0.05421396  0.09021804  
29_7_0     0.26392156  0.25466346  0.26392156  0.22756034  0.21002454  0.04721741  0.07560686  0.08287662  0.01318798  0.01318798  0.00000000  0.01987060  0.01318798  0.01987060  0.06127686  0.04028599  0.07560686  
4_6_0      0.23648556  0.22756034  0.25466346  0.21874083  0.20140910  0.04028599  0.06840739  0.07560686  0.01987060  0.03341848  0.01987060  0.00000000  0.00656480  0.02661374  0.05421396  0.04721741  0.06840739  
4_9_0      0.24551904  0.23648556  0.24551904  0.21002454  0.19289219  0.04721741  0.07560686  0.08287662  0.01318798  0.02661374  0.01318798  0.00656480  0.00000000  0.01987060  0.06127686  0.04028599  0.06127686  
4_8_0      0.27329620  0.26392156  0.27329620  0.23648556  0.20140910  0.05421396  0.08287662  0.09021804  0.01987060  0.03341848  0.01987060  0.02661374  0.01987060  0.00000000  0.06127686  0.04721741  0.08287662  
29_3_0     0.27329620  0.28279037  0.28279037  0.27329620  0.24551904  0.06840739  0.09763255  0.10512163  0.04721741  0.07560686  0.06127686  0.05421396  0.06127686  0.06127686  0.00000000  0.04721741  0.08287662  
4_3_0      0.26392156  0.27329620  0.25466346  0.22756034  0.22756034  0.07560686  0.10512163  0.11268680  0.04028599  0.05421396  0.04028599  0.04721741  0.04028599  0.04721741  0.04721741  0.00000000  0.07560686  
22_3_0     0.27329620  0.26392156  0.24551904  0.25466346  0.21874083  0.09763255  0.12805166  0.13585463  0.07560686  0.09021804  0.07560686  0.06840739  0.06127686  0.08287662  0.08287662  0.07560686  0.00000000  

