20
11_0_0     0.00000000  0.04804157  0.04804157  0.10611119  0.10611119  0.12652924  0.35996830  0.38893293  0.35056060  0.35056060  0.35056060  0.35996830  0.36949745  0.35996830  0.78283674  0.78283674  0.78283674  0.76623513  0.79982033  0.70332812  
14_0_0     0.04804157  0.00000000  0.00000000  0.10611119  0.10611119  0.12652924  0.35996830  0.38893293  0.36949745  0.36949745  0.36949745  0.37915123  0.38893293  0.37915123  0.76623513  0.76623513  0.76623513  0.78283674  0.74999869  0.71855946  
2_0_0      0.04804157  0.00000000  0.00000000  0.10611119  0.10611119  0.12652924  0.35996830  0.38893293  0.36949745  0.36949745  0.36949745  0.37915123  0.38893293  0.37915123  0.76623513  0.76623513  0.76623513  0.78283674  0.74999869  0.71855946  
3_0_0      0.10611119  0.10611119  0.10611119  0.00000000  0.00000000  0.04186258  0.31408478  0.34127128  0.30524066  0.30524066  0.30524066  0.31408478  0.32303616  0.31408478  0.74999869  0.74999869  0.74999869  0.73411171  0.67377705  0.65943362  
6_0_0      0.10611119  0.10611119  0.10611119  0.00000000  0.00000000  0.04186258  0.31408478  0.34127128  0.30524066  0.30524066  0.30524066  0.31408478  0.32303616  0.31408478  0.74999869  0.74999869  0.74999869  0.73411171  0.67377705  0.65943362  
13_0_0     0.12652924  0.12652924  0.12652924  0.04186258  0.04186258  0.00000000  0.35056060  0.35056060  0.31408478  0.31408478  0.31408478  0.32303616  0.33209741  0.32303616  0.76623513  0.76623513  0.76623513  0.74999869  0.63155674  0.67377705  
12_0_0     0.35996830  0.35996830  0.35996830  0.31408478  0.31408478  0.35056060  0.00000000  0.27088717  0.13346272  0.13346272  0.13346272  0.14046195  0.15466269  0.14046195  0.78283674  0.78283674  0.78283674  0.76623513  0.70332812  0.67377705  
4_0_0      0.38893293  0.38893293  0.38893293  0.34127128  0.34127128  0.35056060  0.27088717  0.00000000  0.15466269  0.15466269  0.15466269  0.16186684  0.17648956  0.17648956  0.83500672  0.83500672  0.83500672  0.81720389  0.71855946  0.68840472  
7_0_0      0.35056060  0.36949745  0.36949745  0.30524066  0.30524066  0.31408478  0.13346272  0.15466269  0.00000000  0.00000000  0.00000000  0.00583697  0.03573489  0.01765123  0.74999869  0.74999869  0.74999869  0.73411171  0.76623513  0.65943362  
5_0_0      0.35056060  0.36949745  0.36949745  0.30524066  0.30524066  0.31408478  0.13346272  0.15466269  0.00000000  0.00000000  0.00000000  0.00583697  0.03573489  0.01765123  0.74999869  0.74999869  0.74999869  0.73411171  0.76623513  0.65943362  
10_0_0     0.35056060  0.36949745  0.36949745  0.30524066  0.30524066  0.31408478  0.13346272  0.15466269  0.00000000  0.00000000  0.00000000  0.00583697  0.03573489  0.01765123  0.74999869  0.74999869  0.74999869  0.73411171  0.76623513  0.65943362  
1_0_0      0.35996830  0.37915123  0.37915123  0.31408478  0.31408478  0.32303616  0.14046195  0.16186684  0.00583697  0.00583697  0.00583697  0.00000000  0.03573489  0.01765123  0.76623513  0.76623513  0.76623513  0.74999869  0.78283674  0.67377705  
8_0_0      0.36949745  0.38893293  0.38893293  0.32303616  0.32303616  0.33209741  0.15466269  0.17648956  0.03573489  0.03573489  0.03573489  0.03573489  0.00000000  0.02965765  0.78283674  0.78283674  0.78283674  0.76623513  0.79982033  0.65943362  
9_0_0      0.35996830  0.37915123  0.37915123  0.31408478  0.31408478  0.32303616  0.14046195  0.17648956  0.01765123  0.01765123  0.01765123  0.01765123  0.02965765  0.00000000  0.73411171  0.73411171  0.73411171  0.71855946  0.78283674  0.64536359  
17_0_0     0.78283674  0.76623513  0.76623513  0.74999869  0.74999869  0.76623513  0.78283674  0.83500672  0.74999869  0.74999869  0.74999869  0.76623513  0.78283674  0.73411171  0.00000000  0.00000000  0.00000000  0.00583697  0.27088717  0.18391100  
19_0_0     0.78283674  0.76623513  0.76623513  0.74999869  0.74999869  0.76623513  0.78283674  0.83500672  0.74999869  0.74999869  0.74999869  0.76623513  0.78283674  0.73411171  0.00000000  0.00000000  0.00000000  0.00583697  0.27088717  0.18391100  
18_0_0     0.78283674  0.76623513  0.76623513  0.74999869  0.74999869  0.76623513  0.78283674  0.83500672  0.74999869  0.74999869  0.74999869  0.76623513  0.78283674  0.73411171  0.00000000  0.00000000  0.00000000  0.00583697  0.27088717  0.18391100  
15_0_0     0.76623513  0.78283674  0.78283674  0.73411171  0.73411171  0.74999869  0.76623513  0.81720389  0.73411171  0.73411171  0.73411171  0.74999869  0.76623513  0.71855946  0.00583697  0.00583697  0.00583697  0.00000000  0.26254291  0.17648956  
20_0_0     0.79982033  0.74999869  0.74999869  0.67377705  0.67377705  0.63155674  0.70332812  0.71855946  0.76623513  0.76623513  0.76623513  0.78283674  0.79982033  0.78283674  0.27088717  0.27088717  0.27088717  0.26254291  0.00000000  0.24613215  
16_0_0     0.70332812  0.71855946  0.71855946  0.65943362  0.65943362  0.67377705  0.67377705  0.68840472  0.65943362  0.65943362  0.65943362  0.67377705  0.65943362  0.64536359  0.18391100  0.18391100  0.18391100  0.17648956  0.24613215  0.00000000  

