17
1_0_0      0.00000000  0.02511086  0.09187149  0.07803095  0.12035073  0.12764440  0.13501035  0.22125506  0.22125506  0.21298772  0.19672395  0.19672395  0.17297677  0.16522673  0.15755668  0.17297677  0.37801373  
15_0_0     0.02511086  0.00000000  0.10597470  0.09187149  0.12035073  0.11312795  0.12035073  0.22125506  0.22125506  0.19672395  0.19672395  0.19672395  0.18872361  0.18080848  0.17297677  0.18872361  0.39883421  
11_0_0     0.09187149  0.10597470  0.00000000  0.03799180  0.09888964  0.09888964  0.10597470  0.24662365  0.23807087  0.22961541  0.22961541  0.20481135  0.16522673  0.18872361  0.14996498  0.16522673  0.42025486  
6_0_0      0.07803095  0.09187149  0.03799180  0.00000000  0.08491900  0.09888964  0.09187149  0.23807087  0.24662365  0.23807087  0.22125506  0.22125506  0.19672395  0.20481135  0.18080848  0.18080848  0.42025486  
4_0_0      0.12035073  0.12035073  0.09888964  0.08491900  0.00000000  0.01875315  0.02511086  0.23807087  0.22961541  0.23807087  0.22125506  0.23807087  0.24662365  0.25527601  0.22961541  0.22961541  0.39883421  
3_0_0      0.12764440  0.11312795  0.09888964  0.09888964  0.01875315  0.00000000  0.01875315  0.24662365  0.23807087  0.21298772  0.22961541  0.22961541  0.23807087  0.26403029  0.22125506  0.22125506  0.39883421  
7_0_0      0.13501035  0.12035073  0.10597470  0.09187149  0.02511086  0.01875315  0.00000000  0.25527601  0.24662365  0.23807087  0.23807087  0.25527601  0.24662365  0.27288892  0.24662365  0.24662365  0.39883421  
5_0_0      0.22125506  0.22125506  0.24662365  0.23807087  0.23807087  0.24662365  0.25527601  0.00000000  0.02511086  0.04451698  0.03152342  0.05774176  0.12035073  0.11312795  0.10597470  0.11312795  0.31883885  
2_1_0      0.22125506  0.22125506  0.23807087  0.24662365  0.22961541  0.23807087  0.24662365  0.02511086  0.00000000  0.04451698  0.03152342  0.08491900  0.12035073  0.12764440  0.10597470  0.11312795  0.30011659  
2_2_0      0.21298772  0.19672395  0.22961541  0.23807087  0.23807087  0.21298772  0.23807087  0.04451698  0.04451698  0.00000000  0.02511086  0.07803095  0.12764440  0.14996498  0.11312795  0.12035073  0.34783747  
2_0_0      0.19672395  0.19672395  0.22961541  0.22125506  0.22125506  0.22961541  0.23807087  0.03152342  0.03152342  0.02511086  0.00000000  0.07803095  0.12764440  0.13501035  0.11312795  0.12035073  0.33804500  
13_0_0     0.19672395  0.19672395  0.20481135  0.22125506  0.23807087  0.22961541  0.25527601  0.05774176  0.08491900  0.07803095  0.07803095  0.00000000  0.07120616  0.07803095  0.05774176  0.07120616  0.32837988  
9_0_0      0.17297677  0.18872361  0.16522673  0.19672395  0.24662365  0.23807087  0.24662365  0.12035073  0.12035073  0.12764440  0.12764440  0.07120616  0.00000000  0.04451698  0.01244937  0.02511086  0.31883885  
12_0_0     0.16522673  0.18080848  0.18872361  0.20481135  0.25527601  0.26403029  0.27288892  0.11312795  0.12764440  0.14996498  0.13501035  0.07803095  0.04451698  0.00000000  0.03152342  0.04451698  0.33804500  
14_0_0     0.15755668  0.17297677  0.14996498  0.18080848  0.22961541  0.22125506  0.24662365  0.10597470  0.10597470  0.11312795  0.11312795  0.05774176  0.01244937  0.03152342  0.00000000  0.01244937  0.32837988  
8_0_0      0.17297677  0.18872361  0.16522673  0.18080848  0.22961541  0.22125506  0.24662365  0.11312795  0.11312795  0.12035073  0.12035073  0.07120616  0.02511086  0.04451698  0.01244937  0.00000000  0.33804500  
39_0_0     0.37801373  0.39883421  0.42025486  0.42025486  0.39883421  0.39883421  0.39883421  0.31883885  0.30011659  0.34783747  0.33804500  0.32837988  0.31883885  0.33804500  0.32837988  0.33804500  0.00000000  

