20
9_0_0      0.00000000  0.04010347  0.06407423  0.09840690  0.09521658  0.14805708  0.14805708  0.11131280  0.08887841  0.08887841  0.07636854  0.19042534  0.19042534  0.25113882  0.17602122  0.16190216  0.16190216  0.16190216  0.19773793  0.20884931  
1_0_0      0.04010347  0.00000000  0.05499056  0.10161156  0.10483067  0.13784679  0.14123401  0.12445645  0.09204046  0.09204046  0.08573032  0.19042534  0.18318693  0.25113882  0.17246517  0.17246517  0.17246517  0.17246517  0.20142253  0.21259189  
6_0_0      0.06407423  0.05499056  0.00000000  0.10806437  0.11131280  0.14463739  0.14463739  0.13447557  0.09204046  0.09204046  0.09204046  0.19042534  0.18679695  0.24326102  0.17246517  0.17959508  0.17959508  0.17959508  0.18318693  0.19773793  
8_0_0      0.09840690  0.10161156  0.10806437  0.00000000  0.00279097  0.19042534  0.20512626  0.17959508  0.15149325  0.15149325  0.12778055  0.18318693  0.21259189  0.26716025  0.19042534  0.20142253  0.20142253  0.20142253  0.23160506  0.23160506  
2_0_0      0.09521658  0.10483067  0.11131280  0.00279097  0.00000000  0.19407227  0.20884931  0.17602122  0.15494604  0.15494604  0.13112021  0.18679695  0.21635421  0.26312104  0.19407227  0.20512626  0.20512626  0.20512626  0.23546926  0.23546926  
4_0_0      0.14805708  0.13784679  0.14463739  0.19042534  0.19407227  0.00000000  0.03716297  0.08573032  0.15494604  0.15494604  0.14123401  0.22393889  0.22393889  0.24326102  0.20884931  0.21259189  0.21259189  0.21259189  0.20512626  0.20884931  
3_0_0      0.14805708  0.14123401  0.14463739  0.20512626  0.20884931  0.03716297  0.00000000  0.08887841  0.14805708  0.14805708  0.12778055  0.23160506  0.23160506  0.24718905  0.20142253  0.19773793  0.19773793  0.19773793  0.19042534  0.20142253  
5_0_0      0.11131280  0.12445645  0.13447557  0.17959508  0.17602122  0.08573032  0.08887841  0.00000000  0.13112021  0.13112021  0.11785436  0.22013647  0.22776168  0.23935451  0.22013647  0.19773793  0.19773793  0.19773793  0.19407227  0.20512626  
11_0_0     0.08887841  0.09204046  0.09204046  0.15149325  0.15494604  0.15494604  0.14805708  0.13112021  0.00000000  0.00559289  0.06103347  0.17959508  0.17246517  0.24326102  0.16190216  0.17959508  0.17959508  0.17959508  0.15149325  0.16540581  
7_0_0      0.08887841  0.09204046  0.09204046  0.15149325  0.15494604  0.15494604  0.14805708  0.13112021  0.00559289  0.00000000  0.06103347  0.17602122  0.17246517  0.24326102  0.15841562  0.17602122  0.17602122  0.17602122  0.14805708  0.16190216  
10_0_0     0.07636854  0.08573032  0.09204046  0.12778055  0.13112021  0.14123401  0.12778055  0.11785436  0.06103347  0.06103347  0.00000000  0.16540581  0.17246517  0.22776168  0.15149325  0.15841562  0.15841562  0.15841562  0.15841562  0.16540581  
17_0_0     0.19042534  0.19042534  0.19042534  0.18318693  0.18679695  0.22393889  0.23160506  0.22013647  0.17959508  0.17602122  0.16540581  0.00000000  0.04010347  0.27122246  0.12114777  0.14463739  0.14805708  0.14805708  0.15149325  0.14805708  
16_0_0     0.19042534  0.18318693  0.18679695  0.21259189  0.21635421  0.22393889  0.23160506  0.22776168  0.17246517  0.17246517  0.17246517  0.04010347  0.00000000  0.25910456  0.14123401  0.18318693  0.17959508  0.17959508  0.17959508  0.17959508  
15_0_0     0.25113882  0.25113882  0.24326102  0.26716025  0.26312104  0.24326102  0.24718905  0.23935451  0.24326102  0.24326102  0.22776168  0.27122246  0.25910456  0.00000000  0.21259189  0.20512626  0.20142253  0.20142253  0.22393889  0.22013647  
13_0_0     0.17602122  0.17246517  0.17246517  0.19042534  0.19407227  0.20884931  0.20142253  0.22013647  0.16190216  0.15841562  0.15149325  0.12114777  0.14123401  0.21259189  0.00000000  0.04899840  0.04602108  0.04602108  0.08887841  0.08887841  
12_0_0     0.16190216  0.17246517  0.17959508  0.20142253  0.20512626  0.21259189  0.19773793  0.19773793  0.17959508  0.17602122  0.15841562  0.14463739  0.18318693  0.20512626  0.04899840  0.00000000  0.00279097  0.00279097  0.09521658  0.10161156  
19_0_0     0.16190216  0.17246517  0.17959508  0.20142253  0.20512626  0.21259189  0.19773793  0.19773793  0.17959508  0.17602122  0.15841562  0.14805708  0.17959508  0.20142253  0.04602108  0.00279097  0.00000000  0.00000000  0.09204046  0.09840690  
20_0_0     0.16190216  0.17246517  0.17959508  0.20142253  0.20512626  0.21259189  0.19773793  0.19773793  0.17959508  0.17602122  0.15841562  0.14805708  0.17959508  0.20142253  0.04602108  0.00279097  0.00000000  0.00000000  0.09204046  0.09840690  
18_0_0     0.19773793  0.20142253  0.18318693  0.23160506  0.23546926  0.20512626  0.19042534  0.19407227  0.15149325  0.14805708  0.15841562  0.15149325  0.17959508  0.22393889  0.08887841  0.09521658  0.09204046  0.09204046  0.00000000  0.01406531  
14_0_0     0.20884931  0.21259189  0.19773793  0.23160506  0.23546926  0.20884931  0.20142253  0.20512626  0.16540581  0.16190216  0.16540581  0.14805708  0.17959508  0.22013647  0.08887841  0.10161156  0.09840690  0.09840690  0.01406531  0.00000000  

