20
2_0_0      0.00000000  0.00000000  0.01363786  0.27480739  0.41423223  0.39100531  0.40252805  0.45049291  0.23668524  0.27480739  0.24603405  0.22745256  0.24603405  0.23668524  0.24603405  0.24603405  0.24603405  0.20932427  0.20042327  0.20932427  
3_0_0      0.00000000  0.00000000  0.01363786  0.27480739  0.41423223  0.39100531  0.40252805  0.45049291  0.23668524  0.27480739  0.24603405  0.22745256  0.24603405  0.23668524  0.24603405  0.24603405  0.24603405  0.20932427  0.20042327  0.20932427  
1_0_0      0.01363786  0.01363786  0.00000000  0.27480739  0.41423223  0.41423223  0.40252805  0.45049291  0.21833315  0.25550194  0.22745256  0.20932427  0.22745256  0.21833315  0.24603405  0.24603405  0.24603405  0.20932427  0.20042327  0.20932427  
20_0_0     0.27480739  0.27480739  0.27480739  0.00000000  0.46298384  0.43820842  0.45049291  0.46298384  0.34662166  0.30473956  0.31499093  0.29462765  0.31499093  0.30473956  0.40252805  0.40252805  0.40252805  0.37965848  0.36848226  0.37965848  
6_0_0      0.41423223  0.41423223  0.41423223  0.46298384  0.00000000  0.05612031  0.03457562  0.09347676  0.42612365  0.40252805  0.42612365  0.42612365  0.45049291  0.41423223  0.36848226  0.36848226  0.36848226  0.36848226  0.34662166  0.35747160  
14_0_0     0.39100531  0.39100531  0.41423223  0.43820842  0.05612031  0.00000000  0.09347676  0.15745019  0.42612365  0.37965848  0.43820842  0.43820842  0.46298384  0.42612365  0.36848226  0.36848226  0.36848226  0.36848226  0.36848226  0.37965848  
15_0_0     0.40252805  0.40252805  0.40252805  0.45049291  0.03457562  0.09347676  0.00000000  0.08585376  0.41423223  0.41423223  0.39100531  0.39100531  0.41423223  0.37965848  0.35747160  0.35747160  0.35747160  0.33592783  0.33592783  0.34662166  
16_0_0     0.45049291  0.45049291  0.45049291  0.46298384  0.09347676  0.15745019  0.08585376  0.00000000  0.41423223  0.42612365  0.37965848  0.40252805  0.37965848  0.39100531  0.35747160  0.35747160  0.35747160  0.35747160  0.35747160  0.36848226  
17_0_0     0.23668524  0.23668524  0.21833315  0.34662166  0.42612365  0.42612365  0.41423223  0.41423223  0.00000000  0.04168802  0.09347676  0.10896137  0.10896137  0.10117875  0.28465146  0.28465146  0.28465146  0.28465146  0.29462765  0.28465146  
11_0_0     0.27480739  0.27480739  0.25550194  0.30473956  0.40252805  0.37965848  0.41423223  0.42612365  0.04168802  0.00000000  0.12477544  0.12477544  0.14093329  0.11682635  0.30473956  0.30473956  0.30473956  0.32538566  0.33592783  0.32538566  
5_0_0      0.24603405  0.24603405  0.22745256  0.31499093  0.42612365  0.43820842  0.39100531  0.37965848  0.09347676  0.12477544  0.00000000  0.01363786  0.01363786  0.00678765  0.29462765  0.29462765  0.29462765  0.27480739  0.29462765  0.28465146  
4_0_0      0.22745256  0.22745256  0.20932427  0.29462765  0.42612365  0.43820842  0.39100531  0.40252805  0.10896137  0.12477544  0.01363786  0.00000000  0.01363786  0.00678765  0.27480739  0.27480739  0.27480739  0.25550194  0.27480739  0.26509199  
12_0_0     0.24603405  0.24603405  0.22745256  0.31499093  0.45049291  0.46298384  0.41423223  0.37965848  0.10896137  0.14093329  0.01363786  0.01363786  0.00000000  0.02055179  0.29462765  0.29462765  0.29462765  0.27480739  0.29462765  0.28465146  
10_0_0     0.23668524  0.23668524  0.21833315  0.30473956  0.41423223  0.42612365  0.37965848  0.39100531  0.10117875  0.11682635  0.00678765  0.00678765  0.02055179  0.00000000  0.28465146  0.28465146  0.28465146  0.26509199  0.28465146  0.27480739  
7_0_0      0.24603405  0.24603405  0.24603405  0.40252805  0.36848226  0.36848226  0.35747160  0.35747160  0.28465146  0.30473956  0.29462765  0.27480739  0.29462765  0.28465146  0.00000000  0.00000000  0.00000000  0.02753063  0.05612031  0.04886914  
9_0_0      0.24603405  0.24603405  0.24603405  0.40252805  0.36848226  0.36848226  0.35747160  0.35747160  0.28465146  0.30473956  0.29462765  0.27480739  0.29462765  0.28465146  0.00000000  0.00000000  0.00000000  0.02753063  0.05612031  0.04886914  
13_0_0     0.24603405  0.24603405  0.24603405  0.40252805  0.36848226  0.36848226  0.35747160  0.35747160  0.28465146  0.30473956  0.29462765  0.27480739  0.29462765  0.28465146  0.00000000  0.00000000  0.00000000  0.02753063  0.05612031  0.04886914  
19_0_0     0.20932427  0.20932427  0.20932427  0.37965848  0.36848226  0.36848226  0.33592783  0.35747160  0.28465146  0.32538566  0.27480739  0.25550194  0.27480739  0.26509199  0.02753063  0.02753063  0.02753063  0.00000000  0.02753063  0.02055179  
8_0_0      0.20042327  0.20042327  0.20042327  0.36848226  0.34662166  0.36848226  0.33592783  0.35747160  0.29462765  0.33592783  0.29462765  0.27480739  0.29462765  0.28465146  0.05612031  0.05612031  0.05612031  0.02753063  0.00000000  0.00678765  
18_0_0     0.20932427  0.20932427  0.20932427  0.37965848  0.35747160  0.37965848  0.34662166  0.36848226  0.28465146  0.32538566  0.28465146  0.26509199  0.28465146  0.27480739  0.04886914  0.04886914  0.04886914  0.02055179  0.00678765  0.00000000  

