25
15_0_0     0.00000000  0.06874933  0.08556314  0.20194711  0.30115981  0.30878179  0.32426507  0.24285181  0.24285181  0.24285181  0.30115981  0.30115981  0.29361542  0.34811400  0.34811400  0.35623732  0.33212974  0.30115981  0.32426507  0.35623732  0.35623732  0.35623732  0.34007877  0.34007877  0.27875324  
14_0_0     0.06874933  0.00000000  0.09698810  0.20860967  0.29361542  0.30115981  0.34007877  0.26418329  0.25700435  0.25700435  0.29361542  0.29361542  0.28614707  0.34007877  0.34007877  0.34811400  0.34811400  0.34007877  0.34811400  0.31648299  0.31648299  0.31648299  0.33212974  0.33212974  0.30878179  
6_0_0      0.08556314  0.09698810  0.00000000  0.22211725  0.30878179  0.31648299  0.32426507  0.29361542  0.28614707  0.28614707  0.31648299  0.31648299  0.30878179  0.32426507  0.32426507  0.33212974  0.35623732  0.34007877  0.34811400  0.36445068  0.36445068  0.36445068  0.33212974  0.33212974  0.32426507  
16_0_0     0.20194711  0.20860967  0.22211725  0.00000000  0.34811400  0.35623732  0.38965150  0.35623732  0.35623732  0.35623732  0.35623732  0.35623732  0.36445068  0.34811400  0.34811400  0.34007877  0.42464382  0.38115564  0.38115564  0.35623732  0.37275609  0.37275609  0.36445068  0.36445068  0.31648299  
18_1_0     0.30115981  0.29361542  0.30878179  0.34811400  0.00000000  0.00506779  0.07991604  0.09698810  0.09125360  0.09125360  0.12634575  0.12634575  0.12038044  0.16318272  0.16318272  0.16950426  0.16950426  0.11446276  0.10859197  0.18231146  0.19534391  0.19534391  0.15069915  0.15691465  0.16950426  
8_1_0      0.30878179  0.30115981  0.31648299  0.35623732  0.00506779  0.00000000  0.07431165  0.10276732  0.09698810  0.09698810  0.13235948  0.13235948  0.12634575  0.16318272  0.16318272  0.16950426  0.16318272  0.12038044  0.11446276  0.17588019  0.18879903  0.18879903  0.14453536  0.15069915  0.16318272  
19_1_0     0.32426507  0.34007877  0.32426507  0.38965150  0.07991604  0.07431165  0.00000000  0.15069915  0.14453536  0.14453536  0.17588019  0.17588019  0.16950426  0.18879903  0.18879903  0.18231146  0.16950426  0.14453536  0.13842241  0.24285181  0.25700435  0.25700435  0.18879903  0.19534391  0.18879903  
7_1_0      0.24285181  0.26418329  0.29361542  0.35623732  0.09698810  0.10276732  0.15069915  0.00000000  0.01017049  0.01017049  0.13235948  0.13235948  0.12634575  0.21533268  0.21533268  0.20860967  0.17588019  0.13842241  0.14453536  0.23587563  0.24989430  0.24989430  0.22896451  0.23587563  0.16950426  
9_1_0      0.24285181  0.25700435  0.28614707  0.35623732  0.09125360  0.09698810  0.14453536  0.01017049  0.00000000  0.00000000  0.12634575  0.12634575  0.12038044  0.20860967  0.20860967  0.20194711  0.18879903  0.13842241  0.13842241  0.24285181  0.25700435  0.25700435  0.22211725  0.22896451  0.16950426  
13_1_0     0.24285181  0.25700435  0.28614707  0.35623732  0.09125360  0.09698810  0.14453536  0.01017049  0.00000000  0.00000000  0.12634575  0.12634575  0.12038044  0.20860967  0.20860967  0.20194711  0.18879903  0.13842241  0.13842241  0.24285181  0.25700435  0.25700435  0.22211725  0.22896451  0.16950426  
9_3_0      0.30115981  0.29361542  0.31648299  0.35623732  0.12634575  0.13235948  0.17588019  0.13235948  0.12634575  0.12634575  0.00000000  0.00000000  0.00506779  0.20860967  0.20860967  0.21533268  0.22896451  0.18231146  0.15691465  0.21533268  0.21533268  0.21533268  0.18231146  0.18879903  0.16950426  
13_3_0     0.30115981  0.29361542  0.31648299  0.35623732  0.12634575  0.13235948  0.17588019  0.13235948  0.12634575  0.12634575  0.00000000  0.00000000  0.00506779  0.20860967  0.20860967  0.21533268  0.22896451  0.18231146  0.15691465  0.21533268  0.21533268  0.21533268  0.18231146  0.18879903  0.16950426  
7_3_0      0.29361542  0.28614707  0.30878179  0.36445068  0.12038044  0.12634575  0.16950426  0.12634575  0.12038044  0.12038044  0.00506779  0.00506779  0.00000000  0.21533268  0.21533268  0.22211725  0.22211725  0.17588019  0.16318272  0.22211725  0.22211725  0.22211725  0.17588019  0.18231146  0.16318272  
9_0_0      0.34811400  0.34007877  0.32426507  0.34811400  0.16318272  0.16318272  0.18879903  0.21533268  0.20860967  0.20860967  0.20860967  0.20860967  0.21533268  0.00000000  0.00000000  0.01530856  0.18879903  0.14453536  0.13235948  0.24285181  0.24285181  0.24285181  0.22211725  0.22211725  0.24285181  
13_0_0     0.34811400  0.34007877  0.32426507  0.34811400  0.16318272  0.16318272  0.18879903  0.21533268  0.20860967  0.20860967  0.20860967  0.20860967  0.21533268  0.00000000  0.00000000  0.01530856  0.18879903  0.14453536  0.13235948  0.24285181  0.24285181  0.24285181  0.22211725  0.22211725  0.24285181  
7_0_0      0.35623732  0.34811400  0.33212974  0.34007877  0.16950426  0.16950426  0.18231146  0.20860967  0.20194711  0.20194711  0.21533268  0.21533268  0.22211725  0.01530856  0.01530856  0.00000000  0.18231146  0.13842241  0.12634575  0.24989430  0.24989430  0.24989430  0.22211725  0.22211725  0.23587563  
19_0_0     0.33212974  0.34811400  0.35623732  0.42464382  0.16950426  0.16318272  0.16950426  0.17588019  0.18879903  0.18879903  0.22896451  0.22896451  0.22211725  0.18879903  0.18879903  0.18231146  0.00000000  0.11446276  0.11446276  0.22896451  0.22896451  0.22896451  0.22896451  0.22211725  0.22896451  
8_0_0      0.30115981  0.34007877  0.34007877  0.38115564  0.11446276  0.12038044  0.14453536  0.13842241  0.13842241  0.13842241  0.18231146  0.18231146  0.17588019  0.14453536  0.14453536  0.13842241  0.11446276  0.00000000  0.02048251  0.19534391  0.20860967  0.20860967  0.22211725  0.21533268  0.22211725  
18_0_0     0.32426507  0.34811400  0.34811400  0.38115564  0.10859197  0.11446276  0.13842241  0.14453536  0.13842241  0.13842241  0.15691465  0.15691465  0.16318272  0.13235948  0.13235948  0.12634575  0.11446276  0.02048251  0.00000000  0.16950426  0.18231146  0.18231146  0.20860967  0.20194711  0.22211725  
7_2_0      0.35623732  0.31648299  0.36445068  0.35623732  0.18231146  0.17588019  0.24285181  0.23587563  0.24285181  0.24285181  0.21533268  0.21533268  0.22211725  0.24285181  0.24285181  0.24989430  0.22896451  0.19534391  0.16950426  0.00000000  0.02048251  0.02048251  0.16950426  0.16318272  0.18231146  
9_2_0      0.35623732  0.31648299  0.36445068  0.37275609  0.19534391  0.18879903  0.25700435  0.24989430  0.25700435  0.25700435  0.21533268  0.21533268  0.22211725  0.24285181  0.24285181  0.24989430  0.22896451  0.20860967  0.18231146  0.02048251  0.00000000  0.00000000  0.16950426  0.16318272  0.18231146  
13_2_0     0.35623732  0.31648299  0.36445068  0.37275609  0.19534391  0.18879903  0.25700435  0.24989430  0.25700435  0.25700435  0.21533268  0.21533268  0.22211725  0.24285181  0.24285181  0.24989430  0.22896451  0.20860967  0.18231146  0.02048251  0.00000000  0.00000000  0.16950426  0.16318272  0.18231146  
8_2_0      0.34007877  0.33212974  0.33212974  0.36445068  0.15069915  0.14453536  0.18879903  0.22896451  0.22211725  0.22211725  0.18231146  0.18231146  0.17588019  0.22211725  0.22211725  0.22211725  0.22896451  0.22211725  0.20860967  0.16950426  0.16950426  0.16950426  0.00000000  0.00506779  0.13235948  
18_2_0     0.34007877  0.33212974  0.33212974  0.36445068  0.15691465  0.15069915  0.19534391  0.23587563  0.22896451  0.22896451  0.18879903  0.18879903  0.18231146  0.22211725  0.22211725  0.22211725  0.22211725  0.21533268  0.20194711  0.16318272  0.16318272  0.16318272  0.00506779  0.00000000  0.13842241  
19_2_0     0.27875324  0.30878179  0.32426507  0.31648299  0.16950426  0.16318272  0.18879903  0.16950426  0.16950426  0.16950426  0.16950426  0.16950426  0.16318272  0.24285181  0.24285181  0.23587563  0.22896451  0.22211725  0.22211725  0.18231146  0.18231146  0.18231146  0.13235948  0.13842241  0.00000000  

