26
12_3_0     0.00000000  0.00750018  0.00750018  0.03046294  0.01507635  0.07861887  0.13902498  0.13902498  0.13902498  0.16648591  0.13902498  0.16648591  0.23477842  0.21462161  0.21462161  0.34462014  0.35654672  0.34462014  0.35654672  0.34462014  0.27679927  0.28768412  0.34462014  0.26607060  0.26607060  0.24506432  
8_3_0      0.00750018  0.00000000  0.00000000  0.02273007  0.02273007  0.08695524  0.14806703  0.14806703  0.14806703  0.17586833  0.14806703  0.17586833  0.24506432  0.22463209  0.22463209  0.35654672  0.36866661  0.35654672  0.36866661  0.35654672  0.28768412  0.29872976  0.33288082  0.27679927  0.27679927  0.25549370  
11_3_0     0.00750018  0.00000000  0.00000000  0.02273007  0.02273007  0.08695524  0.14806703  0.14806703  0.14806703  0.17586833  0.14806703  0.17586833  0.24506432  0.22463209  0.22463209  0.35654672  0.36866661  0.35654672  0.36866661  0.35654672  0.28768412  0.29872976  0.33288082  0.27679927  0.27679927  0.25549370  
1_3_0      0.03046294  0.02273007  0.02273007  0.00000000  0.01507635  0.07861887  0.13902498  0.13902498  0.13902498  0.16648591  0.13902498  0.16648591  0.24506432  0.21462161  0.23477842  0.34462014  0.35654672  0.34462014  0.35654672  0.34462014  0.27679927  0.28768412  0.32132295  0.26607060  0.26607060  0.26607060  
7_3_0      0.01507635  0.02273007  0.02273007  0.01507635  0.00000000  0.06221987  0.12126245  0.12126245  0.12126245  0.14806703  0.12126245  0.14806703  0.22463209  0.19499393  0.21462161  0.34462014  0.35654672  0.34462014  0.35654672  0.34462014  0.25549370  0.26607060  0.32132295  0.26607060  0.24506432  0.24506432  
2_3_0      0.07861887  0.08695524  0.08695524  0.07861887  0.06221987  0.00000000  0.13902498  0.12126245  0.12126245  0.14806703  0.12126245  0.18536999  0.22463209  0.19499393  0.23477842  0.30994103  0.32132295  0.30994103  0.32132295  0.30994103  0.25549370  0.26607060  0.32132295  0.24506432  0.25549370  0.25549370  
2_1_0      0.13902498  0.14806703  0.14806703  0.13902498  0.12126245  0.13902498  0.00000000  0.01507635  0.01507635  0.03827663  0.01507635  0.10391211  0.13902498  0.11253696  0.14806703  0.27679927  0.28768412  0.27679927  0.28768412  0.27679927  0.16648591  0.17586833  0.24506432  0.17586833  0.14806703  0.16648591  
11_1_0     0.13902498  0.14806703  0.14806703  0.13902498  0.12126245  0.12126245  0.01507635  0.00000000  0.00000000  0.02273007  0.00000000  0.08695524  0.12126245  0.09538561  0.13009097  0.25549370  0.26607060  0.25549370  0.26607060  0.25549370  0.14806703  0.15721975  0.22463209  0.15721975  0.14806703  0.16648591  
8_1_0      0.13902498  0.14806703  0.14806703  0.13902498  0.12126245  0.12126245  0.01507635  0.00000000  0.00000000  0.02273007  0.00000000  0.08695524  0.12126245  0.09538561  0.13009097  0.25549370  0.26607060  0.25549370  0.26607060  0.25549370  0.14806703  0.15721975  0.22463209  0.15721975  0.14806703  0.16648591  
12_1_0     0.16648591  0.17586833  0.17586833  0.16648591  0.14806703  0.14806703  0.03827663  0.02273007  0.02273007  0.00000000  0.02273007  0.09538561  0.14806703  0.12126245  0.15721975  0.28768412  0.29872976  0.28768412  0.29872976  0.28768412  0.17586833  0.18536999  0.25549370  0.18536999  0.17586833  0.19499393  
1_1_0      0.13902498  0.14806703  0.14806703  0.13902498  0.12126245  0.12126245  0.01507635  0.00000000  0.00000000  0.02273007  0.00000000  0.08695524  0.12126245  0.09538561  0.13009097  0.25549370  0.26607060  0.25549370  0.26607060  0.25549370  0.14806703  0.15721975  0.22463209  0.15721975  0.14806703  0.16648591  
7_1_0      0.16648591  0.17586833  0.17586833  0.16648591  0.14806703  0.18536999  0.10391211  0.08695524  0.08695524  0.09538561  0.08695524  0.00000000  0.20474337  0.19499393  0.21462161  0.29872976  0.30994103  0.29872976  0.30994103  0.29872976  0.18536999  0.19499393  0.25549370  0.19499393  0.23477842  0.23477842  
2_2_0      0.23477842  0.24506432  0.24506432  0.24506432  0.22463209  0.22463209  0.13902498  0.12126245  0.12126245  0.14806703  0.12126245  0.20474337  0.00000000  0.07037441  0.08695524  0.30994103  0.32132295  0.30994103  0.32132295  0.30994103  0.19499393  0.20474337  0.25549370  0.21462161  0.21462161  0.20474337  
7_2_0      0.21462161  0.22463209  0.22463209  0.21462161  0.19499393  0.19499393  0.11253696  0.09538561  0.09538561  0.12126245  0.09538561  0.19499393  0.07037441  0.00000000  0.04617283  0.28768412  0.29872976  0.28768412  0.29872976  0.28768412  0.16648591  0.17586833  0.22463209  0.19499393  0.18536999  0.20474337  
12_2_0     0.21462161  0.22463209  0.22463209  0.23477842  0.21462161  0.23477842  0.14806703  0.13009097  0.13009097  0.15721975  0.13009097  0.21462161  0.08695524  0.04617283  0.00000000  0.30994103  0.32132295  0.30994103  0.32132295  0.30994103  0.18536999  0.19499393  0.24506432  0.23477842  0.22463209  0.24506432  
79_0_0     0.34462014  0.35654672  0.35654672  0.34462014  0.34462014  0.30994103  0.27679927  0.25549370  0.25549370  0.28768412  0.25549370  0.29872976  0.30994103  0.28768412  0.30994103  0.00000000  0.00750018  0.00000000  0.00750018  0.00000000  0.20474337  0.21462161  0.20474337  0.15721975  0.33288082  0.30994103  
57_0_0     0.35654672  0.36866661  0.36866661  0.35654672  0.35654672  0.32132295  0.28768412  0.26607060  0.26607060  0.29872976  0.26607060  0.30994103  0.32132295  0.29872976  0.32132295  0.00750018  0.00000000  0.00750018  0.01507635  0.00750018  0.21462161  0.20474337  0.19499393  0.16648591  0.34462014  0.32132295  
33_0_0     0.34462014  0.35654672  0.35654672  0.34462014  0.34462014  0.30994103  0.27679927  0.25549370  0.25549370  0.28768412  0.25549370  0.29872976  0.30994103  0.28768412  0.30994103  0.00000000  0.00750018  0.00000000  0.00750018  0.00000000  0.20474337  0.21462161  0.20474337  0.15721975  0.33288082  0.30994103  
46_0_0     0.35654672  0.36866661  0.36866661  0.35654672  0.35654672  0.32132295  0.28768412  0.26607060  0.26607060  0.29872976  0.26607060  0.30994103  0.32132295  0.29872976  0.32132295  0.00750018  0.01507635  0.00750018  0.00000000  0.00750018  0.21462161  0.22463209  0.21462161  0.16648591  0.34462014  0.32132295  
60_0_0     0.34462014  0.35654672  0.35654672  0.34462014  0.34462014  0.30994103  0.27679927  0.25549370  0.25549370  0.28768412  0.25549370  0.29872976  0.30994103  0.28768412  0.30994103  0.00000000  0.00750018  0.00000000  0.00750018  0.00000000  0.20474337  0.21462161  0.20474337  0.15721975  0.33288082  0.30994103  
77_0_0     0.27679927  0.28768412  0.28768412  0.27679927  0.25549370  0.25549370  0.16648591  0.14806703  0.14806703  0.17586833  0.14806703  0.18536999  0.19499393  0.16648591  0.18536999  0.20474337  0.21462161  0.20474337  0.21462161  0.20474337  0.00000000  0.01507635  0.09538561  0.08695524  0.30994103  0.33288082  
41_0_0     0.28768412  0.29872976  0.29872976  0.28768412  0.26607060  0.26607060  0.17586833  0.15721975  0.15721975  0.18536999  0.15721975  0.19499393  0.20474337  0.17586833  0.19499393  0.21462161  0.20474337  0.21462161  0.22463209  0.21462161  0.01507635  0.00000000  0.08695524  0.09538561  0.32132295  0.34462014  
82_0_0     0.34462014  0.33288082  0.33288082  0.32132295  0.32132295  0.32132295  0.24506432  0.22463209  0.22463209  0.25549370  0.22463209  0.25549370  0.25549370  0.22463209  0.24506432  0.20474337  0.19499393  0.20474337  0.21462161  0.20474337  0.09538561  0.08695524  0.00000000  0.15721975  0.34462014  0.36866661  
37_0_0     0.26607060  0.27679927  0.27679927  0.26607060  0.26607060  0.24506432  0.17586833  0.15721975  0.15721975  0.18536999  0.15721975  0.19499393  0.21462161  0.19499393  0.23477842  0.15721975  0.16648591  0.15721975  0.16648591  0.15721975  0.08695524  0.09538561  0.15721975  0.00000000  0.32132295  0.29872976  
92_5_0     0.26607060  0.27679927  0.27679927  0.26607060  0.24506432  0.25549370  0.14806703  0.14806703  0.14806703  0.17586833  0.14806703  0.23477842  0.21462161  0.18536999  0.22463209  0.33288082  0.34462014  0.33288082  0.34462014  0.33288082  0.30994103  0.32132295  0.34462014  0.32132295  0.00000000  0.01507635  
92_4_0     0.24506432  0.25549370  0.25549370  0.26607060  0.24506432  0.25549370  0.16648591  0.16648591  0.16648591  0.19499393  0.16648591  0.23477842  0.20474337  0.20474337  0.24506432  0.30994103  0.32132295  0.30994103  0.32132295  0.30994103  0.33288082  0.34462014  0.36866661  0.29872976  0.01507635  0.00000000  

