20
2_0_0      0.00000000  0.00704748  0.00704748  0.02887188  0.18856518  0.17984630  0.16887809  0.19139664  0.16148619  0.14258850  0.13342698  0.18120572  0.19139664  0.19139664  0.20021337  0.13260350  0.26302888  0.26302888  0.27547937  0.31502333  
3_0_0      0.00704748  0.00000000  0.00000000  0.02147977  0.17861482  0.18991550  0.17861482  0.20182184  0.17123878  0.15193891  0.14258850  0.17123878  0.18120572  0.18120572  0.18991550  0.14166653  0.25091108  0.25091108  0.26302888  0.30145526  
1_0_0      0.00704748  0.00000000  0.00000000  0.02147977  0.17861482  0.18991550  0.17861482  0.20182184  0.17123878  0.15193891  0.14258850  0.17123878  0.18120572  0.18120572  0.18991550  0.14166653  0.25091108  0.25091108  0.26302888  0.30145526  
20_0_0     0.02887188  0.02147977  0.02147977  0.00000000  0.16887809  0.17984630  0.17861482  0.19139664  0.16148619  0.14258850  0.13342698  0.16148619  0.17123878  0.17123878  0.17984630  0.15091438  0.26302888  0.26302888  0.27547937  0.31502333  
14_0_0     0.18856518  0.17861482  0.17861482  0.16887809  0.00000000  0.10056610  0.12624302  0.21979735  0.18856518  0.17861482  0.18856518  0.15934603  0.16887809  0.16887809  0.19739850  0.16788636  0.25787759  0.25787759  0.26997089  0.30831514  
6_0_0      0.17984630  0.18991550  0.18991550  0.17984630  0.10056610  0.00000000  0.12730876  0.16999581  0.14166653  0.13260350  0.14166653  0.16999581  0.17984630  0.17984630  0.20914584  0.15934603  0.29822711  0.29822711  0.31158027  0.32533857  
15_0_0     0.16887809  0.17861482  0.17861482  0.17861482  0.12624302  0.12730876  0.00000000  0.15001021  0.14086270  0.13189606  0.14086270  0.09770375  0.10601319  0.10601319  0.11406548  0.14017797  0.35020339  0.35020339  0.36507241  0.41284939  
18_0_0     0.19139664  0.20182184  0.20182184  0.19139664  0.21979735  0.16999581  0.15001021  0.00000000  0.02147977  0.11929580  0.11028866  0.11929580  0.12848546  0.12848546  0.14605554  0.11821819  0.33580644  0.33580644  0.35020339  0.39635810  
8_0_0      0.16148619  0.17123878  0.17123878  0.16148619  0.18856518  0.14166653  0.14086270  0.02147977  0.00000000  0.09279393  0.08429331  0.11028866  0.11929580  0.11929580  0.15572778  0.09199120  0.29517018  0.29517018  0.30831514  0.35020339  
17_0_0     0.14258850  0.15193891  0.15193891  0.14258850  0.17861482  0.13260350  0.13189606  0.11929580  0.09279393  0.00000000  0.02147977  0.07594909  0.08429331  0.08429331  0.11821819  0.07531300  0.26997089  0.26997089  0.28239553  0.32185250  
11_0_0     0.13342698  0.14258850  0.14258850  0.13342698  0.18856518  0.14166653  0.14086270  0.11028866  0.08429331  0.02147977  0.00000000  0.08429331  0.09279393  0.09279393  0.12730876  0.06719841  0.30831514  0.30831514  0.29517018  0.36507241  
7_0_0      0.18120572  0.17123878  0.17123878  0.16148619  0.15934603  0.16999581  0.09770375  0.11929580  0.11028866  0.07594909  0.08429331  0.00000000  0.00704748  0.00704748  0.05139224  0.09199120  0.32185250  0.32185250  0.33580644  0.35020339  
9_0_0      0.19139664  0.18120572  0.18120572  0.17123878  0.16887809  0.17984630  0.10601319  0.12848546  0.11929580  0.08429331  0.09279393  0.00704748  0.00000000  0.00000000  0.05922646  0.10056610  0.33580644  0.33580644  0.35020339  0.36507241  
13_0_0     0.19139664  0.18120572  0.18120572  0.17123878  0.16887809  0.17984630  0.10601319  0.12848546  0.11929580  0.08429331  0.09279393  0.00704748  0.00000000  0.00000000  0.05922646  0.10056610  0.33580644  0.33580644  0.35020339  0.36507241  
16_0_0     0.20021337  0.18991550  0.18991550  0.17984630  0.19739850  0.20914584  0.11406548  0.14605554  0.15572778  0.11821819  0.12730876  0.05139224  0.05922646  0.05922646  0.00000000  0.13541858  0.30522616  0.30522616  0.31854958  0.33227631  
19_0_0     0.13260350  0.14166653  0.14166653  0.15091438  0.16788636  0.15934603  0.14017797  0.11821819  0.09199120  0.07531300  0.06719841  0.09199120  0.10056610  0.10056610  0.13541858  0.00000000  0.33227631  0.33227631  0.34643153  0.39175841  
4_0_0      0.26302888  0.25091108  0.25091108  0.26302888  0.25787759  0.29822711  0.35020339  0.33580644  0.29517018  0.26997089  0.30831514  0.32185250  0.33580644  0.33580644  0.30522616  0.33227631  0.00000000  0.00000000  0.00704748  0.02887188  
12_0_0     0.26302888  0.25091108  0.25091108  0.26302888  0.25787759  0.29822711  0.35020339  0.33580644  0.29517018  0.26997089  0.30831514  0.32185250  0.33580644  0.33580644  0.30522616  0.33227631  0.00000000  0.00000000  0.00704748  0.02887188  
10_0_0     0.27547937  0.26302888  0.26302888  0.27547937  0.26997089  0.31158027  0.36507241  0.35020339  0.30831514  0.28239553  0.29517018  0.33580644  0.35020339  0.35020339  0.31854958  0.34643153  0.00704748  0.00704748  0.00000000  0.03638649  
5_0_0      0.31502333  0.30145526  0.30145526  0.31502333  0.30831514  0.32533857  0.41284939  0.39635810  0.35020339  0.32185250  0.36507241  0.35020339  0.36507241  0.36507241  0.33227631  0.39175841  0.02887188  0.02887188  0.03638649  0.00000000  

