20
8_0_0      0.00000000  0.02503100  0.04764459  0.08462720  0.08808205  0.13821062  0.10206383  0.09155298  0.46826232  0.43997167  0.43997167  0.46826232  0.44554455  0.34618884  0.32210357  0.32210357  0.32210357  0.39160632  0.39682786  0.40738197  
20_0_0     0.02503100  0.00000000  0.04111325  0.07096574  0.07435770  0.12354090  0.10206383  0.09155298  0.49169429  0.43997167  0.43997167  0.45681689  0.46251764  0.32685877  0.32210357  0.31268323  0.31268323  0.39160632  0.40738197  0.40738197  
15_0_0     0.04764459  0.04111325  0.00000000  0.08808205  0.09854372  0.14940554  0.11991814  0.10915432  0.47988624  0.44554455  0.43444014  0.46251764  0.45681689  0.32210357  0.33646115  0.33646115  0.33646115  0.39160632  0.41271560  0.41271560  
19_0_0     0.08462720  0.07096574  0.08808205  0.00000000  0.03786893  0.07776517  0.05423365  0.03786893  0.43997167  0.42894936  0.42894936  0.42349873  0.42894936  0.34130913  0.33164450  0.31737852  0.32210357  0.37107841  0.41271560  0.40208623  
16_0_0     0.08808205  0.07435770  0.09854372  0.03786893  0.00000000  0.08118829  0.05423365  0.04111325  0.45681689  0.43444014  0.42894936  0.43997167  0.44554455  0.35604517  0.35604517  0.34130913  0.35110072  0.39682786  0.42349873  0.41271560  
18_0_0     0.13821062  0.12354090  0.14940554  0.07776517  0.08118829  0.00000000  0.06758914  0.05755016  0.45681689  0.43444014  0.43444014  0.43997167  0.45681689  0.37615763  0.37615763  0.36603357  0.37107841  0.41808766  0.43997167  0.42894936  
7_0_0      0.10206383  0.10206383  0.11991814  0.05423365  0.05423365  0.06758914  0.00000000  0.04111325  0.45115941  0.42894936  0.42894936  0.44554455  0.45115941  0.39160632  0.37107841  0.36603357  0.37107841  0.39682786  0.41808766  0.40738197  
9_0_0      0.09155298  0.09155298  0.10915432  0.03786893  0.04111325  0.05755016  0.04111325  0.00000000  0.42894936  0.41808766  0.41808766  0.43444014  0.43444014  0.36102264  0.35110072  0.34618884  0.35110072  0.39160632  0.42349873  0.41271560  
5_0_0      0.46826232  0.49169429  0.47988624  0.43997167  0.45681689  0.45681689  0.45115941  0.42894936  0.00000000  0.08808205  0.10206383  0.10560065  0.10915432  0.38642110  0.40738197  0.38642110  0.38127170  0.34618884  0.35604517  0.34618884  
14_0_0     0.43997167  0.43997167  0.44554455  0.42894936  0.43444014  0.43444014  0.42894936  0.41808766  0.08808205  0.00000000  0.03142232  0.03463865  0.04111325  0.34130913  0.36102264  0.36102264  0.35604517  0.33646115  0.33164450  0.33164450  
17_0_0     0.43997167  0.43997167  0.43444014  0.42894936  0.42894936  0.43444014  0.42894936  0.41808766  0.10206383  0.03142232  0.00000000  0.04764459  0.05423365  0.35604517  0.36603357  0.36603357  0.36102264  0.34130913  0.35604517  0.35604517  
11_0_0     0.46826232  0.45681689  0.46251764  0.42349873  0.43997167  0.43997167  0.44554455  0.43444014  0.10560065  0.03463865  0.04764459  0.00000000  0.01869401  0.35604517  0.37615763  0.35604517  0.35110072  0.32685877  0.33164450  0.33164450  
6_0_0      0.44554455  0.46251764  0.45681689  0.42894936  0.44554455  0.45681689  0.45115941  0.43444014  0.10915432  0.04111325  0.05423365  0.01869401  0.00000000  0.34618884  0.35604517  0.34618884  0.34130913  0.32210357  0.32685877  0.32685877  
4_0_0      0.34618884  0.32685877  0.32210357  0.34130913  0.35604517  0.37615763  0.39160632  0.36102264  0.38642110  0.34130913  0.35604517  0.35604517  0.34618884  0.00000000  0.07435770  0.07096574  0.08118829  0.27170569  0.27614908  0.27614908  
13_0_0     0.32210357  0.32210357  0.33646115  0.33164450  0.35604517  0.37615763  0.37107841  0.35110072  0.40738197  0.36102264  0.36603357  0.37615763  0.35604517  0.07435770  0.00000000  0.04437177  0.04764459  0.27614908  0.28964042  0.28061912  
10_0_0     0.32210357  0.31268323  0.33646115  0.31737852  0.34130913  0.36603357  0.36603357  0.34618884  0.38642110  0.36102264  0.36603357  0.35604517  0.34618884  0.07096574  0.04437177  0.00000000  0.00928840  0.27614908  0.29419235  0.28511612  
12_0_0     0.32210357  0.31268323  0.33646115  0.32210357  0.35110072  0.37107841  0.37107841  0.35110072  0.38127170  0.35604517  0.36102264  0.35110072  0.34130913  0.08118829  0.04764459  0.00928840  0.00000000  0.28061912  0.29877224  0.28964042  
3_0_0      0.39160632  0.39160632  0.39160632  0.37107841  0.39682786  0.41808766  0.39682786  0.39160632  0.34618884  0.33646115  0.34130913  0.32685877  0.32210357  0.27170569  0.27614908  0.27614908  0.28061912  0.00000000  0.06758914  0.07096574  
2_0_0      0.39682786  0.40738197  0.41271560  0.41271560  0.42349873  0.43997167  0.41808766  0.42349873  0.35604517  0.33164450  0.35604517  0.33164450  0.32685877  0.27614908  0.28964042  0.29419235  0.29877224  0.06758914  0.00000000  0.00928840  
1_0_0      0.40738197  0.40738197  0.41271560  0.40208623  0.41271560  0.42894936  0.40738197  0.41271560  0.34618884  0.33164450  0.35604517  0.33164450  0.32685877  0.27614908  0.28061912  0.28511612  0.28964042  0.07096574  0.00928840  0.00000000  

