53
69_0_0     0.00000000  0.00000000  0.14263732  0.14828202  0.13147655  0.13703572  0.08325310  0.20113915  0.31273668  0.31273668  0.31986123  0.31273668  0.23223759  0.24505565  0.18309371  0.18905968  0.18905968  0.47030858  0.46157229  0.42763156  0.43597070  0.40316817  0.40316817  0.41123235  0.43597070  0.43597070  0.42763156  0.41938614  0.41123235  0.46157229  0.43597070  0.44440570  0.44440570  0.43597070  0.43597070  0.40316817  0.39519166  0.43597070  0.42763156  0.63736612  0.65977600  0.43597070  0.47915015  0.46157229  0.46157229  0.46157229  0.34907205  0.34907205  0.35656014  0.35656014  0.32705564  0.33432129  0.29176893  
25_0_0     0.00000000  0.00000000  0.14263732  0.14828202  0.13147655  0.13703572  0.08325310  0.20113915  0.31273668  0.31273668  0.31986123  0.31273668  0.23223759  0.24505565  0.18309371  0.18905968  0.18905968  0.47030858  0.46157229  0.42763156  0.43597070  0.40316817  0.40316817  0.41123235  0.43597070  0.43597070  0.42763156  0.41938614  0.41123235  0.46157229  0.43597070  0.44440570  0.44440570  0.43597070  0.43597070  0.40316817  0.39519166  0.43597070  0.42763156  0.63736612  0.65977600  0.43597070  0.47915015  0.46157229  0.46157229  0.46157229  0.34907205  0.34907205  0.35656014  0.35656014  0.32705564  0.33432129  0.29176893  
40_0_0     0.14263732  0.14263732  0.00000000  0.00464430  0.00931818  0.00464430  0.11504739  0.25810162  0.37176956  0.37176956  0.35656014  0.34907205  0.26471263  0.27811608  0.24505565  0.24505565  0.24505565  0.52503039  0.48809956  0.40316817  0.42763156  0.39519166  0.39519166  0.38730092  0.45293879  0.44440570  0.45293879  0.39519166  0.37949415  0.44440570  0.40316817  0.42763156  0.42763156  0.45293879  0.41938614  0.37949415  0.38730092  0.41123235  0.40316817  0.56391899  0.58416454  0.47030858  0.47030858  0.46157229  0.46157229  0.46157229  0.37176956  0.39519166  0.39519166  0.46157229  0.38730092  0.37949415  0.36412544  
37_0_0     0.14828202  0.14828202  0.00464430  0.00000000  0.01402202  0.00931818  0.12048301  0.26471263  0.37949415  0.37949415  0.36412544  0.35656014  0.27138375  0.28491075  0.25154964  0.25154964  0.25154964  0.52503039  0.48809956  0.40316817  0.42763156  0.39519166  0.39519166  0.38730092  0.45293879  0.44440570  0.45293879  0.39519166  0.37949415  0.44440570  0.40316817  0.42763156  0.42763156  0.45293879  0.41938614  0.37949415  0.38730092  0.41123235  0.40316817  0.56391899  0.58416454  0.47030858  0.47030858  0.46157229  0.46157229  0.46157229  0.37176956  0.39519166  0.39519166  0.46157229  0.38730092  0.37949415  0.36412544  
73_4_0     0.13147655  0.13147655  0.00931818  0.01402202  0.00000000  0.00464430  0.10429549  0.24505565  0.37176956  0.37176956  0.35656014  0.34907205  0.25154964  0.26471263  0.23223759  0.23223759  0.23223759  0.50633265  0.47030858  0.41938614  0.42763156  0.39519166  0.41123235  0.40316817  0.45293879  0.46157229  0.47030858  0.41123235  0.37949415  0.44440570  0.40316817  0.43597070  0.44440570  0.45293879  0.41938614  0.37949415  0.38730092  0.42763156  0.40316817  0.58416454  0.60498460  0.47030858  0.48809956  0.46157229  0.46157229  0.46157229  0.37176956  0.39519166  0.39519166  0.44440570  0.38730092  0.37949415  0.36412544  
73_0_0     0.13703572  0.13703572  0.00464430  0.00931818  0.00464430  0.00000000  0.10965174  0.25154964  0.37949415  0.37949415  0.36412544  0.35656014  0.25810162  0.27138375  0.23861863  0.23861863  0.23861863  0.51562196  0.47915015  0.41123235  0.43597070  0.40316817  0.40316817  0.39519166  0.46157229  0.45293879  0.46157229  0.40316817  0.38730092  0.45293879  0.41123235  0.43597070  0.43597070  0.44440570  0.41123235  0.38730092  0.39519166  0.41938614  0.41123235  0.57397194  0.59450073  0.47915015  0.47915015  0.47030858  0.47030858  0.47030858  0.37949415  0.40316817  0.40316817  0.45293879  0.39519166  0.38730092  0.37176956  
31_5_0     0.08325310  0.08325310  0.11504739  0.12048301  0.10429549  0.10965174  0.00000000  0.21342082  0.30568065  0.30568065  0.31273668  0.30568065  0.23223759  0.24505565  0.19507456  0.18905968  0.20113915  0.41938614  0.41123235  0.41123235  0.43597070  0.40316817  0.41938614  0.41123235  0.47030858  0.45293879  0.44440570  0.40316817  0.36412544  0.44440570  0.45293879  0.47030858  0.41123235  0.45293879  0.43597070  0.34165960  0.36412544  0.41938614  0.37949415  0.58416454  0.60498460  0.41123235  0.47030858  0.43597070  0.43597070  0.43597070  0.34165960  0.34165960  0.34907205  0.36412544  0.31986123  0.34907205  0.31273668  
17_0_0     0.20113915  0.20113915  0.25810162  0.26471263  0.24505565  0.25154964  0.21342082  0.00000000  0.15397048  0.15397048  0.15397048  0.14828202  0.14263732  0.15397048  0.12048301  0.13703572  0.13703572  0.41123235  0.41938614  0.37176956  0.37949415  0.36412544  0.36412544  0.37176956  0.44440570  0.42763156  0.41938614  0.36412544  0.34165960  0.41123235  0.41938614  0.42763156  0.42763156  0.46157229  0.44440570  0.34165960  0.37176956  0.39519166  0.38730092  0.58416454  0.60498460  0.44440570  0.45293879  0.41123235  0.41123235  0.41123235  0.34165960  0.32705564  0.33432129  0.37176956  0.31986123  0.31986123  0.30568065  
98_6_0     0.31273668  0.31273668  0.37176956  0.37949415  0.37176956  0.37949415  0.30568065  0.15397048  0.00000000  0.00000000  0.03800448  0.03314487  0.24505565  0.24505565  0.27138375  0.27811608  0.27811608  0.47030858  0.49715947  0.46157229  0.46157229  0.44440570  0.44440570  0.45293879  0.50633265  0.49715947  0.48809956  0.45293879  0.47915015  0.54421708  0.57397194  0.56391899  0.52503039  0.58416454  0.54421708  0.46157229  0.47915015  0.54421708  0.49715947  0.67124294  0.69472885  0.43597070  0.44440570  0.41938614  0.41938614  0.41938614  0.41938614  0.41938614  0.40316817  0.43597070  0.39519166  0.40316817  0.34907205  
72_6_0     0.31273668  0.31273668  0.37176956  0.37949415  0.37176956  0.37949415  0.30568065  0.15397048  0.00000000  0.00000000  0.03800448  0.03314487  0.24505565  0.24505565  0.27138375  0.27811608  0.27811608  0.47030858  0.49715947  0.46157229  0.46157229  0.44440570  0.44440570  0.45293879  0.50633265  0.49715947  0.48809956  0.45293879  0.47915015  0.54421708  0.57397194  0.56391899  0.52503039  0.58416454  0.54421708  0.46157229  0.47915015  0.54421708  0.49715947  0.67124294  0.69472885  0.43597070  0.44440570  0.41938614  0.41938614  0.41938614  0.41938614  0.41938614  0.40316817  0.43597070  0.39519166  0.40316817  0.34907205  
72_0_0     0.31986123  0.31986123  0.35656014  0.36412544  0.35656014  0.36412544  0.31273668  0.15397048  0.03800448  0.03800448  0.00000000  0.00464430  0.23861863  0.23861863  0.25154964  0.28491075  0.27138375  0.46157229  0.46157229  0.47030858  0.47030858  0.45293879  0.45293879  0.46157229  0.51562196  0.48809956  0.47915015  0.46157229  0.47030858  0.56391899  0.55400191  0.56391899  0.53456102  0.59450073  0.53456102  0.45293879  0.47030858  0.53456102  0.50633265  0.64848551  0.67124294  0.42763156  0.40316817  0.39519166  0.39519166  0.39519166  0.43597070  0.41938614  0.40316817  0.43597070  0.39519166  0.41938614  0.36412544  
98_0_0     0.31273668  0.31273668  0.34907205  0.35656014  0.34907205  0.35656014  0.30568065  0.14828202  0.03314487  0.03314487  0.00464430  0.00000000  0.23223759  0.23223759  0.24505565  0.27811608  0.26471263  0.45293879  0.45293879  0.46157229  0.46157229  0.44440570  0.44440570  0.45293879  0.50633265  0.47915015  0.47030858  0.45293879  0.46157229  0.55400191  0.54421708  0.55400191  0.52503039  0.58416454  0.52503039  0.44440570  0.46157229  0.52503039  0.49715947  0.64848551  0.67124294  0.41938614  0.39519166  0.38730092  0.38730092  0.38730092  0.42763156  0.41123235  0.39519166  0.42763156  0.38730092  0.41123235  0.35656014  
80_0_0     0.23223759  0.23223759  0.26471263  0.27138375  0.25154964  0.25810162  0.23223759  0.14263732  0.24505565  0.24505565  0.23861863  0.23223759  0.00000000  0.00931818  0.07295396  0.08845739  0.07808546  0.40316817  0.40316817  0.34165960  0.33432129  0.31986123  0.33432129  0.31986123  0.41123235  0.39519166  0.38730092  0.33432129  0.34907205  0.46157229  0.45293879  0.46157229  0.46157229  0.47915015  0.46157229  0.37176956  0.36412544  0.39519166  0.40316817  0.56391899  0.58416454  0.37176956  0.37176956  0.33432129  0.33432129  0.33432129  0.32705564  0.30568065  0.32705564  0.37949415  0.28491075  0.30568065  0.29869182  
54_0_0     0.24505565  0.24505565  0.27811608  0.28491075  0.26471263  0.27138375  0.24505565  0.15397048  0.24505565  0.24505565  0.23861863  0.23223759  0.00931818  0.00000000  0.08325310  0.09897805  0.08845739  0.40316817  0.40316817  0.35656014  0.34907205  0.33432129  0.34907205  0.33432129  0.42763156  0.41123235  0.40316817  0.34907205  0.36412544  0.46157229  0.45293879  0.46157229  0.46157229  0.47915015  0.46157229  0.38730092  0.37949415  0.41123235  0.41938614  0.54421708  0.56391899  0.37176956  0.37176956  0.33432129  0.33432129  0.33432129  0.32705564  0.30568065  0.32705564  0.39519166  0.29869182  0.31986123  0.31273668  
20_0_0     0.18309371  0.18309371  0.24505565  0.25154964  0.23223759  0.23861863  0.19507456  0.12048301  0.27138375  0.27138375  0.25154964  0.24505565  0.07295396  0.08325310  0.00000000  0.02352115  0.03314487  0.43597070  0.43597070  0.35656014  0.36412544  0.33432129  0.34907205  0.34165960  0.38730092  0.39519166  0.38730092  0.34907205  0.31986123  0.49715947  0.47030858  0.47915015  0.47915015  0.49715947  0.46157229  0.32705564  0.32705564  0.34907205  0.35656014  0.54421708  0.56391899  0.38730092  0.40316817  0.36412544  0.36412544  0.36412544  0.34165960  0.33432129  0.35656014  0.37949415  0.29869182  0.31986123  0.32705564  
20_7_0     0.18905968  0.18905968  0.24505565  0.25154964  0.23223759  0.23861863  0.18905968  0.13703572  0.27811608  0.27811608  0.28491075  0.27811608  0.08845739  0.09897805  0.02352115  0.00000000  0.04782134  0.46157229  0.44440570  0.36412544  0.37176956  0.34165960  0.35656014  0.34907205  0.41123235  0.42763156  0.41938614  0.35656014  0.34165960  0.51562196  0.48809956  0.51562196  0.49715947  0.51562196  0.49715947  0.34907205  0.34907205  0.37176956  0.37949415  0.52503039  0.54421708  0.39519166  0.42763156  0.38730092  0.38730092  0.38730092  0.33432129  0.32705564  0.34907205  0.37176956  0.29176893  0.31273668  0.31986123  
36_0_0     0.18905968  0.18905968  0.24505565  0.25154964  0.23223759  0.23861863  0.20113915  0.13703572  0.27811608  0.27811608  0.27138375  0.26471263  0.07808546  0.08845739  0.03314487  0.04782134  0.00000000  0.43597070  0.43597070  0.38730092  0.39519166  0.36412544  0.37949415  0.37176956  0.41938614  0.40316817  0.41123235  0.37949415  0.36412544  0.47915015  0.45293879  0.47915015  0.47915015  0.49715947  0.44440570  0.37176956  0.35656014  0.39519166  0.40316817  0.60498460  0.62641273  0.38730092  0.41938614  0.37949415  0.37949415  0.37949415  0.33432129  0.32705564  0.34907205  0.35656014  0.30568065  0.32705564  0.31986123  
50_0_0     0.47030858  0.47030858  0.52503039  0.52503039  0.50633265  0.51562196  0.41938614  0.41123235  0.47030858  0.47030858  0.46157229  0.45293879  0.40316817  0.40316817  0.43597070  0.46157229  0.43597070  0.00000000  0.07295396  0.24505565  0.26471263  0.23861863  0.23861863  0.25154964  0.31273668  0.26471263  0.25810162  0.23861863  0.19507456  0.41123235  0.40316817  0.40316817  0.37176956  0.37949415  0.35656014  0.18905968  0.25810162  0.25810162  0.27811608  0.46157229  0.47915015  0.37176956  0.39519166  0.37176956  0.37176956  0.37176956  0.41123235  0.37949415  0.42763156  0.41123235  0.41938614  0.45293879  0.40316817  
66_0_0     0.46157229  0.46157229  0.48809956  0.48809956  0.47030858  0.47915015  0.41123235  0.41938614  0.49715947  0.49715947  0.46157229  0.45293879  0.40316817  0.40316817  0.43597070  0.44440570  0.43597070  0.07295396  0.00000000  0.23861863  0.25810162  0.23223759  0.24505565  0.23861863  0.32705564  0.29176893  0.28491075  0.23223759  0.21342082  0.37949415  0.36412544  0.37176956  0.36412544  0.37176956  0.35656014  0.19507456  0.25810162  0.27811608  0.29176893  0.47915015  0.49715947  0.35656014  0.39519166  0.37176956  0.37176956  0.37176956  0.38730092  0.35656014  0.40316817  0.35656014  0.36412544  0.40316817  0.35656014  
23_0_0     0.42763156  0.42763156  0.40316817  0.40316817  0.41938614  0.41123235  0.41123235  0.37176956  0.46157229  0.46157229  0.47030858  0.46157229  0.34165960  0.35656014  0.35656014  0.36412544  0.38730092  0.24505565  0.23861863  0.00000000  0.03314487  0.01402202  0.02352115  0.01402202  0.14263732  0.11504739  0.10965174  0.00464430  0.08845739  0.31986123  0.27811608  0.30568065  0.27138375  0.29869182  0.25810162  0.10429549  0.14828202  0.14263732  0.18905968  0.43597070  0.45293879  0.33432129  0.33432129  0.31986123  0.31986123  0.31986123  0.31986123  0.32705564  0.34165960  0.35656014  0.29869182  0.32705564  0.31986123  
29_0_0     0.43597070  0.43597070  0.42763156  0.42763156  0.42763156  0.43597070  0.43597070  0.37949415  0.46157229  0.46157229  0.47030858  0.46157229  0.33432129  0.34907205  0.36412544  0.37176956  0.39519166  0.26471263  0.25810162  0.03314487  0.00000000  0.01875621  0.03800448  0.02831723  0.14828202  0.12048301  0.11504739  0.02831723  0.10429549  0.30568065  0.27811608  0.29869182  0.29869182  0.31273668  0.27138375  0.12048301  0.17130535  0.17130535  0.20725429  0.47915015  0.49715947  0.34165960  0.35656014  0.32705564  0.32705564  0.32705564  0.31986123  0.32705564  0.34165960  0.34907205  0.29176893  0.31986123  0.31273668  
100_0_0    0.40316817  0.40316817  0.39519166  0.39519166  0.39519166  0.40316817  0.40316817  0.36412544  0.44440570  0.44440570  0.45293879  0.44440570  0.31986123  0.33432129  0.33432129  0.34165960  0.36412544  0.23861863  0.23223759  0.01402202  0.01875621  0.00000000  0.01875621  0.00931818  0.12595919  0.10965174  0.10429549  0.00931818  0.08325310  0.29869182  0.25810162  0.29176893  0.27811608  0.29176893  0.25154964  0.09897805  0.14828202  0.14828202  0.18309371  0.45293879  0.47030858  0.32705564  0.34165960  0.31273668  0.31273668  0.31273668  0.29869182  0.31986123  0.33432129  0.33432129  0.27811608  0.30568065  0.29869182  
85_0_0     0.40316817  0.40316817  0.39519166  0.39519166  0.41123235  0.40316817  0.41938614  0.36412544  0.44440570  0.44440570  0.45293879  0.44440570  0.33432129  0.34907205  0.34907205  0.35656014  0.37949415  0.23861863  0.24505565  0.02352115  0.03800448  0.01875621  0.00000000  0.01875621  0.14828202  0.12048301  0.11504739  0.01875621  0.10429549  0.31273668  0.27138375  0.28491075  0.27811608  0.29176893  0.25154964  0.12048301  0.15970338  0.14828202  0.20725429  0.46157229  0.47915015  0.34165960  0.34165960  0.32705564  0.32705564  0.32705564  0.28491075  0.30568065  0.31986123  0.33432129  0.29176893  0.30568065  0.29869182  
79_0_0     0.41123235  0.41123235  0.38730092  0.38730092  0.40316817  0.39519166  0.41123235  0.37176956  0.45293879  0.45293879  0.46157229  0.45293879  0.31986123  0.33432129  0.34165960  0.34907205  0.37176956  0.25154964  0.23861863  0.01402202  0.02831723  0.00931818  0.01875621  0.00000000  0.13147655  0.10965174  0.10429549  0.00931818  0.09369886  0.30568065  0.27138375  0.29869182  0.27811608  0.29176893  0.25154964  0.10965174  0.14828202  0.14828202  0.18905968  0.45293879  0.47030858  0.33432129  0.34165960  0.32705564  0.32705564  0.32705564  0.31273668  0.33432129  0.34907205  0.34165960  0.29176893  0.31986123  0.31273668  
32_0_0     0.43597070  0.43597070  0.45293879  0.45293879  0.45293879  0.46157229  0.47030858  0.44440570  0.50633265  0.50633265  0.51562196  0.50633265  0.41123235  0.42763156  0.38730092  0.41123235  0.41938614  0.31273668  0.32705564  0.14263732  0.14828202  0.12595919  0.14828202  0.13147655  0.00000000  0.10429549  0.09897805  0.13703572  0.17717585  0.36412544  0.34907205  0.37949415  0.38730092  0.31273668  0.31273668  0.20113915  0.23861863  0.24505565  0.25810162  0.49715947  0.51562196  0.42763156  0.41938614  0.41123235  0.41123235  0.41123235  0.37949415  0.37949415  0.40316817  0.37176956  0.32705564  0.32705564  0.33432129  
88_0_0     0.43597070  0.43597070  0.44440570  0.44440570  0.46157229  0.45293879  0.45293879  0.42763156  0.49715947  0.49715947  0.48809956  0.47915015  0.39519166  0.41123235  0.39519166  0.42763156  0.40316817  0.26471263  0.29176893  0.11504739  0.12048301  0.10965174  0.12048301  0.10965174  0.10429549  0.00000000  0.00464430  0.10965174  0.14828202  0.31273668  0.29869182  0.31273668  0.31986123  0.29176893  0.26471263  0.16548143  0.21963961  0.21963961  0.26471263  0.52503039  0.52503039  0.38730092  0.36412544  0.36412544  0.36412544  0.36412544  0.39519166  0.37949415  0.40316817  0.38730092  0.35656014  0.35656014  0.34907205  
19_0_0     0.42763156  0.42763156  0.45293879  0.45293879  0.47030858  0.46157229  0.44440570  0.41938614  0.48809956  0.48809956  0.47915015  0.47030858  0.38730092  0.40316817  0.38730092  0.41938614  0.41123235  0.25810162  0.28491075  0.10965174  0.11504739  0.10429549  0.11504739  0.10429549  0.09897805  0.00464430  0.00000000  0.10429549  0.14263732  0.31986123  0.30568065  0.31986123  0.32705564  0.28491075  0.27138375  0.15970338  0.22591156  0.21342082  0.25810162  0.51562196  0.51562196  0.38730092  0.36412544  0.36412544  0.36412544  0.36412544  0.38730092  0.37176956  0.39519166  0.37949415  0.34907205  0.34907205  0.34165960  
96_0_0     0.41938614  0.41938614  0.39519166  0.39519166  0.41123235  0.40316817  0.40316817  0.36412544  0.45293879  0.45293879  0.46157229  0.45293879  0.33432129  0.34907205  0.34907205  0.35656014  0.37949415  0.23861863  0.23223759  0.00464430  0.02831723  0.00931818  0.01875621  0.00931818  0.13703572  0.10965174  0.10429549  0.00000000  0.08325310  0.31273668  0.27138375  0.29869182  0.26471263  0.29176893  0.25154964  0.09897805  0.14828202  0.13703572  0.18309371  0.43597070  0.45293879  0.34165960  0.34165960  0.32705564  0.32705564  0.32705564  0.31273668  0.31986123  0.33432129  0.34907205  0.29176893  0.31986123  0.31273668  
62_0_0     0.41123235  0.41123235  0.37949415  0.37949415  0.37949415  0.38730092  0.36412544  0.34165960  0.47915015  0.47915015  0.47030858  0.46157229  0.34907205  0.36412544  0.31986123  0.34165960  0.36412544  0.19507456  0.21342082  0.08845739  0.10429549  0.08325310  0.10429549  0.09369886  0.17717585  0.14828202  0.14263732  0.08325310  0.00000000  0.29176893  0.26471263  0.29869182  0.27138375  0.27138375  0.23223759  0.02352115  0.09897805  0.07808546  0.12048301  0.42763156  0.42763156  0.36412544  0.39519166  0.34907205  0.34907205  0.34907205  0.32705564  0.31986123  0.34907205  0.38730092  0.31986123  0.34907205  0.35656014  
24_0_0     0.46157229  0.46157229  0.44440570  0.44440570  0.44440570  0.45293879  0.44440570  0.41123235  0.54421708  0.54421708  0.56391899  0.55400191  0.46157229  0.46157229  0.49715947  0.51562196  0.47915015  0.41123235  0.37949415  0.31986123  0.30568065  0.29869182  0.31273668  0.30568065  0.36412544  0.31273668  0.31986123  0.31273668  0.29176893  0.00000000  0.03800448  0.05777133  0.10965174  0.09369886  0.08325310  0.29869182  0.34165960  0.36412544  0.37176956  0.62641273  0.62641273  0.46157229  0.50633265  0.47030858  0.47030858  0.47030858  0.38730092  0.42763156  0.45293879  0.41938614  0.44440570  0.42763156  0.40316817  
18_3_0     0.43597070  0.43597070  0.40316817  0.40316817  0.40316817  0.41123235  0.45293879  0.41938614  0.57397194  0.57397194  0.55400191  0.54421708  0.45293879  0.45293879  0.47030858  0.48809956  0.45293879  0.40316817  0.36412544  0.27811608  0.27811608  0.25810162  0.27138375  0.27138375  0.34907205  0.29869182  0.30568065  0.27138375  0.26471263  0.03800448  0.00000000  0.05777133  0.09897805  0.08845739  0.06785809  0.27138375  0.31986123  0.34907205  0.38730092  0.59450073  0.59450073  0.47915015  0.47030858  0.47030858  0.47030858  0.47030858  0.37176956  0.42763156  0.45293879  0.41938614  0.42763156  0.42763156  0.40316817  
18_0_0     0.44440570  0.44440570  0.42763156  0.42763156  0.43597070  0.43597070  0.47030858  0.42763156  0.56391899  0.56391899  0.56391899  0.55400191  0.46157229  0.46157229  0.47915015  0.51562196  0.47915015  0.40316817  0.37176956  0.30568065  0.29869182  0.29176893  0.28491075  0.29869182  0.37949415  0.31273668  0.31986123  0.29869182  0.29869182  0.05777133  0.05777133  0.00000000  0.11504739  0.12595919  0.10429549  0.30568065  0.32705564  0.34907205  0.37949415  0.61562045  0.63736612  0.46157229  0.47915015  0.45293879  0.45293879  0.45293879  0.40316817  0.44440570  0.47030858  0.47030858  0.47915015  0.44440570  0.41938614  
59_0_0     0.44440570  0.44440570  0.42763156  0.42763156  0.44440570  0.43597070  0.41123235  0.42763156  0.52503039  0.52503039  0.53456102  0.52503039  0.46157229  0.46157229  0.47915015  0.49715947  0.47915015  0.37176956  0.36412544  0.27138375  0.29869182  0.27811608  0.27811608  0.27811608  0.38730092  0.31986123  0.32705564  0.26471263  0.27138375  0.10965174  0.09897805  0.11504739  0.00000000  0.13703572  0.10429549  0.26471263  0.29176893  0.33432129  0.34165960  0.58416454  0.60498460  0.51562196  0.48809956  0.50633265  0.50633265  0.50633265  0.37949415  0.41938614  0.43597070  0.45293879  0.42763156  0.43597070  0.40316817  
13_0_0     0.43597070  0.43597070  0.45293879  0.45293879  0.45293879  0.44440570  0.45293879  0.46157229  0.58416454  0.58416454  0.59450073  0.58416454  0.47915015  0.47915015  0.49715947  0.51562196  0.49715947  0.37949415  0.37176956  0.29869182  0.31273668  0.29176893  0.29176893  0.29176893  0.31273668  0.29176893  0.28491075  0.29176893  0.27138375  0.09369886  0.08845739  0.12595919  0.13703572  0.00000000  0.03800448  0.30568065  0.37176956  0.35656014  0.39519166  0.59450073  0.59450073  0.47915015  0.46157229  0.47030858  0.47030858  0.47030858  0.41123235  0.46157229  0.47915015  0.42763156  0.43597070  0.43597070  0.41123235  
82_0_0     0.43597070  0.43597070  0.41938614  0.41938614  0.41938614  0.41123235  0.43597070  0.44440570  0.54421708  0.54421708  0.53456102  0.52503039  0.46157229  0.46157229  0.46157229  0.49715947  0.44440570  0.35656014  0.35656014  0.25810162  0.27138375  0.25154964  0.25154964  0.25154964  0.31273668  0.26471263  0.27138375  0.25154964  0.23223759  0.08325310  0.06785809  0.10429549  0.10429549  0.03800448  0.00000000  0.26471263  0.31273668  0.31273668  0.36412544  0.57397194  0.57397194  0.43597070  0.41938614  0.42763156  0.42763156  0.42763156  0.37949415  0.42763156  0.44440570  0.41123235  0.41938614  0.43597070  0.41123235  
63_0_0     0.40316817  0.40316817  0.37949415  0.37949415  0.37949415  0.38730092  0.34165960  0.34165960  0.46157229  0.46157229  0.45293879  0.44440570  0.37176956  0.38730092  0.32705564  0.34907205  0.37176956  0.18905968  0.19507456  0.10429549  0.12048301  0.09897805  0.12048301  0.10965174  0.20113915  0.16548143  0.15970338  0.09897805  0.02352115  0.29869182  0.27138375  0.30568065  0.26471263  0.30568065  0.26471263  0.00000000  0.08325310  0.07295396  0.10429549  0.45293879  0.45293879  0.38730092  0.41938614  0.37176956  0.37176956  0.37176956  0.31986123  0.31273668  0.34165960  0.36412544  0.31273668  0.34907205  0.33432129  
43_0_0     0.39519166  0.39519166  0.38730092  0.38730092  0.38730092  0.39519166  0.36412544  0.37176956  0.47915015  0.47915015  0.47030858  0.46157229  0.36412544  0.37949415  0.32705564  0.34907205  0.35656014  0.25810162  0.25810162  0.14828202  0.17130535  0.14828202  0.15970338  0.14828202  0.23861863  0.21963961  0.22591156  0.14828202  0.09897805  0.34165960  0.31986123  0.32705564  0.29176893  0.37176956  0.31273668  0.08325310  0.00000000  0.06785809  0.09369886  0.50633265  0.52503039  0.36412544  0.38730092  0.37176956  0.37176956  0.37176956  0.34907205  0.34165960  0.37176956  0.40316817  0.34165960  0.36412544  0.36412544  
34_0_0     0.43597070  0.43597070  0.41123235  0.41123235  0.42763156  0.41938614  0.41938614  0.39519166  0.54421708  0.54421708  0.53456102  0.52503039  0.39519166  0.41123235  0.34907205  0.37176956  0.39519166  0.25810162  0.27811608  0.14263732  0.17130535  0.14828202  0.14828202  0.14828202  0.24505565  0.21963961  0.21342082  0.13703572  0.07808546  0.36412544  0.34907205  0.34907205  0.33432129  0.35656014  0.31273668  0.07295396  0.06785809  0.00000000  0.05777133  0.44440570  0.44440570  0.41123235  0.41123235  0.39519166  0.39519166  0.39519166  0.34907205  0.34165960  0.37176956  0.41123235  0.35656014  0.37176956  0.37949415  
22_0_0     0.42763156  0.42763156  0.40316817  0.40316817  0.40316817  0.41123235  0.37949415  0.38730092  0.49715947  0.49715947  0.50633265  0.49715947  0.40316817  0.41938614  0.35656014  0.37949415  0.40316817  0.27811608  0.29176893  0.18905968  0.20725429  0.18309371  0.20725429  0.18905968  0.25810162  0.26471263  0.25810162  0.18309371  0.12048301  0.37176956  0.38730092  0.37949415  0.34165960  0.39519166  0.36412544  0.10429549  0.09369886  0.05777133  0.00000000  0.48809956  0.50633265  0.42763156  0.47915015  0.44440570  0.44440570  0.44440570  0.36412544  0.35656014  0.37176956  0.42763156  0.34165960  0.36412544  0.36412544  
5_0_0      0.63736612  0.63736612  0.56391899  0.56391899  0.58416454  0.57397194  0.58416454  0.58416454  0.67124294  0.67124294  0.64848551  0.64848551  0.56391899  0.54421708  0.54421708  0.52503039  0.60498460  0.46157229  0.47915015  0.43597070  0.47915015  0.45293879  0.46157229  0.45293879  0.49715947  0.52503039  0.51562196  0.43597070  0.42763156  0.62641273  0.59450073  0.61562045  0.58416454  0.59450073  0.57397194  0.45293879  0.50633265  0.44440570  0.48809956  0.00000000  0.00931818  0.45293879  0.42763156  0.42763156  0.42763156  0.42763156  0.40316817  0.41938614  0.44440570  0.51562196  0.43597070  0.42763156  0.47030858  
1_0_0      0.65977600  0.65977600  0.58416454  0.58416454  0.60498460  0.59450073  0.60498460  0.60498460  0.69472885  0.69472885  0.67124294  0.67124294  0.58416454  0.56391899  0.56391899  0.54421708  0.62641273  0.47915015  0.49715947  0.45293879  0.49715947  0.47030858  0.47915015  0.47030858  0.51562196  0.52503039  0.51562196  0.45293879  0.42763156  0.62641273  0.59450073  0.63736612  0.60498460  0.59450073  0.57397194  0.45293879  0.52503039  0.44440570  0.50633265  0.00931818  0.00000000  0.47030858  0.44440570  0.44440570  0.44440570  0.44440570  0.41938614  0.43597070  0.46157229  0.51562196  0.45293879  0.44440570  0.48809956  
11_0_0     0.43597070  0.43597070  0.47030858  0.47030858  0.47030858  0.47915015  0.41123235  0.44440570  0.43597070  0.43597070  0.42763156  0.41938614  0.37176956  0.37176956  0.38730092  0.39519166  0.38730092  0.37176956  0.35656014  0.33432129  0.34165960  0.32705564  0.34165960  0.33432129  0.42763156  0.38730092  0.38730092  0.34165960  0.36412544  0.46157229  0.47915015  0.46157229  0.51562196  0.47915015  0.43597070  0.38730092  0.36412544  0.41123235  0.42763156  0.45293879  0.47030858  0.00000000  0.06279738  0.05277947  0.05277947  0.05277947  0.28491075  0.26471263  0.29176893  0.29869182  0.26471263  0.27811608  0.27138375  
2_0_0      0.47915015  0.47915015  0.47030858  0.47030858  0.48809956  0.47915015  0.47030858  0.45293879  0.44440570  0.44440570  0.40316817  0.39519166  0.37176956  0.37176956  0.40316817  0.42763156  0.41938614  0.39519166  0.39519166  0.33432129  0.35656014  0.34165960  0.34165960  0.34165960  0.41938614  0.36412544  0.36412544  0.34165960  0.39519166  0.50633265  0.47030858  0.47915015  0.48809956  0.46157229  0.41938614  0.41938614  0.38730092  0.41123235  0.47915015  0.42763156  0.44440570  0.06279738  0.00000000  0.06785809  0.06785809  0.06785809  0.32705564  0.31273668  0.33432129  0.33432129  0.29176893  0.30568065  0.29869182  
4_0_0      0.46157229  0.46157229  0.46157229  0.46157229  0.46157229  0.47030858  0.43597070  0.41123235  0.41938614  0.41938614  0.39519166  0.38730092  0.33432129  0.33432129  0.36412544  0.38730092  0.37949415  0.37176956  0.37176956  0.31986123  0.32705564  0.31273668  0.32705564  0.32705564  0.41123235  0.36412544  0.36412544  0.32705564  0.34907205  0.47030858  0.47030858  0.45293879  0.50633265  0.47030858  0.42763156  0.37176956  0.37176956  0.39519166  0.44440570  0.42763156  0.44440570  0.05277947  0.06785809  0.00000000  0.00000000  0.00000000  0.26471263  0.25810162  0.28491075  0.31986123  0.27138375  0.27138375  0.27811608  
7_0_0      0.46157229  0.46157229  0.46157229  0.46157229  0.46157229  0.47030858  0.43597070  0.41123235  0.41938614  0.41938614  0.39519166  0.38730092  0.33432129  0.33432129  0.36412544  0.38730092  0.37949415  0.37176956  0.37176956  0.31986123  0.32705564  0.31273668  0.32705564  0.32705564  0.41123235  0.36412544  0.36412544  0.32705564  0.34907205  0.47030858  0.47030858  0.45293879  0.50633265  0.47030858  0.42763156  0.37176956  0.37176956  0.39519166  0.44440570  0.42763156  0.44440570  0.05277947  0.06785809  0.00000000  0.00000000  0.00000000  0.26471263  0.25810162  0.28491075  0.31986123  0.27138375  0.27138375  0.27811608  
6_0_0      0.46157229  0.46157229  0.46157229  0.46157229  0.46157229  0.47030858  0.43597070  0.41123235  0.41938614  0.41938614  0.39519166  0.38730092  0.33432129  0.33432129  0.36412544  0.38730092  0.37949415  0.37176956  0.37176956  0.31986123  0.32705564  0.31273668  0.32705564  0.32705564  0.41123235  0.36412544  0.36412544  0.32705564  0.34907205  0.47030858  0.47030858  0.45293879  0.50633265  0.47030858  0.42763156  0.37176956  0.37176956  0.39519166  0.44440570  0.42763156  0.44440570  0.05277947  0.06785809  0.00000000  0.00000000  0.00000000  0.26471263  0.25810162  0.28491075  0.31986123  0.27138375  0.27138375  0.27811608  
8_2_0      0.34907205  0.34907205  0.37176956  0.37176956  0.37176956  0.37949415  0.34165960  0.34165960  0.41938614  0.41938614  0.43597070  0.42763156  0.32705564  0.32705564  0.34165960  0.33432129  0.33432129  0.41123235  0.38730092  0.31986123  0.31986123  0.29869182  0.28491075  0.31273668  0.37949415  0.39519166  0.38730092  0.31273668  0.32705564  0.38730092  0.37176956  0.40316817  0.37949415  0.41123235  0.37949415  0.31986123  0.34907205  0.34907205  0.36412544  0.40316817  0.41938614  0.28491075  0.32705564  0.26471263  0.26471263  0.26471263  0.00000000  0.03800448  0.06279738  0.20113915  0.13147655  0.11504739  0.09897805  
8_1_0      0.34907205  0.34907205  0.39519166  0.39519166  0.39519166  0.40316817  0.34165960  0.32705564  0.41938614  0.41938614  0.41938614  0.41123235  0.30568065  0.30568065  0.33432129  0.32705564  0.32705564  0.37949415  0.35656014  0.32705564  0.32705564  0.31986123  0.30568065  0.33432129  0.37949415  0.37949415  0.37176956  0.31986123  0.31986123  0.42763156  0.42763156  0.44440570  0.41938614  0.46157229  0.42763156  0.31273668  0.34165960  0.34165960  0.35656014  0.41938614  0.43597070  0.26471263  0.31273668  0.25810162  0.25810162  0.25810162  0.03800448  0.00000000  0.04289650  0.18905968  0.10965174  0.11504739  0.08845739  
8_0_0      0.35656014  0.35656014  0.39519166  0.39519166  0.39519166  0.40316817  0.34907205  0.33432129  0.40316817  0.40316817  0.40316817  0.39519166  0.32705564  0.32705564  0.35656014  0.34907205  0.34907205  0.42763156  0.40316817  0.34165960  0.34165960  0.33432129  0.31986123  0.34907205  0.40316817  0.40316817  0.39519166  0.33432129  0.34907205  0.45293879  0.45293879  0.47030858  0.43597070  0.47915015  0.44440570  0.34165960  0.37176956  0.37176956  0.37176956  0.44440570  0.46157229  0.29176893  0.33432129  0.28491075  0.28491075  0.28491075  0.06279738  0.04289650  0.00000000  0.20725429  0.13703572  0.14263732  0.10429549  
3_0_0      0.35656014  0.35656014  0.46157229  0.46157229  0.44440570  0.45293879  0.36412544  0.37176956  0.43597070  0.43597070  0.43597070  0.42763156  0.37949415  0.39519166  0.37949415  0.37176956  0.35656014  0.41123235  0.35656014  0.35656014  0.34907205  0.33432129  0.33432129  0.34165960  0.37176956  0.38730092  0.37949415  0.34907205  0.38730092  0.41938614  0.41938614  0.47030858  0.45293879  0.42763156  0.41123235  0.36412544  0.40316817  0.41123235  0.42763156  0.51562196  0.51562196  0.29869182  0.33432129  0.31986123  0.31986123  0.31986123  0.20113915  0.18905968  0.20725429  0.00000000  0.13703572  0.15970338  0.11504739  
10_0_0     0.32705564  0.32705564  0.38730092  0.38730092  0.38730092  0.39519166  0.31986123  0.31986123  0.39519166  0.39519166  0.39519166  0.38730092  0.28491075  0.29869182  0.29869182  0.29176893  0.30568065  0.41938614  0.36412544  0.29869182  0.29176893  0.27811608  0.29176893  0.29176893  0.32705564  0.35656014  0.34907205  0.29176893  0.31986123  0.44440570  0.42763156  0.47915015  0.42763156  0.43597070  0.41938614  0.31273668  0.34165960  0.35656014  0.34165960  0.43597070  0.45293879  0.26471263  0.29176893  0.27138375  0.27138375  0.27138375  0.13147655  0.10965174  0.13703572  0.13703572  0.00000000  0.04782134  0.03800448  
9_0_0      0.33432129  0.33432129  0.37949415  0.37949415  0.37949415  0.38730092  0.34907205  0.31986123  0.40316817  0.40316817  0.41938614  0.41123235  0.30568065  0.31986123  0.31986123  0.31273668  0.32705564  0.45293879  0.40316817  0.32705564  0.31986123  0.30568065  0.30568065  0.31986123  0.32705564  0.35656014  0.34907205  0.31986123  0.34907205  0.42763156  0.42763156  0.44440570  0.43597070  0.43597070  0.43597070  0.34907205  0.36412544  0.37176956  0.36412544  0.42763156  0.44440570  0.27811608  0.30568065  0.27138375  0.27138375  0.27138375  0.11504739  0.11504739  0.14263732  0.15970338  0.04782134  0.00000000  0.03800448  
12_0_0     0.29176893  0.29176893  0.36412544  0.36412544  0.36412544  0.37176956  0.31273668  0.30568065  0.34907205  0.34907205  0.36412544  0.35656014  0.29869182  0.31273668  0.32705564  0.31986123  0.31986123  0.40316817  0.35656014  0.31986123  0.31273668  0.29869182  0.29869182  0.31273668  0.33432129  0.34907205  0.34165960  0.31273668  0.35656014  0.40316817  0.40316817  0.41938614  0.40316817  0.41123235  0.41123235  0.33432129  0.36412544  0.37949415  0.36412544  0.47030858  0.48809956  0.27138375  0.29869182  0.27811608  0.27811608  0.27811608  0.09897805  0.08845739  0.10429549  0.11504739  0.03800448  0.03800448  0.00000000  

