33
2_1_0      0.00000000  0.07131605  0.08262401  0.53905230  0.52521288  0.55315216  0.38778689  0.39928922  0.41688073  0.37085785  0.38778689  0.44099760  0.42884214  0.41097088  0.42283756  0.34346601  0.35430288  0.35430288  0.35978066  0.51162446  0.51838786  0.42884214  0.39351598  0.41688073  0.40510728  0.43489522  0.42283756  0.42283756  0.40510728  0.41097088  0.46591663  0.42283756  0.43489522  
3_1_0      0.07131605  0.00000000  0.06758434  0.53905230  0.53905230  0.53905230  0.39928922  0.39928922  0.40510728  0.40510728  0.39928922  0.46591663  0.45335352  0.42283756  0.43489522  0.37645847  0.38778689  0.39928922  0.40510728  0.49169301  0.49827809  0.44099760  0.45335352  0.49169301  0.41097088  0.47227807  0.45960874  0.45960874  0.41688073  0.42283756  0.45960874  0.40510728  0.41688073  
1_1_0      0.08262401  0.06758434  0.00000000  0.53210063  0.54606906  0.53210063  0.44099760  0.45960874  0.47227807  0.42283756  0.42884214  0.45335352  0.44099760  0.43489522  0.43489522  0.39351598  0.40510728  0.40510728  0.41097088  0.53905230  0.54606906  0.46591663  0.42283756  0.45960874  0.39351598  0.42283756  0.43489522  0.42283756  0.40510728  0.42283756  0.45960874  0.39351598  0.41688073  
73_0_0     0.53905230  0.53905230  0.53210063  0.00000000  0.02069125  0.03125518  0.53210063  0.54606906  0.54606906  0.52521288  0.51838786  0.58960827  0.58217376  0.50492156  0.50492156  0.49827809  0.50492156  0.51162446  0.51838786  0.60470232  0.60470232  0.56030285  0.51838786  0.51162446  0.56752245  0.62792932  0.62010671  0.61236493  0.65189946  0.58960827  0.59711728  0.57481229  0.53905230  
24_0_0     0.52521288  0.53905230  0.54606906  0.02069125  0.00000000  0.05284063  0.57481229  0.58960827  0.57481229  0.56752245  0.56030285  0.63583447  0.61236493  0.54606906  0.54606906  0.51162446  0.51838786  0.52521288  0.53210063  0.63583447  0.63583447  0.57481229  0.54606906  0.53905230  0.55315216  0.63583447  0.62792932  0.62010671  0.65189946  0.60470232  0.61236493  0.58960827  0.55315216  
25_0_0     0.55315216  0.53905230  0.53210063  0.03125518  0.05284063  0.00000000  0.53905230  0.54606906  0.55315216  0.56030285  0.53905230  0.58217376  0.57481229  0.51162446  0.51162446  0.53905230  0.54606906  0.55315216  0.56030285  0.64382391  0.64382391  0.56030285  0.53210063  0.52521288  0.60470232  0.67666186  0.66831646  0.66006300  0.66831646  0.62010671  0.61236493  0.58960827  0.56752245  
37_0_0     0.38778689  0.39928922  0.44099760  0.53210063  0.57481229  0.53905230  0.00000000  0.02419604  0.03480984  0.07131605  0.07506644  0.18414967  0.18414967  0.21522858  0.22435031  0.20175089  0.19289859  0.19289859  0.19731167  0.28154355  0.28651272  0.26683077  0.16695245  0.19289859  0.37645847  0.35430288  0.34346601  0.34346601  0.32749905  0.31186527  0.37645847  0.31186527  0.30162108  
74_0_0     0.39928922  0.39928922  0.45960874  0.54606906  0.58960827  0.54606906  0.02419604  0.00000000  0.04557617  0.09025858  0.09410524  0.19289859  0.20175089  0.23358446  0.24293383  0.19731167  0.18851136  0.18851136  0.19289859  0.29151507  0.29655103  0.28651272  0.17550172  0.19289859  0.39351598  0.37085785  0.35978066  0.35978066  0.33278366  0.31704037  0.38778689  0.32225146  0.31186527  
53_0_0     0.41688073  0.40510728  0.47227807  0.54606906  0.57481229  0.55315216  0.03480984  0.04557617  0.00000000  0.09797175  0.10185832  0.17981322  0.18851136  0.24765263  0.25718034  0.18851136  0.17981322  0.17981322  0.18414967  0.28651272  0.29151507  0.28154355  0.18851136  0.20621657  0.37645847  0.34886485  0.33810580  0.33810580  0.31186527  0.29655103  0.38210127  0.30672567  0.29655103  
88_0_0     0.37085785  0.40510728  0.42283756  0.52521288  0.56752245  0.56030285  0.07131605  0.09025858  0.09797175  0.00000000  0.01720279  0.14599655  0.15430871  0.19289859  0.20175089  0.16271412  0.15430871  0.15430871  0.15849963  0.25718034  0.26199002  0.26683077  0.15430871  0.17121489  0.32749905  0.31186527  0.30162108  0.30162108  0.27660712  0.28651272  0.36529878  0.31186527  0.30162108  
27_0_0     0.38778689  0.39928922  0.42884214  0.51838786  0.56030285  0.53905230  0.07506644  0.09410524  0.10185832  0.01720279  0.00000000  0.15014110  0.15849963  0.19731167  0.20621657  0.16695245  0.15849963  0.16695245  0.17121489  0.24765263  0.25240135  0.26199002  0.15849963  0.17550172  0.33810580  0.32749905  0.31704037  0.31704037  0.29151507  0.30162108  0.35978066  0.30672567  0.29655103  
64_3_0     0.44099760  0.46591663  0.45335352  0.58960827  0.63583447  0.58217376  0.18414967  0.19289859  0.17981322  0.14599655  0.15014110  0.00000000  0.01373049  0.21070903  0.21070903  0.26683077  0.26683077  0.25718034  0.26199002  0.28651272  0.28154355  0.30672567  0.21070903  0.22895316  0.37645847  0.34346601  0.33278366  0.33278366  0.34886485  0.34886485  0.36529878  0.33278366  0.32749905  
96_3_0     0.42884214  0.45335352  0.44099760  0.58217376  0.61236493  0.57481229  0.18414967  0.20175089  0.18851136  0.15430871  0.15849963  0.01373049  0.00000000  0.21070903  0.20175089  0.27660712  0.27660712  0.26683077  0.27170300  0.30672567  0.30162108  0.32225146  0.22895316  0.24765263  0.37645847  0.36529878  0.35430288  0.35430288  0.37085785  0.36529878  0.37645847  0.33278366  0.32749905  
64_0_0     0.41097088  0.42283756  0.43489522  0.50492156  0.54606906  0.51162446  0.21522858  0.23358446  0.24765263  0.19289859  0.19731167  0.21070903  0.21070903  0.00000000  0.00683379  0.31186527  0.30672567  0.29655103  0.30162108  0.32225146  0.31704037  0.32225146  0.27170300  0.29151507  0.45335352  0.44715009  0.45960874  0.44715009  0.44099760  0.42884214  0.42283756  0.40510728  0.37085785  
96_0_0     0.42283756  0.43489522  0.43489522  0.50492156  0.54606906  0.51162446  0.22435031  0.24293383  0.25718034  0.20175089  0.20621657  0.21070903  0.20175089  0.00683379  0.00000000  0.32225146  0.31704037  0.30672567  0.31186527  0.33278366  0.32749905  0.32749905  0.28154355  0.30162108  0.46591663  0.44715009  0.45960874  0.44715009  0.44099760  0.43489522  0.42283756  0.40510728  0.37085785  
92_0_0     0.34346601  0.37645847  0.39351598  0.49827809  0.51162446  0.53905230  0.20175089  0.19731167  0.18851136  0.16271412  0.16695245  0.26683077  0.27660712  0.31186527  0.32225146  0.00000000  0.00683379  0.01373049  0.01720279  0.27170300  0.27660712  0.28154355  0.15849963  0.17550172  0.32225146  0.33278366  0.32749905  0.32225146  0.30162108  0.31186527  0.33810580  0.31186527  0.30162108  
9_0_0      0.35430288  0.38778689  0.40510728  0.50492156  0.51838786  0.54606906  0.19289859  0.18851136  0.17981322  0.15430871  0.15849963  0.26683077  0.27660712  0.30672567  0.31704037  0.00683379  0.00000000  0.00683379  0.01027420  0.26199002  0.26683077  0.28154355  0.15014110  0.16695245  0.31186527  0.32225146  0.31704037  0.31186527  0.29151507  0.30162108  0.33810580  0.30162108  0.29151507  
9_2_0      0.35430288  0.39928922  0.40510728  0.51162446  0.52521288  0.55315216  0.19289859  0.18851136  0.17981322  0.15430871  0.16695245  0.25718034  0.26683077  0.29655103  0.30672567  0.01373049  0.00683379  0.00000000  0.00340910  0.26683077  0.26199002  0.28154355  0.15014110  0.16695245  0.30162108  0.31186527  0.30672567  0.30162108  0.28154355  0.29151507  0.34886485  0.31186527  0.29151507  
92_2_0     0.35978066  0.40510728  0.41097088  0.51838786  0.53210063  0.56030285  0.19731167  0.19289859  0.18414967  0.15849963  0.17121489  0.26199002  0.27170300  0.30162108  0.31186527  0.01720279  0.01027420  0.00340910  0.00000000  0.27170300  0.26683077  0.28651272  0.15430871  0.17121489  0.30672567  0.31704037  0.31186527  0.30672567  0.28651272  0.29655103  0.35430288  0.31704037  0.29655103  
63_0_0     0.51162446  0.49169301  0.53905230  0.60470232  0.63583447  0.64382391  0.28154355  0.29151507  0.28651272  0.25718034  0.24765263  0.28651272  0.30672567  0.32225146  0.33278366  0.27170300  0.26199002  0.26683077  0.27170300  0.00000000  0.00340910  0.29151507  0.20175089  0.21070903  0.37085785  0.31704037  0.30672567  0.30672567  0.30672567  0.30672567  0.35978066  0.34886485  0.35430288  
35_0_0     0.51838786  0.49827809  0.54606906  0.60470232  0.63583447  0.64382391  0.28651272  0.29655103  0.29151507  0.26199002  0.25240135  0.28154355  0.30162108  0.31704037  0.32749905  0.27660712  0.26683077  0.26199002  0.26683077  0.00340910  0.00000000  0.28651272  0.20621657  0.21522858  0.36529878  0.31186527  0.30162108  0.30162108  0.30162108  0.30162108  0.36529878  0.35430288  0.34886485  
29_0_0     0.42884214  0.44099760  0.46591663  0.56030285  0.57481229  0.56030285  0.26683077  0.28651272  0.28154355  0.26683077  0.26199002  0.30672567  0.32225146  0.32225146  0.32749905  0.28154355  0.28154355  0.28154355  0.28651272  0.29151507  0.28651272  0.00000000  0.17121489  0.17121489  0.40510728  0.34886485  0.33810580  0.33810580  0.32749905  0.34346601  0.37085785  0.36529878  0.33810580  
65_0_0     0.39351598  0.45335352  0.42283756  0.51838786  0.54606906  0.53210063  0.16695245  0.17550172  0.18851136  0.15430871  0.15849963  0.21070903  0.22895316  0.27170300  0.28154355  0.15849963  0.15014110  0.15014110  0.15430871  0.20175089  0.20621657  0.17121489  0.00000000  0.02771729  0.29655103  0.24765263  0.24765263  0.24765263  0.26683077  0.25718034  0.26683077  0.25240135  0.25240135  
51_0_0     0.41688073  0.49169301  0.45960874  0.51162446  0.53905230  0.52521288  0.19289859  0.19289859  0.20621657  0.17121489  0.17550172  0.22895316  0.24765263  0.29151507  0.30162108  0.17550172  0.16695245  0.16695245  0.17121489  0.21070903  0.21522858  0.17121489  0.02771729  0.00000000  0.30162108  0.24765263  0.24765263  0.24765263  0.26683077  0.25718034  0.29655103  0.27170300  0.27170300  
16_0_0     0.40510728  0.41097088  0.39351598  0.56752245  0.55315216  0.60470232  0.37645847  0.39351598  0.37645847  0.32749905  0.33810580  0.37645847  0.37645847  0.45335352  0.46591663  0.32225146  0.31186527  0.30162108  0.30672567  0.37085785  0.36529878  0.40510728  0.29655103  0.30162108  0.00000000  0.15430871  0.13777560  0.13777560  0.15430871  0.14599655  0.24293383  0.21522858  0.19289859  
86_0_0     0.43489522  0.47227807  0.42283756  0.62792932  0.63583447  0.67666186  0.35430288  0.37085785  0.34886485  0.31186527  0.32749905  0.34346601  0.36529878  0.44715009  0.44715009  0.33278366  0.32225146  0.31186527  0.31704037  0.31704037  0.31186527  0.34886485  0.24765263  0.24765263  0.15430871  0.00000000  0.02069125  0.01373049  0.07131605  0.05649945  0.17550172  0.14187480  0.13777560  
59_0_0     0.42283756  0.45960874  0.43489522  0.62010671  0.62792932  0.66831646  0.34346601  0.35978066  0.33810580  0.30162108  0.31704037  0.33278366  0.35430288  0.45960874  0.45960874  0.32749905  0.31704037  0.30672567  0.31186527  0.30672567  0.30162108  0.33810580  0.24765263  0.24765263  0.13777560  0.02069125  0.00000000  0.00683379  0.07131605  0.05649945  0.17550172  0.14187480  0.13777560  
44_0_0     0.42283756  0.45960874  0.42283756  0.61236493  0.62010671  0.66006300  0.34346601  0.35978066  0.33810580  0.30162108  0.31704037  0.33278366  0.35430288  0.44715009  0.44715009  0.32225146  0.31186527  0.30162108  0.30672567  0.30672567  0.30162108  0.33810580  0.24765263  0.24765263  0.13777560  0.01373049  0.00683379  0.00000000  0.06387113  0.04919959  0.16695245  0.13369870  0.12964387  
39_0_0     0.40510728  0.41688073  0.40510728  0.65189946  0.65189946  0.66831646  0.32749905  0.33278366  0.31186527  0.27660712  0.29151507  0.34886485  0.37085785  0.44099760  0.44099760  0.30162108  0.29151507  0.28154355  0.28651272  0.30672567  0.30162108  0.32749905  0.26683077  0.26683077  0.15430871  0.07131605  0.07131605  0.06387113  0.00000000  0.05649945  0.18414967  0.15849963  0.15430871  
66_0_0     0.41097088  0.42283756  0.42283756  0.58960827  0.60470232  0.62010671  0.31186527  0.31704037  0.29655103  0.28651272  0.30162108  0.34886485  0.36529878  0.42884214  0.43489522  0.31186527  0.30162108  0.29151507  0.29655103  0.30672567  0.30162108  0.34346601  0.25718034  0.25718034  0.14599655  0.05649945  0.05649945  0.04919959  0.05649945  0.00000000  0.15014110  0.14187480  0.12159944  
83_0_0     0.46591663  0.45960874  0.45960874  0.59711728  0.61236493  0.61236493  0.37645847  0.38778689  0.38210127  0.36529878  0.35978066  0.36529878  0.37645847  0.42283756  0.42283756  0.33810580  0.33810580  0.34886485  0.35430288  0.35978066  0.36529878  0.37085785  0.26683077  0.29655103  0.24293383  0.17550172  0.17550172  0.16695245  0.18414967  0.15014110  0.00000000  0.10185832  0.09025858  
83_4_0     0.42283756  0.40510728  0.39351598  0.57481229  0.58960827  0.58960827  0.31186527  0.32225146  0.30672567  0.31186527  0.30672567  0.33278366  0.33278366  0.40510728  0.40510728  0.31186527  0.30162108  0.31186527  0.31704037  0.34886485  0.35430288  0.36529878  0.25240135  0.27170300  0.21522858  0.14187480  0.14187480  0.13369870  0.15849963  0.14187480  0.10185832  0.00000000  0.03838146  
83_5_0     0.43489522  0.41688073  0.41688073  0.53905230  0.55315216  0.56752245  0.30162108  0.31186527  0.29655103  0.30162108  0.29655103  0.32749905  0.32749905  0.37085785  0.37085785  0.30162108  0.29151507  0.29151507  0.29655103  0.35430288  0.34886485  0.33810580  0.25240135  0.27170300  0.19289859  0.13777560  0.13777560  0.12964387  0.15430871  0.12159944  0.09025858  0.03838146  0.00000000  

