9
100_2_0    0.00000000  0.01567253  0.03983735  0.06483785  0.06483785  0.03169233  0.03169233  0.04807516  0.09073392  
100_0_0    0.01567253  0.00000000  0.03983735  0.06483785  0.04807516  0.03169233  0.03169233  0.05640793  0.09073392  
95_0_0     0.03983735  0.03983735  0.00000000  0.07336723  0.07336723  0.02363806  0.02363806  0.07336723  0.10852807  
94_3_0     0.06483785  0.06483785  0.07336723  0.00000000  0.01567253  0.06483785  0.06483785  0.09073392  0.12677123  
99_3_0     0.06483785  0.04807516  0.07336723  0.01567253  0.00000000  0.06483785  0.06483785  0.08199843  0.14548667  
94_0_0     0.03169233  0.03169233  0.02363806  0.06483785  0.06483785  0.00000000  0.00000000  0.06483785  0.09957625  
99_0_0     0.03169233  0.03169233  0.02363806  0.06483785  0.06483785  0.00000000  0.00000000  0.06483785  0.09957625  
98_0_0     0.04807516  0.05640793  0.07336723  0.09073392  0.08199843  0.06483785  0.06483785  0.00000000  0.14548667  
96_0_0     0.09073392  0.09073392  0.10852807  0.12677123  0.14548667  0.09957625  0.09957625  0.14548667  0.00000000  

