17
3_0_0      0.00000000  0.18201236  0.18793440  0.42420546  0.41605921  0.40800197  0.40003180  0.52970074  0.53921300  0.51103659  0.52030962  0.55861370  0.48389723  0.52030962  0.51103659  0.51103659  0.54884955  
1_0_0      0.18201236  0.00000000  0.01395611  0.38434533  0.39214686  0.38434533  0.38434533  0.58870665  0.58870665  0.58870665  0.57853861  0.53921300  0.44077299  0.43244270  0.44077299  0.44077299  0.44077299  
2_0_0      0.18793440  0.01395611  0.00000000  0.37662547  0.38434533  0.37662547  0.36142404  0.55861370  0.55861370  0.55861370  0.54884955  0.52970074  0.44919845  0.44077299  0.44919845  0.44919845  0.43244270  
12_0_0     0.42420546  0.38434533  0.37662547  0.00000000  0.00462275  0.01395611  0.06751442  0.46634378  0.46634378  0.46634378  0.44919845  0.43244270  0.39214686  0.44077299  0.44919845  0.45772129  0.44919845  
10_0_0     0.41605921  0.39214686  0.38434533  0.00462275  0.00000000  0.00927467  0.07258189  0.47506828  0.47506828  0.47506828  0.45772129  0.44077299  0.40003180  0.44919845  0.45772129  0.46634378  0.45772129  
13_0_0     0.40800197  0.38434533  0.37662547  0.01395611  0.00927467  0.00000000  0.08282251  0.47506828  0.47506828  0.47506828  0.45772129  0.44077299  0.40003180  0.44919845  0.45772129  0.46634378  0.45772129  
4_0_0      0.40003180  0.38434533  0.36142404  0.06751442  0.07258189  0.08282251  0.00000000  0.44077299  0.44077299  0.44077299  0.42420546  0.44077299  0.39214686  0.43244270  0.44077299  0.43244270  0.44077299  
17_1_0     0.52970074  0.58870665  0.55861370  0.46634378  0.47506828  0.47506828  0.44077299  0.00000000  0.00462275  0.02818144  0.05748276  0.05748276  0.45772129  0.47506828  0.48389723  0.48389723  0.45772129  
14_1_0     0.53921300  0.58870665  0.55861370  0.46634378  0.47506828  0.47506828  0.44077299  0.00462275  0.00000000  0.03298486  0.06248153  0.06248153  0.45772129  0.47506828  0.48389723  0.48389723  0.45772129  
11_1_0     0.51103659  0.58870665  0.55861370  0.46634378  0.47506828  0.47506828  0.44077299  0.02818144  0.03298486  0.00000000  0.04758573  0.06751442  0.49283317  0.51103659  0.52030962  0.52030962  0.49283317  
6_1_0      0.52030962  0.57853861  0.54884955  0.44919845  0.45772129  0.45772129  0.42420546  0.05748276  0.06248153  0.04758573  0.00000000  0.08799665  0.50187871  0.49283317  0.50187871  0.47506828  0.46634378  
5_1_0      0.55861370  0.53921300  0.52970074  0.43244270  0.44077299  0.44077299  0.44077299  0.05748276  0.06248153  0.06751442  0.08799665  0.00000000  0.44077299  0.44077299  0.44919845  0.46634378  0.42420546  
5_0_0      0.48389723  0.44077299  0.44919845  0.39214686  0.40003180  0.40003180  0.39214686  0.45772129  0.45772129  0.49283317  0.50187871  0.44077299  0.00000000  0.09320735  0.08799665  0.09320735  0.08799665  
11_0_0     0.52030962  0.43244270  0.44077299  0.44077299  0.44919845  0.44919845  0.43244270  0.47506828  0.47506828  0.51103659  0.49283317  0.44077299  0.09320735  0.00000000  0.01395611  0.03781977  0.03298486  
6_0_0      0.51103659  0.44077299  0.44919845  0.44919845  0.45772129  0.45772129  0.44077299  0.48389723  0.48389723  0.52030962  0.50187871  0.44919845  0.08799665  0.01395611  0.00000000  0.03298486  0.02818144  
14_0_0     0.51103659  0.44077299  0.44919845  0.45772129  0.46634378  0.46634378  0.43244270  0.48389723  0.48389723  0.52030962  0.47506828  0.46634378  0.09320735  0.03781977  0.03298486  0.00000000  0.02340911  
17_0_0     0.54884955  0.44077299  0.43244270  0.44919845  0.45772129  0.45772129  0.44077299  0.45772129  0.45772129  0.49283317  0.46634378  0.42420546  0.08799665  0.03298486  0.02818144  0.02340911  0.00000000  

