41
78_0_0     0.00000000  0.06436268  0.09609374  0.18202481  0.18202481  0.28639408  0.27250371  0.25887230  0.21943949  0.20675402  0.27941591  0.26565624  0.26565624  0.24549035  0.43345939  0.38374681  0.45081077  0.46858392  0.40818072  0.39994503  0.39994503  0.40818072  0.40818072  0.43345939  0.38374681  0.49608085  0.50548117  0.43345939  0.50548117  0.46858392  0.52465231  0.52465231  0.50548117  0.45964334  0.41651022  0.40818072  0.40818072  0.42493570  0.45081077  0.40818072  0.44208361  
92_9_0     0.06436268  0.00000000  0.08005611  0.17597101  0.17597101  0.31499238  0.28639408  0.27941591  0.23889011  0.23889011  0.29343948  0.27941591  0.25887230  0.25215071  0.45964334  0.32972220  0.40818072  0.42493570  0.46858392  0.40818072  0.40818072  0.41651022  0.41651022  0.40818072  0.40818072  0.50548117  0.51500392  0.47763516  0.51500392  0.44208361  0.53442973  0.51500392  0.49608085  0.48679984  0.49608085  0.48679984  0.45081077  0.42493570  0.43345939  0.46858392  0.44208361  
92_0_0     0.09609374  0.08005611  0.00000000  0.18812915  0.18812915  0.35238868  0.34475485  0.25215071  0.23234891  0.24549035  0.27941591  0.27941591  0.27941591  0.25887230  0.42493570  0.31499238  0.43345939  0.43345939  0.43345939  0.37578031  0.37578031  0.38374681  0.38374681  0.42493570  0.40818072  0.45964334  0.48679984  0.43345939  0.46858392  0.43345939  0.50548117  0.50548117  0.50548117  0.45081077  0.45964334  0.45081077  0.42493570  0.43345939  0.44208361  0.49608085  0.44208361  
89_0_0     0.18202481  0.17597101  0.18812915  0.00000000  0.00000000  0.32232020  0.34475485  0.32232020  0.27941591  0.29343948  0.27941591  0.27941591  0.31499238  0.29343948  0.45964334  0.37578031  0.37578031  0.38374681  0.44208361  0.41651022  0.41651022  0.42493570  0.42493570  0.46858392  0.41651022  0.51500392  0.52465231  0.53442973  0.51500392  0.44208361  0.51500392  0.48679984  0.49608085  0.47763516  0.51500392  0.52465231  0.41651022  0.41651022  0.48679984  0.45964334  0.41651022  
96_0_0     0.18202481  0.17597101  0.18812915  0.00000000  0.00000000  0.32232020  0.34475485  0.32232020  0.27941591  0.29343948  0.27941591  0.27941591  0.31499238  0.29343948  0.45964334  0.37578031  0.37578031  0.38374681  0.44208361  0.41651022  0.41651022  0.42493570  0.42493570  0.46858392  0.41651022  0.51500392  0.52465231  0.53442973  0.51500392  0.44208361  0.51500392  0.48679984  0.49608085  0.47763516  0.51500392  0.52465231  0.41651022  0.41651022  0.48679984  0.45964334  0.41651022  
80_11_0    0.28639408  0.31499238  0.35238868  0.32232020  0.32232020  0.00000000  0.14066440  0.31499238  0.32972220  0.31499238  0.32232020  0.31499238  0.33719989  0.33719989  0.46858392  0.44208361  0.39180107  0.41651022  0.43345939  0.50548117  0.50548117  0.50548117  0.50548117  0.48679984  0.48679984  0.49608085  0.45081077  0.42493570  0.43345939  0.45081077  0.50548117  0.46858392  0.49608085  0.48679984  0.49608085  0.49608085  0.45081077  0.44208361  0.41651022  0.38374681  0.48679984  
80_0_0     0.27250371  0.28639408  0.34475485  0.34475485  0.34475485  0.14066440  0.00000000  0.36010304  0.31499238  0.30773726  0.33719989  0.36010304  0.36789966  0.38374681  0.47763516  0.40818072  0.39994503  0.42493570  0.48679984  0.53442973  0.53442973  0.53442973  0.53442973  0.50548117  0.44208361  0.53442973  0.48679984  0.46858392  0.47763516  0.49608085  0.58537960  0.53442973  0.55438572  0.52465231  0.45964334  0.45964334  0.40818072  0.45081077  0.41651022  0.39180107  0.45081077  
93_0_0     0.25887230  0.27941591  0.25215071  0.32232020  0.32232020  0.31499238  0.36010304  0.00000000  0.16996691  0.18202481  0.35238868  0.33719989  0.35238868  0.32972220  0.47763516  0.46858392  0.45081077  0.47763516  0.32232020  0.41651022  0.41651022  0.41651022  0.41651022  0.41651022  0.40818072  0.47763516  0.48679984  0.53442973  0.51500392  0.53442973  0.50548117  0.48679984  0.50548117  0.53442973  0.45081077  0.45964334  0.45081077  0.40818072  0.46858392  0.45964334  0.48679984  
74_0_0     0.21943949  0.23889011  0.23234891  0.27941591  0.27941591  0.32972220  0.31499238  0.16996691  0.00000000  0.01920742  0.27941591  0.26565624  0.30773726  0.28639408  0.45081077  0.40818072  0.41651022  0.42493570  0.42493570  0.39180107  0.39180107  0.39180107  0.39180107  0.42493570  0.42493570  0.46858392  0.49608085  0.45081077  0.44208361  0.45081077  0.48679984  0.47763516  0.51500392  0.44208361  0.45964334  0.45081077  0.39994503  0.43345939  0.44208361  0.38374681  0.42493570  
74_12_0    0.20675402  0.23889011  0.24549035  0.29343948  0.29343948  0.31499238  0.30773726  0.18202481  0.01920742  0.00000000  0.27941591  0.26565624  0.32232020  0.30055343  0.46858392  0.42493570  0.43345939  0.44208361  0.44208361  0.42493570  0.42493570  0.42493570  0.42493570  0.45964334  0.44208361  0.45964334  0.48679984  0.43345939  0.44208361  0.45081077  0.46858392  0.45964334  0.49608085  0.42493570  0.44208361  0.43345939  0.41651022  0.45081077  0.44208361  0.38374681  0.45964334  
73_0_0     0.27941591  0.29343948  0.27941591  0.27941591  0.27941591  0.32232020  0.33719989  0.35238868  0.27941591  0.27941591  0.00000000  0.02900370  0.20675402  0.18812915  0.40818072  0.37578031  0.36789966  0.36010304  0.33719989  0.36010304  0.36010304  0.35238868  0.35238868  0.36010304  0.38374681  0.47763516  0.48679984  0.49608085  0.47763516  0.42493570  0.41651022  0.40818072  0.43345939  0.39994503  0.36789966  0.39180107  0.38374681  0.39994503  0.42493570  0.36010304  0.42493570  
84_0_0     0.26565624  0.27941591  0.27941591  0.27941591  0.27941591  0.31499238  0.36010304  0.33719989  0.26565624  0.26565624  0.02900370  0.00000000  0.16996691  0.16401172  0.40818072  0.37578031  0.36789966  0.37578031  0.30773726  0.32972220  0.32972220  0.32232020  0.32232020  0.32972220  0.33719989  0.47763516  0.50548117  0.49608085  0.47763516  0.40818072  0.39994503  0.40818072  0.43345939  0.41651022  0.37578031  0.39994503  0.38374681  0.36789966  0.40818072  0.36010304  0.40818072  
71_0_0     0.26565624  0.25887230  0.27941591  0.31499238  0.31499238  0.33719989  0.36789966  0.35238868  0.30773726  0.32232020  0.20675402  0.16996691  0.00000000  0.01435806  0.35238868  0.35238868  0.38374681  0.39180107  0.35238868  0.37578031  0.37578031  0.36789966  0.36789966  0.36010304  0.36789966  0.45964334  0.46858392  0.44208361  0.42493570  0.44208361  0.48679984  0.46858392  0.48679984  0.54433965  0.36010304  0.36789966  0.39994503  0.37578031  0.40818072  0.32972220  0.40818072  
91_0_0     0.24549035  0.25215071  0.25887230  0.29343948  0.29343948  0.33719989  0.38374681  0.32972220  0.28639408  0.30055343  0.18812915  0.16401172  0.01435806  0.00000000  0.34475485  0.34475485  0.36010304  0.36789966  0.34475485  0.36789966  0.36789966  0.36010304  0.36010304  0.36789966  0.36010304  0.43345939  0.44208361  0.43345939  0.41651022  0.45081077  0.47763516  0.44208361  0.45964334  0.55438572  0.36789966  0.37578031  0.40818072  0.39994503  0.41651022  0.33719989  0.41651022  
59_0_0     0.43345939  0.45964334  0.42493570  0.45964334  0.45964334  0.46858392  0.47763516  0.47763516  0.45081077  0.46858392  0.40818072  0.40818072  0.35238868  0.34475485  0.00000000  0.18202481  0.27941591  0.27250371  0.42493570  0.38374681  0.38374681  0.37578031  0.37578031  0.38374681  0.39994503  0.54433965  0.51500392  0.50548117  0.49608085  0.48679984  0.48679984  0.46858392  0.45081077  0.56457174  0.45081077  0.45964334  0.43345939  0.43345939  0.40818072  0.37578031  0.40818072  
66_0_0     0.38374681  0.32972220  0.31499238  0.37578031  0.37578031  0.44208361  0.40818072  0.46858392  0.40818072  0.42493570  0.37578031  0.37578031  0.35238868  0.34475485  0.18202481  0.00000000  0.25887230  0.23889011  0.45081077  0.38374681  0.38374681  0.37578031  0.37578031  0.38374681  0.36789966  0.47763516  0.48679984  0.49608085  0.48679984  0.40818072  0.46858392  0.45081077  0.45081077  0.53442973  0.46858392  0.47763516  0.42493570  0.42493570  0.36010304  0.42493570  0.39180107  
56_0_0     0.45081077  0.40818072  0.43345939  0.37578031  0.37578031  0.39180107  0.39994503  0.45081077  0.41651022  0.43345939  0.36789966  0.36789966  0.38374681  0.36010304  0.27941591  0.25887230  0.00000000  0.02408915  0.40818072  0.41651022  0.41651022  0.40818072  0.40818072  0.41651022  0.36789966  0.47763516  0.43345939  0.51500392  0.45964334  0.44208361  0.55438572  0.51500392  0.52465231  0.54433965  0.47763516  0.48679984  0.41651022  0.43345939  0.40818072  0.41651022  0.36789966  
10_0_0     0.46858392  0.42493570  0.43345939  0.38374681  0.38374681  0.41651022  0.42493570  0.47763516  0.42493570  0.44208361  0.36010304  0.37578031  0.39180107  0.36789966  0.27250371  0.23889011  0.02408915  0.00000000  0.41651022  0.40818072  0.40818072  0.39994503  0.39994503  0.42493570  0.37578031  0.50548117  0.45964334  0.50548117  0.45081077  0.43345939  0.56457174  0.52465231  0.53442973  0.54433965  0.45081077  0.45964334  0.40818072  0.42493570  0.41651022  0.40818072  0.37578031  
40_0_0     0.40818072  0.46858392  0.43345939  0.44208361  0.44208361  0.43345939  0.48679984  0.32232020  0.42493570  0.44208361  0.33719989  0.30773726  0.35238868  0.34475485  0.42493570  0.45081077  0.40818072  0.41651022  0.00000000  0.16996691  0.16996691  0.16401172  0.16401172  0.15810463  0.14643171  0.43345939  0.47763516  0.45081077  0.44208361  0.47763516  0.42493570  0.43345939  0.42493570  0.40818072  0.27250371  0.27941591  0.23889011  0.23889011  0.31499238  0.28639408  0.32972220  
54_0_0     0.39994503  0.40818072  0.37578031  0.41651022  0.41651022  0.50548117  0.53442973  0.41651022  0.39180107  0.42493570  0.36010304  0.32972220  0.37578031  0.36789966  0.38374681  0.38374681  0.41651022  0.40818072  0.16996691  0.00000000  0.00000000  0.00475476  0.00475476  0.02900370  0.18202481  0.47763516  0.48679984  0.47763516  0.46858392  0.43345939  0.37578031  0.41651022  0.37578031  0.39994503  0.31499238  0.30773726  0.29343948  0.27941591  0.34475485  0.32232020  0.25887230  
14_0_0     0.39994503  0.40818072  0.37578031  0.41651022  0.41651022  0.50548117  0.53442973  0.41651022  0.39180107  0.42493570  0.36010304  0.32972220  0.37578031  0.36789966  0.38374681  0.38374681  0.41651022  0.40818072  0.16996691  0.00000000  0.00000000  0.00475476  0.00475476  0.02900370  0.18202481  0.47763516  0.48679984  0.47763516  0.46858392  0.43345939  0.37578031  0.41651022  0.37578031  0.39994503  0.31499238  0.30773726  0.29343948  0.27941591  0.34475485  0.32232020  0.25887230  
54_5_0     0.40818072  0.41651022  0.38374681  0.42493570  0.42493570  0.50548117  0.53442973  0.41651022  0.39180107  0.42493570  0.35238868  0.32232020  0.36789966  0.36010304  0.37578031  0.37578031  0.40818072  0.39994503  0.16401172  0.00475476  0.00475476  0.00000000  0.00000000  0.03395150  0.17597101  0.46858392  0.47763516  0.48679984  0.45964334  0.42493570  0.36789966  0.40818072  0.36789966  0.40818072  0.32232020  0.31499238  0.30055343  0.28639408  0.33719989  0.31499238  0.26565624  
14_5_0     0.40818072  0.41651022  0.38374681  0.42493570  0.42493570  0.50548117  0.53442973  0.41651022  0.39180107  0.42493570  0.35238868  0.32232020  0.36789966  0.36010304  0.37578031  0.37578031  0.40818072  0.39994503  0.16401172  0.00475476  0.00475476  0.00000000  0.00000000  0.03395150  0.17597101  0.46858392  0.47763516  0.48679984  0.45964334  0.42493570  0.36789966  0.40818072  0.36789966  0.40818072  0.32232020  0.31499238  0.30055343  0.28639408  0.33719989  0.31499238  0.26565624  
25_0_0     0.43345939  0.40818072  0.42493570  0.46858392  0.46858392  0.48679984  0.50548117  0.41651022  0.42493570  0.45964334  0.36010304  0.32972220  0.36010304  0.36789966  0.38374681  0.38374681  0.41651022  0.42493570  0.15810463  0.02900370  0.02900370  0.03395150  0.03395150  0.00000000  0.18202481  0.45964334  0.46858392  0.47763516  0.46858392  0.41651022  0.36010304  0.39994503  0.36010304  0.37578031  0.32972220  0.32232020  0.29343948  0.26565624  0.31499238  0.30773726  0.26565624  
52_0_0     0.38374681  0.40818072  0.40818072  0.41651022  0.41651022  0.48679984  0.44208361  0.40818072  0.42493570  0.44208361  0.38374681  0.33719989  0.36789966  0.36010304  0.39994503  0.36789966  0.36789966  0.37578031  0.14643171  0.18202481  0.18202481  0.17597101  0.17597101  0.18202481  0.00000000  0.44208361  0.43345939  0.47763516  0.43345939  0.45081077  0.38374681  0.39180107  0.35238868  0.41651022  0.39180107  0.39994503  0.26565624  0.23889011  0.29343948  0.30055343  0.31499238  
16_7_0     0.49608085  0.50548117  0.45964334  0.51500392  0.51500392  0.49608085  0.53442973  0.47763516  0.46858392  0.45964334  0.47763516  0.47763516  0.45964334  0.43345939  0.54433965  0.47763516  0.47763516  0.50548117  0.43345939  0.47763516  0.47763516  0.46858392  0.46858392  0.45964334  0.44208361  0.00000000  0.04394868  0.19428488  0.16401172  0.16996691  0.21306925  0.21943949  0.20675402  0.25887230  0.40818072  0.41651022  0.38374681  0.46858392  0.35238868  0.42493570  0.43345939  
1_7_0      0.50548117  0.51500392  0.48679984  0.52465231  0.52465231  0.45081077  0.48679984  0.48679984  0.49608085  0.48679984  0.48679984  0.50548117  0.46858392  0.44208361  0.51500392  0.48679984  0.43345939  0.45964334  0.47763516  0.48679984  0.48679984  0.47763516  0.47763516  0.46858392  0.43345939  0.04394868  0.00000000  0.18812915  0.16996691  0.17597101  0.23234891  0.21306925  0.20049287  0.29343948  0.41651022  0.42493570  0.40818072  0.44208361  0.37578031  0.39994503  0.42493570  
16_6_0     0.43345939  0.47763516  0.43345939  0.53442973  0.53442973  0.42493570  0.46858392  0.53442973  0.45081077  0.43345939  0.49608085  0.49608085  0.44208361  0.43345939  0.50548117  0.49608085  0.51500392  0.50548117  0.45081077  0.47763516  0.47763516  0.48679984  0.48679984  0.47763516  0.47763516  0.19428488  0.18812915  0.00000000  0.06436268  0.18202481  0.25887230  0.24549035  0.26565624  0.27250371  0.36010304  0.33719989  0.31499238  0.38374681  0.34475485  0.32232020  0.39180107  
1_6_0      0.50548117  0.51500392  0.46858392  0.51500392  0.51500392  0.43345939  0.47763516  0.51500392  0.44208361  0.44208361  0.47763516  0.47763516  0.42493570  0.41651022  0.49608085  0.48679984  0.45964334  0.45081077  0.44208361  0.46858392  0.46858392  0.45964334  0.45964334  0.46858392  0.43345939  0.16401172  0.16996691  0.06436268  0.00000000  0.18812915  0.23234891  0.21943949  0.25215071  0.27941591  0.38374681  0.36010304  0.36010304  0.39180107  0.36010304  0.33719989  0.39180107  
35_6_0     0.46858392  0.44208361  0.43345939  0.44208361  0.44208361  0.45081077  0.49608085  0.53442973  0.45081077  0.45081077  0.42493570  0.40818072  0.44208361  0.45081077  0.48679984  0.40818072  0.44208361  0.43345939  0.47763516  0.43345939  0.43345939  0.42493570  0.42493570  0.41651022  0.45081077  0.16996691  0.17597101  0.18202481  0.18812915  0.00000000  0.21943949  0.22586571  0.21306925  0.22586571  0.36789966  0.36010304  0.32972220  0.39994503  0.32232020  0.39994503  0.39180107  
1_8_0      0.52465231  0.53442973  0.50548117  0.51500392  0.51500392  0.50548117  0.58537960  0.50548117  0.48679984  0.46858392  0.41651022  0.39994503  0.48679984  0.47763516  0.48679984  0.46858392  0.55438572  0.56457174  0.42493570  0.37578031  0.37578031  0.36789966  0.36789966  0.36010304  0.38374681  0.21306925  0.23234891  0.25887230  0.23234891  0.21943949  0.00000000  0.03893301  0.04394868  0.23234891  0.37578031  0.38374681  0.37578031  0.37578031  0.31499238  0.39180107  0.41651022  
1_0_0      0.52465231  0.51500392  0.50548117  0.48679984  0.48679984  0.46858392  0.53442973  0.48679984  0.47763516  0.45964334  0.40818072  0.40818072  0.46858392  0.44208361  0.46858392  0.45081077  0.51500392  0.52465231  0.43345939  0.41651022  0.41651022  0.40818072  0.40818072  0.39994503  0.39180107  0.21943949  0.21306925  0.24549035  0.21943949  0.22586571  0.03893301  0.00000000  0.03395150  0.25887230  0.39180107  0.39994503  0.37578031  0.39180107  0.30773726  0.40818072  0.41651022  
16_0_0     0.50548117  0.49608085  0.50548117  0.49608085  0.49608085  0.49608085  0.55438572  0.50548117  0.51500392  0.49608085  0.43345939  0.43345939  0.48679984  0.45964334  0.45081077  0.45081077  0.52465231  0.53442973  0.42493570  0.37578031  0.37578031  0.36789966  0.36789966  0.36010304  0.35238868  0.20675402  0.20049287  0.26565624  0.25215071  0.21306925  0.04394868  0.03395150  0.00000000  0.25215071  0.41651022  0.42493570  0.36789966  0.39994503  0.30055343  0.41651022  0.44208361  
35_0_0     0.45964334  0.48679984  0.45081077  0.47763516  0.47763516  0.48679984  0.52465231  0.53442973  0.44208361  0.42493570  0.39994503  0.41651022  0.54433965  0.55438572  0.56457174  0.53442973  0.54433965  0.54433965  0.40818072  0.39994503  0.39994503  0.40818072  0.40818072  0.37578031  0.41651022  0.25887230  0.29343948  0.27250371  0.27941591  0.22586571  0.23234891  0.25887230  0.25215071  0.00000000  0.44208361  0.43345939  0.36789966  0.41651022  0.39180107  0.43345939  0.39180107  
22_2_0     0.41651022  0.49608085  0.45964334  0.51500392  0.51500392  0.49608085  0.45964334  0.45081077  0.45964334  0.44208361  0.36789966  0.37578031  0.36010304  0.36789966  0.45081077  0.46858392  0.47763516  0.45081077  0.27250371  0.31499238  0.31499238  0.32232020  0.32232020  0.32972220  0.39180107  0.40818072  0.41651022  0.36010304  0.38374681  0.36789966  0.37578031  0.39180107  0.41651022  0.44208361  0.00000000  0.01920742  0.20049287  0.24549035  0.27250371  0.21943949  0.29343948  
22_4_0     0.40818072  0.48679984  0.45081077  0.52465231  0.52465231  0.49608085  0.45964334  0.45964334  0.45081077  0.43345939  0.39180107  0.39994503  0.36789966  0.37578031  0.45964334  0.47763516  0.48679984  0.45964334  0.27941591  0.30773726  0.30773726  0.31499238  0.31499238  0.32232020  0.39994503  0.41651022  0.42493570  0.33719989  0.36010304  0.36010304  0.38374681  0.39994503  0.42493570  0.43345939  0.01920742  0.00000000  0.20049287  0.24549035  0.29343948  0.23234891  0.29343948  
32_2_0     0.40818072  0.45081077  0.42493570  0.41651022  0.41651022  0.45081077  0.40818072  0.45081077  0.39994503  0.41651022  0.38374681  0.38374681  0.39994503  0.40818072  0.43345939  0.42493570  0.41651022  0.40818072  0.23889011  0.29343948  0.29343948  0.30055343  0.30055343  0.29343948  0.26565624  0.38374681  0.40818072  0.31499238  0.36010304  0.32972220  0.37578031  0.37578031  0.36789966  0.36789966  0.20049287  0.20049287  0.00000000  0.09609374  0.17597101  0.15224488  0.23889011  
6_2_0      0.42493570  0.42493570  0.43345939  0.41651022  0.41651022  0.44208361  0.45081077  0.40818072  0.43345939  0.45081077  0.39994503  0.36789966  0.37578031  0.39994503  0.43345939  0.42493570  0.43345939  0.42493570  0.23889011  0.27941591  0.27941591  0.28639408  0.28639408  0.26565624  0.23889011  0.46858392  0.44208361  0.38374681  0.39180107  0.39994503  0.37578031  0.39180107  0.39994503  0.41651022  0.24549035  0.24549035  0.09609374  0.00000000  0.21306925  0.15810463  0.27250371  
6_3_0      0.45081077  0.43345939  0.44208361  0.48679984  0.48679984  0.41651022  0.41651022  0.46858392  0.44208361  0.44208361  0.42493570  0.40818072  0.40818072  0.41651022  0.40818072  0.36010304  0.40818072  0.41651022  0.31499238  0.34475485  0.34475485  0.33719989  0.33719989  0.31499238  0.29343948  0.35238868  0.37578031  0.34475485  0.36010304  0.32232020  0.31499238  0.30773726  0.30055343  0.39180107  0.27250371  0.29343948  0.17597101  0.21306925  0.00000000  0.16401172  0.29343948  
32_3_0     0.40818072  0.46858392  0.49608085  0.45964334  0.45964334  0.38374681  0.39180107  0.45964334  0.38374681  0.38374681  0.36010304  0.36010304  0.32972220  0.33719989  0.37578031  0.42493570  0.41651022  0.40818072  0.28639408  0.32232020  0.32232020  0.31499238  0.31499238  0.30773726  0.30055343  0.42493570  0.39994503  0.32232020  0.33719989  0.39994503  0.39180107  0.40818072  0.41651022  0.43345939  0.21943949  0.23234891  0.15224488  0.15810463  0.16401172  0.00000000  0.29343948  
22_0_0     0.44208361  0.44208361  0.44208361  0.41651022  0.41651022  0.48679984  0.45081077  0.48679984  0.42493570  0.45964334  0.42493570  0.40818072  0.40818072  0.41651022  0.40818072  0.39180107  0.36789966  0.37578031  0.32972220  0.25887230  0.25887230  0.26565624  0.26565624  0.26565624  0.31499238  0.43345939  0.42493570  0.39180107  0.39180107  0.39180107  0.41651022  0.41651022  0.44208361  0.39180107  0.29343948  0.29343948  0.23889011  0.27250371  0.29343948  0.29343948  0.00000000  

