1 4 0 0 0 
10 5 0 0 0 
11 0 0 0 0 
12 7 1 0 1 
13 0 0 0 0 
14 0 0 0 0 
15 0 0 0 0 
16 0 0 0 0 
17 0 0 0 0 
18 0 0 0 0 
19 0 0 0 0 
2 0 0 0 0 
20 0 0 0 0 
3 0 0 0 0 
4 5 0 0 0 
5 5 0 0 1 
6 0 0 0 0 
7 5 0 0 0 
8 3 0 0 0 
9 3 0 0 1 
Node_10_12_0 4 1 1 0 
Node_10_15_0 0 0 0 0 
Node_10_1_0 5 0 1 0 
Node_10_5_0 5 0 0 0 
Node_10_6_0 0 0 0 0 
Node_10_7_0 5 0 0 0 
Node_10_8_0 3 0 0 0 
Node_10_9_0 3 2 0 0 
Node_12_4_0 6 1 1 0 
Node_14_11_0 0 0 0 0 
Node_14_2_0 0 0 0 0 
Node_15_16_0 0 0 0 0 
Node_15_17_0 0 0 0 0 
Node_16_20_0 0 0 0 0 
Node_17_18_0 0 0 0 0 
Node_17_19_0 0 0 0 0 
Node_6_13_0 0 0 0 0 
Node_6_14_0 0 0 0 0 
Node_6_3_0 0 0 0 0 
