1 5 1 0 0 
10 4 0 0 0 
11 4 0 0 0 
12 5 1 0 1 
13 4 0 0 0 
14 4 0 0 0 
15 7 3 0 0 
16 3 0 0 0 
17 6 0 0 0 
18 6 1 0 0 
19 6 0 0 0 
2 4 0 0 0 
20 4 1 0 0 
3 3 0 0 0 
4 5 0 0 0 
5 4 0 0 0 
6 4 0 0 0 
7 4 0 0 0 
8 3 0 0 1 
9 2 1 0 0 
Node_10_12_0 4 0 0 0 
Node_10_15_0 1 0 0 0 
Node_10_1_0 4 0 0 0 
Node_10_5_0 4 0 0 0 
Node_10_6_0 1 0 0 0 
Node_10_7_0 4 0 0 0 
Node_10_8_0 3 0 0 0 
Node_10_9_0 1 0 0 1 
Node_12_4_0 5 1 1 0 
Node_14_11_0 4 0 0 0 
Node_14_2_0 4 0 0 0 
Node_15_16_0 3 1 0 0 
Node_15_17_0 4 1 0 2 
Node_16_20_0 3 0 0 1 
Node_17_18_0 5 1 0 0 
Node_17_19_0 5 0 0 0 
Node_6_13_0 4 0 0 1 
Node_6_14_0 4 2 0 0 
Node_6_3_0 4 0 1 0 
