1 3 0 0 0 
10 3 0 0 0 
11 5 0 0 0 
12 3 1 0 0 
13 5 0 0 0 
14 5 0 0 0 
15 3 0 0 0 
16 6 1 0 1 
17 3 0 0 0 
18 3 0 0 0 
19 3 0 0 0 
2 5 0 0 0 
20 6 1 0 0 
3 5 0 0 0 
4 3 0 0 0 
5 3 0 0 0 
6 5 0 0 0 
7 3 0 0 0 
8 3 1 0 0 
9 7 4 0 0 
Node_10_12_0 3 1 0 0 
Node_10_15_0 1 0 0 0 
Node_10_1_0 3 0 0 0 
Node_10_5_0 3 0 0 0 
Node_10_6_0 1 0 0 1 
Node_10_7_0 3 0 0 0 
Node_10_8_0 2 0 0 0 
Node_10_9_0 2 1 0 0 
Node_12_4_0 3 0 1 0 
Node_14_11_0 5 0 0 0 
Node_14_2_0 5 0 0 0 
Node_15_16_0 4 2 1 0 
Node_15_17_0 3 0 0 0 
Node_16_20_0 5 1 0 0 
Node_17_18_0 3 0 0 0 
Node_17_19_0 3 0 0 0 
Node_6_13_0 5 1 0 0 
Node_6_14_0 5 4 1 0 
Node_6_3_0 5 0 0 0 
