20
15_0_0     0.00000000  0.01285378  0.01936843  0.00639799  0.06671402  0.06671402  0.28596491  0.30523050  0.28596491  0.26720515  0.27652346  0.28596491  0.28596491  0.28596491  0.25800680  0.25800680  0.23995788  0.27652346  0.26720515  0.26720515  
19_0_0     0.01285378  0.00000000  0.00639799  0.00639799  0.06671402  0.06671402  0.27652346  0.29553277  0.27652346  0.27652346  0.26720515  0.28596491  0.27652346  0.27652346  0.24892535  0.24892535  0.23995788  0.27652346  0.26720515  0.26720515  
17_0_0     0.01936843  0.00639799  0.00000000  0.01285378  0.05975524  0.07374123  0.28596491  0.30523050  0.28596491  0.28596491  0.27652346  0.29553277  0.28596491  0.28596491  0.23995788  0.23995788  0.24892535  0.26720515  0.27652346  0.27652346  
18_0_0     0.00639799  0.00639799  0.01285378  0.00000000  0.05975524  0.05975524  0.28596491  0.30523050  0.28596491  0.26720515  0.27652346  0.28596491  0.28596491  0.28596491  0.24892535  0.24892535  0.23110157  0.26720515  0.25800680  0.25800680  
16_0_0     0.06671402  0.06671402  0.05975524  0.05975524  0.00000000  0.03927653  0.30523050  0.32502997  0.32502997  0.30523050  0.31506166  0.30523050  0.32502997  0.34539376  0.23995788  0.23995788  0.23995788  0.25800680  0.26720515  0.26720515  
20_0_0     0.06671402  0.06671402  0.07374123  0.05975524  0.03927653  0.00000000  0.32502997  0.34539376  0.34539376  0.32502997  0.33513932  0.32502997  0.32502997  0.34539376  0.29553277  0.29553277  0.27652346  0.31506166  0.28596491  0.28596491  
8_0_0      0.28596491  0.27652346  0.28596491  0.28596491  0.30523050  0.32502997  0.00000000  0.03927653  0.02594302  0.02594302  0.01936843  0.01936843  0.03257868  0.03257868  0.23110157  0.23110157  0.22235367  0.27652346  0.26720515  0.26720515  
5_0_0      0.30523050  0.29553277  0.30523050  0.30523050  0.32502997  0.34539376  0.03927653  0.00000000  0.01285378  0.02594302  0.01936843  0.04603776  0.04603776  0.04603776  0.24892535  0.24892535  0.23995788  0.29553277  0.28596491  0.28596491  
10_0_0     0.28596491  0.27652346  0.28596491  0.28596491  0.32502997  0.34539376  0.02594302  0.01285378  0.00000000  0.01285378  0.00639799  0.03257868  0.04603776  0.03257868  0.23110157  0.23110157  0.22235367  0.27652346  0.26720515  0.26720515  
7_0_0      0.26720515  0.27652346  0.28596491  0.26720515  0.30523050  0.32502997  0.02594302  0.02594302  0.01285378  0.00000000  0.00639799  0.02594302  0.04603776  0.04603776  0.23995788  0.23995788  0.22235367  0.27652346  0.26720515  0.26720515  
1_0_0      0.27652346  0.26720515  0.27652346  0.27652346  0.31506166  0.33513932  0.01936843  0.01936843  0.00639799  0.00639799  0.00000000  0.02594302  0.03927653  0.03927653  0.23995788  0.23995788  0.23110157  0.28596491  0.27652346  0.27652346  
4_0_0      0.28596491  0.28596491  0.29553277  0.28596491  0.30523050  0.32502997  0.01936843  0.04603776  0.03257868  0.02594302  0.02594302  0.00000000  0.05286359  0.05286359  0.24892535  0.24892535  0.23995788  0.29553277  0.28596491  0.28596491  
12_0_0     0.28596491  0.27652346  0.28596491  0.28596491  0.32502997  0.32502997  0.03257868  0.04603776  0.04603776  0.04603776  0.03927653  0.05286359  0.00000000  0.05286359  0.26720515  0.26720515  0.25800680  0.31506166  0.28596491  0.28596491  
9_0_0      0.28596491  0.27652346  0.28596491  0.28596491  0.34539376  0.34539376  0.03257868  0.04603776  0.03257868  0.04603776  0.03927653  0.05286359  0.05286359  0.00000000  0.24892535  0.24892535  0.23995788  0.27652346  0.26720515  0.26720515  
3_0_0      0.25800680  0.24892535  0.23995788  0.24892535  0.23995788  0.29553277  0.23110157  0.24892535  0.23110157  0.23995788  0.23995788  0.24892535  0.26720515  0.24892535  0.00000000  0.00000000  0.01285378  0.03927653  0.04603776  0.04603776  
6_0_0      0.25800680  0.24892535  0.23995788  0.24892535  0.23995788  0.29553277  0.23110157  0.24892535  0.23110157  0.23995788  0.23995788  0.24892535  0.26720515  0.24892535  0.00000000  0.00000000  0.01285378  0.03927653  0.04603776  0.04603776  
13_0_0     0.23995788  0.23995788  0.24892535  0.23110157  0.23995788  0.27652346  0.22235367  0.23995788  0.22235367  0.22235367  0.23110157  0.23995788  0.25800680  0.23995788  0.01285378  0.01285378  0.00000000  0.03927653  0.03257868  0.03257868  
11_0_0     0.27652346  0.27652346  0.26720515  0.26720515  0.25800680  0.31506166  0.27652346  0.29553277  0.27652346  0.27652346  0.28596491  0.29553277  0.31506166  0.27652346  0.03927653  0.03927653  0.03927653  0.00000000  0.01936843  0.01936843  
2_0_0      0.26720515  0.26720515  0.27652346  0.25800680  0.26720515  0.28596491  0.26720515  0.28596491  0.26720515  0.26720515  0.27652346  0.28596491  0.28596491  0.26720515  0.04603776  0.04603776  0.03257868  0.01936843  0.00000000  0.00000000  
14_0_0     0.26720515  0.26720515  0.27652346  0.25800680  0.26720515  0.28596491  0.26720515  0.28596491  0.26720515  0.26720515  0.27652346  0.28596491  0.28596491  0.26720515  0.04603776  0.04603776  0.03257868  0.01936843  0.00000000  0.00000000  

