40
26_18_0    0.00000000  0.31727053  0.42356019  0.44007064  0.44007064  0.44007064  0.42356019  0.42356019  0.41544096  0.39160401  0.39160401  0.39160401  0.37612851  0.37612851  0.37612851  0.39946473  0.39946473  0.40740977  0.39160401  0.39946473  0.36096975  0.36096975  0.37612851  0.41544096  0.39160401  0.36851035  0.39160401  0.42356019  0.41544096  0.44007064  0.48303249  0.47423844  0.47423844  0.44007064  0.45695753  0.43176941  0.43176941  0.43176941  0.44007064  0.38382585  
26_17_0    0.31727053  0.00000000  0.39160401  0.39160401  0.43176941  0.43176941  0.44007064  0.42356019  0.41544096  0.39946473  0.39946473  0.39946473  0.38382585  0.38382585  0.38382585  0.38382585  0.38382585  0.39160401  0.48303249  0.47423844  0.46554759  0.48303249  0.48303249  0.42356019  0.48303249  0.43176941  0.36851035  0.39946473  0.39946473  0.43176941  0.45695753  0.44007064  0.44007064  0.41544096  0.44846596  0.39160401  0.40740977  0.39160401  0.39946473  0.44007064  
19_2_0     0.42356019  0.39160401  0.00000000  0.00927441  0.13069772  0.13069772  0.25620580  0.26934731  0.26274741  0.24972146  0.24972146  0.24972146  0.20585429  0.20585429  0.20585429  0.23692065  0.23692065  0.24329340  0.36096975  0.35350515  0.32437703  0.33155237  0.33155237  0.29635121  0.33155237  0.22433731  0.29635121  0.28272620  0.27600655  0.33155237  0.39946473  0.38382585  0.38382585  0.30325888  0.32437703  0.36096975  0.37612851  0.36096975  0.30325888  0.33879791  
9_2_0      0.44007064  0.39160401  0.00927441  0.00000000  0.14177541  0.14177541  0.26274741  0.27600655  0.26934731  0.25620580  0.25620580  0.25620580  0.21196419  0.21196419  0.21196419  0.24329340  0.24329340  0.24329340  0.36096975  0.35350515  0.32437703  0.33155237  0.33155237  0.29635121  0.33155237  0.23692065  0.31023157  0.28272620  0.27600655  0.33155237  0.38382585  0.36851035  0.36851035  0.29635121  0.31727053  0.36096975  0.37612851  0.36096975  0.30325888  0.33879791  
19_0_0     0.44007064  0.43176941  0.13069772  0.14177541  0.00000000  0.00927441  0.29635121  0.29635121  0.28950738  0.26274741  0.26274741  0.26274741  0.23060226  0.23060226  0.23060226  0.26934731  0.26934731  0.27600655  0.36096975  0.35350515  0.33879791  0.31727053  0.33155237  0.33879791  0.36851035  0.27600655  0.31023157  0.35350515  0.34611502  0.35350515  0.37612851  0.36096975  0.36096975  0.34611502  0.36096975  0.35350515  0.36851035  0.35350515  0.30325888  0.32437703  
9_0_0      0.44007064  0.43176941  0.13069772  0.14177541  0.00927441  0.00000000  0.28272620  0.28272620  0.27600655  0.24972146  0.24972146  0.24972146  0.21812492  0.21812492  0.21812492  0.25620580  0.25620580  0.26274741  0.36096975  0.35350515  0.32437703  0.30325888  0.31727053  0.32437703  0.35350515  0.26274741  0.31023157  0.33879791  0.33155237  0.36096975  0.36851035  0.35350515  0.35350515  0.33879791  0.35350515  0.33879791  0.35350515  0.33879791  0.28950738  0.33879791  
12_10_0    0.42356019  0.44007064  0.25620580  0.26274741  0.29635121  0.28272620  0.00000000  0.00927441  0.01395554  0.12522039  0.13621585  0.13621585  0.10902732  0.10902732  0.10902732  0.17603869  0.17603869  0.18190656  0.29635121  0.28950738  0.27600655  0.26274741  0.27600655  0.26934731  0.24972146  0.25620580  0.29635121  0.27600655  0.26934731  0.32437703  0.38382585  0.38382585  0.38382585  0.33879791  0.36096975  0.36096975  0.36096975  0.36096975  0.29635121  0.32437703  
7_10_0     0.42356019  0.42356019  0.26934731  0.27600655  0.29635121  0.28272620  0.00927441  0.00000000  0.00462269  0.11438577  0.12522039  0.12522039  0.09842534  0.09842534  0.09842534  0.16444059  0.16444059  0.17021694  0.29635121  0.28950738  0.27600655  0.26274741  0.27600655  0.26934731  0.26274741  0.25620580  0.29635121  0.27600655  0.26934731  0.31023157  0.38382585  0.38382585  0.38382585  0.33879791  0.36096975  0.36096975  0.36096975  0.36096975  0.29635121  0.32437703  
16_10_0    0.41544096  0.41544096  0.26274741  0.26934731  0.28950738  0.27600655  0.01395554  0.00462269  0.00000000  0.11978327  0.13069772  0.13069772  0.10370736  0.10370736  0.10370736  0.15870894  0.15870894  0.16444059  0.28950738  0.28272620  0.26934731  0.25620580  0.26934731  0.27600655  0.25620580  0.24972146  0.28950738  0.26934731  0.26274741  0.31727053  0.39160401  0.37612851  0.37612851  0.34611502  0.36851035  0.35350515  0.35350515  0.35350515  0.30325888  0.33155237  
12_11_0    0.39160401  0.39946473  0.24972146  0.25620580  0.26274741  0.24972146  0.12522039  0.11438577  0.11978327  0.00000000  0.00927441  0.00927441  0.06246973  0.06246973  0.06246973  0.16444059  0.16444059  0.17021694  0.31727053  0.31023157  0.31023157  0.31023157  0.32437703  0.26274741  0.28272620  0.26274741  0.27600655  0.26934731  0.27600655  0.31023157  0.36851035  0.38382585  0.38382585  0.32437703  0.34611502  0.33155237  0.33155237  0.33155237  0.32437703  0.31727053  
7_11_0     0.39160401  0.39946473  0.24972146  0.25620580  0.26274741  0.24972146  0.13621585  0.12522039  0.13069772  0.00927441  0.00000000  0.00000000  0.07256590  0.07256590  0.07256590  0.16444059  0.16444059  0.17021694  0.31727053  0.31023157  0.31023157  0.31023157  0.32437703  0.26274741  0.28272620  0.27600655  0.27600655  0.27600655  0.28272620  0.31727053  0.36096975  0.37612851  0.37612851  0.31727053  0.35350515  0.33879791  0.33879791  0.33879791  0.31727053  0.31023157  
16_11_0    0.39160401  0.39946473  0.24972146  0.25620580  0.26274741  0.24972146  0.13621585  0.12522039  0.13069772  0.00927441  0.00000000  0.00000000  0.07256590  0.07256590  0.07256590  0.16444059  0.16444059  0.17021694  0.31727053  0.31023157  0.31023157  0.31023157  0.32437703  0.26274741  0.28272620  0.27600655  0.27600655  0.27600655  0.28272620  0.31727053  0.36096975  0.37612851  0.37612851  0.31727053  0.35350515  0.33879791  0.33879791  0.33879791  0.31727053  0.31023157  
16_0_0     0.37612851  0.38382585  0.20585429  0.21196419  0.23060226  0.21812492  0.10902732  0.09842534  0.10370736  0.06246973  0.07256590  0.07256590  0.00000000  0.00000000  0.00000000  0.13621585  0.13621585  0.14177541  0.32437703  0.31727053  0.30325888  0.30325888  0.31727053  0.23060226  0.27600655  0.21812492  0.26934731  0.24972146  0.24329340  0.28272620  0.35350515  0.35350515  0.35350515  0.31023157  0.33155237  0.32437703  0.32437703  0.32437703  0.29635121  0.29635121  
7_0_0      0.37612851  0.38382585  0.20585429  0.21196419  0.23060226  0.21812492  0.10902732  0.09842534  0.10370736  0.06246973  0.07256590  0.07256590  0.00000000  0.00000000  0.00000000  0.13621585  0.13621585  0.14177541  0.32437703  0.31727053  0.30325888  0.30325888  0.31727053  0.23060226  0.27600655  0.21812492  0.26934731  0.24972146  0.24329340  0.28272620  0.35350515  0.35350515  0.35350515  0.31023157  0.33155237  0.32437703  0.32437703  0.32437703  0.29635121  0.29635121  
12_0_0     0.37612851  0.38382585  0.20585429  0.21196419  0.23060226  0.21812492  0.10902732  0.09842534  0.10370736  0.06246973  0.07256590  0.07256590  0.00000000  0.00000000  0.00000000  0.13621585  0.13621585  0.14177541  0.32437703  0.31727053  0.30325888  0.30325888  0.31727053  0.23060226  0.27600655  0.21812492  0.26934731  0.24972146  0.24329340  0.28272620  0.35350515  0.35350515  0.35350515  0.31023157  0.33155237  0.32437703  0.32437703  0.32437703  0.29635121  0.29635121  
12_9_0     0.39946473  0.38382585  0.23692065  0.24329340  0.26934731  0.25620580  0.17603869  0.16444059  0.15870894  0.16444059  0.16444059  0.16444059  0.13621585  0.13621585  0.13621585  0.00000000  0.00000000  0.00462269  0.33155237  0.32437703  0.29635121  0.31023157  0.31023157  0.29635121  0.30325888  0.26274741  0.28272620  0.27600655  0.26934731  0.28950738  0.33155237  0.31727053  0.31727053  0.33155237  0.35350515  0.31023157  0.31727053  0.31023157  0.28950738  0.30325888  
7_9_0      0.39946473  0.38382585  0.23692065  0.24329340  0.26934731  0.25620580  0.17603869  0.16444059  0.15870894  0.16444059  0.16444059  0.16444059  0.13621585  0.13621585  0.13621585  0.00000000  0.00000000  0.00462269  0.33155237  0.32437703  0.29635121  0.31023157  0.31023157  0.29635121  0.30325888  0.26274741  0.28272620  0.27600655  0.26934731  0.28950738  0.33155237  0.31727053  0.31727053  0.33155237  0.35350515  0.31023157  0.31727053  0.31023157  0.28950738  0.30325888  
16_9_0     0.40740977  0.39160401  0.24329340  0.24329340  0.27600655  0.26274741  0.18190656  0.17021694  0.16444059  0.17021694  0.17021694  0.17021694  0.14177541  0.14177541  0.14177541  0.00462269  0.00462269  0.00000000  0.33155237  0.32437703  0.29635121  0.31023157  0.31023157  0.29635121  0.30325888  0.26934731  0.28950738  0.27600655  0.26934731  0.28950738  0.33155237  0.31727053  0.31727053  0.33155237  0.35350515  0.31023157  0.31727053  0.31023157  0.28950738  0.30325888  
11_0_0     0.39160401  0.48303249  0.36096975  0.36096975  0.36096975  0.36096975  0.29635121  0.29635121  0.28950738  0.31727053  0.31727053  0.31727053  0.32437703  0.32437703  0.32437703  0.33155237  0.33155237  0.33155237  0.00000000  0.00462269  0.09318072  0.07256590  0.07256590  0.14177541  0.17603869  0.26934731  0.32437703  0.26934731  0.26274741  0.36851035  0.51005900  0.49193220  0.49193220  0.36851035  0.37612851  0.39160401  0.40740977  0.39160401  0.33879791  0.38382585  
17_0_0     0.39946473  0.47423844  0.35350515  0.35350515  0.35350515  0.35350515  0.28950738  0.28950738  0.28272620  0.31023157  0.31023157  0.31023157  0.31727053  0.31727053  0.31727053  0.32437703  0.32437703  0.32437703  0.00462269  0.00000000  0.08797297  0.06750061  0.06750061  0.13621585  0.17021694  0.26274741  0.31727053  0.26274741  0.25620580  0.36096975  0.50094015  0.48303249  0.48303249  0.36096975  0.36851035  0.38382585  0.39946473  0.38382585  0.33155237  0.37612851  
2_0_0      0.36096975  0.46554759  0.32437703  0.32437703  0.33879791  0.32437703  0.27600655  0.27600655  0.26934731  0.31023157  0.31023157  0.31023157  0.30325888  0.30325888  0.30325888  0.29635121  0.29635121  0.29635121  0.09318072  0.08797297  0.00000000  0.02817908  0.01866643  0.16444059  0.18782130  0.24972146  0.33879791  0.29635121  0.28950738  0.33879791  0.45695753  0.44007064  0.44007064  0.36851035  0.36851035  0.39160401  0.40740977  0.39160401  0.33155237  0.39946473  
24_0_0     0.36096975  0.48303249  0.33155237  0.33155237  0.31727053  0.30325888  0.26274741  0.26274741  0.25620580  0.31023157  0.31023157  0.31023157  0.30325888  0.30325888  0.30325888  0.31023157  0.31023157  0.31023157  0.07256590  0.06750061  0.02817908  0.00000000  0.00927441  0.14737701  0.15870894  0.23692065  0.32437703  0.28272620  0.27600655  0.35350515  0.45695753  0.44007064  0.44007064  0.36851035  0.36851035  0.37612851  0.39160401  0.37612851  0.34611502  0.36851035  
24_14_0    0.37612851  0.48303249  0.33155237  0.33155237  0.33155237  0.31727053  0.27600655  0.27600655  0.26934731  0.32437703  0.32437703  0.32437703  0.31727053  0.31727053  0.31727053  0.31023157  0.31023157  0.31023157  0.07256590  0.06750061  0.01866643  0.00927441  0.00000000  0.15870894  0.17021694  0.24972146  0.32437703  0.28272620  0.27600655  0.35350515  0.47423844  0.45695753  0.45695753  0.36851035  0.36851035  0.37612851  0.39160401  0.37612851  0.33155237  0.38382585  
23_15_0    0.41544096  0.42356019  0.29635121  0.29635121  0.33879791  0.32437703  0.26934731  0.26934731  0.27600655  0.26274741  0.26274741  0.26274741  0.23060226  0.23060226  0.23060226  0.29635121  0.29635121  0.29635121  0.14177541  0.13621585  0.16444059  0.14737701  0.15870894  0.00000000  0.15302131  0.19979438  0.31023157  0.27600655  0.26934731  0.36851035  0.44007064  0.44007064  0.44007064  0.33879791  0.33155237  0.34611502  0.36096975  0.34611502  0.32437703  0.33879791  
23_0_0     0.39160401  0.48303249  0.33155237  0.33155237  0.36851035  0.35350515  0.24972146  0.26274741  0.25620580  0.28272620  0.28272620  0.28272620  0.27600655  0.27600655  0.27600655  0.30325888  0.30325888  0.30325888  0.17603869  0.17021694  0.18782130  0.15870894  0.17021694  0.15302131  0.00000000  0.24329340  0.28272620  0.29635121  0.30325888  0.40740977  0.46554759  0.44846596  0.44846596  0.40740977  0.41544096  0.35350515  0.36851035  0.35350515  0.35350515  0.34611502  
14_0_0     0.36851035  0.43176941  0.22433731  0.23692065  0.27600655  0.26274741  0.25620580  0.25620580  0.24972146  0.26274741  0.27600655  0.27600655  0.21812492  0.21812492  0.21812492  0.26274741  0.26274741  0.26934731  0.26934731  0.26274741  0.24972146  0.23692065  0.24972146  0.19979438  0.24329340  0.00000000  0.29635121  0.24329340  0.23692065  0.31727053  0.40740977  0.39160401  0.39160401  0.28272620  0.31727053  0.33155237  0.34611502  0.33155237  0.33155237  0.29635121  
14_1_0     0.39160401  0.36851035  0.29635121  0.31023157  0.31023157  0.31023157  0.29635121  0.29635121  0.28950738  0.27600655  0.27600655  0.27600655  0.26934731  0.26934731  0.26934731  0.28272620  0.28272620  0.28950738  0.32437703  0.31727053  0.33879791  0.32437703  0.32437703  0.31023157  0.28272620  0.29635121  0.00000000  0.15870894  0.15302131  0.26934731  0.35350515  0.33879791  0.33879791  0.23060226  0.24972146  0.29635121  0.31023157  0.29635121  0.28272620  0.23692065  
9_1_0      0.42356019  0.39946473  0.28272620  0.28272620  0.35350515  0.33879791  0.27600655  0.27600655  0.26934731  0.26934731  0.27600655  0.27600655  0.24972146  0.24972146  0.24972146  0.27600655  0.27600655  0.27600655  0.26934731  0.26274741  0.29635121  0.28272620  0.28272620  0.27600655  0.29635121  0.24329340  0.15870894  0.00000000  0.00462269  0.23692065  0.32437703  0.31023157  0.31023157  0.18782130  0.23060226  0.22433731  0.23692065  0.22433731  0.21812492  0.19979438  
19_1_0     0.41544096  0.39946473  0.27600655  0.27600655  0.34611502  0.33155237  0.26934731  0.26934731  0.26274741  0.27600655  0.28272620  0.28272620  0.24329340  0.24329340  0.24329340  0.26934731  0.26934731  0.26934731  0.26274741  0.25620580  0.28950738  0.27600655  0.27600655  0.26934731  0.30325888  0.23692065  0.15302131  0.00462269  0.00000000  0.23060226  0.33155237  0.31727053  0.31727053  0.18190656  0.22433731  0.21812492  0.23060226  0.21812492  0.21196419  0.19378364  
18_1_0     0.44007064  0.43176941  0.33155237  0.33155237  0.35350515  0.36096975  0.32437703  0.31023157  0.31727053  0.31023157  0.31727053  0.31727053  0.28272620  0.28272620  0.28272620  0.28950738  0.28950738  0.28950738  0.36851035  0.36096975  0.33879791  0.35350515  0.35350515  0.36851035  0.40740977  0.31727053  0.26934731  0.23692065  0.23060226  0.00000000  0.21812492  0.21812492  0.21812492  0.18190656  0.22433731  0.28950738  0.28950738  0.28950738  0.26934731  0.25620580  
12_1_0     0.48303249  0.45695753  0.39946473  0.38382585  0.37612851  0.36851035  0.38382585  0.38382585  0.39160401  0.36851035  0.36096975  0.36096975  0.35350515  0.35350515  0.35350515  0.33155237  0.33155237  0.33155237  0.51005900  0.50094015  0.45695753  0.45695753  0.47423844  0.44007064  0.46554759  0.40740977  0.35350515  0.32437703  0.33155237  0.21812492  0.00000000  0.00927441  0.00927441  0.24329340  0.28272620  0.33155237  0.34611502  0.33155237  0.27600655  0.26934731  
16_1_0     0.47423844  0.44007064  0.38382585  0.36851035  0.36096975  0.35350515  0.38382585  0.38382585  0.37612851  0.38382585  0.37612851  0.37612851  0.35350515  0.35350515  0.35350515  0.31727053  0.31727053  0.31727053  0.49193220  0.48303249  0.44007064  0.44007064  0.45695753  0.44007064  0.44846596  0.39160401  0.33879791  0.31023157  0.31727053  0.21812492  0.00927441  0.00000000  0.00000000  0.24329340  0.28272620  0.31727053  0.33155237  0.31727053  0.27600655  0.26934731  
7_1_0      0.47423844  0.44007064  0.38382585  0.36851035  0.36096975  0.35350515  0.38382585  0.38382585  0.37612851  0.38382585  0.37612851  0.37612851  0.35350515  0.35350515  0.35350515  0.31727053  0.31727053  0.31727053  0.49193220  0.48303249  0.44007064  0.44007064  0.45695753  0.44007064  0.44846596  0.39160401  0.33879791  0.31023157  0.31727053  0.21812492  0.00927441  0.00000000  0.00000000  0.24329340  0.28272620  0.31727053  0.33155237  0.31727053  0.27600655  0.26934731  
20_7_0     0.44007064  0.41544096  0.30325888  0.29635121  0.34611502  0.33879791  0.33879791  0.33879791  0.34611502  0.32437703  0.31727053  0.31727053  0.31023157  0.31023157  0.31023157  0.33155237  0.33155237  0.33155237  0.36851035  0.36096975  0.36851035  0.36851035  0.36851035  0.33879791  0.40740977  0.28272620  0.23060226  0.18782130  0.18190656  0.18190656  0.24329340  0.24329340  0.24329340  0.00000000  0.07766606  0.24329340  0.24329340  0.24329340  0.23060226  0.21812492  
20_1_0     0.45695753  0.44846596  0.32437703  0.31727053  0.36096975  0.35350515  0.36096975  0.36096975  0.36851035  0.34611502  0.35350515  0.35350515  0.33155237  0.33155237  0.33155237  0.35350515  0.35350515  0.35350515  0.37612851  0.36851035  0.36851035  0.36851035  0.36851035  0.33155237  0.41544096  0.31727053  0.24972146  0.23060226  0.22433731  0.22433731  0.28272620  0.28272620  0.28272620  0.07766606  0.00000000  0.28272620  0.29635121  0.28272620  0.26934731  0.28272620  
7_6_0      0.43176941  0.39160401  0.36096975  0.36096975  0.35350515  0.33879791  0.36096975  0.36096975  0.35350515  0.33155237  0.33879791  0.33879791  0.32437703  0.32437703  0.32437703  0.31023157  0.31023157  0.31023157  0.39160401  0.38382585  0.39160401  0.37612851  0.37612851  0.34611502  0.35350515  0.33155237  0.29635121  0.22433731  0.21812492  0.28950738  0.33155237  0.31727053  0.31727053  0.24329340  0.28272620  0.00000000  0.00927441  0.00000000  0.17603869  0.17021694  
16_6_0     0.43176941  0.40740977  0.37612851  0.37612851  0.36851035  0.35350515  0.36096975  0.36096975  0.35350515  0.33155237  0.33879791  0.33879791  0.32437703  0.32437703  0.32437703  0.31727053  0.31727053  0.31727053  0.40740977  0.39946473  0.40740977  0.39160401  0.39160401  0.36096975  0.36851035  0.34611502  0.31023157  0.23692065  0.23060226  0.28950738  0.34611502  0.33155237  0.33155237  0.24329340  0.29635121  0.00927441  0.00000000  0.00927441  0.18782130  0.17021694  
12_6_0     0.43176941  0.39160401  0.36096975  0.36096975  0.35350515  0.33879791  0.36096975  0.36096975  0.35350515  0.33155237  0.33879791  0.33879791  0.32437703  0.32437703  0.32437703  0.31023157  0.31023157  0.31023157  0.39160401  0.38382585  0.39160401  0.37612851  0.37612851  0.34611502  0.35350515  0.33155237  0.29635121  0.22433731  0.21812492  0.28950738  0.33155237  0.31727053  0.31727053  0.24329340  0.28272620  0.00000000  0.00927441  0.00000000  0.17603869  0.17021694  
18_6_0     0.44007064  0.39946473  0.30325888  0.30325888  0.30325888  0.28950738  0.29635121  0.29635121  0.30325888  0.32437703  0.31727053  0.31727053  0.29635121  0.29635121  0.29635121  0.28950738  0.28950738  0.28950738  0.33879791  0.33155237  0.33155237  0.34611502  0.33155237  0.32437703  0.35350515  0.33155237  0.28272620  0.21812492  0.21196419  0.26934731  0.27600655  0.27600655  0.27600655  0.23060226  0.26934731  0.17603869  0.18782130  0.17603869  0.00000000  0.18190656  
20_6_0     0.38382585  0.44007064  0.33879791  0.33879791  0.32437703  0.33879791  0.32437703  0.32437703  0.33155237  0.31727053  0.31023157  0.31023157  0.29635121  0.29635121  0.29635121  0.30325888  0.30325888  0.30325888  0.38382585  0.37612851  0.39946473  0.36851035  0.38382585  0.33879791  0.34611502  0.29635121  0.23692065  0.19979438  0.19378364  0.25620580  0.26934731  0.26934731  0.26934731  0.21812492  0.28272620  0.17021694  0.17021694  0.17021694  0.18190656  0.00000000  

