25
10_6_0     0.00000000  0.04051698  0.05196370  0.06359049  0.07938295  0.07540309  0.08338435  0.08740753  0.07144454  0.07144454  0.09145273  0.06359049  0.26431770  0.30649892  0.29572581  0.29572581  0.29572581  0.39885137  0.35123374  0.36285366  0.40502520  0.42386224  0.36285366  0.34549157  0.32295885  
6_6_0      0.04051698  0.00000000  0.04051698  0.06750708  0.06750708  0.06359049  0.07144454  0.07540309  0.05969454  0.05969454  0.07938295  0.05196370  0.27463949  0.33413935  0.32295885  0.32295885  0.31194494  0.38665630  0.38665630  0.39885137  0.41125102  0.40502520  0.36873285  0.35123374  0.33979367  
6_14_0     0.05196370  0.04051698  0.00000000  0.03298314  0.07938295  0.07540309  0.08338435  0.08740753  0.07144454  0.07144454  0.09145273  0.05969454  0.29039757  0.28510746  0.29572581  0.29572581  0.28510746  0.38063340  0.38665630  0.38665630  0.37465917  0.39272869  0.34549157  0.33413935  0.33413935  
10_14_0    0.06359049  0.06750708  0.03298314  0.00000000  0.10785862  0.10372289  0.11201763  0.11620017  0.09961016  0.09961016  0.11201763  0.07938295  0.29039757  0.27463949  0.28510746  0.28510746  0.28510746  0.36873285  0.36873285  0.38665630  0.37465917  0.38063340  0.35702087  0.32295885  0.33413935  
8_6_0      0.07938295  0.06750708  0.07938295  0.10785862  0.00000000  0.02552531  0.09552020  0.09961016  0.09145273  0.08338435  0.09552020  0.07540309  0.29572581  0.31743138  0.29572581  0.29572581  0.29572581  0.39272869  0.38665630  0.38665630  0.39885137  0.39885137  0.34549157  0.34549157  0.35702087  
12_6_0     0.07540309  0.06359049  0.07540309  0.10372289  0.02552531  0.00000000  0.07540309  0.07938295  0.07144454  0.06359049  0.08338435  0.06359049  0.26946058  0.33413935  0.31743138  0.30649892  0.30649892  0.38665630  0.38063340  0.38063340  0.40502520  0.40502520  0.35123374  0.32852796  0.32852796  
8_11_0     0.08338435  0.07144454  0.08338435  0.11201763  0.09552020  0.07540309  0.00000000  0.01083167  0.04812840  0.03298314  0.06750708  0.05581901  0.27985495  0.32852796  0.31194494  0.30109274  0.29039757  0.37465917  0.34549157  0.35702087  0.39272869  0.38665630  0.32852796  0.32852796  0.31743138  
12_11_0    0.08740753  0.07540309  0.08740753  0.11620017  0.09961016  0.07938295  0.01083167  0.00000000  0.05196370  0.03674046  0.07144454  0.05969454  0.28510746  0.33413935  0.30649892  0.29572581  0.28510746  0.36873285  0.36285366  0.37465917  0.39885137  0.40502520  0.33413935  0.32295885  0.31194494  
8_12_0     0.07144454  0.05969454  0.07144454  0.09961016  0.09145273  0.07144454  0.04812840  0.05196370  0.00000000  0.02924482  0.05581901  0.05196370  0.26431770  0.33413935  0.31194494  0.30109274  0.29039757  0.41125102  0.37465917  0.38665630  0.42386224  0.41752974  0.36873285  0.33979367  0.35123374  
12_12_0    0.07144454  0.05969454  0.07144454  0.09961016  0.08338435  0.06359049  0.03298314  0.03674046  0.02924482  0.00000000  0.06359049  0.04431289  0.25413807  0.34549157  0.32295885  0.31194494  0.30109274  0.39885137  0.35702087  0.38063340  0.43024946  0.41125102  0.36285366  0.31743138  0.33979367  
10_11_0    0.09145273  0.07938295  0.09145273  0.11201763  0.09552020  0.08338435  0.06750708  0.07144454  0.05581901  0.06359049  0.00000000  0.04051698  0.26946058  0.30649892  0.28510746  0.28510746  0.28510746  0.40502520  0.38665630  0.38665630  0.42386224  0.41752974  0.36285366  0.31194494  0.32295885  
6_11_0     0.06359049  0.05196370  0.05969454  0.07938295  0.07540309  0.06359049  0.05581901  0.05969454  0.05196370  0.04431289  0.04051698  0.00000000  0.25921036  0.31743138  0.30109274  0.30109274  0.29039757  0.39272869  0.38665630  0.39885137  0.41752974  0.40502520  0.36873285  0.33413935  0.34549157  
13_6_0     0.26431770  0.27463949  0.29039757  0.29039757  0.29572581  0.26946058  0.27985495  0.28510746  0.26431770  0.25413807  0.26946058  0.25921036  0.00000000  0.36285366  0.36873285  0.35702087  0.35702087  0.41125102  0.34549157  0.36285366  0.42386224  0.43024946  0.38665630  0.43024946  0.43024946  
3_1_0      0.30649892  0.33413935  0.28510746  0.27463949  0.31743138  0.33413935  0.32852796  0.33413935  0.33413935  0.34549157  0.30649892  0.31743138  0.36285366  0.00000000  0.07540309  0.07540309  0.08338435  0.29039757  0.28510746  0.26946058  0.22441422  0.24910034  0.20524226  0.24409672  0.26946058  
11_9_0     0.29572581  0.32295885  0.29572581  0.28510746  0.29572581  0.31743138  0.31194494  0.30649892  0.31194494  0.32295885  0.28510746  0.30109274  0.36873285  0.07540309  0.00000000  0.00720345  0.01447778  0.31743138  0.27463949  0.25921036  0.22928593  0.25413807  0.20524226  0.25413807  0.24910034  
1_9_0      0.29572581  0.32295885  0.29572581  0.28510746  0.29572581  0.30649892  0.30109274  0.29572581  0.30109274  0.31194494  0.28510746  0.30109274  0.35702087  0.07540309  0.00720345  0.00000000  0.00720345  0.30649892  0.27463949  0.25921036  0.22928593  0.25413807  0.20524226  0.25413807  0.23912674  
1_1_0      0.29572581  0.31194494  0.28510746  0.28510746  0.29572581  0.30649892  0.29039757  0.28510746  0.29039757  0.30109274  0.28510746  0.29039757  0.35702087  0.08338435  0.01447778  0.00720345  0.00000000  0.30649892  0.27463949  0.25921036  0.22928593  0.24409672  0.20524226  0.25413807  0.23912674  
13_15_0    0.39885137  0.38665630  0.38063340  0.36873285  0.39272869  0.38665630  0.37465917  0.36873285  0.41125102  0.39885137  0.40502520  0.39272869  0.41125102  0.29039757  0.31743138  0.30649892  0.30649892  0.00000000  0.44974912  0.44319191  0.32852796  0.34549157  0.35702087  0.32852796  0.29572581  
8_10_0     0.35123374  0.38665630  0.38665630  0.36873285  0.38665630  0.38063340  0.34549157  0.36285366  0.37465917  0.35702087  0.38665630  0.38665630  0.34549157  0.28510746  0.27463949  0.27463949  0.27463949  0.44974912  0.00000000  0.02552531  0.16832862  0.17284326  0.14616000  0.31743138  0.30109274  
12_10_0    0.36285366  0.39885137  0.38665630  0.38665630  0.38665630  0.38063340  0.35702087  0.37465917  0.38665630  0.38063340  0.38665630  0.39885137  0.36285366  0.26946058  0.25921036  0.25921036  0.25921036  0.44319191  0.02552531  0.00000000  0.16384139  0.16832862  0.14180495  0.30109274  0.29572581  
10_13_0    0.40502520  0.41125102  0.37465917  0.37465917  0.39885137  0.40502520  0.39272869  0.39885137  0.42386224  0.43024946  0.42386224  0.41752974  0.42386224  0.22441422  0.22928593  0.22928593  0.22928593  0.32852796  0.16832862  0.16384139  0.00000000  0.03298314  0.08740753  0.29039757  0.25413807  
6_13_0     0.42386224  0.40502520  0.39272869  0.38063340  0.39885137  0.40502520  0.38665630  0.40502520  0.41752974  0.41125102  0.41752974  0.40502520  0.43024946  0.24910034  0.25413807  0.25413807  0.24409672  0.34549157  0.17284326  0.16832862  0.03298314  0.00000000  0.10785862  0.29572581  0.29039757  
10_10_0    0.36285366  0.36873285  0.34549157  0.35702087  0.34549157  0.35123374  0.32852796  0.33413935  0.36873285  0.36285366  0.36285366  0.36873285  0.38665630  0.20524226  0.20524226  0.20524226  0.20524226  0.35702087  0.14616000  0.14180495  0.08740753  0.10785862  0.00000000  0.26431770  0.23912674  
6_1_0      0.34549157  0.35123374  0.33413935  0.32295885  0.34549157  0.32852796  0.32852796  0.32295885  0.33979367  0.31743138  0.31194494  0.33413935  0.43024946  0.24409672  0.25413807  0.25413807  0.25413807  0.32852796  0.31743138  0.30109274  0.29039757  0.29572581  0.26431770  0.00000000  0.08740753  
8_1_0      0.32295885  0.33979367  0.33413935  0.33413935  0.35702087  0.32852796  0.31743138  0.31194494  0.35123374  0.33979367  0.32295885  0.34549157  0.43024946  0.26946058  0.24910034  0.23912674  0.23912674  0.29572581  0.30109274  0.29572581  0.25413807  0.29039757  0.23912674  0.08740753  0.00000000  

