17
19_0_0     0.00000000  0.10496554  0.08084888  0.08084888  0.09040159  0.05749220  0.05749220  0.07611829  0.32610672  0.30654639  0.30654639  0.30013933  0.33274323  0.29378718  0.30013933  0.30654639  0.31952909  
18_0_0     0.10496554  0.00000000  0.03932270  0.06674674  0.09040159  0.09040159  0.10007903  0.10988448  0.31952909  0.30013933  0.30013933  0.28124388  0.31300932  0.25078396  0.24483935  0.26281814  0.27505093  
7_0_0      0.08084888  0.03932270  0.00000000  0.04382349  0.07611829  0.07611829  0.06674674  0.08560985  0.31952909  0.30013933  0.30013933  0.26890930  0.30013933  0.28124388  0.26281814  0.28124388  0.30654639  
16_0_0     0.08084888  0.06674674  0.04382349  0.00000000  0.08560985  0.09522452  0.08560985  0.09522452  0.31300932  0.30654639  0.30654639  0.28748899  0.30654639  0.27505093  0.28124388  0.28748899  0.30013933  
9_0_0      0.09040159  0.09040159  0.07611829  0.08560985  0.00000000  0.09040159  0.08084888  0.09040159  0.33943971  0.33274323  0.33274323  0.32610672  0.31952909  0.30013933  0.29378718  0.30013933  0.32610672  
15_0_0     0.05749220  0.09040159  0.07611829  0.09522452  0.09040159  0.00000000  0.02598200  0.04382349  0.33943971  0.30654639  0.31952909  0.27505093  0.30654639  0.30013933  0.29378718  0.31300932  0.32610672  
8_0_0      0.05749220  0.10007903  0.06674674  0.08560985  0.08084888  0.02598200  0.00000000  0.01721975  0.34619723  0.31300932  0.31300932  0.28124388  0.30013933  0.28748899  0.28124388  0.30013933  0.31300932  
20_0_0     0.07611829  0.10988448  0.08560985  0.09522452  0.09040159  0.04382349  0.01721975  0.00000000  0.33274323  0.31300932  0.31300932  0.29378718  0.30013933  0.27505093  0.26890930  0.28748899  0.30013933  
5_0_0      0.32610672  0.31952909  0.31952909  0.31300932  0.33943971  0.33943971  0.34619723  0.33274323  0.00000000  0.04835178  0.05749220  0.05290790  0.04835178  0.31952909  0.29378718  0.28748899  0.30013933  
14_0_0     0.30654639  0.30013933  0.30013933  0.30654639  0.33274323  0.30654639  0.31300932  0.31300932  0.04835178  0.00000000  0.00855987  0.03932270  0.03484907  0.27505093  0.26281814  0.24483935  0.29378718  
17_0_0     0.30654639  0.30013933  0.30013933  0.30654639  0.33274323  0.31952909  0.31300932  0.31300932  0.05749220  0.00855987  0.00000000  0.04835178  0.04382349  0.28748899  0.26281814  0.24483935  0.29378718  
6_0_0      0.30013933  0.28124388  0.26890930  0.28748899  0.32610672  0.27505093  0.28124388  0.29378718  0.05290790  0.03932270  0.04835178  0.00000000  0.02158793  0.28748899  0.26281814  0.28124388  0.30654639  
11_0_0     0.33274323  0.31300932  0.30013933  0.30654639  0.31952909  0.30654639  0.30013933  0.30013933  0.04835178  0.03484907  0.04382349  0.02158793  0.00000000  0.28748899  0.26281814  0.26890930  0.30654639  
13_0_0     0.29378718  0.25078396  0.28124388  0.27505093  0.30013933  0.30013933  0.28748899  0.27505093  0.31952909  0.27505093  0.28748899  0.28748899  0.28748899  0.00000000  0.03484907  0.05290790  0.06674674  
12_0_0     0.30013933  0.24483935  0.26281814  0.28124388  0.29378718  0.29378718  0.28124388  0.26890930  0.29378718  0.26281814  0.26281814  0.26281814  0.26281814  0.03484907  0.00000000  0.02598200  0.05749220  
10_0_0     0.30654639  0.26281814  0.28124388  0.28748899  0.30013933  0.31300932  0.30013933  0.28748899  0.28748899  0.24483935  0.24483935  0.28124388  0.26890930  0.05290790  0.02598200  0.00000000  0.07611829  
4_0_0      0.31952909  0.27505093  0.30654639  0.30013933  0.32610672  0.32610672  0.31300932  0.30013933  0.30013933  0.29378718  0.29378718  0.30654639  0.30654639  0.06674674  0.05749220  0.07611829  0.00000000  

