20
20_0_0     0.00000000  0.02679256  0.01327566  0.02225958  0.02225958  0.01327566  0.05458631  0.04520586  0.04520586  0.04520586  0.04520586  0.04520586  0.04988130  0.03594224  0.04988130  0.04988130  0.04520586  0.04988130  0.04988130  0.04988130  
16_0_0     0.02679256  0.00000000  0.03135333  0.04055963  0.04055963  0.03135333  0.04520586  0.05458631  0.05458631  0.05458631  0.05458631  0.05458631  0.05932127  0.04520586  0.05932127  0.05932127  0.05458631  0.05932127  0.05932127  0.05932127  
18_0_0     0.01327566  0.03135333  0.00000000  0.00882406  0.00882406  0.00000000  0.04520586  0.03594224  0.03594224  0.03594224  0.03594224  0.03594224  0.04055963  0.03594224  0.04988130  0.04988130  0.04520586  0.04988130  0.04988130  0.04988130  
17_0_0     0.02225958  0.04055963  0.00882406  0.00000000  0.00000000  0.00882406  0.05458631  0.04520586  0.04520586  0.04520586  0.04520586  0.04520586  0.04988130  0.04520586  0.05932127  0.05932127  0.05458631  0.05932127  0.05932127  0.05932127  
19_0_0     0.02225958  0.04055963  0.00882406  0.00000000  0.00000000  0.00882406  0.05458631  0.04520586  0.04520586  0.04520586  0.04520586  0.04520586  0.04988130  0.04520586  0.05932127  0.05932127  0.05458631  0.05932127  0.05932127  0.05932127  
15_0_0     0.01327566  0.03135333  0.00000000  0.00882406  0.00882406  0.00000000  0.04520586  0.03594224  0.03594224  0.03594224  0.03594224  0.03594224  0.04055963  0.03594224  0.04988130  0.04988130  0.04520586  0.04988130  0.04988130  0.04988130  
12_0_0     0.05458631  0.04520586  0.04520586  0.05458631  0.05458631  0.04520586  0.00000000  0.00882406  0.00882406  0.00882406  0.00882406  0.00882406  0.01327566  0.01775406  0.03135333  0.03135333  0.03594224  0.03135333  0.03135333  0.03135333  
4_0_0      0.04520586  0.05458631  0.03594224  0.04520586  0.04520586  0.03594224  0.00882406  0.00000000  0.00000000  0.00000000  0.00000000  0.00000000  0.00439895  0.01775406  0.03135333  0.03135333  0.03594224  0.03135333  0.03135333  0.03135333  
1_0_0      0.04520586  0.05458631  0.03594224  0.04520586  0.04520586  0.03594224  0.00882406  0.00000000  0.00000000  0.00000000  0.00000000  0.00000000  0.00439895  0.01775406  0.03135333  0.03135333  0.03594224  0.03135333  0.03135333  0.03135333  
5_0_0      0.04520586  0.05458631  0.03594224  0.04520586  0.04520586  0.03594224  0.00882406  0.00000000  0.00000000  0.00000000  0.00000000  0.00000000  0.00439895  0.01775406  0.03135333  0.03135333  0.03594224  0.03135333  0.03135333  0.03135333  
10_0_0     0.04520586  0.05458631  0.03594224  0.04520586  0.04520586  0.03594224  0.00882406  0.00000000  0.00000000  0.00000000  0.00000000  0.00000000  0.00439895  0.01775406  0.03135333  0.03135333  0.03594224  0.03135333  0.03135333  0.03135333  
7_0_0      0.04520586  0.05458631  0.03594224  0.04520586  0.04520586  0.03594224  0.00882406  0.00000000  0.00000000  0.00000000  0.00000000  0.00000000  0.00439895  0.01775406  0.03135333  0.03135333  0.03594224  0.03135333  0.03135333  0.03135333  
8_0_0      0.04988130  0.05932127  0.04055963  0.04988130  0.04988130  0.04055963  0.01327566  0.00439895  0.00439895  0.00439895  0.00439895  0.00439895  0.00000000  0.02225958  0.03594224  0.03594224  0.04055963  0.03594224  0.03594224  0.03594224  
9_0_0      0.03594224  0.04520586  0.03594224  0.04520586  0.04520586  0.03594224  0.01775406  0.01775406  0.01775406  0.01775406  0.01775406  0.01775406  0.02225958  0.00000000  0.02225958  0.02225958  0.02679256  0.02225958  0.02225958  0.02225958  
6_0_0      0.04988130  0.05932127  0.04988130  0.05932127  0.05932127  0.04988130  0.03135333  0.03135333  0.03135333  0.03135333  0.03135333  0.03135333  0.03594224  0.02225958  0.00000000  0.00000000  0.00439895  0.00000000  0.00000000  0.00000000  
3_0_0      0.04988130  0.05932127  0.04988130  0.05932127  0.05932127  0.04988130  0.03135333  0.03135333  0.03135333  0.03135333  0.03135333  0.03135333  0.03594224  0.02225958  0.00000000  0.00000000  0.00439895  0.00000000  0.00000000  0.00000000  
13_0_0     0.04520586  0.05458631  0.04520586  0.05458631  0.05458631  0.04520586  0.03594224  0.03594224  0.03594224  0.03594224  0.03594224  0.03594224  0.04055963  0.02679256  0.00439895  0.00439895  0.00000000  0.00439895  0.00439895  0.00439895  
11_0_0     0.04988130  0.05932127  0.04988130  0.05932127  0.05932127  0.04988130  0.03135333  0.03135333  0.03135333  0.03135333  0.03135333  0.03135333  0.03594224  0.02225958  0.00000000  0.00000000  0.00439895  0.00000000  0.00000000  0.00000000  
2_0_0      0.04988130  0.05932127  0.04988130  0.05932127  0.05932127  0.04988130  0.03135333  0.03135333  0.03135333  0.03135333  0.03135333  0.03135333  0.03594224  0.02225958  0.00000000  0.00000000  0.00439895  0.00000000  0.00000000  0.00000000  
14_0_0     0.04988130  0.05932127  0.04988130  0.05932127  0.05932127  0.04988130  0.03135333  0.03135333  0.03135333  0.03135333  0.03135333  0.03135333  0.03594224  0.02225958  0.00000000  0.00000000  0.00439895  0.00000000  0.00000000  0.00000000  

