20
15_0_0     0.00000000  0.33261678  0.30176038  0.30934780  0.32477413  0.26501088  0.27947981  0.29425439  0.27947981  0.60960293  0.65812340  0.65812340  0.64567409  0.64567409  0.63344251  0.64567409  0.56423115  0.56423115  0.58654920  0.63344251  
13_0_0     0.33261678  0.00000000  0.17762281  0.17133201  0.17762281  0.22331772  0.22331772  0.27220793  0.28682809  0.55333362  0.57530116  0.57530116  0.55333362  0.55333362  0.59798108  0.62142115  0.53203507  0.49129019  0.51136598  0.63344251  
12_0_0     0.30176038  0.17762281  0.00000000  0.00491922  0.01988793  0.15891764  0.14671979  0.19684199  0.19684199  0.50125605  0.54260328  0.56423115  0.62142115  0.62142115  0.50125605  0.49129019  0.51136598  0.51136598  0.51136598  0.52162418  
19_0_0     0.30934780  0.17133201  0.00491922  0.00000000  0.01486268  0.15279213  0.14069972  0.19037674  0.19037674  0.49129019  0.53203507  0.55333362  0.60960293  0.60960293  0.49129019  0.48146432  0.52162418  0.50125605  0.50125605  0.51136598  
20_0_0     0.32477413  0.17762281  0.01988793  0.01486268  0.00000000  0.17133201  0.15891764  0.20995459  0.20995459  0.50125605  0.52162418  0.56423115  0.58654920  0.58654920  0.52162418  0.51136598  0.53203507  0.49129019  0.51136598  0.50125605  
18_0_0     0.26501088  0.22331772  0.15891764  0.15279213  0.17133201  0.00000000  0.00987328  0.21660424  0.21660424  0.48146432  0.50125605  0.56423115  0.52162418  0.52162418  0.53203507  0.54260328  0.50125605  0.55333362  0.55333362  0.62142115  
14_0_0     0.27947981  0.22331772  0.14671979  0.14069972  0.15891764  0.00987328  0.00000000  0.20336756  0.21660424  0.48146432  0.50125605  0.56423115  0.54260328  0.54260328  0.55333362  0.52162418  0.52162418  0.55333362  0.55333362  0.62142115  
17_0_0     0.29425439  0.27220793  0.19684199  0.19037674  0.20995459  0.21660424  0.20336756  0.00000000  0.06144519  0.55333362  0.50125605  0.53203507  0.59798108  0.59798108  0.54260328  0.52162418  0.53203507  0.51136598  0.51136598  0.54260328  
16_0_0     0.27947981  0.28682809  0.19684199  0.19037674  0.20995459  0.21660424  0.21660424  0.06144519  0.00000000  0.51136598  0.50125605  0.51136598  0.59798108  0.59798108  0.52162418  0.51136598  0.53203507  0.49129019  0.47177459  0.52162418  
6_0_0      0.60960293  0.55333362  0.50125605  0.49129019  0.50125605  0.48146432  0.48146432  0.55333362  0.51136598  0.00000000  0.19684199  0.16509728  0.33261678  0.33261678  0.23694115  0.22331772  0.18397070  0.25083521  0.25083521  0.27220793  
9_0_0      0.65812340  0.57530116  0.54260328  0.53203507  0.52162418  0.50125605  0.50125605  0.50125605  0.50125605  0.19684199  0.00000000  0.09431823  0.30176038  0.30176038  0.24385368  0.23694115  0.14671979  0.20995459  0.20995459  0.27220793  
1_0_0      0.65812340  0.57530116  0.56423115  0.55333362  0.56423115  0.56423115  0.56423115  0.53203507  0.51136598  0.16509728  0.09431823  0.00000000  0.30934780  0.30934780  0.23694115  0.21660424  0.14671979  0.21660424  0.23009627  0.25788713  
2_0_0      0.64567409  0.55333362  0.62142115  0.60960293  0.58654920  0.52162418  0.54260328  0.59798108  0.59798108  0.33261678  0.30176038  0.30934780  0.00000000  0.00000000  0.38161437  0.39874055  0.30176038  0.36489754  0.38161437  0.40746350  
8_0_0      0.64567409  0.55333362  0.62142115  0.60960293  0.58654920  0.52162418  0.54260328  0.59798108  0.59798108  0.33261678  0.30176038  0.30934780  0.00000000  0.00000000  0.38161437  0.39874055  0.30176038  0.36489754  0.38161437  0.40746350  
4_0_0      0.63344251  0.59798108  0.50125605  0.49129019  0.52162418  0.53203507  0.55333362  0.54260328  0.52162418  0.23694115  0.24385368  0.23694115  0.38161437  0.38161437  0.00000000  0.05082211  0.12881283  0.26501088  0.27947981  0.30176038  
3_0_0      0.64567409  0.62142115  0.49129019  0.48146432  0.51136598  0.54260328  0.52162418  0.52162418  0.51136598  0.22331772  0.23694115  0.21660424  0.39874055  0.39874055  0.05082211  0.00000000  0.14069972  0.24385368  0.26501088  0.27220793  
5_0_0      0.56423115  0.53203507  0.51136598  0.52162418  0.53203507  0.50125605  0.52162418  0.53203507  0.53203507  0.18397070  0.14671979  0.14671979  0.30176038  0.30176038  0.12881283  0.14069972  0.00000000  0.19684199  0.22331772  0.23009627  
11_0_0     0.56423115  0.49129019  0.51136598  0.50125605  0.49129019  0.55333362  0.55333362  0.51136598  0.49129019  0.25083521  0.20995459  0.21660424  0.36489754  0.36489754  0.26501088  0.24385368  0.19684199  0.00000000  0.02494955  0.21660424  
7_0_0      0.58654920  0.51136598  0.51136598  0.50125605  0.51136598  0.55333362  0.55333362  0.51136598  0.47177459  0.25083521  0.20995459  0.23009627  0.38161437  0.38161437  0.27947981  0.26501088  0.22331772  0.02494955  0.00000000  0.23694115  
10_0_0     0.63344251  0.63344251  0.52162418  0.51136598  0.50125605  0.62142115  0.62142115  0.54260328  0.52162418  0.27220793  0.27220793  0.25788713  0.40746350  0.40746350  0.30176038  0.27220793  0.23009627  0.21660424  0.23694115  0.00000000  

