20
1_0_0      0.00000000  0.01209865  0.01617601  0.00804368  0.07134008  0.05823898  0.04536643  0.06694715  0.40555279  0.40555279  0.40555279  0.39865486  0.41251581  0.40555279  0.50163943  0.50163943  0.49378726  0.50957606  0.47071997  0.51759899  
10_0_0     0.01209865  0.00000000  0.01209865  0.00401088  0.07575932  0.06258022  0.04112500  0.06258022  0.40555279  0.40555279  0.40555279  0.39865486  0.41251581  0.40555279  0.51759899  0.51759899  0.50957606  0.52571010  0.48601777  0.53391136  
5_0_0      0.01617601  0.01209865  0.00000000  0.00804368  0.08020518  0.06694715  0.04536643  0.06694715  0.41251581  0.41251581  0.41251581  0.40555279  0.41954516  0.41251581  0.49378726  0.49378726  0.48601777  0.50163943  0.47832923  0.52571010  
7_0_0      0.00804368  0.00401088  0.00804368  0.00000000  0.07134008  0.05823898  0.03690782  0.05823898  0.41251581  0.41251581  0.41251581  0.40555279  0.41954516  0.41251581  0.50957606  0.50957606  0.50163943  0.51759899  0.47832923  0.52571010  
4_0_0      0.07134008  0.07575932  0.08020518  0.07134008  0.00000000  0.08020518  0.07575932  0.09826145  0.41954516  0.41954516  0.40555279  0.41251581  0.41251581  0.40555279  0.47071997  0.47071997  0.46318838  0.47832923  0.44104416  0.47071997  
12_0_0     0.05823898  0.06258022  0.06694715  0.05823898  0.08020518  0.00000000  0.04536643  0.06694715  0.42664212  0.42664212  0.41251581  0.41954516  0.43380801  0.42664212  0.50957606  0.50957606  0.50163943  0.51759899  0.48601777  0.52571010  
8_0_0      0.04536643  0.04112500  0.04536643  0.03690782  0.07575932  0.04536643  0.00000000  0.03690782  0.41954516  0.41954516  0.40555279  0.41251581  0.42664212  0.41954516  0.50163943  0.50163943  0.49378726  0.50957606  0.48601777  0.51759899  
9_0_0      0.06694715  0.06258022  0.06694715  0.05823898  0.09826145  0.06694715  0.03690782  0.00000000  0.39865486  0.39865486  0.38504948  0.39182081  0.40555279  0.39865486  0.49378726  0.49378726  0.48601777  0.50163943  0.47832923  0.50957606  
14_0_0     0.40555279  0.40555279  0.41251581  0.41251581  0.41954516  0.42664212  0.41954516  0.39865486  0.00000000  0.00000000  0.02854507  0.02854507  0.03271460  0.02854507  0.28439222  0.28439222  0.27853468  0.29029664  0.24992476  0.27853468  
2_0_0      0.40555279  0.40555279  0.41251581  0.41251581  0.41954516  0.42664212  0.41954516  0.39865486  0.00000000  0.00000000  0.02854507  0.02854507  0.03271460  0.02854507  0.28439222  0.28439222  0.27853468  0.29029664  0.24992476  0.27853468  
11_0_0     0.40555279  0.40555279  0.41251581  0.41251581  0.40555279  0.41251581  0.40555279  0.38504948  0.02854507  0.02854507  0.00000000  0.04112500  0.04536643  0.04112500  0.26695726  0.26695726  0.26123596  0.27272326  0.24433352  0.26123596  
13_0_0     0.39865486  0.39865486  0.40555279  0.40555279  0.41251581  0.41954516  0.41251581  0.39182081  0.02854507  0.02854507  0.04112500  0.00000000  0.02027604  0.01617601  0.27272326  0.27272326  0.26695726  0.26695726  0.23878432  0.26695726  
6_0_0      0.41251581  0.41251581  0.41954516  0.41954516  0.41251581  0.43380801  0.42664212  0.40555279  0.03271460  0.03271460  0.04536643  0.02027604  0.00000000  0.00401088  0.27853468  0.27853468  0.27272326  0.28439222  0.23327655  0.24992476  
3_0_0      0.40555279  0.40555279  0.41251581  0.41251581  0.40555279  0.42664212  0.41954516  0.39865486  0.02854507  0.02854507  0.04112500  0.01617601  0.00401088  0.00000000  0.27272326  0.27272326  0.26695726  0.27853468  0.22780958  0.24433352  
18_0_0     0.50163943  0.51759899  0.49378726  0.50957606  0.47071997  0.50957606  0.50163943  0.49378726  0.28439222  0.28439222  0.26695726  0.27272326  0.27853468  0.27272326  0.00000000  0.00804368  0.00401088  0.00401088  0.08020518  0.08467799  
19_0_0     0.50163943  0.51759899  0.49378726  0.50957606  0.47071997  0.50957606  0.50163943  0.49378726  0.28439222  0.28439222  0.26695726  0.27272326  0.27853468  0.27272326  0.00804368  0.00000000  0.00401088  0.01209865  0.08917809  0.09370579  
17_0_0     0.49378726  0.50957606  0.48601777  0.50163943  0.46318838  0.50163943  0.49378726  0.48601777  0.27853468  0.27853468  0.26123596  0.26695726  0.27272326  0.26695726  0.00401088  0.00401088  0.00000000  0.00804368  0.08467799  0.08917809  
15_0_0     0.50957606  0.52571010  0.50163943  0.51759899  0.47832923  0.51759899  0.50957606  0.50163943  0.29029664  0.29029664  0.27272326  0.26695726  0.28439222  0.27853468  0.00401088  0.01209865  0.00804368  0.00000000  0.08467799  0.08917809  
16_0_0     0.47071997  0.48601777  0.47832923  0.47832923  0.44104416  0.48601777  0.48601777  0.47832923  0.24992476  0.24992476  0.24433352  0.23878432  0.23327655  0.22780958  0.08020518  0.08917809  0.08467799  0.08467799  0.00000000  0.05392313  
20_0_0     0.51759899  0.53391136  0.52571010  0.52571010  0.47071997  0.52571010  0.51759899  0.50957606  0.27853468  0.27853468  0.26123596  0.26695726  0.24992476  0.24433352  0.08467799  0.09370579  0.08917809  0.08917809  0.05392313  0.00000000  

