20
7_0_0      0.00000000  0.26074841  0.30681756  0.30005789  0.28672117  0.29335946  0.29335946  0.26074841  0.27362075  0.27362075  0.28672117  0.27362075  0.38556317  0.38556317  0.37060785  0.40082726  0.34157519  0.37060785  0.36324211  0.28014194  
10_0_0     0.26074841  0.00000000  0.22951516  0.24809635  0.24809635  0.25439532  0.25439532  0.21738215  0.21138950  0.24809635  0.27362075  0.26074841  0.42433100  0.44042578  0.39315583  0.43233460  0.39315583  0.39315583  0.38556317  0.35594903  
8_0_0      0.30681756  0.22951516  0.00000000  0.07052347  0.18213384  0.16512044  0.16512044  0.16512044  0.17074819  0.32052517  0.29335946  0.28014194  0.44042578  0.42433100  0.38556317  0.37804770  0.31363960  0.34872718  0.34157519  0.32747547  
1_0_0      0.30005789  0.24809635  0.07052347  0.00000000  0.13760684  0.14302826  0.14302826  0.14302826  0.13760684  0.32747547  0.29335946  0.26074841  0.38556317  0.37060785  0.37060785  0.36324211  0.34157519  0.32747547  0.32052517  0.34157519  
5_0_0      0.28672117  0.24809635  0.18213384  0.13760684  0.00000000  0.13760684  0.13760684  0.13222488  0.13222488  0.27362075  0.28672117  0.24809635  0.39315583  0.37804770  0.37804770  0.38556317  0.31363960  0.34872718  0.35594903  0.32052517  
2_0_0      0.29335946  0.25439532  0.16512044  0.14302826  0.13760684  0.00000000  0.00000000  0.07547309  0.06560676  0.28014194  0.26715657  0.27362075  0.43233460  0.41641311  0.38556317  0.40857912  0.34157519  0.37060785  0.37804770  0.37060785  
12_0_0     0.29335946  0.25439532  0.16512044  0.14302826  0.13760684  0.00000000  0.00000000  0.07547309  0.06560676  0.28014194  0.26715657  0.27362075  0.43233460  0.41641311  0.38556317  0.40857912  0.34157519  0.37060785  0.37804770  0.37060785  
11_0_0     0.26074841  0.21738215  0.16512044  0.14302826  0.13222488  0.07547309  0.07547309  0.00000000  0.02740759  0.25439532  0.26074841  0.24809635  0.40082726  0.38556317  0.34872718  0.37060785  0.30005789  0.30005789  0.30681756  0.33449172  
4_0_0      0.27362075  0.21138950  0.17074819  0.13760684  0.13222488  0.06560676  0.06560676  0.02740759  0.00000000  0.26715657  0.24185059  0.24185059  0.39315583  0.37804770  0.34872718  0.37060785  0.30005789  0.32052517  0.32747547  0.34872718  
9_0_0      0.27362075  0.24809635  0.32052517  0.32747547  0.27362075  0.28014194  0.28014194  0.25439532  0.26715657  0.00000000  0.17641910  0.14302826  0.45687872  0.47370613  0.40082726  0.45687872  0.37804770  0.43233460  0.44860649  0.38556317  
6_0_0      0.28672117  0.27362075  0.29335946  0.29335946  0.28672117  0.26715657  0.26715657  0.26074841  0.24185059  0.17641910  0.00000000  0.05587037  0.39315583  0.39315583  0.37060785  0.40857912  0.34872718  0.37060785  0.37060785  0.37060785  
3_0_0      0.27362075  0.26074841  0.28014194  0.26074841  0.24809635  0.27362075  0.27362075  0.24809635  0.24185059  0.14302826  0.05587037  0.00000000  0.40857912  0.40857912  0.35594903  0.37804770  0.33449172  0.37804770  0.37804770  0.35594903  
15_0_0     0.38556317  0.42433100  0.44042578  0.38556317  0.39315583  0.43233460  0.43233460  0.40082726  0.39315583  0.45687872  0.39315583  0.40857912  0.00000000  0.01815838  0.11108044  0.08547285  0.21738215  0.21138950  0.18789310  0.21138950  
17_0_0     0.38556317  0.44042578  0.42433100  0.37060785  0.37804770  0.41641311  0.41641311  0.38556317  0.37804770  0.47370613  0.39315583  0.40857912  0.01815838  0.00000000  0.09052391  0.06560676  0.19369757  0.18789310  0.16512044  0.18789310  
14_0_0     0.37060785  0.39315583  0.38556317  0.37060785  0.37804770  0.38556317  0.38556317  0.34872718  0.34872718  0.40082726  0.37060785  0.35594903  0.11108044  0.09052391  0.00000000  0.05104983  0.13222488  0.18213384  0.17074819  0.17074819  
18_0_0     0.40082726  0.43233460  0.37804770  0.36324211  0.38556317  0.40857912  0.40857912  0.37060785  0.37060785  0.45687872  0.40857912  0.37804770  0.08547285  0.06560676  0.05104983  0.00000000  0.15953520  0.19369757  0.18789310  0.19954797  
16_0_0     0.34157519  0.39315583  0.31363960  0.34157519  0.31363960  0.34157519  0.34157519  0.30005789  0.30005789  0.37804770  0.34872718  0.33449172  0.21738215  0.19369757  0.13222488  0.15953520  0.00000000  0.15399184  0.14302826  0.13222488  
19_0_0     0.37060785  0.39315583  0.34872718  0.32747547  0.34872718  0.37060785  0.37060785  0.30005789  0.32052517  0.43233460  0.37060785  0.37804770  0.21138950  0.18789310  0.18213384  0.19369757  0.15399184  0.00000000  0.01815838  0.14848973  
13_0_0     0.36324211  0.38556317  0.34157519  0.32052517  0.35594903  0.37804770  0.37804770  0.30681756  0.32747547  0.44860649  0.37060785  0.37804770  0.18789310  0.16512044  0.17074819  0.18789310  0.14302826  0.01815838  0.00000000  0.12688181  
20_0_0     0.28014194  0.35594903  0.32747547  0.34157519  0.32052517  0.37060785  0.37060785  0.33449172  0.34872718  0.38556317  0.37060785  0.35594903  0.21138950  0.18789310  0.17074819  0.19954797  0.13222488  0.14848973  0.12688181  0.00000000  

