20
4_0_0      0.00000000  0.01840800  0.06984969  0.19264841  0.13960481  0.13232710  0.18483492  0.19264841  0.16187572  0.11091218  0.11091218  0.33984300  0.35924578  0.45343440  0.36914055  0.37916890  0.46467677  0.39964104  0.39964104  0.39964104  
3_0_0      0.01840800  0.00000000  0.06322130  0.18483492  0.13232710  0.12511999  0.17710275  0.18483492  0.15437766  0.10390888  0.10390888  0.33984300  0.35924578  0.45343440  0.36914055  0.37916890  0.44235961  0.39964104  0.39964104  0.39964104  
5_0_0      0.06984969  0.06322130  0.00000000  0.16945022  0.13232710  0.09697099  0.16187572  0.16945022  0.11091218  0.09009728  0.09009728  0.32093408  0.30249450  0.43144750  0.33032839  0.33984300  0.39964104  0.37916890  0.37916890  0.37916890  
6_0_0      0.19264841  0.18483492  0.16945022  0.00000000  0.11091218  0.11798212  0.18483492  0.17710275  0.19264841  0.15437766  0.15437766  0.41009262  0.38933446  0.47609189  0.34948105  0.35924578  0.45343440  0.41009262  0.41009262  0.41009262  
1_0_0      0.13960481  0.13232710  0.13232710  0.11091218  0.00000000  0.05665151  0.14695451  0.15437766  0.18483492  0.11798212  0.11798212  0.35924578  0.35924578  0.46467677  0.33984300  0.34948105  0.38933446  0.36914055  0.36914055  0.36914055  
9_0_0      0.13232710  0.12511999  0.09697099  0.11798212  0.05665151  0.00000000  0.13960481  0.14695451  0.14695451  0.09697099  0.09697099  0.35924578  0.33984300  0.43144750  0.34948105  0.35924578  0.39964104  0.39964104  0.39964104  0.39964104  
2_0_0      0.18483492  0.17710275  0.16187572  0.18483492  0.14695451  0.13960481  0.00000000  0.00608546  0.20054495  0.17710275  0.17710275  0.37916890  0.37916890  0.36914055  0.31165709  0.32093408  0.33984300  0.33984300  0.33984300  0.33984300  
8_0_0      0.19264841  0.18483492  0.16945022  0.17710275  0.15437766  0.14695451  0.00608546  0.00000000  0.20852633  0.18483492  0.18483492  0.36914055  0.36914055  0.35924578  0.30249450  0.31165709  0.33032839  0.33032839  0.33032839  0.33032839  
10_0_0     0.16187572  0.15437766  0.11091218  0.19264841  0.18483492  0.14695451  0.20054495  0.20852633  0.00000000  0.08328659  0.07653776  0.35924578  0.33984300  0.41009262  0.34948105  0.35924578  0.43144750  0.41009262  0.41009262  0.41009262  
7_0_0      0.11091218  0.10390888  0.09009728  0.15437766  0.11798212  0.09697099  0.17710275  0.18483492  0.08328659  0.00000000  0.01222118  0.32093408  0.32093408  0.47609189  0.34948105  0.33984300  0.41009262  0.38933446  0.38933446  0.38933446  
11_0_0     0.11091218  0.10390888  0.09009728  0.15437766  0.11798212  0.09697099  0.17710275  0.18483492  0.07653776  0.01222118  0.00000000  0.33032839  0.33032839  0.46467677  0.33984300  0.34948105  0.42069333  0.39964104  0.39964104  0.39964104  
16_0_0     0.33984300  0.33984300  0.32093408  0.41009262  0.35924578  0.35924578  0.37916890  0.36914055  0.35924578  0.32093408  0.33032839  0.00000000  0.02464676  0.26693403  0.20054495  0.19264841  0.28450153  0.22475100  0.22475100  0.22475100  
17_0_0     0.35924578  0.35924578  0.30249450  0.38933446  0.35924578  0.33984300  0.37916890  0.36914055  0.33984300  0.32093408  0.33032839  0.02464676  0.00000000  0.26693403  0.20054495  0.19264841  0.26693403  0.25830364  0.25830364  0.25830364  
15_0_0     0.45343440  0.45343440  0.43144750  0.47609189  0.46467677  0.43144750  0.36914055  0.35924578  0.41009262  0.47609189  0.46467677  0.26693403  0.26693403  0.00000000  0.20054495  0.20852633  0.24977235  0.24977235  0.24977235  0.24977235  
14_0_0     0.36914055  0.36914055  0.33032839  0.34948105  0.33984300  0.34948105  0.31165709  0.30249450  0.34948105  0.34948105  0.33984300  0.20054495  0.20054495  0.20054495  0.00000000  0.01222118  0.13232710  0.09697099  0.09697099  0.09697099  
18_0_0     0.37916890  0.37916890  0.33984300  0.35924578  0.34948105  0.35924578  0.32093408  0.31165709  0.35924578  0.33984300  0.34948105  0.19264841  0.19264841  0.20852633  0.01222118  0.00000000  0.13232710  0.08328659  0.08328659  0.08328659  
13_0_0     0.46467677  0.44235961  0.39964104  0.45343440  0.38933446  0.39964104  0.33984300  0.33032839  0.43144750  0.41009262  0.42069333  0.28450153  0.26693403  0.24977235  0.13232710  0.13232710  0.00000000  0.14695451  0.14695451  0.14695451  
20_0_0     0.39964104  0.39964104  0.37916890  0.41009262  0.36914055  0.39964104  0.33984300  0.33032839  0.41009262  0.38933446  0.39964104  0.22475100  0.25830364  0.24977235  0.09697099  0.08328659  0.14695451  0.00000000  0.00000000  0.00000000  
12_0_0     0.39964104  0.39964104  0.37916890  0.41009262  0.36914055  0.39964104  0.33984300  0.33032839  0.41009262  0.38933446  0.39964104  0.22475100  0.25830364  0.24977235  0.09697099  0.08328659  0.14695451  0.00000000  0.00000000  0.00000000  
19_0_0     0.39964104  0.39964104  0.37916890  0.41009262  0.36914055  0.39964104  0.33984300  0.33032839  0.41009262  0.38933446  0.39964104  0.22475100  0.25830364  0.24977235  0.09697099  0.08328659  0.14695451  0.00000000  0.00000000  0.00000000  

