28
50_3_0     0.00000000  0.01382895  0.02084305  0.01382895  0.07952611  0.04959434  0.04959434  0.04959434  0.06440663  0.06440663  0.07192718  0.07192718  0.20417986  0.19517280  0.19517280  0.18627565  0.20417986  0.20417986  0.22253483  0.16880060  0.21329958  0.22253483  0.23188855  0.25096388  0.22253483  0.22253483  0.23188855  0.21329958  
94_3_0     0.01382895  0.00000000  0.02792528  0.02792528  0.08720507  0.05696287  0.04959434  0.05696287  0.07192718  0.07192718  0.07192718  0.07192718  0.19517280  0.21329958  0.21329958  0.20417986  0.19517280  0.19517280  0.21329958  0.16880060  0.20417986  0.21329958  0.22253483  0.24136383  0.21329958  0.23188855  0.21329958  0.21329958  
50_5_0     0.02084305  0.02792528  0.00000000  0.00688169  0.08720507  0.05696287  0.04959434  0.02792528  0.05696287  0.05696287  0.06440663  0.07952611  0.20417986  0.21329958  0.21329958  0.21329958  0.19517280  0.19517280  0.23188855  0.17748577  0.21329958  0.22253483  0.23188855  0.23188855  0.22253483  0.22253483  0.21329958  0.19517280  
94_5_0     0.01382895  0.02792528  0.00688169  0.00000000  0.07952611  0.04959434  0.04229953  0.03507698  0.06440663  0.06440663  0.05696287  0.07192718  0.21329958  0.20417986  0.20417986  0.20417986  0.19517280  0.19517280  0.23188855  0.17748577  0.21329958  0.22253483  0.23188855  0.23188855  0.22253483  0.22253483  0.21329958  0.19517280  
50_4_0     0.07952611  0.08720507  0.08720507  0.07952611  0.00000000  0.02792528  0.07952611  0.07952611  0.09496577  0.09496577  0.10280996  0.10280996  0.16880060  0.16880060  0.16880060  0.16880060  0.18627565  0.18627565  0.15173459  0.16021766  0.18627565  0.18627565  0.18627565  0.18627565  0.19517280  0.18627565  0.18627565  0.19517280  
94_4_0     0.04959434  0.05696287  0.05696287  0.04959434  0.02792528  0.00000000  0.04959434  0.04959434  0.07192718  0.07192718  0.07192718  0.08720507  0.19517280  0.19517280  0.17748577  0.17748577  0.19517280  0.19517280  0.17748577  0.16880060  0.19517280  0.18627565  0.19517280  0.19517280  0.20417986  0.19517280  0.19517280  0.20417986  
94_0_0     0.04959434  0.04959434  0.04959434  0.04229953  0.07952611  0.04959434  0.00000000  0.02084305  0.08720507  0.08720507  0.06440663  0.07192718  0.21329958  0.22253483  0.19517280  0.20417986  0.18627565  0.18627565  0.20417986  0.18627565  0.20417986  0.18627565  0.20417986  0.21329958  0.21329958  0.21329958  0.21329958  0.21329958  
50_0_0     0.04959434  0.05696287  0.02792528  0.03507698  0.07952611  0.04959434  0.02084305  0.00000000  0.06440663  0.06440663  0.07192718  0.08720507  0.21329958  0.22253483  0.20417986  0.20417986  0.20417986  0.20417986  0.21329958  0.18627565  0.21329958  0.19517280  0.21329958  0.21329958  0.22253483  0.20417986  0.21329958  0.19517280  
50_6_0     0.06440663  0.07192718  0.05696287  0.06440663  0.09496577  0.07192718  0.08720507  0.06440663  0.00000000  0.00000000  0.04959434  0.06440663  0.19517280  0.20417986  0.20417986  0.20417986  0.19517280  0.19517280  0.17748577  0.16021766  0.24136383  0.22253483  0.24136383  0.22253483  0.21329958  0.21329958  0.20417986  0.18627565  
94_6_0     0.06440663  0.07192718  0.05696287  0.06440663  0.09496577  0.07192718  0.08720507  0.06440663  0.00000000  0.00000000  0.04959434  0.06440663  0.19517280  0.20417986  0.20417986  0.20417986  0.19517280  0.19517280  0.17748577  0.16021766  0.24136383  0.22253483  0.24136383  0.22253483  0.21329958  0.21329958  0.20417986  0.18627565  
50_2_0     0.07192718  0.07192718  0.06440663  0.05696287  0.10280996  0.07192718  0.06440663  0.07192718  0.04959434  0.04959434  0.00000000  0.01382895  0.23188855  0.24136383  0.22253483  0.22253483  0.16880060  0.16880060  0.18627565  0.16880060  0.19517280  0.20417986  0.21329958  0.19517280  0.20417986  0.20417986  0.19517280  0.19517280  
94_2_0     0.07192718  0.07192718  0.07952611  0.07192718  0.10280996  0.08720507  0.07192718  0.08720507  0.06440663  0.06440663  0.01382895  0.00000000  0.22253483  0.23188855  0.21329958  0.20417986  0.17748577  0.17748577  0.17748577  0.17748577  0.17748577  0.18627565  0.19517280  0.19517280  0.18627565  0.18627565  0.21329958  0.21329958  
77_7_0     0.20417986  0.19517280  0.20417986  0.21329958  0.16880060  0.19517280  0.21329958  0.21329958  0.19517280  0.19517280  0.23188855  0.22253483  0.00000000  0.02792528  0.07952611  0.08720507  0.20417986  0.20417986  0.19517280  0.18627565  0.18627565  0.21329958  0.20417986  0.20417986  0.19517280  0.20417986  0.18627565  0.19517280  
51_7_0     0.19517280  0.21329958  0.21329958  0.20417986  0.16880060  0.19517280  0.22253483  0.22253483  0.20417986  0.20417986  0.24136383  0.23188855  0.02792528  0.00000000  0.07952611  0.07192718  0.20417986  0.20417986  0.19517280  0.18627565  0.21329958  0.22253483  0.21329958  0.23188855  0.20417986  0.21329958  0.18627565  0.17748577  
83_7_0     0.19517280  0.21329958  0.21329958  0.20417986  0.16880060  0.17748577  0.19517280  0.20417986  0.20417986  0.20417986  0.22253483  0.21329958  0.07952611  0.07952611  0.00000000  0.01382895  0.18627565  0.18627565  0.19517280  0.16880060  0.17748577  0.19517280  0.17748577  0.17748577  0.18627565  0.16021766  0.20417986  0.19517280  
60_7_0     0.18627565  0.20417986  0.21329958  0.20417986  0.16880060  0.17748577  0.20417986  0.20417986  0.20417986  0.20417986  0.22253483  0.20417986  0.08720507  0.07192718  0.01382895  0.00000000  0.19517280  0.19517280  0.19517280  0.17748577  0.17748577  0.17748577  0.16021766  0.18627565  0.16880060  0.16021766  0.20417986  0.19517280  
92_8_0     0.20417986  0.19517280  0.19517280  0.19517280  0.18627565  0.19517280  0.18627565  0.20417986  0.19517280  0.19517280  0.16880060  0.17748577  0.20417986  0.20417986  0.18627565  0.19517280  0.00000000  0.00000000  0.04959434  0.05696287  0.11073947  0.15173459  0.13505893  0.12686198  0.12686198  0.12686198  0.17748577  0.20417986  
92_12_0    0.20417986  0.19517280  0.19517280  0.19517280  0.18627565  0.19517280  0.18627565  0.20417986  0.19517280  0.19517280  0.16880060  0.17748577  0.20417986  0.20417986  0.18627565  0.19517280  0.00000000  0.00000000  0.04959434  0.05696287  0.11073947  0.15173459  0.13505893  0.12686198  0.12686198  0.12686198  0.17748577  0.20417986  
28_8_0     0.22253483  0.21329958  0.23188855  0.23188855  0.15173459  0.17748577  0.20417986  0.21329958  0.17748577  0.17748577  0.18627565  0.17748577  0.19517280  0.19517280  0.19517280  0.19517280  0.04959434  0.04959434  0.00000000  0.07952611  0.12686198  0.15173459  0.13505893  0.12686198  0.12686198  0.12686198  0.18627565  0.22253483  
19_8_0     0.16880060  0.16880060  0.17748577  0.17748577  0.16021766  0.16880060  0.18627565  0.18627565  0.16021766  0.16021766  0.16880060  0.17748577  0.18627565  0.18627565  0.16880060  0.17748577  0.05696287  0.05696287  0.07952611  0.00000000  0.12686198  0.16880060  0.15173459  0.14334909  0.14334909  0.12686198  0.19517280  0.19517280  
28_9_0     0.21329958  0.20417986  0.21329958  0.21329958  0.18627565  0.19517280  0.20417986  0.21329958  0.24136383  0.24136383  0.19517280  0.17748577  0.18627565  0.21329958  0.17748577  0.17748577  0.11073947  0.11073947  0.12686198  0.12686198  0.00000000  0.04959434  0.02792528  0.03507698  0.03507698  0.02792528  0.21329958  0.22253483  
92_11_0    0.22253483  0.21329958  0.22253483  0.22253483  0.18627565  0.18627565  0.18627565  0.19517280  0.22253483  0.22253483  0.20417986  0.18627565  0.21329958  0.22253483  0.19517280  0.17748577  0.15173459  0.15173459  0.15173459  0.16880060  0.04959434  0.00000000  0.02792528  0.06440663  0.04959434  0.05696287  0.22253483  0.23188855  
92_9_0     0.23188855  0.22253483  0.23188855  0.23188855  0.18627565  0.19517280  0.20417986  0.21329958  0.24136383  0.24136383  0.21329958  0.19517280  0.20417986  0.21329958  0.17748577  0.16021766  0.13505893  0.13505893  0.13505893  0.15173459  0.02792528  0.02792528  0.00000000  0.03507698  0.02084305  0.02792528  0.21329958  0.22253483  
92_7_0     0.25096388  0.24136383  0.23188855  0.23188855  0.18627565  0.19517280  0.21329958  0.21329958  0.22253483  0.22253483  0.19517280  0.19517280  0.20417986  0.23188855  0.17748577  0.18627565  0.12686198  0.12686198  0.12686198  0.14334909  0.03507698  0.06440663  0.03507698  0.00000000  0.02792528  0.02084305  0.20417986  0.21329958  
28_7_0     0.22253483  0.21329958  0.22253483  0.22253483  0.19517280  0.20417986  0.21329958  0.22253483  0.21329958  0.21329958  0.20417986  0.18627565  0.19517280  0.20417986  0.18627565  0.16880060  0.12686198  0.12686198  0.12686198  0.14334909  0.03507698  0.04959434  0.02084305  0.02792528  0.00000000  0.02084305  0.19517280  0.20417986  
28_10_0    0.22253483  0.23188855  0.22253483  0.22253483  0.18627565  0.19517280  0.21329958  0.20417986  0.21329958  0.21329958  0.20417986  0.18627565  0.20417986  0.21329958  0.16021766  0.16021766  0.12686198  0.12686198  0.12686198  0.12686198  0.02792528  0.05696287  0.02792528  0.02084305  0.02084305  0.00000000  0.21329958  0.20417986  
1_1_0      0.23188855  0.21329958  0.21329958  0.21329958  0.18627565  0.19517280  0.21329958  0.21329958  0.20417986  0.20417986  0.19517280  0.21329958  0.18627565  0.18627565  0.20417986  0.20417986  0.17748577  0.17748577  0.18627565  0.19517280  0.21329958  0.22253483  0.21329958  0.20417986  0.19517280  0.21329958  0.00000000  0.04229953  
1_0_0      0.21329958  0.21329958  0.19517280  0.19517280  0.19517280  0.20417986  0.21329958  0.19517280  0.18627565  0.18627565  0.19517280  0.21329958  0.19517280  0.17748577  0.19517280  0.19517280  0.20417986  0.20417986  0.22253483  0.19517280  0.22253483  0.23188855  0.22253483  0.21329958  0.20417986  0.20417986  0.04229953  0.00000000  

