37
99_16_0    0.00000000  0.11734134  0.41628868  0.35937608  0.43124376  0.35937608  0.33251272  0.23403237  0.22261264  0.23403237  0.23403237  0.21137009  0.22261264  0.21137009  0.23403237  0.22261264  0.24563496  0.24563496  0.24563496  0.25742635  0.25742635  0.31944550  0.31944550  0.30660974  0.30660974  0.29399741  0.29399741  0.31944550  0.31944550  0.31944550  0.31944550  0.30660974  0.29399741  0.34581992  0.35937608  0.35937608  0.35937608  
99_18_0    0.11734134  0.00000000  0.28160084  0.25742635  0.31944550  0.25742635  0.23403237  0.21137009  0.17865259  0.20029931  0.21137009  0.14734871  0.17865259  0.16806699  0.17865259  0.18939512  0.21137009  0.21137009  0.21137009  0.18939512  0.18939512  0.22261264  0.22261264  0.21137009  0.21137009  0.20029931  0.20029931  0.20029931  0.20029931  0.21137009  0.21137009  0.23403237  0.22261264  0.25742635  0.26941279  0.26941279  0.29399741  
99_21_0    0.41628868  0.28160084  0.00000000  0.06993548  0.09800527  0.10760882  0.08852735  0.34581992  0.35937608  0.37319068  0.38727378  0.31944550  0.34581992  0.34581992  0.40163602  0.37319068  0.40163602  0.41628868  0.41628868  0.30660974  0.30660974  0.31944550  0.31944550  0.30660974  0.30660974  0.31944550  0.31944550  0.34581992  0.34581992  0.35937608  0.35937608  0.33251272  0.33251272  0.33251272  0.34581992  0.34581992  0.31944550  
99_28_0    0.35937608  0.25742635  0.06993548  0.00000000  0.04291260  0.04291260  0.01686133  0.29399741  0.28160084  0.30660974  0.33251272  0.26941279  0.29399741  0.31944550  0.37319068  0.34581992  0.34581992  0.35937608  0.35937608  0.30660974  0.30660974  0.31944550  0.31944550  0.28160084  0.28160084  0.29399741  0.29399741  0.37319068  0.37319068  0.35937608  0.35937608  0.34581992  0.33251272  0.30660974  0.31944550  0.31944550  0.34581992  
99_22_0    0.43124376  0.31944550  0.09800527  0.04291260  0.00000000  0.08852735  0.06081542  0.33251272  0.34581992  0.37319068  0.37319068  0.33251272  0.35937608  0.38727378  0.38727378  0.37319068  0.35937608  0.37319068  0.37319068  0.29399741  0.29399741  0.29399741  0.29399741  0.25742635  0.25742635  0.31944550  0.31944550  0.34581992  0.34581992  0.35937608  0.35937608  0.31944550  0.30660974  0.29399741  0.30660974  0.30660974  0.35937608  
99_4_0     0.35937608  0.25742635  0.10760882  0.04291260  0.08852735  0.00000000  0.02544144  0.31944550  0.30660974  0.30660974  0.33251272  0.29399741  0.31944550  0.34581992  0.37319068  0.37319068  0.38727378  0.38727378  0.38727378  0.35937608  0.35937608  0.37319068  0.37319068  0.33251272  0.33251272  0.34581992  0.34581992  0.43124376  0.43124376  0.41628868  0.41628868  0.40163602  0.38727378  0.33251272  0.34581992  0.34581992  0.34581992  
99_26_0    0.33251272  0.23403237  0.08852735  0.01686133  0.06081542  0.02544144  0.00000000  0.29399741  0.28160084  0.30660974  0.30660974  0.26941279  0.29399741  0.31944550  0.34581992  0.34581992  0.35937608  0.35937608  0.35937608  0.33251272  0.33251272  0.34581992  0.34581992  0.30660974  0.30660974  0.31944550  0.31944550  0.40163602  0.40163602  0.38727378  0.38727378  0.37319068  0.35937608  0.30660974  0.31944550  0.31944550  0.31944550  
99_31_0    0.23403237  0.21137009  0.34581992  0.29399741  0.33251272  0.31944550  0.29399741  0.00000000  0.05180872  0.08852735  0.11734134  0.07917179  0.07917179  0.10760882  0.22261264  0.23403237  0.21137009  0.21137009  0.21137009  0.25742635  0.25742635  0.29399741  0.29399741  0.30660974  0.30660974  0.29399741  0.29399741  0.26941279  0.26941279  0.33251272  0.33251272  0.23403237  0.22261264  0.24563496  0.28160084  0.28160084  0.33251272  
99_32_0    0.22261264  0.17865259  0.35937608  0.28160084  0.34581992  0.30660974  0.28160084  0.05180872  0.00000000  0.06993548  0.11734134  0.06081542  0.06081542  0.08852735  0.25742635  0.24563496  0.24563496  0.24563496  0.22261264  0.28160084  0.28160084  0.31944550  0.31944550  0.30660974  0.30660974  0.29399741  0.29399741  0.29399741  0.29399741  0.30660974  0.30660974  0.25742635  0.24563496  0.30660974  0.31944550  0.31944550  0.37319068  
99_34_0    0.23403237  0.20029931  0.37319068  0.30660974  0.37319068  0.30660974  0.30660974  0.08852735  0.06993548  0.00000000  0.07917179  0.05180872  0.05180872  0.06993548  0.25742635  0.24563496  0.24563496  0.24563496  0.22261264  0.28160084  0.28160084  0.31944550  0.31944550  0.30660974  0.30660974  0.29399741  0.29399741  0.29399741  0.29399741  0.30660974  0.30660974  0.28160084  0.26941279  0.30660974  0.31944550  0.31944550  0.34581992  
99_35_0    0.23403237  0.21137009  0.38727378  0.33251272  0.37319068  0.33251272  0.30660974  0.11734134  0.11734134  0.07917179  0.00000000  0.08852735  0.08852735  0.07917179  0.24563496  0.28160084  0.25742635  0.25742635  0.23403237  0.29399741  0.29399741  0.33251272  0.33251272  0.33251272  0.33251272  0.30660974  0.30660974  0.28160084  0.28160084  0.31944550  0.31944550  0.26941279  0.25742635  0.30660974  0.29399741  0.29399741  0.29399741  
99_11_0    0.21137009  0.14734871  0.31944550  0.26941279  0.33251272  0.29399741  0.26941279  0.07917179  0.06081542  0.05180872  0.08852735  0.00000000  0.03412436  0.06081542  0.24563496  0.23403237  0.23403237  0.23403237  0.21137009  0.28160084  0.28160084  0.29399741  0.29399741  0.28160084  0.28160084  0.26941279  0.26941279  0.29399741  0.29399741  0.30660974  0.30660974  0.25742635  0.24563496  0.28160084  0.29399741  0.29399741  0.31944550  
99_36_0    0.22261264  0.17865259  0.34581992  0.29399741  0.35937608  0.31944550  0.29399741  0.07917179  0.06081542  0.05180872  0.08852735  0.03412436  0.00000000  0.06081542  0.25742635  0.24563496  0.24563496  0.24563496  0.22261264  0.28160084  0.28160084  0.31944550  0.31944550  0.30660974  0.30660974  0.29399741  0.29399741  0.29399741  0.29399741  0.30660974  0.30660974  0.25742635  0.24563496  0.29399741  0.30660974  0.30660974  0.33251272  
99_33_0    0.21137009  0.16806699  0.34581992  0.31944550  0.38727378  0.34581992  0.31944550  0.10760882  0.08852735  0.06993548  0.07917179  0.06081542  0.06081542  0.00000000  0.20029931  0.21137009  0.21137009  0.21137009  0.18939512  0.29399741  0.29399741  0.33251272  0.33251272  0.31944550  0.31944550  0.28160084  0.28160084  0.25742635  0.25742635  0.25742635  0.25742635  0.26941279  0.25742635  0.30660974  0.31944550  0.31944550  0.29399741  
43_42_0    0.23403237  0.17865259  0.40163602  0.37319068  0.38727378  0.37319068  0.34581992  0.22261264  0.25742635  0.25742635  0.24563496  0.24563496  0.25742635  0.20029931  0.00000000  0.04291260  0.02544144  0.02544144  0.02544144  0.24563496  0.24563496  0.24563496  0.24563496  0.28160084  0.28160084  0.23403237  0.23403237  0.20029931  0.20029931  0.24563496  0.24563496  0.23403237  0.22261264  0.22261264  0.23403237  0.23403237  0.23403237  
21_40_0    0.22261264  0.18939512  0.37319068  0.34581992  0.37319068  0.37319068  0.34581992  0.23403237  0.24563496  0.24563496  0.28160084  0.23403237  0.24563496  0.21137009  0.04291260  0.00000000  0.05180872  0.05180872  0.05180872  0.24563496  0.24563496  0.25742635  0.25742635  0.26941279  0.26941279  0.24563496  0.24563496  0.23403237  0.23403237  0.25742635  0.25742635  0.24563496  0.23403237  0.23403237  0.26941279  0.26941279  0.24563496  
21_41_0    0.24563496  0.21137009  0.40163602  0.34581992  0.35937608  0.38727378  0.35937608  0.21137009  0.24563496  0.24563496  0.25742635  0.23403237  0.24563496  0.21137009  0.02544144  0.05180872  0.00000000  0.01686133  0.01686133  0.22261264  0.22261264  0.22261264  0.22261264  0.25742635  0.25742635  0.21137009  0.21137009  0.20029931  0.20029931  0.24563496  0.24563496  0.21137009  0.20029931  0.21137009  0.23403237  0.23403237  0.24563496  
43_43_0    0.24563496  0.21137009  0.41628868  0.35937608  0.37319068  0.38727378  0.35937608  0.21137009  0.24563496  0.24563496  0.25742635  0.23403237  0.24563496  0.21137009  0.02544144  0.05180872  0.01686133  0.00000000  0.01686133  0.23403237  0.23403237  0.23403237  0.23403237  0.26941279  0.26941279  0.22261264  0.22261264  0.21137009  0.21137009  0.25742635  0.25742635  0.22261264  0.21137009  0.21137009  0.24563496  0.24563496  0.24563496  
43_41_0    0.24563496  0.21137009  0.41628868  0.35937608  0.37319068  0.38727378  0.35937608  0.21137009  0.22261264  0.22261264  0.23403237  0.21137009  0.22261264  0.18939512  0.02544144  0.05180872  0.01686133  0.01686133  0.00000000  0.23403237  0.23403237  0.23403237  0.23403237  0.26941279  0.26941279  0.22261264  0.22261264  0.21137009  0.21137009  0.25742635  0.25742635  0.22261264  0.21137009  0.21137009  0.22261264  0.22261264  0.24563496  
26_49_0    0.25742635  0.18939512  0.30660974  0.30660974  0.29399741  0.35937608  0.33251272  0.25742635  0.28160084  0.28160084  0.29399741  0.28160084  0.28160084  0.29399741  0.24563496  0.24563496  0.22261264  0.23403237  0.23403237  0.00000000  0.00000000  0.05180872  0.05180872  0.06081542  0.06081542  0.10760882  0.10760882  0.08852735  0.08852735  0.13720756  0.13720756  0.11734134  0.10760882  0.23403237  0.24563496  0.24563496  0.30660974  
98_49_0    0.25742635  0.18939512  0.30660974  0.30660974  0.29399741  0.35937608  0.33251272  0.25742635  0.28160084  0.28160084  0.29399741  0.28160084  0.28160084  0.29399741  0.24563496  0.24563496  0.22261264  0.23403237  0.23403237  0.00000000  0.00000000  0.05180872  0.05180872  0.06081542  0.06081542  0.10760882  0.10760882  0.08852735  0.08852735  0.13720756  0.13720756  0.11734134  0.10760882  0.23403237  0.24563496  0.24563496  0.30660974  
98_47_0    0.31944550  0.22261264  0.31944550  0.31944550  0.29399741  0.37319068  0.34581992  0.29399741  0.31944550  0.31944550  0.33251272  0.29399741  0.31944550  0.33251272  0.24563496  0.25742635  0.22261264  0.23403237  0.23403237  0.05180872  0.05180872  0.00000000  0.00000000  0.04291260  0.04291260  0.07917179  0.07917179  0.09800527  0.09800527  0.12720637  0.12720637  0.12720637  0.11734134  0.25742635  0.26941279  0.26941279  0.30660974  
26_47_0    0.31944550  0.22261264  0.31944550  0.31944550  0.29399741  0.37319068  0.34581992  0.29399741  0.31944550  0.31944550  0.33251272  0.29399741  0.31944550  0.33251272  0.24563496  0.25742635  0.22261264  0.23403237  0.23403237  0.05180872  0.05180872  0.00000000  0.00000000  0.04291260  0.04291260  0.07917179  0.07917179  0.09800527  0.09800527  0.12720637  0.12720637  0.12720637  0.11734134  0.25742635  0.26941279  0.26941279  0.30660974  
26_50_0    0.30660974  0.21137009  0.30660974  0.28160084  0.25742635  0.33251272  0.30660974  0.30660974  0.30660974  0.30660974  0.33251272  0.28160084  0.30660974  0.31944550  0.28160084  0.26941279  0.25742635  0.26941279  0.26941279  0.06081542  0.06081542  0.04291260  0.04291260  0.00000000  0.00000000  0.10760882  0.10760882  0.12720637  0.12720637  0.13720756  0.13720756  0.15763381  0.14734871  0.26941279  0.28160084  0.28160084  0.31944550  
98_50_0    0.30660974  0.21137009  0.30660974  0.28160084  0.25742635  0.33251272  0.30660974  0.30660974  0.30660974  0.30660974  0.33251272  0.28160084  0.30660974  0.31944550  0.28160084  0.26941279  0.25742635  0.26941279  0.26941279  0.06081542  0.06081542  0.04291260  0.04291260  0.00000000  0.00000000  0.10760882  0.10760882  0.12720637  0.12720637  0.13720756  0.13720756  0.15763381  0.14734871  0.26941279  0.28160084  0.28160084  0.31944550  
100_2_0    0.29399741  0.20029931  0.31944550  0.29399741  0.31944550  0.34581992  0.31944550  0.29399741  0.29399741  0.29399741  0.30660974  0.26941279  0.29399741  0.28160084  0.23403237  0.24563496  0.21137009  0.22261264  0.22261264  0.10760882  0.10760882  0.07917179  0.07917179  0.10760882  0.10760882  0.00000000  0.00000000  0.05180872  0.05180872  0.06081542  0.06081542  0.07917179  0.06993548  0.30660974  0.31944550  0.31944550  0.29399741  
51_2_0     0.29399741  0.20029931  0.31944550  0.29399741  0.31944550  0.34581992  0.31944550  0.29399741  0.29399741  0.29399741  0.30660974  0.26941279  0.29399741  0.28160084  0.23403237  0.24563496  0.21137009  0.22261264  0.22261264  0.10760882  0.10760882  0.07917179  0.07917179  0.10760882  0.10760882  0.00000000  0.00000000  0.05180872  0.05180872  0.06081542  0.06081542  0.07917179  0.06993548  0.30660974  0.31944550  0.31944550  0.29399741  
85_2_0     0.31944550  0.20029931  0.34581992  0.37319068  0.34581992  0.43124376  0.40163602  0.26941279  0.29399741  0.29399741  0.28160084  0.29399741  0.29399741  0.25742635  0.20029931  0.23403237  0.20029931  0.21137009  0.21137009  0.08852735  0.08852735  0.09800527  0.09800527  0.12720637  0.12720637  0.05180872  0.05180872  0.00000000  0.00000000  0.04291260  0.04291260  0.04291260  0.03412436  0.26941279  0.28160084  0.28160084  0.30660974  
73_2_0     0.31944550  0.20029931  0.34581992  0.37319068  0.34581992  0.43124376  0.40163602  0.26941279  0.29399741  0.29399741  0.28160084  0.29399741  0.29399741  0.25742635  0.20029931  0.23403237  0.20029931  0.21137009  0.21137009  0.08852735  0.08852735  0.09800527  0.09800527  0.12720637  0.12720637  0.05180872  0.05180872  0.00000000  0.00000000  0.04291260  0.04291260  0.04291260  0.03412436  0.26941279  0.28160084  0.28160084  0.30660974  
73_46_0    0.31944550  0.21137009  0.35937608  0.35937608  0.35937608  0.41628868  0.38727378  0.33251272  0.30660974  0.30660974  0.31944550  0.30660974  0.30660974  0.25742635  0.24563496  0.25742635  0.24563496  0.25742635  0.25742635  0.13720756  0.13720756  0.12720637  0.12720637  0.13720756  0.13720756  0.06081542  0.06081542  0.04291260  0.04291260  0.00000000  0.00000000  0.08852735  0.07917179  0.30660974  0.31944550  0.31944550  0.31944550  
85_46_0    0.31944550  0.21137009  0.35937608  0.35937608  0.35937608  0.41628868  0.38727378  0.33251272  0.30660974  0.30660974  0.31944550  0.30660974  0.30660974  0.25742635  0.24563496  0.25742635  0.24563496  0.25742635  0.25742635  0.13720756  0.13720756  0.12720637  0.12720637  0.13720756  0.13720756  0.06081542  0.06081542  0.04291260  0.04291260  0.00000000  0.00000000  0.08852735  0.07917179  0.30660974  0.31944550  0.31944550  0.31944550  
73_44_0    0.30660974  0.23403237  0.33251272  0.34581992  0.31944550  0.40163602  0.37319068  0.23403237  0.25742635  0.28160084  0.26941279  0.25742635  0.25742635  0.26941279  0.23403237  0.24563496  0.21137009  0.22261264  0.22261264  0.11734134  0.11734134  0.12720637  0.12720637  0.15763381  0.15763381  0.07917179  0.07917179  0.04291260  0.04291260  0.08852735  0.08852735  0.00000000  0.00838162  0.28160084  0.29399741  0.29399741  0.31944550  
85_44_0    0.29399741  0.22261264  0.33251272  0.33251272  0.30660974  0.38727378  0.35937608  0.22261264  0.24563496  0.26941279  0.25742635  0.24563496  0.24563496  0.25742635  0.22261264  0.23403237  0.20029931  0.21137009  0.21137009  0.10760882  0.10760882  0.11734134  0.11734134  0.14734871  0.14734871  0.06993548  0.06993548  0.03412436  0.03412436  0.07917179  0.07917179  0.00838162  0.00000000  0.26941279  0.28160084  0.28160084  0.30660974  
58_58_0    0.34581992  0.25742635  0.33251272  0.30660974  0.29399741  0.33251272  0.30660974  0.24563496  0.30660974  0.30660974  0.30660974  0.28160084  0.29399741  0.30660974  0.22261264  0.23403237  0.21137009  0.21137009  0.21137009  0.23403237  0.23403237  0.25742635  0.25742635  0.26941279  0.26941279  0.30660974  0.30660974  0.26941279  0.26941279  0.30660974  0.30660974  0.28160084  0.26941279  0.00000000  0.02544144  0.02544144  0.09800527  
94_56_0    0.35937608  0.26941279  0.34581992  0.31944550  0.30660974  0.34581992  0.31944550  0.28160084  0.31944550  0.31944550  0.29399741  0.29399741  0.30660974  0.31944550  0.23403237  0.26941279  0.23403237  0.24563496  0.22261264  0.24563496  0.24563496  0.26941279  0.26941279  0.28160084  0.28160084  0.31944550  0.31944550  0.28160084  0.28160084  0.31944550  0.31944550  0.29399741  0.28160084  0.02544144  0.00000000  0.00000000  0.10760882  
94_52_0    0.35937608  0.26941279  0.34581992  0.31944550  0.30660974  0.34581992  0.31944550  0.28160084  0.31944550  0.31944550  0.29399741  0.29399741  0.30660974  0.31944550  0.23403237  0.26941279  0.23403237  0.24563496  0.22261264  0.24563496  0.24563496  0.26941279  0.26941279  0.28160084  0.28160084  0.31944550  0.31944550  0.28160084  0.28160084  0.31944550  0.31944550  0.29399741  0.28160084  0.02544144  0.00000000  0.00000000  0.10760882  
58_55_0    0.35937608  0.29399741  0.31944550  0.34581992  0.35937608  0.34581992  0.31944550  0.33251272  0.37319068  0.34581992  0.29399741  0.31944550  0.33251272  0.29399741  0.23403237  0.24563496  0.24563496  0.24563496  0.24563496  0.30660974  0.30660974  0.30660974  0.30660974  0.31944550  0.31944550  0.29399741  0.29399741  0.30660974  0.30660974  0.31944550  0.31944550  0.31944550  0.30660974  0.09800527  0.10760882  0.10760882  0.00000000  

