40
2_0_0      0.00000000  0.16251284  0.15798584  0.48061387  0.49467384  0.46681474  0.53852227  0.48761064  0.50180475  0.49467384  0.47368231  0.50180475  0.49467384  0.49467384  0.55373226  0.58511831  0.51627500  0.54608839  0.54608839  0.51627500  0.48761064  0.49467384  0.49467384  0.44658446  0.48761064  0.49467384  0.48061387  0.48761064  0.47368231  0.43996148  0.50180475  0.50900469  0.45326694  0.47368231  0.48761064  0.44658446  0.45326694  0.43996148  0.43996148  0.42688985  
3_0_0      0.16251284  0.00000000  0.03359402  0.49467384  0.49467384  0.45326694  0.53852227  0.48761064  0.47368231  0.45326694  0.42043918  0.43339696  0.43996148  0.46001000  0.53103234  0.57714678  0.54608839  0.55373226  0.55373226  0.55373226  0.50900469  0.52361708  0.53852227  0.41404397  0.39518175  0.42688985  0.41404397  0.42043918  0.40770327  0.46681474  0.50900469  0.51627500  0.46681474  0.46681474  0.48061387  0.43996148  0.46001000  0.46681474  0.46681474  0.46681474  
1_0_0      0.15798584  0.03359402  0.00000000  0.49467384  0.49467384  0.46681474  0.55373226  0.48761064  0.48761064  0.47368231  0.43996148  0.44658446  0.45326694  0.48061387  0.53852227  0.56925976  0.53852227  0.55373226  0.55373226  0.55373226  0.50900469  0.52361708  0.55373226  0.43339696  0.41404397  0.46001000  0.42043918  0.42688985  0.41404397  0.46001000  0.51627500  0.52361708  0.47368231  0.48761064  0.50180475  0.46001000  0.48061387  0.48761064  0.48761064  0.48761064  
64_1_0     0.48061387  0.49467384  0.49467384  0.00000000  0.01474370  0.15798584  0.15798584  0.10992658  0.11416953  0.29648668  0.29106952  0.33555332  0.35294539  0.31855864  0.38899916  0.39518175  0.37678604  0.46001000  0.46001000  0.48761064  0.47368231  0.45326694  0.46001000  0.37075386  0.37678604  0.37075386  0.41404397  0.40770327  0.38286753  0.31855864  0.42688985  0.42043918  0.32418050  0.32418050  0.32418050  0.31855864  0.31297894  0.31297894  0.31297894  0.31297894  
96_1_0     0.49467384  0.49467384  0.49467384  0.01474370  0.00000000  0.16706756  0.16706756  0.11843683  0.12272874  0.28569154  0.28035215  0.31297894  0.32984518  0.30744079  0.37678604  0.39518175  0.36477020  0.47368231  0.47368231  0.50180475  0.50180475  0.46681474  0.47368231  0.34710273  0.36477020  0.37075386  0.41404397  0.40770327  0.38286753  0.30744079  0.43996148  0.43339696  0.33555332  0.32418050  0.32418050  0.31855864  0.31297894  0.31297894  0.31297894  0.31297894  
53_1_0     0.46681474  0.45326694  0.46681474  0.15798584  0.16706756  0.00000000  0.14014842  0.13575511  0.13138759  0.30744079  0.30194357  0.34130561  0.35294539  0.34710273  0.37678604  0.41404397  0.42043918  0.50900469  0.50900469  0.50900469  0.48061387  0.45326694  0.51627500  0.39518175  0.40141616  0.39518175  0.40141616  0.42043918  0.42043918  0.34130561  0.41404397  0.40770327  0.33555332  0.33555332  0.33555332  0.33555332  0.31855864  0.35294539  0.34130561  0.34130561  
74_1_0     0.53852227  0.53852227  0.55373226  0.15798584  0.16706756  0.14014842  0.00000000  0.10151260  0.10570769  0.30194357  0.30194357  0.35294539  0.35883430  0.34710273  0.35883430  0.37075386  0.43339696  0.50180475  0.50180475  0.53103234  0.52361708  0.50900469  0.49467384  0.35883430  0.35294539  0.35883430  0.37678604  0.38286753  0.38286753  0.30744079  0.41404397  0.40770327  0.32418050  0.32418050  0.32418050  0.32418050  0.31297894  0.33555332  0.33555332  0.32418050  
27_1_0     0.48761064  0.48761064  0.48761064  0.10992658  0.11843683  0.13575511  0.10151260  0.00000000  0.01103029  0.29648668  0.29106952  0.31297894  0.30744079  0.31297894  0.37678604  0.40770327  0.37075386  0.51627500  0.51627500  0.54608839  0.49467384  0.45326694  0.48061387  0.30744079  0.30194357  0.32418050  0.33555332  0.32984518  0.31855864  0.26978701  0.40141616  0.39518175  0.28035215  0.29648668  0.29648668  0.29648668  0.27505082  0.28035215  0.28035215  0.28035215  
88_1_0     0.50180475  0.47368231  0.48761064  0.11416953  0.12272874  0.13138759  0.10570769  0.01103029  0.00000000  0.31297894  0.29648668  0.31855864  0.32418050  0.32418050  0.37678604  0.42043918  0.38286753  0.53103234  0.53103234  0.56145549  0.50900469  0.46681474  0.49467384  0.31855864  0.31297894  0.32418050  0.34710273  0.34130561  0.32984518  0.28569154  0.38899916  0.38286753  0.29106952  0.30744079  0.30744079  0.30744079  0.28569154  0.29106952  0.29106952  0.29106952  
35_2_0     0.49467384  0.45326694  0.47368231  0.29648668  0.28569154  0.30744079  0.30194357  0.29648668  0.31297894  0.00000000  0.03359402  0.21421777  0.20936596  0.20454559  0.37075386  0.33555332  0.38899916  0.41404397  0.41404397  0.42688985  0.41404397  0.42688985  0.42688985  0.32418050  0.34130561  0.35883430  0.37678604  0.37075386  0.37075386  0.34710273  0.37678604  0.37075386  0.29648668  0.28035215  0.28035215  0.29106952  0.26978701  0.25936983  0.24909652  0.23394779  
63_2_0     0.47368231  0.42043918  0.43996148  0.29106952  0.28035215  0.30194357  0.30194357  0.29106952  0.29648668  0.03359402  0.00000000  0.19975626  0.18557056  0.19026913  0.37075386  0.33555332  0.38286753  0.41404397  0.41404397  0.42688985  0.42043918  0.41404397  0.42688985  0.33555332  0.34130561  0.35883430  0.38899916  0.38286753  0.38286753  0.34130561  0.35294539  0.34710273  0.26456018  0.25936983  0.25936983  0.26978701  0.25936983  0.23896317  0.22896601  0.22401737  
35_0_0     0.50180475  0.43339696  0.44658446  0.33555332  0.31297894  0.34130561  0.35294539  0.31297894  0.31855864  0.21421777  0.19975626  0.00000000  0.02978555  0.21421777  0.45326694  0.44658446  0.42688985  0.43996148  0.43996148  0.43996148  0.42043918  0.39518175  0.42688985  0.33555332  0.31297894  0.33555332  0.34130561  0.34130561  0.35883430  0.35294539  0.35883430  0.36477020  0.35883430  0.30744079  0.30744079  0.30744079  0.33555332  0.31297894  0.30194357  0.31855864  
63_0_0     0.49467384  0.43996148  0.45326694  0.35294539  0.32984518  0.35294539  0.35883430  0.30744079  0.32418050  0.20936596  0.18557056  0.02978555  0.00000000  0.20936596  0.44658446  0.43996148  0.42688985  0.43996148  0.43996148  0.43996148  0.42043918  0.38899916  0.42688985  0.34130561  0.31855864  0.34710273  0.35294539  0.34710273  0.36477020  0.35294539  0.35883430  0.36477020  0.34710273  0.29648668  0.29648668  0.29648668  0.32418050  0.29648668  0.28569154  0.30194357  
8_0_0      0.49467384  0.46001000  0.48061387  0.31855864  0.30744079  0.34710273  0.34710273  0.31297894  0.32418050  0.20454559  0.19026913  0.21421777  0.20936596  0.00000000  0.41404397  0.42043918  0.40770327  0.42688985  0.42688985  0.43996148  0.40141616  0.38899916  0.40141616  0.35883430  0.32418050  0.35883430  0.34710273  0.35294539  0.37678604  0.31297894  0.38899916  0.38286753  0.30194357  0.25936983  0.26978701  0.28035215  0.27505082  0.25421544  0.25421544  0.25936983  
91_4_0     0.55373226  0.53103234  0.53852227  0.38899916  0.37678604  0.37678604  0.35883430  0.37678604  0.37678604  0.37075386  0.37075386  0.45326694  0.44658446  0.41404397  0.00000000  0.05686367  0.20454559  0.44658446  0.44658446  0.45326694  0.42688985  0.43339696  0.43996148  0.29648668  0.29648668  0.36477020  0.33555332  0.32984518  0.32418050  0.35294539  0.41404397  0.40770327  0.36477020  0.38286753  0.38286753  0.35294539  0.35883430  0.35294539  0.35294539  0.35883430  
52_4_0     0.58511831  0.57714678  0.56925976  0.39518175  0.39518175  0.41404397  0.37075386  0.40770327  0.42043918  0.33555332  0.33555332  0.44658446  0.43996148  0.42043918  0.05686367  0.00000000  0.20936596  0.43339696  0.43339696  0.42688985  0.42688985  0.43996148  0.42688985  0.31297894  0.30194357  0.36477020  0.34130561  0.34710273  0.34130561  0.34710273  0.40770327  0.40141616  0.35883430  0.35883430  0.35883430  0.32984518  0.34710273  0.35294539  0.34130561  0.33555332  
90_4_0     0.51627500  0.54608839  0.53852227  0.37678604  0.36477020  0.42043918  0.43339696  0.37075386  0.38286753  0.38899916  0.38286753  0.42688985  0.42688985  0.40770327  0.20454559  0.20936596  0.00000000  0.38899916  0.38899916  0.37678604  0.42043918  0.38899916  0.38899916  0.29106952  0.28569154  0.33555332  0.31297894  0.31855864  0.31297894  0.32984518  0.43339696  0.42688985  0.33555332  0.32418050  0.32418050  0.30744079  0.31855864  0.30194357  0.29106952  0.29648668  
69_5_0     0.54608839  0.55373226  0.55373226  0.46001000  0.47368231  0.50900469  0.50180475  0.51627500  0.53103234  0.41404397  0.41404397  0.43996148  0.43996148  0.42688985  0.44658446  0.43339696  0.38899916  0.00000000  0.00000000  0.04126997  0.10992658  0.11416953  0.08906743  0.36477020  0.34710273  0.35883430  0.33555332  0.32984518  0.34130561  0.46001000  0.44658446  0.43996148  0.35883430  0.36477020  0.36477020  0.34710273  0.35883430  0.33555332  0.33555332  0.32984518  
71_5_0     0.54608839  0.55373226  0.55373226  0.46001000  0.47368231  0.50900469  0.50180475  0.51627500  0.53103234  0.41404397  0.41404397  0.43996148  0.43996148  0.42688985  0.44658446  0.43339696  0.38899916  0.00000000  0.00000000  0.04126997  0.10992658  0.11416953  0.08906743  0.36477020  0.34710273  0.35883430  0.33555332  0.32984518  0.34130561  0.46001000  0.44658446  0.43996148  0.35883430  0.36477020  0.36477020  0.34710273  0.35883430  0.33555332  0.33555332  0.32984518  
50_5_0     0.51627500  0.55373226  0.55373226  0.48761064  0.50180475  0.50900469  0.53103234  0.54608839  0.56145549  0.42688985  0.42688985  0.43996148  0.43996148  0.43996148  0.45326694  0.42688985  0.37678604  0.04126997  0.04126997  0.00000000  0.11416953  0.12272874  0.09319273  0.37678604  0.37075386  0.39518175  0.34710273  0.35294539  0.36477020  0.42688985  0.43996148  0.43339696  0.39518175  0.37678604  0.37678604  0.35883430  0.37075386  0.37075386  0.35883430  0.35294539  
4_5_0      0.48761064  0.50900469  0.50900469  0.47368231  0.50180475  0.48061387  0.52361708  0.49467384  0.50900469  0.41404397  0.42043918  0.42043918  0.42043918  0.40141616  0.42688985  0.42688985  0.42043918  0.10992658  0.10992658  0.11416953  0.00000000  0.10570769  0.10151260  0.35883430  0.37075386  0.39518175  0.32984518  0.34710273  0.37075386  0.47368231  0.41404397  0.40770327  0.38899916  0.41404397  0.41404397  0.42043918  0.38286753  0.38899916  0.37678604  0.38286753  
48_5_0     0.49467384  0.52361708  0.52361708  0.45326694  0.46681474  0.45326694  0.50900469  0.45326694  0.46681474  0.42688985  0.41404397  0.39518175  0.38899916  0.38899916  0.43339696  0.43996148  0.38899916  0.11416953  0.11416953  0.12272874  0.10570769  0.00000000  0.10151260  0.32984518  0.31855864  0.35883430  0.29648668  0.30194357  0.33555332  0.44658446  0.38286753  0.38899916  0.34710273  0.35883430  0.35883430  0.35294539  0.34130561  0.33555332  0.32418050  0.32984518  
36_5_0     0.49467384  0.53852227  0.55373226  0.46001000  0.47368231  0.51627500  0.49467384  0.48061387  0.49467384  0.42688985  0.42688985  0.42688985  0.42688985  0.40141616  0.43996148  0.42688985  0.38899916  0.08906743  0.08906743  0.09319273  0.10151260  0.10151260  0.00000000  0.32418050  0.32984518  0.35294539  0.31855864  0.32418050  0.34710273  0.42688985  0.46681474  0.46001000  0.40141616  0.39518175  0.39518175  0.38899916  0.35883430  0.38899916  0.38899916  0.37075386  
48_4_0     0.44658446  0.41404397  0.43339696  0.37075386  0.34710273  0.39518175  0.35883430  0.30744079  0.31855864  0.32418050  0.33555332  0.33555332  0.34130561  0.35883430  0.29648668  0.31297894  0.29106952  0.36477020  0.36477020  0.37678604  0.35883430  0.32984518  0.32418050  0.00000000  0.05293449  0.10992658  0.08906743  0.08496488  0.10151260  0.24401259  0.36477020  0.37075386  0.23394779  0.23896317  0.23896317  0.23896317  0.21910143  0.22896601  0.23896317  0.22401737  
36_4_0     0.48761064  0.39518175  0.41404397  0.37678604  0.36477020  0.40141616  0.35294539  0.30194357  0.31297894  0.34130561  0.34130561  0.31297894  0.31855864  0.32418050  0.29648668  0.30194357  0.28569154  0.34710273  0.34710273  0.37075386  0.37075386  0.31855864  0.32984518  0.05293449  0.00000000  0.07682706  0.05686367  0.04513786  0.06081372  0.24401259  0.35294539  0.35883430  0.23896317  0.22896601  0.22896601  0.22896601  0.23394779  0.20454559  0.21421777  0.21910143  
4_4_0      0.49467384  0.42688985  0.46001000  0.37075386  0.37075386  0.39518175  0.35883430  0.32418050  0.32418050  0.35883430  0.35883430  0.33555332  0.34710273  0.35883430  0.36477020  0.36477020  0.33555332  0.35883430  0.35883430  0.39518175  0.39518175  0.35883430  0.35294539  0.10992658  0.07682706  0.00000000  0.11843683  0.10570769  0.12704557  0.29106952  0.38899916  0.39518175  0.25936983  0.25421544  0.25421544  0.25936983  0.24909652  0.24909652  0.25936983  0.24909652  
69_4_0     0.48061387  0.41404397  0.42043918  0.41404397  0.41404397  0.40141616  0.37678604  0.33555332  0.34710273  0.37678604  0.38899916  0.34130561  0.35294539  0.34710273  0.33555332  0.34130561  0.31297894  0.33555332  0.33555332  0.34710273  0.32984518  0.29648668  0.31855864  0.08906743  0.05686367  0.11843683  0.00000000  0.01103029  0.04126997  0.27505082  0.35883430  0.36477020  0.26456018  0.26456018  0.26456018  0.26456018  0.25936983  0.25936983  0.25936983  0.25421544  
71_4_0     0.48761064  0.42043918  0.42688985  0.40770327  0.40770327  0.42043918  0.38286753  0.32984518  0.34130561  0.37075386  0.38286753  0.34130561  0.34710273  0.35294539  0.32984518  0.34710273  0.31855864  0.32984518  0.32984518  0.35294539  0.34710273  0.30194357  0.32418050  0.08496488  0.04513786  0.10570769  0.01103029  0.00000000  0.02978555  0.29106952  0.37678604  0.38286753  0.25936983  0.26978701  0.26978701  0.26978701  0.26456018  0.24401259  0.25421544  0.24909652  
50_4_0     0.47368231  0.40770327  0.41404397  0.38286753  0.38286753  0.42043918  0.38286753  0.31855864  0.32984518  0.37075386  0.38286753  0.35883430  0.36477020  0.37678604  0.32418050  0.34130561  0.31297894  0.34130561  0.34130561  0.36477020  0.37075386  0.33555332  0.34710273  0.10151260  0.06081372  0.12704557  0.04126997  0.02978555  0.00000000  0.26978701  0.37678604  0.38286753  0.25936983  0.27505082  0.27505082  0.26456018  0.26978701  0.24401259  0.25421544  0.24909652  
89_0_0     0.43996148  0.46681474  0.46001000  0.31855864  0.30744079  0.34130561  0.30744079  0.26978701  0.28569154  0.34710273  0.34130561  0.35294539  0.35294539  0.31297894  0.35294539  0.34710273  0.32984518  0.46001000  0.46001000  0.42688985  0.47368231  0.44658446  0.42688985  0.24401259  0.24401259  0.29106952  0.27505082  0.29106952  0.26978701  0.00000000  0.27505082  0.26978701  0.23394779  0.19975626  0.19975626  0.18090148  0.19499757  0.19975626  0.19975626  0.19499757  
98_0_0     0.50180475  0.50900469  0.51627500  0.42688985  0.43996148  0.41404397  0.41404397  0.40141616  0.38899916  0.37678604  0.35294539  0.35883430  0.35883430  0.38899916  0.41404397  0.40770327  0.43339696  0.44658446  0.44658446  0.43996148  0.41404397  0.38286753  0.46681474  0.36477020  0.35294539  0.38899916  0.35883430  0.37678604  0.37678604  0.27505082  0.00000000  0.00365862  0.22896601  0.23394779  0.23394779  0.24401259  0.24401259  0.19975626  0.19026913  0.21421777  
42_0_0     0.50900469  0.51627500  0.52361708  0.42043918  0.43339696  0.40770327  0.40770327  0.39518175  0.38286753  0.37075386  0.34710273  0.36477020  0.36477020  0.38286753  0.40770327  0.40141616  0.42688985  0.43996148  0.43996148  0.43339696  0.40770327  0.38899916  0.46001000  0.37075386  0.35883430  0.39518175  0.36477020  0.38286753  0.38286753  0.26978701  0.00365862  0.00000000  0.23394779  0.22896601  0.22896601  0.23896317  0.23896317  0.19499757  0.18557056  0.20936596  
61_0_0     0.45326694  0.46681474  0.47368231  0.32418050  0.33555332  0.33555332  0.32418050  0.28035215  0.29106952  0.29648668  0.26456018  0.35883430  0.34710273  0.30194357  0.36477020  0.35883430  0.33555332  0.35883430  0.35883430  0.39518175  0.38899916  0.34710273  0.40141616  0.23394779  0.23896317  0.25936983  0.26456018  0.25936983  0.25936983  0.23394779  0.22896601  0.23394779  0.00000000  0.10992658  0.10992658  0.11843683  0.11416953  0.09734103  0.10570769  0.09319273  
75_0_0     0.47368231  0.46681474  0.48761064  0.32418050  0.32418050  0.33555332  0.32418050  0.29648668  0.30744079  0.28035215  0.25936983  0.30744079  0.29648668  0.25936983  0.38286753  0.35883430  0.32418050  0.36477020  0.36477020  0.37678604  0.41404397  0.35883430  0.39518175  0.23896317  0.22896601  0.25421544  0.26456018  0.26978701  0.27505082  0.19975626  0.23394779  0.22896601  0.10992658  0.00000000  0.00733532  0.02978555  0.04126997  0.07682706  0.07682706  0.07279129  
21_0_0     0.48761064  0.48061387  0.50180475  0.32418050  0.32418050  0.33555332  0.32418050  0.29648668  0.30744079  0.28035215  0.25936983  0.30744079  0.29648668  0.26978701  0.38286753  0.35883430  0.32418050  0.36477020  0.36477020  0.37678604  0.41404397  0.35883430  0.39518175  0.23896317  0.22896601  0.25421544  0.26456018  0.26978701  0.27505082  0.19975626  0.23394779  0.22896601  0.10992658  0.00733532  0.00000000  0.02978555  0.04126997  0.07682706  0.07682706  0.07279129  
54_0_0     0.44658446  0.43996148  0.46001000  0.31855864  0.31855864  0.33555332  0.32418050  0.29648668  0.30744079  0.29106952  0.26978701  0.30744079  0.29648668  0.28035215  0.35294539  0.32984518  0.30744079  0.34710273  0.34710273  0.35883430  0.42043918  0.35294539  0.38899916  0.23896317  0.22896601  0.25936983  0.26456018  0.26978701  0.26456018  0.18090148  0.24401259  0.23896317  0.11843683  0.02978555  0.02978555  0.00000000  0.04902596  0.08496488  0.08496488  0.08088484  
41_0_0     0.45326694  0.46001000  0.48061387  0.31297894  0.31297894  0.31855864  0.31297894  0.27505082  0.28569154  0.26978701  0.25936983  0.33555332  0.32418050  0.27505082  0.35883430  0.34710273  0.31855864  0.35883430  0.35883430  0.37075386  0.38286753  0.34130561  0.35883430  0.21910143  0.23394779  0.24909652  0.25936983  0.26456018  0.26978701  0.19499757  0.24401259  0.23896317  0.11416953  0.04126997  0.04126997  0.04902596  0.00000000  0.08906743  0.08906743  0.07279129  
85_3_0     0.43996148  0.46681474  0.48761064  0.31297894  0.31297894  0.35294539  0.33555332  0.28035215  0.29106952  0.25936983  0.23896317  0.31297894  0.29648668  0.25421544  0.35294539  0.35294539  0.30194357  0.33555332  0.33555332  0.37075386  0.38899916  0.33555332  0.38899916  0.22896601  0.20454559  0.24909652  0.25936983  0.24401259  0.24401259  0.19975626  0.19975626  0.19499757  0.09734103  0.07682706  0.07682706  0.08496488  0.08906743  0.00000000  0.00733532  0.01847574  
85_0_0     0.43996148  0.46681474  0.48761064  0.31297894  0.31297894  0.34130561  0.33555332  0.28035215  0.29106952  0.24909652  0.22896601  0.30194357  0.28569154  0.25421544  0.35294539  0.34130561  0.29106952  0.33555332  0.33555332  0.35883430  0.37678604  0.32418050  0.38899916  0.23896317  0.21421777  0.25936983  0.25936983  0.25421544  0.25421544  0.19975626  0.19026913  0.18557056  0.10570769  0.07682706  0.07682706  0.08496488  0.08906743  0.00733532  0.00000000  0.01847574  
38_0_0     0.42688985  0.46681474  0.48761064  0.31297894  0.31297894  0.34130561  0.32418050  0.28035215  0.29106952  0.23394779  0.22401737  0.31855864  0.30194357  0.25936983  0.35883430  0.33555332  0.29648668  0.32984518  0.32984518  0.35294539  0.38286753  0.32984518  0.37075386  0.22401737  0.21910143  0.24909652  0.25421544  0.24909652  0.24909652  0.19499757  0.21421777  0.20936596  0.09319273  0.07279129  0.07279129  0.08088484  0.07279129  0.01847574  0.01847574  0.00000000  

