20
20_0_0     0.00000000  0.06566023  0.04717295  0.05944682  0.05328468  0.08461669  0.08461669  0.07824427  0.08461669  0.09104395  0.09104395  0.06566023  0.07192575  0.06566023  0.07192575  0.04717295  0.05328468  0.06566023  0.06566023  0.05328468  
16_0_0     0.06566023  0.00000000  0.02913220  0.04111082  0.04717295  0.07824427  0.07192575  0.07192575  0.09104395  0.08461669  0.08461669  0.05944682  0.05328468  0.05944682  0.05328468  0.05944682  0.06566023  0.06566023  0.07192575  0.07192575  
14_0_0     0.04717295  0.02913220  0.00000000  0.02321415  0.04111082  0.07824427  0.07824427  0.06566023  0.07824427  0.07192575  0.07192575  0.05328468  0.05944682  0.05328468  0.05944682  0.04111082  0.04717295  0.05328468  0.05944682  0.07192575  
6_0_0      0.05944682  0.04111082  0.02321415  0.00000000  0.04111082  0.06566023  0.06566023  0.05328468  0.06566023  0.05944682  0.05944682  0.06566023  0.05328468  0.05328468  0.05328468  0.04717295  0.04717295  0.06566023  0.07192575  0.09104395  
15_0_0     0.05328468  0.04717295  0.04111082  0.04111082  0.00000000  0.06566023  0.05944682  0.07192575  0.07824427  0.07192575  0.07192575  0.07192575  0.04717295  0.05328468  0.04717295  0.04717295  0.05944682  0.07824427  0.07824427  0.07824427  
18_0_0     0.08461669  0.07824427  0.07824427  0.06566023  0.06566023  0.00000000  0.00573625  0.02913220  0.02321415  0.04717295  0.04717295  0.05944682  0.04111082  0.04111082  0.04717295  0.05944682  0.05944682  0.10406678  0.09752698  0.09752698  
8_0_0      0.08461669  0.07192575  0.07824427  0.06566023  0.05944682  0.00573625  0.00000000  0.03509750  0.02913220  0.05328468  0.05328468  0.06566023  0.03509750  0.04717295  0.04111082  0.05944682  0.05944682  0.10406678  0.09752698  0.09752698  
19_0_0     0.07824427  0.07192575  0.06566023  0.05328468  0.07192575  0.02913220  0.03509750  0.00000000  0.02913220  0.03509750  0.03509750  0.03509750  0.04717295  0.03509750  0.04111082  0.04717295  0.04717295  0.08461669  0.09104395  0.09752698  
7_0_0      0.08461669  0.09104395  0.07824427  0.06566023  0.07824427  0.02321415  0.02913220  0.02913220  0.00000000  0.02321415  0.02321415  0.05328468  0.04717295  0.04111082  0.05328468  0.06566023  0.06566023  0.09752698  0.09104395  0.08461669  
13_0_0     0.09104395  0.08461669  0.07192575  0.05944682  0.07192575  0.04717295  0.05328468  0.03509750  0.02321415  0.00000000  0.00000000  0.04717295  0.05944682  0.04717295  0.05944682  0.07824427  0.07824427  0.08461669  0.09104395  0.08461669  
9_0_0      0.09104395  0.08461669  0.07192575  0.05944682  0.07192575  0.04717295  0.05328468  0.03509750  0.02321415  0.00000000  0.00000000  0.04717295  0.05944682  0.04717295  0.05944682  0.07824427  0.07824427  0.08461669  0.09104395  0.08461669  
5_0_0      0.06566023  0.05944682  0.05328468  0.06566023  0.07192575  0.05944682  0.06566023  0.03509750  0.05328468  0.04717295  0.04717295  0.00000000  0.04111082  0.02321415  0.03509750  0.04717295  0.05944682  0.07824427  0.08461669  0.07192575  
10_0_0     0.07192575  0.05328468  0.05944682  0.05328468  0.04717295  0.04111082  0.03509750  0.04717295  0.04717295  0.05944682  0.05944682  0.04111082  0.00000000  0.01734263  0.00573625  0.04111082  0.05328468  0.09104395  0.08461669  0.07824427  
4_0_0      0.06566023  0.05944682  0.05328468  0.05328468  0.05328468  0.04111082  0.04717295  0.03509750  0.04111082  0.04717295  0.04717295  0.02321415  0.01734263  0.00000000  0.01151690  0.04111082  0.05328468  0.09104395  0.08461669  0.07192575  
12_0_0     0.07192575  0.05328468  0.05944682  0.05328468  0.04717295  0.04717295  0.04111082  0.04111082  0.05328468  0.05944682  0.05944682  0.03509750  0.00573625  0.01151690  0.00000000  0.03509750  0.04717295  0.09104395  0.08461669  0.07824427  
17_0_0     0.04717295  0.05944682  0.04111082  0.04717295  0.04717295  0.05944682  0.05944682  0.04717295  0.06566023  0.07824427  0.07824427  0.04717295  0.04111082  0.04111082  0.03509750  0.00000000  0.01734263  0.07192575  0.07192575  0.07192575  
11_0_0     0.05328468  0.06566023  0.04717295  0.04717295  0.05944682  0.05944682  0.05944682  0.04717295  0.06566023  0.07824427  0.07824427  0.05944682  0.05328468  0.05328468  0.04717295  0.01734263  0.00000000  0.07824427  0.07824427  0.09104395  
2_0_0      0.06566023  0.06566023  0.05328468  0.06566023  0.07824427  0.10406678  0.10406678  0.08461669  0.09752698  0.08461669  0.08461669  0.07824427  0.09104395  0.09104395  0.09104395  0.07192575  0.07824427  0.00000000  0.00573625  0.02913220  
3_0_0      0.06566023  0.07192575  0.05944682  0.07192575  0.07824427  0.09752698  0.09752698  0.09104395  0.09104395  0.09104395  0.09104395  0.08461669  0.08461669  0.08461669  0.08461669  0.07192575  0.07824427  0.00573625  0.00000000  0.02321415  
1_0_0      0.05328468  0.07192575  0.07192575  0.09104395  0.07824427  0.09752698  0.09752698  0.09752698  0.08461669  0.08461669  0.08461669  0.07192575  0.07824427  0.07192575  0.07824427  0.07192575  0.09104395  0.02913220  0.02321415  0.00000000  

