30
3_5_0      0.00000000  0.08838511  0.09247694  0.11328090  0.11751247  0.24698090  0.25204906  0.23198050  0.23198050  0.23694708  0.21727678  0.22214578  0.33822349  0.32688939  0.37330099  0.31572549  0.32128648  0.32128648  0.31572549  0.31572549  0.28320573  0.29388837  0.27267442  0.27267442  0.27267442  0.36733860  0.35555538  0.34973307  0.39148057  0.35555538  
1_4_0      0.08838511  0.00000000  0.00363205  0.02206331  0.02580504  0.21727678  0.20285825  0.20285825  0.19339894  0.19811355  0.18871404  0.19339894  0.32688939  0.27792143  0.30472675  0.27792143  0.27792143  0.28320573  0.27792143  0.26746419  0.23198050  0.23198050  0.21243947  0.21243947  0.21243947  0.31020578  0.31572549  0.32128648  0.34395601  0.31020578  
2_4_0      0.09247694  0.00363205  0.00000000  0.02580504  0.02956569  0.22214578  0.20763342  0.20763342  0.19811355  0.20285825  0.19339894  0.19811355  0.32688939  0.27792143  0.30472675  0.27792143  0.27792143  0.28320573  0.27792143  0.26746419  0.23694708  0.23694708  0.21727678  0.21727678  0.21727678  0.31020578  0.31572549  0.32128648  0.34395601  0.31020578  
2_1_0      0.11328090  0.02206331  0.02580504  0.00000000  0.00363205  0.22214578  0.21727678  0.21727678  0.21243947  0.21243947  0.21243947  0.21727678  0.34395601  0.29388837  0.31572549  0.29388837  0.29388837  0.29928781  0.29928781  0.27792143  0.21727678  0.22704688  0.20763342  0.20763342  0.20763342  0.31572549  0.32128648  0.32688939  0.34395601  0.31572549  
1_1_0      0.11751247  0.02580504  0.02956569  0.00363205  0.00000000  0.21727678  0.21243947  0.21243947  0.20763342  0.20763342  0.20763342  0.21243947  0.34973307  0.29928781  0.32128648  0.29928781  0.28852786  0.30472675  0.30472675  0.28320573  0.22214578  0.23198050  0.21243947  0.21243947  0.21243947  0.32128648  0.32688939  0.33253484  0.34973307  0.32128648  
3_2_0      0.24698090  0.21727678  0.22214578  0.22214578  0.21727678  0.00000000  0.10488933  0.08431568  0.09247694  0.08026840  0.15672123  0.15226117  0.33822349  0.31572549  0.35555538  0.30472675  0.28852786  0.31572549  0.33253484  0.32688939  0.31572549  0.31020578  0.28852786  0.28852786  0.28852786  0.35555538  0.36142364  0.36733860  0.37931159  0.36142364  
3_6_0      0.25204906  0.20285825  0.20763342  0.21727678  0.21243947  0.10488933  0.00000000  0.06429608  0.07223935  0.06035605  0.14342055  0.13903935  0.34395601  0.31020578  0.34973307  0.31020578  0.28320573  0.32128648  0.32688939  0.33253484  0.32688939  0.31572549  0.31572549  0.31572549  0.31572549  0.36142364  0.36142364  0.35555538  0.36733860  0.35555538  
3_7_0      0.23198050  0.20285825  0.20763342  0.21727678  0.21243947  0.08431568  0.06429608  0.00000000  0.01463588  0.01834032  0.14782772  0.14342055  0.33253484  0.31020578  0.33822349  0.29928781  0.28320573  0.32128648  0.32688939  0.34395601  0.31020578  0.29388837  0.28320573  0.28320573  0.28320573  0.35555538  0.35555538  0.36142364  0.36142364  0.34973307  
3_10_0     0.23198050  0.19339894  0.19811355  0.21243947  0.20763342  0.09247694  0.07223935  0.01463588  0.00000000  0.02580504  0.14782772  0.14342055  0.35555538  0.32128648  0.34973307  0.31020578  0.29388837  0.33253484  0.32688939  0.34395601  0.31020578  0.28320573  0.27267442  0.27267442  0.27267442  0.34973307  0.34973307  0.35555538  0.35555538  0.34395601  
3_9_0      0.23694708  0.19811355  0.20285825  0.21243947  0.20763342  0.08026840  0.06035605  0.01834032  0.02580504  0.00000000  0.13468382  0.13035366  0.32688939  0.29388837  0.32128648  0.28320573  0.26746419  0.30472675  0.31020578  0.32688939  0.30472675  0.28852786  0.27792143  0.27792143  0.27792143  0.34973307  0.34973307  0.35555538  0.36733860  0.34395601  
2_2_0      0.21727678  0.18871404  0.19339894  0.21243947  0.20763342  0.15672123  0.14342055  0.14782772  0.14782772  0.13468382  0.00000000  0.00363205  0.36733860  0.32688939  0.36142364  0.32128648  0.30472675  0.34395601  0.34973307  0.34973307  0.31572549  0.31020578  0.28852786  0.28852786  0.28852786  0.34395601  0.34973307  0.35555538  0.36733860  0.35555538  
1_2_0      0.22214578  0.19339894  0.19811355  0.21727678  0.21243947  0.15226117  0.13903935  0.14342055  0.14342055  0.13035366  0.00363205  0.00000000  0.36142364  0.32128648  0.35555538  0.31572549  0.29928781  0.33822349  0.34395601  0.34395601  0.31020578  0.30472675  0.28320573  0.28320573  0.28320573  0.33822349  0.34395601  0.34973307  0.36142364  0.34973307  
19_31_0    0.33822349  0.32688939  0.32688939  0.34395601  0.34973307  0.33822349  0.34395601  0.33253484  0.35555538  0.32688939  0.36733860  0.36142364  0.00000000  0.09659142  0.12176827  0.06035605  0.07624303  0.05253809  0.05643679  0.08838511  0.29928781  0.27792143  0.28852786  0.28852786  0.28852786  0.38537118  0.38537118  0.37931159  0.39764058  0.37330099  
9_31_0     0.32688939  0.27792143  0.27792143  0.29388837  0.29928781  0.31572549  0.31020578  0.31020578  0.32128648  0.29388837  0.32688939  0.32128648  0.09659142  0.00000000  0.11751247  0.06429608  0.08026840  0.07223935  0.07624303  0.10072880  0.28852786  0.28852786  0.29388837  0.29388837  0.29388837  0.36733860  0.37330099  0.36733860  0.39764058  0.37330099  
18_31_0    0.37330099  0.30472675  0.30472675  0.31572549  0.32128648  0.35555538  0.34973307  0.33822349  0.34973307  0.32128648  0.36142364  0.35555538  0.12176827  0.11751247  0.00000000  0.05643679  0.09659142  0.09659142  0.09247694  0.12604857  0.28852786  0.28320573  0.26229022  0.26229022  0.26229022  0.36142364  0.36733860  0.36142364  0.39764058  0.35555538  
7_31_0     0.31572549  0.27792143  0.27792143  0.29388837  0.29928781  0.30472675  0.31020578  0.29928781  0.31020578  0.28320573  0.32128648  0.31572549  0.06035605  0.06429608  0.05643679  0.00000000  0.03714456  0.03714456  0.04096316  0.07223935  0.27267442  0.26746419  0.25715200  0.25715200  0.25715200  0.33822349  0.34395601  0.33822349  0.36733860  0.33253484  
16_31_0    0.32128648  0.27792143  0.27792143  0.29388837  0.28852786  0.28852786  0.28320573  0.28320573  0.29388837  0.26746419  0.30472675  0.29928781  0.07624303  0.08026840  0.09659142  0.03714456  0.00000000  0.05253809  0.05643679  0.08026840  0.30472675  0.29388837  0.28320573  0.28320573  0.28320573  0.37931159  0.38537118  0.37931159  0.41011586  0.37330099  
20_31_0    0.32128648  0.28320573  0.28320573  0.29928781  0.30472675  0.31572549  0.32128648  0.32128648  0.33253484  0.30472675  0.34395601  0.33822349  0.05253809  0.07223935  0.09659142  0.03714456  0.05253809  0.00000000  0.01094981  0.04096316  0.29388837  0.27792143  0.27792143  0.27792143  0.27792143  0.37330099  0.37931159  0.37330099  0.40385205  0.36733860  
8_31_0     0.31572549  0.27792143  0.27792143  0.29928781  0.30472675  0.33253484  0.32688939  0.32688939  0.32688939  0.31020578  0.34973307  0.34395601  0.05643679  0.07624303  0.09247694  0.04096316  0.05643679  0.01094981  0.00000000  0.03714456  0.28852786  0.27267442  0.27267442  0.27267442  0.27267442  0.36733860  0.37330099  0.36733860  0.39764058  0.36142364  
15_31_0    0.31572549  0.26746419  0.26746419  0.27792143  0.28320573  0.32688939  0.33253484  0.34395601  0.34395601  0.32688939  0.34973307  0.34395601  0.08838511  0.10072880  0.12604857  0.07223935  0.08026840  0.04096316  0.03714456  0.00000000  0.26229022  0.24698090  0.24698090  0.24698090  0.24698090  0.33253484  0.33822349  0.33253484  0.36142364  0.32688939  
4_18_0     0.28320573  0.23198050  0.23694708  0.21727678  0.22214578  0.31572549  0.32688939  0.31020578  0.31020578  0.30472675  0.31572549  0.31020578  0.29928781  0.28852786  0.28852786  0.27267442  0.30472675  0.29388837  0.28852786  0.26229022  0.00000000  0.07624303  0.06825711  0.06825711  0.06825711  0.27792143  0.27267442  0.27792143  0.29388837  0.26229022  
13_18_0    0.29388837  0.23198050  0.23694708  0.22704688  0.23198050  0.31020578  0.31572549  0.29388837  0.28320573  0.28852786  0.31020578  0.30472675  0.27792143  0.28852786  0.28320573  0.26746419  0.29388837  0.27792143  0.27267442  0.24698090  0.07624303  0.00000000  0.03714456  0.03714456  0.03714456  0.29928781  0.28852786  0.29388837  0.31020578  0.27792143  
12_18_0    0.27267442  0.21243947  0.21727678  0.20763342  0.21243947  0.28852786  0.31572549  0.28320573  0.27267442  0.27792143  0.28852786  0.28320573  0.28852786  0.29388837  0.26229022  0.25715200  0.28320573  0.27792143  0.27267442  0.24698090  0.06825711  0.03714456  0.00000000  0.00000000  0.00000000  0.27792143  0.27267442  0.27792143  0.29388837  0.26229022  
10_24_0    0.27267442  0.21243947  0.21727678  0.20763342  0.21243947  0.28852786  0.31572549  0.28320573  0.27267442  0.27792143  0.28852786  0.28320573  0.28852786  0.29388837  0.26229022  0.25715200  0.28320573  0.27792143  0.27267442  0.24698090  0.06825711  0.03714456  0.00000000  0.00000000  0.00000000  0.27792143  0.27267442  0.27792143  0.29388837  0.26229022  
10_18_0    0.27267442  0.21243947  0.21727678  0.20763342  0.21243947  0.28852786  0.31572549  0.28320573  0.27267442  0.27792143  0.28852786  0.28320573  0.28852786  0.29388837  0.26229022  0.25715200  0.28320573  0.27792143  0.27267442  0.24698090  0.06825711  0.03714456  0.00000000  0.00000000  0.00000000  0.27792143  0.27267442  0.27792143  0.29388837  0.26229022  
11_29_0    0.36733860  0.31020578  0.31020578  0.31572549  0.32128648  0.35555538  0.36142364  0.35555538  0.34973307  0.34973307  0.34395601  0.33822349  0.38537118  0.36733860  0.36142364  0.33822349  0.37931159  0.37330099  0.36733860  0.33253484  0.27792143  0.29928781  0.27792143  0.27792143  0.27792143  0.00000000  0.01834032  0.02206331  0.03714456  0.02580504  
14_30_0    0.35555538  0.31572549  0.31572549  0.32128648  0.32688939  0.36142364  0.36142364  0.35555538  0.34973307  0.34973307  0.34973307  0.34395601  0.38537118  0.37330099  0.36733860  0.34395601  0.38537118  0.37931159  0.37330099  0.33822349  0.27267442  0.28852786  0.27267442  0.27267442  0.27267442  0.01834032  0.00000000  0.00363205  0.02580504  0.01463588  
17_30_0    0.34973307  0.32128648  0.32128648  0.32688939  0.33253484  0.36733860  0.35555538  0.36142364  0.35555538  0.35555538  0.35555538  0.34973307  0.37931159  0.36733860  0.36142364  0.33822349  0.37931159  0.37330099  0.36733860  0.33253484  0.27792143  0.29388837  0.27792143  0.27792143  0.27792143  0.02206331  0.00363205  0.00000000  0.02956569  0.01834032  
17_29_0    0.39148057  0.34395601  0.34395601  0.34395601  0.34973307  0.37931159  0.36733860  0.36142364  0.35555538  0.36733860  0.36733860  0.36142364  0.39764058  0.39764058  0.39764058  0.36733860  0.41011586  0.40385205  0.39764058  0.36142364  0.29388837  0.31020578  0.29388837  0.29388837  0.29388837  0.03714456  0.02580504  0.02956569  0.00000000  0.03334547  
14_29_0    0.35555538  0.31020578  0.31020578  0.31572549  0.32128648  0.36142364  0.35555538  0.34973307  0.34395601  0.34395601  0.35555538  0.34973307  0.37330099  0.37330099  0.35555538  0.33253484  0.37330099  0.36733860  0.36142364  0.32688939  0.26229022  0.27792143  0.26229022  0.26229022  0.26229022  0.02580504  0.01463588  0.01834032  0.03334547  0.00000000  

