54
12_0_0     0.00000000  0.01415432  0.22203026  0.26098933  0.28127294  0.33827450  0.32360369  0.29511365  0.40818403  0.43304979  0.44152920  0.36084572  0.43304979  0.44152920  0.44152920  0.41637936  0.43304979  0.42466724  0.42466724  0.40007921  0.40007921  0.43304979  0.47646192  0.42466724  0.41637936  0.41637936  0.45010773  0.44152920  0.45010773  0.49457229  0.44152920  0.46757162  0.46757162  0.46757162  0.47646192  0.44152920  0.44152920  0.50379788  0.50379788  0.40007921  0.40007921  0.40007921  0.40007921  0.52260445  0.51314092  0.63565435  0.46757162  0.59250374  0.23478818  0.69342529  0.61376194  0.66976844  0.73040494  0.73040494  
85_0_0     0.01415432  0.00000000  0.21573351  0.25435082  0.26098933  0.33090244  0.33090244  0.30213314  0.39206292  0.43304979  0.44152920  0.34572137  0.41637936  0.42466724  0.44152920  0.43304979  0.43304979  0.42466724  0.42466724  0.38413325  0.40007921  0.41637936  0.49457229  0.43304979  0.42466724  0.41637936  0.43304979  0.44152920  0.46757162  0.49457229  0.45878773  0.47646192  0.47646192  0.48546124  0.49457229  0.45878773  0.45878773  0.50379788  0.50379788  0.38413325  0.38413325  0.38413325  0.40007921  0.50379788  0.49457229  0.65821998  0.45010773  0.58210118  0.22203026  0.65821998  0.62462651  0.66976844  0.73040494  0.73040494  
76_4_0     0.22203026  0.21573351  0.00000000  0.11075641  0.14981663  0.22838150  0.37628834  0.33090244  0.39206292  0.45878773  0.45010773  0.40818403  0.40818403  0.44152920  0.42466724  0.50379788  0.48546124  0.47646192  0.47646192  0.45010773  0.42466724  0.45010773  0.43304979  0.43304979  0.44152920  0.42466724  0.48546124  0.46757162  0.56172826  0.52260445  0.51314092  0.50379788  0.50379788  0.50379788  0.51314092  0.53219160  0.53219160  0.55175004  0.55175004  0.40007921  0.40818403  0.40007921  0.41637936  0.54190567  0.54190567  0.64685044  0.54190567  0.64685044  0.27444925  0.70554597  0.65821998  0.73040494  0.73040494  0.73040494  
40_4_0     0.26098933  0.25435082  0.11075641  0.00000000  0.16136949  0.28816066  0.38413325  0.34572137  0.40818403  0.48546124  0.47646192  0.44152920  0.45878773  0.44152920  0.42466724  0.55175004  0.52260445  0.55175004  0.55175004  0.45878773  0.48546124  0.49457229  0.45878773  0.47646192  0.48546124  0.49457229  0.49457229  0.49457229  0.55175004  0.49457229  0.53219160  0.53219160  0.53219160  0.51314092  0.52260445  0.55175004  0.55175004  0.53219160  0.53219160  0.39206292  0.40818403  0.40007921  0.40007921  0.57184403  0.55175004  0.61376194  0.56172826  0.66976844  0.30213314  0.62462651  0.63565435  0.74315751  0.74315751  0.74315751  
76_0_0     0.28127294  0.26098933  0.14981663  0.16136949  0.00000000  0.24125129  0.37628834  0.36084572  0.40007921  0.45010773  0.44152920  0.37628834  0.40818403  0.43304979  0.37628834  0.52260445  0.45878773  0.46757162  0.46757162  0.43304979  0.43304979  0.47646192  0.47646192  0.43304979  0.44152920  0.43304979  0.47646192  0.45878773  0.57184403  0.53219160  0.51314092  0.49457229  0.49457229  0.48546124  0.49457229  0.52260445  0.52260445  0.61376194  0.59250374  0.40818403  0.36852642  0.41637936  0.43304979  0.57184403  0.55175004  0.61376194  0.55175004  0.65821998  0.34572137  0.71787020  0.64685044  0.65821998  0.65821998  0.65821998  
40_0_0     0.33827450  0.33090244  0.22838150  0.28816066  0.24125129  0.00000000  0.43304979  0.42466724  0.49457229  0.47646192  0.46757162  0.47646192  0.49457229  0.48546124  0.44152920  0.56172826  0.49457229  0.51314092  0.51314092  0.46757162  0.46757162  0.53219160  0.51314092  0.45878773  0.45878773  0.49457229  0.52260445  0.49457229  0.61376194  0.58210118  0.54190567  0.54190567  0.54190567  0.55175004  0.56172826  0.55175004  0.55175004  0.53219160  0.53219160  0.46757162  0.46757162  0.51314092  0.53219160  0.56172826  0.54190567  0.65821998  0.50379788  0.61376194  0.43304979  0.66976844  0.59250374  0.58210118  0.59250374  0.59250374  
53_2_0     0.32360369  0.33090244  0.37628834  0.38413325  0.37628834  0.43304979  0.00000000  0.04330925  0.22838150  0.28816066  0.28127294  0.39206292  0.40818403  0.46757162  0.39206292  0.54190567  0.45010773  0.41637936  0.41637936  0.40818403  0.44152920  0.49457229  0.54190567  0.47646192  0.45878773  0.46757162  0.48546124  0.44152920  0.55175004  0.61376194  0.56172826  0.62462651  0.62462651  0.57184403  0.58210118  0.57184403  0.57184403  0.64685044  0.66976844  0.43304979  0.45010773  0.40007921  0.39206292  0.65821998  0.59250374  0.75613560  0.61376194  0.59250374  0.34572137  0.73040494  0.71787020  0.74315751  0.78280130  0.78280130  
51_2_0     0.29511365  0.30213314  0.33090244  0.34572137  0.36084572  0.42466724  0.04330925  0.00000000  0.22838150  0.30213314  0.29511365  0.39206292  0.40818403  0.43304979  0.37628834  0.54190567  0.49457229  0.43304979  0.43304979  0.40818403  0.42466724  0.47646192  0.56172826  0.46757162  0.45010773  0.47646192  0.45878773  0.45010773  0.56172826  0.62462651  0.57184403  0.61376194  0.61376194  0.58210118  0.59250374  0.56172826  0.56172826  0.65821998  0.68150154  0.44152920  0.48546124  0.42466724  0.41637936  0.70554597  0.63565435  0.78280130  0.65821998  0.61376194  0.30922043  0.70554597  0.71787020  0.74315751  0.78280130  0.78280130  
35_0_0     0.40818403  0.39206292  0.39206292  0.40818403  0.40007921  0.49457229  0.22838150  0.22838150  0.00000000  0.12724261  0.12170596  0.38413325  0.35324459  0.43304979  0.44152920  0.58210118  0.52260445  0.45878773  0.45878773  0.46757162  0.40818403  0.46757162  0.57184403  0.45878773  0.44152920  0.46757162  0.45878773  0.44152920  0.58210118  0.63565435  0.60305587  0.57184403  0.57184403  0.57184403  0.58210118  0.61376194  0.61376194  0.64685044  0.64685044  0.43304979  0.41637936  0.43304979  0.43304979  0.54190567  0.53219160  0.65821998  0.55175004  0.62462651  0.40818403  0.66976844  0.70554597  0.69342529  0.76934734  0.76934734  
53_0_0     0.43304979  0.43304979  0.45878773  0.48546124  0.45010773  0.47646192  0.28816066  0.30213314  0.12724261  0.00000000  0.00468784  0.47646192  0.45878773  0.52260445  0.51314092  0.61376194  0.51314092  0.52260445  0.52260445  0.48546124  0.45010773  0.47646192  0.58210118  0.49457229  0.47646192  0.46757162  0.51314092  0.46757162  0.62462651  0.64685044  0.63565435  0.63565435  0.63565435  0.62462651  0.63565435  0.64685044  0.64685044  0.73040494  0.73040494  0.50379788  0.55175004  0.55175004  0.54190567  0.63565435  0.60305587  0.74315751  0.65821998  0.73040494  0.49457229  0.79650651  0.75613560  0.78280130  0.81047256  0.81047256  
51_0_0     0.44152920  0.44152920  0.45010773  0.47646192  0.44152920  0.46757162  0.28127294  0.29511365  0.12170596  0.00468784  0.00000000  0.46757162  0.45010773  0.52260445  0.50379788  0.62462651  0.52260445  0.53219160  0.53219160  0.49457229  0.45878773  0.48546124  0.59250374  0.50379788  0.48546124  0.47646192  0.52260445  0.47646192  0.61376194  0.63565435  0.62462651  0.62462651  0.62462651  0.61376194  0.62462651  0.63565435  0.63565435  0.71787020  0.71787020  0.49457229  0.54190567  0.54190567  0.53219160  0.62462651  0.59250374  0.73040494  0.64685044  0.71787020  0.48546124  0.78280130  0.74315751  0.76934734  0.79650651  0.79650651  
3_0_0      0.36084572  0.34572137  0.40818403  0.44152920  0.37628834  0.47646192  0.39206292  0.39206292  0.38413325  0.47646192  0.46757162  0.00000000  0.04828303  0.11075641  0.16136949  0.57184403  0.52260445  0.45878773  0.45878773  0.43304979  0.43304979  0.44152920  0.54190567  0.48546124  0.49457229  0.46757162  0.45878773  0.45878773  0.55175004  0.60305587  0.57184403  0.57184403  0.57184403  0.56172826  0.57184403  0.56172826  0.56172826  0.62462651  0.64685044  0.51314092  0.47646192  0.43304979  0.45010773  0.54190567  0.51314092  0.68150154  0.48546124  0.58210118  0.35324459  0.78280130  0.81047256  0.61376194  0.68150154  0.68150154  
34_0_0     0.43304979  0.41637936  0.40818403  0.45878773  0.40818403  0.49457229  0.40818403  0.40818403  0.35324459  0.45878773  0.45010773  0.04828303  0.00000000  0.07885514  0.13844283  0.52260445  0.50379788  0.44152920  0.44152920  0.45878773  0.44152920  0.40007921  0.55175004  0.47646192  0.48546124  0.47646192  0.46757162  0.45010773  0.56172826  0.59250374  0.55175004  0.54190567  0.54190567  0.53219160  0.54190567  0.55175004  0.55175004  0.63565435  0.68150154  0.51314092  0.47646192  0.43304979  0.43304979  0.55175004  0.54190567  0.70554597  0.53219160  0.61376194  0.39206292  0.76934734  0.82470955  0.60305587  0.64685044  0.64685044  
64_0_0     0.44152920  0.42466724  0.44152920  0.44152920  0.43304979  0.48546124  0.46757162  0.43304979  0.43304979  0.52260445  0.52260445  0.11075641  0.07885514  0.00000000  0.16136949  0.53219160  0.56172826  0.52260445  0.52260445  0.45010773  0.46757162  0.42466724  0.54190567  0.50379788  0.51314092  0.48546124  0.49457229  0.47646192  0.58210118  0.57184403  0.56172826  0.53219160  0.53219160  0.55175004  0.56172826  0.53219160  0.53219160  0.63565435  0.68150154  0.50379788  0.52260445  0.45010773  0.46757162  0.60305587  0.57184403  0.71787020  0.52260445  0.58210118  0.39206292  0.76934734  0.83922822  0.63565435  0.70554597  0.70554597  
17_0_0     0.44152920  0.44152920  0.42466724  0.42466724  0.37628834  0.44152920  0.39206292  0.37628834  0.44152920  0.51314092  0.50379788  0.16136949  0.13844283  0.16136949  0.00000000  0.53219160  0.51314092  0.45878773  0.45878773  0.39206292  0.40818403  0.42466724  0.52260445  0.45010773  0.45010773  0.44152920  0.41637936  0.38413325  0.55175004  0.57184403  0.54190567  0.55175004  0.55175004  0.54190567  0.55175004  0.52260445  0.52260445  0.58210118  0.60305587  0.53219160  0.47646192  0.41637936  0.41637936  0.64685044  0.59250374  0.71787020  0.60305587  0.59250374  0.42466724  0.79650651  0.74315751  0.68150154  0.70554597  0.70554597  
65_0_0     0.41637936  0.43304979  0.50379788  0.55175004  0.52260445  0.56172826  0.54190567  0.54190567  0.58210118  0.61376194  0.62462651  0.57184403  0.52260445  0.53219160  0.53219160  0.00000000  0.28127294  0.29511365  0.29511365  0.27444925  0.25435082  0.30213314  0.33090244  0.27444925  0.27444925  0.30213314  0.28127294  0.26768843  0.64685044  0.61376194  0.57184403  0.60305587  0.60305587  0.56172826  0.57184403  0.55175004  0.55175004  0.61376194  0.65821998  0.49457229  0.49457229  0.56172826  0.58210118  0.61376194  0.62462651  0.70554597  0.62462651  0.63565435  0.46757162  0.90035787  0.96704599  0.69342529  0.73040494  0.73040494  
46_1_0     0.43304979  0.43304979  0.48546124  0.52260445  0.45878773  0.49457229  0.45010773  0.49457229  0.52260445  0.51314092  0.52260445  0.52260445  0.50379788  0.56172826  0.51314092  0.28127294  0.00000000  0.08933556  0.08933556  0.18503557  0.18503557  0.19716109  0.24125129  0.19107329  0.17904711  0.17310713  0.19107329  0.17904711  0.59250374  0.55175004  0.54190567  0.57184403  0.57184403  0.54190567  0.55175004  0.53219160  0.53219160  0.54190567  0.55175004  0.49457229  0.46757162  0.49457229  0.50379788  0.61376194  0.60305587  0.71787020  0.61376194  0.61376194  0.45878773  0.86915673  0.86915673  0.68150154  0.71787020  0.71787020  
80_1_0     0.42466724  0.42466724  0.47646192  0.55175004  0.46757162  0.51314092  0.41637936  0.43304979  0.45878773  0.52260445  0.53219160  0.45878773  0.44152920  0.52260445  0.45878773  0.29511365  0.08933556  0.00000000  0.00000000  0.13282135  0.12724261  0.16136949  0.23478818  0.17310713  0.16136949  0.14981663  0.16721485  0.16136949  0.54190567  0.52260445  0.52260445  0.55175004  0.55175004  0.49457229  0.50379788  0.50379788  0.50379788  0.57184403  0.58210118  0.46757162  0.43304979  0.47646192  0.48546124  0.63565435  0.61376194  0.75613560  0.64685044  0.60305587  0.43304979  0.83922822  0.81047256  0.71787020  0.75613560  0.75613560  
75_1_0     0.42466724  0.42466724  0.47646192  0.55175004  0.46757162  0.51314092  0.41637936  0.43304979  0.45878773  0.52260445  0.53219160  0.45878773  0.44152920  0.52260445  0.45878773  0.29511365  0.08933556  0.00000000  0.00000000  0.13282135  0.12724261  0.16136949  0.23478818  0.17310713  0.16136949  0.14981663  0.16721485  0.16136949  0.54190567  0.52260445  0.52260445  0.55175004  0.55175004  0.49457229  0.50379788  0.50379788  0.50379788  0.57184403  0.58210118  0.46757162  0.43304979  0.47646192  0.48546124  0.63565435  0.61376194  0.75613560  0.64685044  0.60305587  0.43304979  0.83922822  0.81047256  0.71787020  0.75613560  0.75613560  
23_1_0     0.40007921  0.38413325  0.45010773  0.45878773  0.43304979  0.46757162  0.40818403  0.40818403  0.46757162  0.48546124  0.49457229  0.43304979  0.45878773  0.45010773  0.39206292  0.27444925  0.18503557  0.13282135  0.13282135  0.00000000  0.06852227  0.12170596  0.16721485  0.12170596  0.11075641  0.09996783  0.08407664  0.09463244  0.51314092  0.51314092  0.49457229  0.53219160  0.53219160  0.48546124  0.49457229  0.46757162  0.46757162  0.54190567  0.56172826  0.42466724  0.42466724  0.40007921  0.41637936  0.58210118  0.57184403  0.76934734  0.59250374  0.53219160  0.37628834  0.74315751  0.70554597  0.73040494  0.79650651  0.79650651  
22_1_0     0.40007921  0.40007921  0.42466724  0.48546124  0.43304979  0.46757162  0.44152920  0.42466724  0.40818403  0.45010773  0.45878773  0.43304979  0.44152920  0.46757162  0.40818403  0.25435082  0.18503557  0.12724261  0.12724261  0.06852227  0.00000000  0.09996783  0.17904711  0.09996783  0.08933556  0.08933556  0.08407664  0.08407664  0.55175004  0.54190567  0.51314092  0.54190567  0.54190567  0.47646192  0.48546124  0.49457229  0.49457229  0.56172826  0.58210118  0.44152920  0.40818403  0.46757162  0.47646192  0.57184403  0.60305587  0.71787020  0.62462651  0.53219160  0.37628834  0.79650651  0.74315751  0.68150154  0.78280130  0.78280130  
73_1_0     0.43304979  0.41637936  0.45010773  0.49457229  0.47646192  0.53219160  0.49457229  0.47646192  0.46757162  0.47646192  0.48546124  0.44152920  0.40007921  0.42466724  0.42466724  0.30213314  0.19716109  0.16136949  0.16136949  0.12170596  0.09996783  0.00000000  0.23478818  0.16721485  0.15557033  0.15557033  0.16136949  0.17310713  0.59250374  0.55175004  0.53219160  0.52260445  0.52260445  0.49457229  0.50379788  0.51314092  0.51314092  0.62462651  0.62462651  0.48546124  0.45010773  0.45878773  0.46757162  0.59250374  0.61376194  0.70554597  0.70554597  0.62462651  0.37628834  0.79650651  0.76934734  0.70554597  0.78280130  0.78280130  
23_0_0     0.47646192  0.49457229  0.43304979  0.45878773  0.47646192  0.51314092  0.54190567  0.56172826  0.57184403  0.58210118  0.59250374  0.54190567  0.55175004  0.54190567  0.52260445  0.33090244  0.24125129  0.23478818  0.23478818  0.16721485  0.17904711  0.23478818  0.00000000  0.19107329  0.19716109  0.17310713  0.19107329  0.18503557  0.47646192  0.47646192  0.46757162  0.48546124  0.48546124  0.46757162  0.47646192  0.48546124  0.48546124  0.52260445  0.55175004  0.53219160  0.52260445  0.52260445  0.54190567  0.60305587  0.61376194  0.73040494  0.64685044  0.63565435  0.48546124  0.90035787  0.86915673  0.83922822  0.90035787  0.90035787  
75_0_0     0.42466724  0.43304979  0.43304979  0.47646192  0.43304979  0.45878773  0.47646192  0.46757162  0.45878773  0.49457229  0.50379788  0.48546124  0.47646192  0.50379788  0.45010773  0.27444925  0.19107329  0.17310713  0.17310713  0.12170596  0.09996783  0.16721485  0.19107329  0.00000000  0.00940581  0.06852227  0.11075641  0.09996783  0.55175004  0.52260445  0.53219160  0.54190567  0.54190567  0.48546124  0.49457229  0.51314092  0.51314092  0.55175004  0.55175004  0.43304979  0.39206292  0.47646192  0.48546124  0.62462651  0.65821998  0.69342529  0.63565435  0.58210118  0.40818403  0.78280130  0.69342529  0.69342529  0.74315751  0.74315751  
80_0_0     0.41637936  0.42466724  0.44152920  0.48546124  0.44152920  0.45878773  0.45878773  0.45010773  0.44152920  0.47646192  0.48546124  0.49457229  0.48546124  0.51314092  0.45010773  0.27444925  0.17904711  0.16136949  0.16136949  0.11075641  0.08933556  0.15557033  0.19716109  0.00940581  0.00000000  0.05833288  0.09996783  0.08933556  0.55175004  0.52260445  0.51314092  0.54190567  0.54190567  0.46757162  0.47646192  0.49457229  0.49457229  0.55175004  0.55175004  0.42466724  0.38413325  0.47646192  0.48546124  0.63565435  0.64685044  0.71787020  0.64685044  0.58210118  0.40007921  0.78280130  0.68150154  0.68150154  0.73040494  0.73040494  
46_0_0     0.41637936  0.41637936  0.42466724  0.49457229  0.43304979  0.49457229  0.46757162  0.47646192  0.46757162  0.46757162  0.47646192  0.46757162  0.47646192  0.48546124  0.44152920  0.30213314  0.17310713  0.14981663  0.14981663  0.09996783  0.08933556  0.15557033  0.17310713  0.06852227  0.05833288  0.00000000  0.09463244  0.07367052  0.53219160  0.53219160  0.49457229  0.54190567  0.54190567  0.47646192  0.48546124  0.47646192  0.47646192  0.54190567  0.54190567  0.42466724  0.41637936  0.49457229  0.51314092  0.62462651  0.68150154  0.75613560  0.65821998  0.58210118  0.42466724  0.81047256  0.70554597  0.75613560  0.78280130  0.78280130  
73_0_0     0.45010773  0.43304979  0.48546124  0.49457229  0.47646192  0.52260445  0.48546124  0.45878773  0.45878773  0.51314092  0.52260445  0.45878773  0.46757162  0.49457229  0.41637936  0.28127294  0.19107329  0.16721485  0.16721485  0.08407664  0.08407664  0.16136949  0.19107329  0.11075641  0.09996783  0.09463244  0.00000000  0.03836894  0.53219160  0.54190567  0.50379788  0.57184403  0.57184403  0.48546124  0.49457229  0.48546124  0.48546124  0.56172826  0.58210118  0.41637936  0.39206292  0.46757162  0.48546124  0.62462651  0.61376194  0.76934734  0.65821998  0.56172826  0.40818403  0.70554597  0.73040494  0.70554597  0.76934734  0.76934734  
22_0_0     0.44152920  0.44152920  0.46757162  0.49457229  0.45878773  0.49457229  0.44152920  0.45010773  0.44152920  0.46757162  0.47646192  0.45878773  0.45010773  0.47646192  0.38413325  0.26768843  0.17904711  0.16136949  0.16136949  0.09463244  0.08407664  0.17310713  0.18503557  0.09996783  0.08933556  0.07367052  0.03836894  0.00000000  0.53219160  0.54190567  0.49457229  0.57184403  0.57184403  0.48546124  0.49457229  0.48546124  0.48546124  0.54190567  0.56172826  0.40818403  0.38413325  0.45878773  0.45878773  0.59250374  0.62462651  0.78280130  0.64685044  0.57184403  0.44152920  0.74315751  0.74315751  0.69342529  0.75613560  0.75613560  
41_0_0     0.45010773  0.46757162  0.56172826  0.55175004  0.57184403  0.61376194  0.55175004  0.56172826  0.58210118  0.62462651  0.61376194  0.55175004  0.56172826  0.58210118  0.55175004  0.64685044  0.59250374  0.54190567  0.54190567  0.51314092  0.55175004  0.59250374  0.47646192  0.55175004  0.55175004  0.53219160  0.53219160  0.53219160  0.00000000  0.05833288  0.08933556  0.16721485  0.17310713  0.08407664  0.08933556  0.07885514  0.07885514  0.16136949  0.18503557  0.48546124  0.51314092  0.45878773  0.45878773  0.63565435  0.53219160  0.69342529  0.60305587  0.66976844  0.48546124  0.70554597  0.74315751  0.75613560  0.75613560  0.75613560  
89_0_0     0.49457229  0.49457229  0.52260445  0.49457229  0.53219160  0.58210118  0.61376194  0.62462651  0.63565435  0.64685044  0.63565435  0.60305587  0.59250374  0.57184403  0.57184403  0.61376194  0.55175004  0.52260445  0.52260445  0.51314092  0.54190567  0.55175004  0.47646192  0.52260445  0.52260445  0.53219160  0.54190567  0.54190567  0.05833288  0.00000000  0.09996783  0.16136949  0.16721485  0.08407664  0.08933556  0.08933556  0.08933556  0.16721485  0.19107329  0.48546124  0.49457229  0.50379788  0.50379788  0.65821998  0.57184403  0.70554597  0.62462651  0.66976844  0.48546124  0.75613560  0.82470955  0.74315751  0.74315751  0.74315751  
71_0_0     0.44152920  0.45878773  0.51314092  0.53219160  0.51314092  0.54190567  0.56172826  0.57184403  0.60305587  0.63565435  0.62462651  0.57184403  0.55175004  0.56172826  0.54190567  0.57184403  0.54190567  0.52260445  0.52260445  0.49457229  0.51314092  0.53219160  0.46757162  0.53219160  0.51314092  0.49457229  0.50379788  0.49457229  0.08933556  0.09996783  0.00000000  0.12170596  0.11621076  0.03836894  0.04330925  0.02858701  0.02858701  0.17310713  0.20329982  0.48546124  0.47646192  0.47646192  0.46757162  0.60305587  0.55175004  0.66976844  0.56172826  0.61376194  0.52260445  0.74315751  0.79650651  0.71787020  0.71787020  0.71787020  
21_0_0     0.46757162  0.47646192  0.50379788  0.53219160  0.49457229  0.54190567  0.62462651  0.61376194  0.57184403  0.63565435  0.62462651  0.57184403  0.54190567  0.53219160  0.55175004  0.60305587  0.57184403  0.55175004  0.55175004  0.53219160  0.54190567  0.52260445  0.48546124  0.54190567  0.54190567  0.54190567  0.57184403  0.57184403  0.16721485  0.16136949  0.12170596  0.00000000  0.00468784  0.12170596  0.12724261  0.12170596  0.12170596  0.23478818  0.25435082  0.51314092  0.51314092  0.50379788  0.51314092  0.64685044  0.60305587  0.65821998  0.59250374  0.70554597  0.46757162  0.78280130  0.82470955  0.71787020  0.75613560  0.75613560  
15_0_0     0.46757162  0.47646192  0.50379788  0.53219160  0.49457229  0.54190567  0.62462651  0.61376194  0.57184403  0.63565435  0.62462651  0.57184403  0.54190567  0.53219160  0.55175004  0.60305587  0.57184403  0.55175004  0.55175004  0.53219160  0.54190567  0.52260445  0.48546124  0.54190567  0.54190567  0.54190567  0.57184403  0.57184403  0.17310713  0.16721485  0.11621076  0.00468784  0.00000000  0.12724261  0.13282135  0.12724261  0.12724261  0.24125129  0.26098933  0.51314092  0.51314092  0.50379788  0.51314092  0.64685044  0.60305587  0.65821998  0.59250374  0.70554597  0.46757162  0.78280130  0.82470955  0.71787020  0.75613560  0.75613560  
25_5_0     0.46757162  0.48546124  0.50379788  0.51314092  0.48546124  0.55175004  0.57184403  0.58210118  0.57184403  0.62462651  0.61376194  0.56172826  0.53219160  0.55175004  0.54190567  0.56172826  0.54190567  0.49457229  0.49457229  0.48546124  0.47646192  0.49457229  0.46757162  0.48546124  0.46757162  0.47646192  0.48546124  0.48546124  0.08407664  0.08407664  0.03836894  0.12170596  0.12724261  0.00000000  0.00468784  0.02858701  0.02858701  0.17904711  0.20949033  0.45010773  0.42466724  0.44152920  0.44152920  0.61376194  0.54190567  0.64685044  0.57184403  0.59250374  0.46757162  0.71787020  0.75613560  0.66976844  0.66976844  0.66976844  
91_5_0     0.47646192  0.49457229  0.51314092  0.52260445  0.49457229  0.56172826  0.58210118  0.59250374  0.58210118  0.63565435  0.62462651  0.57184403  0.54190567  0.56172826  0.55175004  0.57184403  0.55175004  0.50379788  0.50379788  0.49457229  0.48546124  0.50379788  0.47646192  0.49457229  0.47646192  0.48546124  0.49457229  0.49457229  0.08933556  0.08933556  0.04330925  0.12724261  0.13282135  0.00468784  0.00000000  0.03346168  0.03346168  0.18503557  0.21573351  0.45878773  0.43304979  0.45010773  0.45010773  0.62462651  0.55175004  0.65821998  0.58210118  0.60305587  0.47646192  0.73040494  0.76934734  0.66976844  0.66976844  0.66976844  
91_0_0     0.44152920  0.45878773  0.53219160  0.55175004  0.52260445  0.55175004  0.57184403  0.56172826  0.61376194  0.64685044  0.63565435  0.56172826  0.55175004  0.53219160  0.52260445  0.55175004  0.53219160  0.50379788  0.50379788  0.46757162  0.49457229  0.51314092  0.48546124  0.51314092  0.49457229  0.47646192  0.48546124  0.48546124  0.07885514  0.08933556  0.02858701  0.12170596  0.12724261  0.02858701  0.03346168  0.00000000  0.00000000  0.15557033  0.18503557  0.47646192  0.46757162  0.46757162  0.46757162  0.62462651  0.53219160  0.68150154  0.56172826  0.59250374  0.49457229  0.73040494  0.78280130  0.69342529  0.69342529  0.69342529  
25_0_0     0.44152920  0.45878773  0.53219160  0.55175004  0.52260445  0.55175004  0.57184403  0.56172826  0.61376194  0.64685044  0.63565435  0.56172826  0.55175004  0.53219160  0.52260445  0.55175004  0.53219160  0.50379788  0.50379788  0.46757162  0.49457229  0.51314092  0.48546124  0.51314092  0.49457229  0.47646192  0.48546124  0.48546124  0.07885514  0.08933556  0.02858701  0.12170596  0.12724261  0.02858701  0.03346168  0.00000000  0.00000000  0.15557033  0.18503557  0.47646192  0.46757162  0.46757162  0.46757162  0.62462651  0.53219160  0.68150154  0.56172826  0.59250374  0.49457229  0.73040494  0.78280130  0.69342529  0.69342529  0.69342529  
38_0_0     0.50379788  0.50379788  0.55175004  0.53219160  0.61376194  0.53219160  0.64685044  0.65821998  0.64685044  0.73040494  0.71787020  0.62462651  0.63565435  0.63565435  0.58210118  0.61376194  0.54190567  0.57184403  0.57184403  0.54190567  0.56172826  0.62462651  0.52260445  0.55175004  0.55175004  0.54190567  0.56172826  0.54190567  0.16136949  0.16721485  0.17310713  0.23478818  0.24125129  0.17904711  0.18503557  0.15557033  0.15557033  0.00000000  0.02374450  0.47646192  0.50379788  0.45878773  0.47646192  0.58210118  0.55175004  0.68150154  0.56172826  0.69342529  0.54190567  0.83922822  0.88459150  0.75613560  0.75613560  0.75613560  
24_0_0     0.50379788  0.50379788  0.55175004  0.53219160  0.59250374  0.53219160  0.66976844  0.68150154  0.64685044  0.73040494  0.71787020  0.64685044  0.68150154  0.68150154  0.60305587  0.65821998  0.55175004  0.58210118  0.58210118  0.56172826  0.58210118  0.62462651  0.55175004  0.55175004  0.55175004  0.54190567  0.58210118  0.56172826  0.18503557  0.19107329  0.20329982  0.25435082  0.26098933  0.20949033  0.21573351  0.18503557  0.18503557  0.02374450  0.00000000  0.49457229  0.52260445  0.49457229  0.51314092  0.60305587  0.57184403  0.66976844  0.56172826  0.74315751  0.56172826  0.88459150  0.86915673  0.79650651  0.76934734  0.76934734  
82_0_0     0.40007921  0.38413325  0.40007921  0.39206292  0.40818403  0.46757162  0.43304979  0.44152920  0.43304979  0.50379788  0.49457229  0.51314092  0.51314092  0.50379788  0.53219160  0.49457229  0.49457229  0.46757162  0.46757162  0.42466724  0.44152920  0.48546124  0.53219160  0.43304979  0.42466724  0.42466724  0.41637936  0.40818403  0.48546124  0.48546124  0.48546124  0.51314092  0.51314092  0.45010773  0.45878773  0.47646192  0.47646192  0.47646192  0.49457229  0.00000000  0.07367052  0.30922043  0.32360369  0.52260445  0.53219160  0.52260445  0.52260445  0.55175004  0.36852642  0.74315751  0.71787020  0.69342529  0.76934734  0.76934734  
74_0_0     0.40007921  0.38413325  0.40818403  0.40818403  0.36852642  0.46757162  0.45010773  0.48546124  0.41637936  0.55175004  0.54190567  0.47646192  0.47646192  0.52260445  0.47646192  0.49457229  0.46757162  0.43304979  0.43304979  0.42466724  0.40818403  0.45010773  0.52260445  0.39206292  0.38413325  0.41637936  0.39206292  0.38413325  0.51314092  0.49457229  0.47646192  0.51314092  0.51314092  0.42466724  0.43304979  0.46757162  0.46757162  0.50379788  0.52260445  0.07367052  0.00000000  0.30213314  0.31637682  0.49457229  0.50379788  0.52260445  0.47646192  0.51314092  0.42466724  0.78280130  0.74315751  0.64685044  0.71787020  0.71787020  
28_0_0     0.40007921  0.38413325  0.40007921  0.40007921  0.41637936  0.51314092  0.40007921  0.42466724  0.43304979  0.55175004  0.54190567  0.43304979  0.43304979  0.45010773  0.41637936  0.56172826  0.49457229  0.47646192  0.47646192  0.40007921  0.46757162  0.45878773  0.52260445  0.47646192  0.47646192  0.49457229  0.46757162  0.45878773  0.45878773  0.50379788  0.47646192  0.50379788  0.50379788  0.44152920  0.45010773  0.46757162  0.46757162  0.45878773  0.49457229  0.30922043  0.30213314  0.00000000  0.01415432  0.39206292  0.38413325  0.46757162  0.40007921  0.40007921  0.33090244  0.70554597  0.69342529  0.66976844  0.70554597  0.70554597  
59_0_0     0.40007921  0.40007921  0.41637936  0.40007921  0.43304979  0.53219160  0.39206292  0.41637936  0.43304979  0.54190567  0.53219160  0.45010773  0.43304979  0.46757162  0.41637936  0.58210118  0.50379788  0.48546124  0.48546124  0.41637936  0.47646192  0.46757162  0.54190567  0.48546124  0.48546124  0.51314092  0.48546124  0.45878773  0.45878773  0.50379788  0.46757162  0.51314092  0.51314092  0.44152920  0.45010773  0.46757162  0.46757162  0.47646192  0.51314092  0.32360369  0.31637682  0.01415432  0.00000000  0.39206292  0.40007921  0.46757162  0.42466724  0.40818403  0.34572137  0.71787020  0.66976844  0.66976844  0.71787020  0.71787020  
33_0_0     0.52260445  0.50379788  0.54190567  0.57184403  0.57184403  0.56172826  0.65821998  0.70554597  0.54190567  0.63565435  0.62462651  0.54190567  0.55175004  0.60305587  0.64685044  0.61376194  0.61376194  0.63565435  0.63565435  0.58210118  0.57184403  0.59250374  0.60305587  0.62462651  0.63565435  0.62462651  0.62462651  0.59250374  0.63565435  0.65821998  0.60305587  0.64685044  0.64685044  0.61376194  0.62462651  0.62462651  0.62462651  0.58210118  0.60305587  0.52260445  0.49457229  0.39206292  0.39206292  0.00000000  0.12724261  0.19107329  0.13844283  0.23478818  0.52260445  0.74315751  0.78280130  0.73040494  0.78280130  0.78280130  
67_6_0     0.51314092  0.49457229  0.54190567  0.55175004  0.55175004  0.54190567  0.59250374  0.63565435  0.53219160  0.60305587  0.59250374  0.51314092  0.54190567  0.57184403  0.59250374  0.62462651  0.60305587  0.61376194  0.61376194  0.57184403  0.60305587  0.61376194  0.61376194  0.65821998  0.64685044  0.68150154  0.61376194  0.62462651  0.53219160  0.57184403  0.55175004  0.60305587  0.60305587  0.54190567  0.55175004  0.53219160  0.53219160  0.55175004  0.57184403  0.53219160  0.50379788  0.38413325  0.40007921  0.12724261  0.00000000  0.18503557  0.12724261  0.22203026  0.48546124  0.73040494  0.79650651  0.73040494  0.75613560  0.75613560  
13_6_0     0.63565435  0.65821998  0.64685044  0.61376194  0.61376194  0.65821998  0.75613560  0.78280130  0.65821998  0.74315751  0.73040494  0.68150154  0.70554597  0.71787020  0.71787020  0.70554597  0.71787020  0.75613560  0.75613560  0.76934734  0.71787020  0.70554597  0.73040494  0.69342529  0.71787020  0.75613560  0.76934734  0.78280130  0.69342529  0.70554597  0.66976844  0.65821998  0.65821998  0.64685044  0.65821998  0.68150154  0.68150154  0.68150154  0.66976844  0.52260445  0.52260445  0.46757162  0.46757162  0.19107329  0.18503557  0.00000000  0.22838150  0.28816066  0.61376194  0.88459150  0.91647042  0.86915673  0.86915673  0.86915673  
67_0_0     0.46757162  0.45010773  0.54190567  0.56172826  0.55175004  0.50379788  0.61376194  0.65821998  0.55175004  0.65821998  0.64685044  0.48546124  0.53219160  0.52260445  0.60305587  0.62462651  0.61376194  0.64685044  0.64685044  0.59250374  0.62462651  0.70554597  0.64685044  0.63565435  0.64685044  0.65821998  0.65821998  0.64685044  0.60305587  0.62462651  0.56172826  0.59250374  0.59250374  0.57184403  0.58210118  0.56172826  0.56172826  0.56172826  0.56172826  0.52260445  0.47646192  0.40007921  0.42466724  0.13844283  0.12724261  0.22838150  0.00000000  0.20329982  0.50379788  0.81047256  0.82470955  0.69342529  0.75613560  0.75613560  
13_0_0     0.59250374  0.58210118  0.64685044  0.66976844  0.65821998  0.61376194  0.59250374  0.61376194  0.62462651  0.73040494  0.71787020  0.58210118  0.61376194  0.58210118  0.59250374  0.63565435  0.61376194  0.60305587  0.60305587  0.53219160  0.53219160  0.62462651  0.63565435  0.58210118  0.58210118  0.58210118  0.56172826  0.57184403  0.66976844  0.66976844  0.61376194  0.70554597  0.70554597  0.59250374  0.60305587  0.59250374  0.59250374  0.69342529  0.74315751  0.55175004  0.51314092  0.40007921  0.40818403  0.23478818  0.22203026  0.28816066  0.20329982  0.00000000  0.54190567  0.81047256  0.83922822  0.78280130  0.83922822  0.83922822  
98_0_0     0.23478818  0.22203026  0.27444925  0.30213314  0.34572137  0.43304979  0.34572137  0.30922043  0.40818403  0.49457229  0.48546124  0.35324459  0.39206292  0.39206292  0.42466724  0.46757162  0.45878773  0.43304979  0.43304979  0.37628834  0.37628834  0.37628834  0.48546124  0.40818403  0.40007921  0.42466724  0.40818403  0.44152920  0.48546124  0.48546124  0.52260445  0.46757162  0.46757162  0.46757162  0.47646192  0.49457229  0.49457229  0.54190567  0.56172826  0.36852642  0.42466724  0.33090244  0.34572137  0.52260445  0.48546124  0.61376194  0.50379788  0.54190567  0.00000000  0.62462651  0.56172826  0.54190567  0.59250374  0.59250374  
92_7_0     0.69342529  0.65821998  0.70554597  0.62462651  0.71787020  0.66976844  0.73040494  0.70554597  0.66976844  0.79650651  0.78280130  0.78280130  0.76934734  0.76934734  0.79650651  0.90035787  0.86915673  0.83922822  0.83922822  0.74315751  0.79650651  0.79650651  0.90035787  0.78280130  0.78280130  0.81047256  0.70554597  0.74315751  0.70554597  0.75613560  0.74315751  0.78280130  0.78280130  0.71787020  0.73040494  0.73040494  0.73040494  0.83922822  0.88459150  0.74315751  0.78280130  0.70554597  0.71787020  0.74315751  0.73040494  0.88459150  0.81047256  0.81047256  0.62462651  0.00000000  0.14410769  0.28816066  0.30213314  0.29511365  
92_0_0     0.61376194  0.62462651  0.65821998  0.63565435  0.64685044  0.59250374  0.71787020  0.71787020  0.70554597  0.75613560  0.74315751  0.81047256  0.82470955  0.83922822  0.74315751  0.96704599  0.86915673  0.81047256  0.81047256  0.70554597  0.74315751  0.76934734  0.86915673  0.69342529  0.68150154  0.70554597  0.73040494  0.74315751  0.74315751  0.82470955  0.79650651  0.82470955  0.82470955  0.75613560  0.76934734  0.78280130  0.78280130  0.88459150  0.86915673  0.71787020  0.74315751  0.69342529  0.66976844  0.78280130  0.79650651  0.91647042  0.82470955  0.83922822  0.56172826  0.14410769  0.00000000  0.29511365  0.30213314  0.29511365  
97_0_0     0.66976844  0.66976844  0.73040494  0.74315751  0.65821998  0.58210118  0.74315751  0.74315751  0.69342529  0.78280130  0.76934734  0.61376194  0.60305587  0.63565435  0.68150154  0.69342529  0.68150154  0.71787020  0.71787020  0.73040494  0.68150154  0.70554597  0.83922822  0.69342529  0.68150154  0.75613560  0.70554597  0.69342529  0.75613560  0.74315751  0.71787020  0.71787020  0.71787020  0.66976844  0.66976844  0.69342529  0.69342529  0.75613560  0.79650651  0.69342529  0.64685044  0.66976844  0.66976844  0.73040494  0.73040494  0.86915673  0.69342529  0.78280130  0.54190567  0.28816066  0.29511365  0.00000000  0.04828303  0.05329075  
95_0_0     0.73040494  0.73040494  0.73040494  0.74315751  0.65821998  0.59250374  0.78280130  0.78280130  0.76934734  0.81047256  0.79650651  0.68150154  0.64685044  0.70554597  0.70554597  0.73040494  0.71787020  0.75613560  0.75613560  0.79650651  0.78280130  0.78280130  0.90035787  0.74315751  0.73040494  0.78280130  0.76934734  0.75613560  0.75613560  0.74315751  0.71787020  0.75613560  0.75613560  0.66976844  0.66976844  0.69342529  0.69342529  0.75613560  0.76934734  0.76934734  0.71787020  0.70554597  0.71787020  0.78280130  0.75613560  0.86915673  0.75613560  0.83922822  0.59250374  0.30213314  0.30213314  0.04828303  0.00000000  0.00468784  
100_0_0    0.73040494  0.73040494  0.73040494  0.74315751  0.65821998  0.59250374  0.78280130  0.78280130  0.76934734  0.81047256  0.79650651  0.68150154  0.64685044  0.70554597  0.70554597  0.73040494  0.71787020  0.75613560  0.75613560  0.79650651  0.78280130  0.78280130  0.90035787  0.74315751  0.73040494  0.78280130  0.76934734  0.75613560  0.75613560  0.74315751  0.71787020  0.75613560  0.75613560  0.66976844  0.66976844  0.69342529  0.69342529  0.75613560  0.76934734  0.76934734  0.71787020  0.70554597  0.71787020  0.78280130  0.75613560  0.86915673  0.75613560  0.83922822  0.59250374  0.29511365  0.29511365  0.05329075  0.00468784  0.00000000  

