10
1_0_0      0.00000000  0.00000000  0.00000000  0.02308451  0.02308451  0.02308451  0.02308451  0.02897023  0.02897023  0.01724535  
2_0_0      0.00000000  0.00000000  0.00000000  0.02308451  0.02308451  0.02308451  0.02308451  0.02897023  0.02897023  0.01724535  
3_0_0      0.00000000  0.00000000  0.00000000  0.02308451  0.02308451  0.02308451  0.02308451  0.02897023  0.02897023  0.01724535  
16_0_0     0.02308451  0.02308451  0.02308451  0.00000000  0.01145202  0.01145202  0.01724535  0.01145202  0.01724535  0.01724535  
6_0_0      0.02308451  0.02308451  0.02308451  0.01145202  0.00000000  0.00000000  0.00570380  0.00570380  0.01145202  0.01724535  
14_0_0     0.02308451  0.02308451  0.02308451  0.01145202  0.00000000  0.00000000  0.00570380  0.00570380  0.01145202  0.01724535  
15_0_0     0.02308451  0.02308451  0.02308451  0.01724535  0.00570380  0.00570380  0.00000000  0.01145202  0.00570380  0.01724535  
15_1_0     0.02897023  0.02897023  0.02897023  0.01145202  0.00570380  0.00570380  0.01145202  0.00000000  0.00570380  0.02308451  
14_1_0     0.02897023  0.02897023  0.02897023  0.01724535  0.01145202  0.01145202  0.00570380  0.00570380  0.00000000  0.02308451  
20_0_0     0.01724535  0.01724535  0.01724535  0.01724535  0.01724535  0.01724535  0.01724535  0.02308451  0.02308451  0.00000000  

