20
1_0_0      0.00000000  0.02308231  0.21458353  0.44794660  0.43968391  0.45630226  0.39969564  0.68015746  0.69160419  0.65778011  0.64683931  0.70323011  0.66888450  0.71504094  0.66888450  0.63605736  0.71504094  0.69160419  0.68015746  0.69160419  
2_0_0      0.02308231  0.00000000  0.19659818  0.43151214  0.42342931  0.45630226  0.39969564  0.68015746  0.64683931  0.61495201  0.60462009  0.68015746  0.64683931  0.69160419  0.64683931  0.62542971  0.68015746  0.65778011  0.64683931  0.65778011  
3_0_0      0.21458353  0.19659818  0.00000000  0.49069801  0.46475300  0.46475300  0.41543351  0.63605736  0.61495201  0.58437772  0.55501257  0.58437772  0.58437772  0.63605736  0.60462009  0.64683931  0.65778011  0.63605736  0.66888450  0.65778011  
13_0_0     0.44794660  0.43151214  0.49069801  0.00000000  0.08668635  0.08159558  0.10217142  0.55501257  0.59442994  0.54547668  0.60462009  0.56467251  0.51758238  0.55501257  0.55501257  0.49955177  0.56467251  0.61495201  0.56467251  0.56467251  
12_0_0     0.43968391  0.42342931  0.46475300  0.08668635  0.00000000  0.05176280  0.12333364  0.56467251  0.60462009  0.57445976  0.61495201  0.57445976  0.51758238  0.55501257  0.51758238  0.48194857  0.52676455  0.55501257  0.52676455  0.54547668  
10_0_0     0.45630226  0.45630226  0.46475300  0.08159558  0.05176280  0.00000000  0.11798628  0.57445976  0.58437772  0.57445976  0.61495201  0.53606168  0.50851235  0.54547668  0.50851235  0.49955177  0.53606168  0.54547668  0.51758238  0.53606168  
4_0_0      0.39969564  0.39969564  0.41543351  0.10217142  0.12333364  0.11798628  0.00000000  0.55501257  0.54547668  0.55501257  0.60462009  0.53606168  0.48194857  0.53606168  0.51758238  0.50851235  0.51758238  0.56467251  0.51758238  0.51758238  
19_0_0     0.68015746  0.68015746  0.63605736  0.55501257  0.56467251  0.57445976  0.55501257  0.00000000  0.16188371  0.13414527  0.16755793  0.11798628  0.15066370  0.14511664  0.17903812  0.80343585  0.77708858  0.77708858  0.76425738  0.79014538  
9_0_0      0.69160419  0.64683931  0.61495201  0.59442994  0.60462009  0.58437772  0.54547668  0.16188371  0.00000000  0.12333364  0.13414527  0.11798628  0.16755793  0.17327584  0.18484546  0.75164412  0.77708858  0.76425738  0.77708858  0.77708858  
7_0_0      0.65778011  0.61495201  0.58437772  0.54547668  0.57445976  0.57445976  0.55501257  0.13414527  0.12333364  0.00000000  0.08668635  0.06157450  0.15066370  0.13414527  0.16188371  0.80343585  0.88859821  0.85911221  0.84479693  0.84479693  
18_0_0     0.64683931  0.60462009  0.55501257  0.60462009  0.61495201  0.61495201  0.60462009  0.16755793  0.13414527  0.08668635  0.00000000  0.10217142  0.17327584  0.15625252  0.17327584  0.80343585  0.88859821  0.88859821  0.87370888  0.87370888  
16_0_0     0.70323011  0.68015746  0.58437772  0.56467251  0.57445976  0.53606168  0.53606168  0.11798628  0.11798628  0.06157450  0.10217142  0.00000000  0.13414527  0.12871978  0.16755793  0.77708858  0.85911221  0.83075238  0.81696853  0.81696853  
15_0_0     0.66888450  0.64683931  0.58437772  0.51758238  0.51758238  0.50851235  0.48194857  0.15066370  0.16755793  0.15066370  0.17327584  0.13414527  0.00000000  0.05176280  0.07653948  0.69160419  0.73924152  0.73924152  0.69160419  0.71504094  
8_0_0      0.71504094  0.69160419  0.63605736  0.55501257  0.55501257  0.54547668  0.53606168  0.14511664  0.17327584  0.13414527  0.15625252  0.12871978  0.05176280  0.00000000  0.05176280  0.70323011  0.77708858  0.77708858  0.72704266  0.75164412  
20_0_0     0.66888450  0.64683931  0.60462009  0.55501257  0.51758238  0.50851235  0.51758238  0.17903812  0.18484546  0.16188371  0.17327584  0.16755793  0.07653948  0.05176280  0.00000000  0.65778011  0.72704266  0.75164412  0.68015746  0.70323011  
5_0_0      0.63605736  0.62542971  0.64683931  0.49955177  0.48194857  0.49955177  0.50851235  0.80343585  0.75164412  0.80343585  0.80343585  0.77708858  0.69160419  0.70323011  0.65778011  0.00000000  0.13414527  0.12333364  0.12333364  0.12871978  
6_0_0      0.71504094  0.68015746  0.65778011  0.56467251  0.52676455  0.53606168  0.51758238  0.77708858  0.77708858  0.88859821  0.88859821  0.85911221  0.73924152  0.77708858  0.72704266  0.13414527  0.00000000  0.05665244  0.06652940  0.07151757  
11_0_0     0.69160419  0.65778011  0.63605736  0.61495201  0.55501257  0.54547668  0.56467251  0.77708858  0.76425738  0.85911221  0.88859821  0.83075238  0.73924152  0.77708858  0.75164412  0.12333364  0.05665244  0.00000000  0.06652940  0.07151757  
14_0_0     0.68015746  0.64683931  0.66888450  0.56467251  0.52676455  0.51758238  0.51758238  0.76425738  0.77708858  0.84479693  0.87370888  0.81696853  0.69160419  0.72704266  0.68015746  0.12333364  0.06652940  0.06652940  0.00000000  0.03251993  
17_0_0     0.69160419  0.65778011  0.65778011  0.56467251  0.54547668  0.53606168  0.51758238  0.79014538  0.77708858  0.84479693  0.87370888  0.81696853  0.71504094  0.75164412  0.70323011  0.12871978  0.07151757  0.07151757  0.03251993  0.00000000  

