33
91_11_0    0.00000000  0.00000000  0.10310003  0.20152245  0.20152245  0.21569016  0.20857249  0.22287679  0.23013371  0.25989281  0.32325093  0.26752292  0.30689695  0.28302268  0.31502888  0.26752292  0.30689695  0.23746233  0.31502888  0.29885319  0.25989281  0.23746233  0.25234038  0.21569016  0.20152245  0.21569016  0.21569016  0.20857249  0.28302268  0.27523232  0.27523232  0.27523232  0.31502888  
48_11_0    0.00000000  0.00000000  0.10310003  0.20152245  0.20152245  0.21569016  0.20857249  0.22287679  0.23013371  0.25989281  0.32325093  0.26752292  0.30689695  0.28302268  0.31502888  0.26752292  0.30689695  0.23746233  0.31502888  0.29885319  0.25989281  0.23746233  0.25234038  0.21569016  0.20152245  0.21569016  0.21569016  0.20857249  0.28302268  0.27523232  0.27523232  0.27523232  0.31502888  
82_11_0    0.10310003  0.10310003  0.00000000  0.20152245  0.21569016  0.21569016  0.20857249  0.25989281  0.26752292  0.26752292  0.31502888  0.29089571  0.29885319  0.29885319  0.33997356  0.27523232  0.33156513  0.26752292  0.31502888  0.27523232  0.25989281  0.23746233  0.23746233  0.23013371  0.23013371  0.24486406  0.24486406  0.24486406  0.29885319  0.29885319  0.29089571  0.29089571  0.32325093  
48_9_0     0.20152245  0.20152245  0.20152245  0.00000000  0.01077303  0.01077303  0.00536696  0.18762024  0.19453878  0.18076562  0.29885319  0.21569016  0.24486406  0.27523232  0.25234038  0.23746233  0.29089571  0.20152245  0.22287679  0.20152245  0.20857249  0.21569016  0.18076562  0.16724351  0.16057377  0.17397376  0.17397376  0.15396346  0.25234038  0.25234038  0.23746233  0.23746233  0.23746233  
91_9_0     0.20152245  0.20152245  0.21569016  0.01077303  0.00000000  0.01077303  0.00536696  0.17397376  0.18076562  0.16724351  0.31502888  0.20152245  0.23013371  0.25989281  0.23746233  0.22287679  0.27523232  0.20152245  0.23746233  0.21569016  0.20857249  0.21569016  0.19453878  0.18076562  0.17397376  0.18762024  0.18762024  0.16724351  0.25989281  0.25989281  0.24486406  0.24486406  0.23013371  
48_12_0    0.21569016  0.21569016  0.21569016  0.01077303  0.01077303  0.00000000  0.00536696  0.17397376  0.18076562  0.16724351  0.31502888  0.21569016  0.24486406  0.27523232  0.25234038  0.23746233  0.29089571  0.21569016  0.23746233  0.21569016  0.22287679  0.23013371  0.19453878  0.18076562  0.17397376  0.18762024  0.18762024  0.16724351  0.26752292  0.26752292  0.25234038  0.25234038  0.23746233  
91_12_0    0.20857249  0.20857249  0.20857249  0.00536696  0.00536696  0.00536696  0.00000000  0.18076562  0.18762024  0.17397376  0.30689695  0.20857249  0.23746233  0.26752292  0.24486406  0.23013371  0.28302268  0.20857249  0.23013371  0.20857249  0.21569016  0.22287679  0.18762024  0.17397376  0.16724351  0.18076562  0.18076562  0.16057377  0.25989281  0.25989281  0.24486406  0.24486406  0.23013371  
91_0_0     0.22287679  0.22287679  0.25989281  0.18762024  0.17397376  0.17397376  0.18076562  0.00000000  0.00536696  0.09091097  0.32325093  0.24486406  0.30689695  0.29885319  0.30689695  0.26752292  0.29885319  0.27523232  0.29089571  0.29885319  0.26752292  0.27523232  0.24486406  0.23746233  0.23013371  0.23013371  0.23013371  0.22287679  0.29089571  0.26752292  0.25989281  0.25989281  0.29885319  
48_0_0     0.23013371  0.23013371  0.26752292  0.19453878  0.18076562  0.18076562  0.18762024  0.00536696  0.00000000  0.09698047  0.33156513  0.25234038  0.31502888  0.30689695  0.31502888  0.27523232  0.30689695  0.28302268  0.29885319  0.30689695  0.27523232  0.28302268  0.25234038  0.24486406  0.23746233  0.23746233  0.23746233  0.23013371  0.29885319  0.27523232  0.26752292  0.26752292  0.30689695  
82_0_0     0.25989281  0.25989281  0.26752292  0.18076562  0.16724351  0.16724351  0.17397376  0.09091097  0.09698047  0.00000000  0.32325093  0.23746233  0.26752292  0.30689695  0.30689695  0.25989281  0.32325093  0.28302268  0.28302268  0.25989281  0.28302268  0.25989281  0.24486406  0.21569016  0.21569016  0.23013371  0.23013371  0.20857249  0.31502888  0.29089571  0.28302268  0.28302268  0.30689695  
66_0_0     0.32325093  0.32325093  0.31502888  0.29885319  0.31502888  0.31502888  0.30689695  0.32325093  0.33156513  0.32325093  0.00000000  0.18762024  0.18762024  0.21569016  0.21569016  0.17397376  0.19453878  0.16057377  0.16057377  0.15396346  0.21569016  0.23013371  0.23746233  0.24486406  0.25234038  0.26752292  0.26752292  0.23013371  0.37459400  0.35708185  0.36578625  0.35708185  0.39252954  
29_4_0     0.26752292  0.26752292  0.29089571  0.21569016  0.20152245  0.21569016  0.20857249  0.24486406  0.25234038  0.23746233  0.18762024  0.00000000  0.07891893  0.10310003  0.07891893  0.06711767  0.09091097  0.10927050  0.12809593  0.12176756  0.20152245  0.21569016  0.20857249  0.23013371  0.21569016  0.23013371  0.23013371  0.21569016  0.33997356  0.30689695  0.29885319  0.29089571  0.32325093  
66_6_0     0.30689695  0.30689695  0.29885319  0.24486406  0.23013371  0.24486406  0.23746233  0.30689695  0.31502888  0.26752292  0.18762024  0.07891893  0.00000000  0.11549271  0.09091097  0.05550119  0.07299483  0.13447875  0.18076562  0.13447875  0.23013371  0.19453878  0.21569016  0.22287679  0.21569016  0.23013371  0.23013371  0.21569016  0.37459400  0.33997356  0.34847839  0.33997356  0.33997356  
55_6_0     0.28302268  0.28302268  0.29885319  0.27523232  0.25989281  0.27523232  0.26752292  0.29885319  0.30689695  0.30689695  0.21569016  0.10310003  0.11549271  0.00000000  0.10310003  0.10310003  0.14091696  0.13447875  0.19453878  0.18762024  0.23013371  0.25989281  0.25234038  0.27523232  0.24486406  0.25989281  0.25989281  0.24486406  0.34847839  0.33156513  0.32325093  0.31502888  0.34847839  
66_4_0     0.31502888  0.31502888  0.33997356  0.25234038  0.23746233  0.25234038  0.24486406  0.30689695  0.31502888  0.30689695  0.21569016  0.07891893  0.09091097  0.10310003  0.00000000  0.05550119  0.09698047  0.12176756  0.18076562  0.16057377  0.24486406  0.27523232  0.25234038  0.25989281  0.24486406  0.25989281  0.25989281  0.24486406  0.32325093  0.29089571  0.28302268  0.27523232  0.33997356  
66_8_0     0.26752292  0.26752292  0.27523232  0.23746233  0.22287679  0.23746233  0.23013371  0.26752292  0.27523232  0.25989281  0.17397376  0.06711767  0.05550119  0.10310003  0.05550119  0.00000000  0.06711767  0.09698047  0.15396346  0.12176756  0.20152245  0.21569016  0.22287679  0.21569016  0.20152245  0.21569016  0.21569016  0.21569016  0.33156513  0.28302268  0.29089571  0.28302268  0.31502888  
55_4_0     0.30689695  0.30689695  0.33156513  0.29089571  0.27523232  0.29089571  0.28302268  0.29885319  0.30689695  0.32325093  0.19453878  0.09091097  0.07299483  0.14091696  0.09698047  0.06711767  0.00000000  0.13447875  0.20152245  0.18076562  0.24486406  0.24486406  0.23013371  0.27523232  0.25989281  0.27523232  0.27523232  0.25989281  0.34847839  0.29885319  0.30689695  0.31502888  0.34847839  
88_4_0     0.23746233  0.23746233  0.26752292  0.20152245  0.20152245  0.21569016  0.20857249  0.27523232  0.28302268  0.28302268  0.16057377  0.10927050  0.13447875  0.13447875  0.12176756  0.09698047  0.13447875  0.00000000  0.12176756  0.10310003  0.18762024  0.20152245  0.20152245  0.23013371  0.22287679  0.23746233  0.23746233  0.20152245  0.33156513  0.29885319  0.30689695  0.29885319  0.30689695  
51_5_0     0.31502888  0.31502888  0.31502888  0.22287679  0.23746233  0.23746233  0.23013371  0.29089571  0.29885319  0.28302268  0.16057377  0.12809593  0.18076562  0.19453878  0.18076562  0.15396346  0.20152245  0.12176756  0.00000000  0.04976046  0.16057377  0.24486406  0.19453878  0.22287679  0.24486406  0.25989281  0.25989281  0.23746233  0.33997356  0.30689695  0.29885319  0.29089571  0.29885319  
51_4_0     0.29885319  0.29885319  0.27523232  0.20152245  0.21569016  0.21569016  0.20857249  0.29885319  0.30689695  0.25989281  0.15396346  0.12176756  0.13447875  0.18762024  0.16057377  0.12176756  0.18076562  0.10310003  0.04976046  0.00000000  0.16724351  0.20857249  0.16057377  0.21569016  0.21569016  0.23013371  0.23013371  0.20857249  0.36578625  0.31502888  0.32325093  0.31502888  0.30689695  
80_2_0     0.25989281  0.25989281  0.25989281  0.20857249  0.20857249  0.22287679  0.21569016  0.26752292  0.27523232  0.28302268  0.21569016  0.20152245  0.23013371  0.23013371  0.24486406  0.20152245  0.24486406  0.18762024  0.16057377  0.16724351  0.00000000  0.18762024  0.18076562  0.22287679  0.23013371  0.24486406  0.24486406  0.23746233  0.31502888  0.29885319  0.29089571  0.28302268  0.27523232  
80_1_0     0.23746233  0.23746233  0.23746233  0.21569016  0.21569016  0.23013371  0.22287679  0.27523232  0.28302268  0.25989281  0.23013371  0.21569016  0.19453878  0.25989281  0.27523232  0.21569016  0.24486406  0.20152245  0.24486406  0.20857249  0.18762024  0.00000000  0.18076562  0.23013371  0.21569016  0.21569016  0.21569016  0.20857249  0.29885319  0.29885319  0.29089571  0.28302268  0.33156513  
80_0_0     0.25234038  0.25234038  0.23746233  0.18076562  0.19453878  0.19453878  0.18762024  0.24486406  0.25234038  0.24486406  0.23746233  0.20857249  0.21569016  0.25234038  0.25234038  0.22287679  0.23013371  0.20152245  0.19453878  0.16057377  0.18076562  0.18076562  0.00000000  0.21569016  0.20152245  0.20152245  0.20152245  0.19453878  0.28302268  0.28302268  0.27523232  0.28302268  0.25234038  
63_0_0     0.21569016  0.21569016  0.23013371  0.16724351  0.18076562  0.18076562  0.17397376  0.23746233  0.24486406  0.21569016  0.24486406  0.23013371  0.22287679  0.27523232  0.25989281  0.21569016  0.27523232  0.23013371  0.22287679  0.21569016  0.22287679  0.23013371  0.21569016  0.00000000  0.03841056  0.04976046  0.04976046  0.04406381  0.25989281  0.24486406  0.25234038  0.25234038  0.23013371  
60_0_0     0.20152245  0.20152245  0.23013371  0.16057377  0.17397376  0.17397376  0.16724351  0.23013371  0.23746233  0.21569016  0.25234038  0.21569016  0.21569016  0.24486406  0.24486406  0.20152245  0.25989281  0.22287679  0.24486406  0.21569016  0.23013371  0.21569016  0.20152245  0.03841056  0.00000000  0.02170480  0.02170480  0.02723170  0.24486406  0.24486406  0.23746233  0.23746233  0.23746233  
74_0_0     0.21569016  0.21569016  0.24486406  0.17397376  0.18762024  0.18762024  0.18076562  0.23013371  0.23746233  0.23013371  0.26752292  0.23013371  0.23013371  0.25989281  0.25989281  0.21569016  0.27523232  0.23746233  0.25989281  0.23013371  0.24486406  0.21569016  0.20152245  0.04976046  0.02170480  0.00000000  0.00000000  0.03841056  0.27523232  0.27523232  0.26752292  0.26752292  0.25234038  
100_0_0    0.21569016  0.21569016  0.24486406  0.17397376  0.18762024  0.18762024  0.18076562  0.23013371  0.23746233  0.23013371  0.26752292  0.23013371  0.23013371  0.25989281  0.25989281  0.21569016  0.27523232  0.23746233  0.25989281  0.23013371  0.24486406  0.21569016  0.20152245  0.04976046  0.02170480  0.00000000  0.00000000  0.03841056  0.27523232  0.27523232  0.26752292  0.26752292  0.25234038  
25_0_0     0.20857249  0.20857249  0.24486406  0.15396346  0.16724351  0.16724351  0.16057377  0.22287679  0.23013371  0.20857249  0.23013371  0.21569016  0.21569016  0.24486406  0.24486406  0.21569016  0.25989281  0.20152245  0.23746233  0.20857249  0.23746233  0.20857249  0.19453878  0.04406381  0.02723170  0.03841056  0.03841056  0.00000000  0.24486406  0.24486406  0.23746233  0.23746233  0.25234038  
73_15_0    0.28302268  0.28302268  0.29885319  0.25234038  0.25989281  0.26752292  0.25989281  0.29089571  0.29885319  0.31502888  0.37459400  0.33997356  0.37459400  0.34847839  0.32325093  0.33156513  0.34847839  0.33156513  0.33997356  0.36578625  0.31502888  0.29885319  0.28302268  0.25989281  0.24486406  0.27523232  0.27523232  0.24486406  0.00000000  0.04406381  0.04406381  0.04976046  0.18076562  
85_15_0    0.27523232  0.27523232  0.29885319  0.25234038  0.25989281  0.26752292  0.25989281  0.26752292  0.27523232  0.29089571  0.35708185  0.30689695  0.33997356  0.33156513  0.29089571  0.28302268  0.29885319  0.29885319  0.30689695  0.31502888  0.29885319  0.29885319  0.28302268  0.24486406  0.24486406  0.27523232  0.27523232  0.24486406  0.04406381  0.00000000  0.02723170  0.02723170  0.16724351  
85_14_0    0.27523232  0.27523232  0.29089571  0.23746233  0.24486406  0.25234038  0.24486406  0.25989281  0.26752292  0.28302268  0.36578625  0.29885319  0.34847839  0.32325093  0.28302268  0.29089571  0.30689695  0.30689695  0.29885319  0.32325093  0.29089571  0.29089571  0.27523232  0.25234038  0.23746233  0.26752292  0.26752292  0.23746233  0.04406381  0.02723170  0.00000000  0.01077303  0.18762024  
73_14_0    0.27523232  0.27523232  0.29089571  0.23746233  0.24486406  0.25234038  0.24486406  0.25989281  0.26752292  0.28302268  0.35708185  0.29089571  0.33997356  0.31502888  0.27523232  0.28302268  0.31502888  0.29885319  0.29089571  0.31502888  0.28302268  0.28302268  0.28302268  0.25234038  0.23746233  0.26752292  0.26752292  0.23746233  0.04976046  0.02723170  0.01077303  0.00000000  0.18762024  
98_14_0    0.31502888  0.31502888  0.32325093  0.23746233  0.23013371  0.23746233  0.23013371  0.29885319  0.30689695  0.30689695  0.39252954  0.32325093  0.33997356  0.34847839  0.33997356  0.31502888  0.34847839  0.30689695  0.29885319  0.30689695  0.27523232  0.33156513  0.25234038  0.23013371  0.23746233  0.25234038  0.25234038  0.25234038  0.18076562  0.16724351  0.18762024  0.18762024  0.00000000  

