20
16_0_0     0.00000000  0.04083569  0.27774534  0.22215531  0.20451163  0.29723846  0.22215531  0.22215531  0.21328117  0.36979201  0.36979201  0.39189121  0.36979201  0.35898383  0.41466706  0.43816233  0.43816233  0.39189121  0.41466706  0.39189121  
17_0_0     0.04083569  0.00000000  0.25875000  0.18727675  0.17043214  0.25875000  0.20451163  0.20451163  0.19584428  0.34833043  0.34833043  0.36979201  0.33782745  0.34833043  0.38075955  0.39189121  0.39189121  0.36979201  0.41466706  0.39189121  
15_0_0     0.27774534  0.25875000  0.00000000  0.20451163  0.20451163  0.22215531  0.19584428  0.19584428  0.20451163  0.40319197  0.40319197  0.38075955  0.42632194  0.43816233  0.42632194  0.41466706  0.41466706  0.42632194  0.42632194  0.42632194  
14_0_0     0.22215531  0.18727675  0.20451163  0.00000000  0.01336437  0.10662710  0.07666599  0.07666599  0.08404390  0.40319197  0.40319197  0.41466706  0.39189121  0.41466706  0.46242394  0.41466706  0.41466706  0.40319197  0.41466706  0.40319197  
18_0_0     0.20451163  0.17043214  0.20451163  0.01336437  0.00000000  0.09902294  0.06212613  0.06212613  0.06936054  0.38075955  0.38075955  0.39189121  0.36979201  0.39189121  0.43816233  0.40319197  0.40319197  0.38075955  0.39189121  0.38075955  
13_0_0     0.29723846  0.25875000  0.22215531  0.10662710  0.09902294  0.00000000  0.09149572  0.09149572  0.09902294  0.46242394  0.46242394  0.42632194  0.41466706  0.45019423  0.51345834  0.47485807  0.47485807  0.46242394  0.47485807  0.46242394  
19_0_0     0.22215531  0.20451163  0.19584428  0.07666599  0.06212613  0.09149572  0.00000000  0.00000000  0.00665217  0.38075955  0.38075955  0.39189121  0.38075955  0.42632194  0.47485807  0.47485807  0.47485807  0.45019423  0.46242394  0.45019423  
12_0_0     0.22215531  0.20451163  0.19584428  0.07666599  0.06212613  0.09149572  0.00000000  0.00000000  0.00665217  0.38075955  0.38075955  0.39189121  0.38075955  0.42632194  0.47485807  0.47485807  0.47485807  0.45019423  0.46242394  0.45019423  
20_0_0     0.21328117  0.19584428  0.20451163  0.08404390  0.06936054  0.09902294  0.00665217  0.00665217  0.00000000  0.36979201  0.36979201  0.38075955  0.36979201  0.41466706  0.46242394  0.46242394  0.46242394  0.43816233  0.45019423  0.43816233  
4_0_0      0.36979201  0.34833043  0.40319197  0.40319197  0.38075955  0.46242394  0.38075955  0.38075955  0.36979201  0.00000000  0.00000000  0.06936054  0.11430980  0.12207267  0.14585950  0.20451163  0.20451163  0.11430980  0.15396053  0.13784575  
3_0_0      0.36979201  0.34833043  0.40319197  0.40319197  0.38075955  0.46242394  0.38075955  0.38075955  0.36979201  0.00000000  0.00000000  0.06936054  0.11430980  0.12207267  0.14585950  0.20451163  0.20451163  0.11430980  0.15396053  0.13784575  
5_0_0      0.39189121  0.36979201  0.38075955  0.41466706  0.39189121  0.42632194  0.39189121  0.39189121  0.38075955  0.06936054  0.06936054  0.00000000  0.14585950  0.13784575  0.13784575  0.19584428  0.19584428  0.09902294  0.12207267  0.12207267  
9_0_0      0.36979201  0.33782745  0.42632194  0.39189121  0.36979201  0.41466706  0.38075955  0.38075955  0.36979201  0.11430980  0.11430980  0.14585950  0.00000000  0.06212613  0.12207267  0.16215075  0.16215075  0.14585950  0.17043214  0.15396053  
1_0_0      0.35898383  0.34833043  0.43816233  0.41466706  0.39189121  0.45019423  0.42632194  0.42632194  0.41466706  0.12207267  0.12207267  0.13784575  0.06212613  0.00000000  0.11430980  0.18727675  0.18727675  0.13784575  0.16215075  0.14585950  
6_0_0      0.41466706  0.38075955  0.42632194  0.46242394  0.43816233  0.51345834  0.47485807  0.47485807  0.46242394  0.14585950  0.14585950  0.13784575  0.12207267  0.11430980  0.00000000  0.18727675  0.18727675  0.12991741  0.15396053  0.13784575  
8_0_0      0.43816233  0.39189121  0.41466706  0.41466706  0.40319197  0.47485807  0.47485807  0.47485807  0.46242394  0.20451163  0.20451163  0.19584428  0.16215075  0.18727675  0.18727675  0.00000000  0.00000000  0.17043214  0.18727675  0.17043214  
2_0_0      0.43816233  0.39189121  0.41466706  0.41466706  0.40319197  0.47485807  0.47485807  0.47485807  0.46242394  0.20451163  0.20451163  0.19584428  0.16215075  0.18727675  0.18727675  0.00000000  0.00000000  0.17043214  0.18727675  0.17043214  
10_0_0     0.39189121  0.36979201  0.42632194  0.40319197  0.38075955  0.46242394  0.45019423  0.45019423  0.43816233  0.11430980  0.11430980  0.09902294  0.14585950  0.13784575  0.12991741  0.17043214  0.17043214  0.00000000  0.06212613  0.04786502  
7_0_0      0.41466706  0.41466706  0.42632194  0.41466706  0.39189121  0.47485807  0.46242394  0.46242394  0.45019423  0.15396053  0.15396053  0.12207267  0.17043214  0.16215075  0.15396053  0.18727675  0.18727675  0.06212613  0.00000000  0.01336437  
11_0_0     0.39189121  0.39189121  0.42632194  0.40319197  0.38075955  0.46242394  0.45019423  0.45019423  0.43816233  0.13784575  0.13784575  0.12207267  0.15396053  0.14585950  0.13784575  0.17043214  0.17043214  0.04786502  0.01336437  0.00000000  

