53
46_15_0    0.00000000  0.50408764  0.50408764  0.52171148  0.55831407  0.50408764  0.50408764  0.55831407  0.65893503  0.57734055  0.52171148  0.53977930  0.55831407  0.55831407  0.55831407  0.59688554  0.55831407  0.55831407  0.50408764  0.50408764  0.53977930  0.61697811  0.39153590  0.37680746  0.37680746  0.40657315  0.43762784  0.43762784  0.40657315  0.57734055  0.55831407  0.57734055  0.57734055  0.55831407  0.57734055  0.39153590  0.37680746  0.39153590  0.39153590  0.36237539  0.36237539  0.37680746  0.48688649  0.47008823  0.52171148  0.52171148  0.50408764  0.50408764  0.52171148  0.52171148  0.50408764  0.52171148  0.52171148  
28_16_0    0.50408764  0.00000000  0.00000000  0.02633986  0.04445300  0.05368404  0.05368404  0.23208209  0.19720104  0.22026558  0.18594107  0.19720104  0.25631569  0.25631569  0.57734055  0.57734055  0.43762784  0.43762784  0.53977930  0.53977930  0.32074385  0.43762784  0.45367441  0.45367441  0.40657315  0.40657315  0.36237539  0.47008823  0.42193243  0.63764981  0.65893503  0.59688554  0.59688554  0.61697811  0.61697811  0.47008823  0.45367441  0.43762784  0.43762784  0.43762784  0.40657315  0.39153590  0.43762784  0.45367441  0.42193243  0.42193243  0.40657315  0.40657315  0.42193243  0.43762784  0.45367441  0.48688649  0.42193243  
11_16_0    0.50408764  0.00000000  0.00000000  0.02633986  0.04445300  0.05368404  0.05368404  0.23208209  0.19720104  0.22026558  0.18594107  0.19720104  0.25631569  0.25631569  0.57734055  0.57734055  0.43762784  0.43762784  0.53977930  0.53977930  0.32074385  0.43762784  0.45367441  0.45367441  0.40657315  0.40657315  0.36237539  0.47008823  0.42193243  0.63764981  0.65893503  0.59688554  0.59688554  0.61697811  0.61697811  0.47008823  0.45367441  0.43762784  0.43762784  0.43762784  0.40657315  0.39153590  0.43762784  0.45367441  0.42193243  0.42193243  0.40657315  0.40657315  0.42193243  0.43762784  0.45367441  0.48688649  0.42193243  
40_16_0    0.52171148  0.02633986  0.02633986  0.00000000  0.01745199  0.02633986  0.02633986  0.22026558  0.18594107  0.20864060  0.17485515  0.18594107  0.24409655  0.24409655  0.52171148  0.52171148  0.39153590  0.39153590  0.48688649  0.48688649  0.30738689  0.43762784  0.43762784  0.43762784  0.39153590  0.36237539  0.36237539  0.47008823  0.42193243  0.63764981  0.65893503  0.59688554  0.59688554  0.61697811  0.61697811  0.42193243  0.40657315  0.42193243  0.39153590  0.42193243  0.39153590  0.37680746  0.45367441  0.47008823  0.40657315  0.40657315  0.39153590  0.39153590  0.40657315  0.42193243  0.43762784  0.47008823  0.40657315  
34_16_0    0.55831407  0.04445300  0.04445300  0.01745199  0.00000000  0.04445300  0.04445300  0.24409655  0.18594107  0.23208209  0.19720104  0.20864060  0.26874662  0.26874662  0.55831407  0.55831407  0.39153590  0.39153590  0.45367441  0.45367441  0.30738689  0.47008823  0.43762784  0.43762784  0.39153590  0.36237539  0.36237539  0.43762784  0.42193243  0.61697811  0.63764981  0.57734055  0.57734055  0.59688554  0.59688554  0.39153590  0.37680746  0.39153590  0.36237539  0.39153590  0.39153590  0.37680746  0.45367441  0.47008823  0.40657315  0.40657315  0.39153590  0.39153590  0.40657315  0.42193243  0.43762784  0.47008823  0.40657315  
24_16_0    0.50408764  0.05368404  0.05368404  0.02633986  0.04445300  0.00000000  0.01745199  0.23208209  0.22026558  0.24409655  0.20864060  0.22026558  0.28139681  0.28139681  0.53977930  0.50408764  0.40657315  0.40657315  0.50408764  0.50408764  0.29427413  0.39153590  0.45367441  0.45367441  0.40657315  0.37680746  0.37680746  0.45367441  0.43762784  0.68087131  0.65893503  0.59688554  0.59688554  0.61697811  0.61697811  0.40657315  0.39153590  0.40657315  0.37680746  0.37680746  0.37680746  0.36237539  0.43762784  0.45367441  0.39153590  0.39153590  0.37680746  0.37680746  0.39153590  0.40657315  0.42193243  0.45367441  0.39153590  
8_16_0     0.50408764  0.05368404  0.05368404  0.02633986  0.04445300  0.01745199  0.00000000  0.25631569  0.22026558  0.24409655  0.20864060  0.22026558  0.25631569  0.25631569  0.53977930  0.50408764  0.40657315  0.40657315  0.50408764  0.50408764  0.30738689  0.42193243  0.45367441  0.45367441  0.40657315  0.37680746  0.37680746  0.45367441  0.43762784  0.68087131  0.65893503  0.63764981  0.63764981  0.65893503  0.65893503  0.40657315  0.39153590  0.40657315  0.37680746  0.37680746  0.37680746  0.36237539  0.43762784  0.45367441  0.39153590  0.39153590  0.37680746  0.37680746  0.39153590  0.40657315  0.42193243  0.45367441  0.39153590  
8_20_0     0.55831407  0.23208209  0.23208209  0.22026558  0.24409655  0.23208209  0.25631569  0.00000000  0.06303544  0.06303544  0.05368404  0.04445300  0.09184425  0.09184425  0.48688649  0.48688649  0.36237539  0.36237539  0.50408764  0.50408764  0.39153590  0.47008823  0.50408764  0.47008823  0.43762784  0.40657315  0.45367441  0.57734055  0.53977930  0.57734055  0.59688554  0.53977930  0.57734055  0.59688554  0.52171148  0.59688554  0.57734055  0.55831407  0.55831407  0.55831407  0.52171148  0.50408764  0.59688554  0.59688554  0.55831407  0.55831407  0.53977930  0.53977930  0.55831407  0.59688554  0.55831407  0.59688554  0.53977930  
24_20_0    0.65893503  0.19720104  0.19720104  0.18594107  0.18594107  0.22026558  0.22026558  0.06303544  0.00000000  0.07251038  0.06303544  0.05368404  0.10171019  0.10171019  0.50408764  0.50408764  0.40657315  0.40657315  0.48688649  0.48688649  0.37680746  0.52171148  0.48688649  0.48688649  0.48688649  0.45367441  0.50408764  0.59688554  0.55831407  0.53977930  0.55831407  0.52171148  0.52171148  0.53977930  0.50408764  0.57734055  0.55831407  0.57734055  0.57734055  0.57734055  0.57734055  0.55831407  0.57734055  0.57734055  0.55831407  0.55831407  0.53977930  0.53977930  0.55831407  0.59688554  0.55831407  0.55831407  0.53977930  
48_20_0    0.57734055  0.22026558  0.22026558  0.20864060  0.23208209  0.24409655  0.24409655  0.06303544  0.07251038  0.00000000  0.06303544  0.05368404  0.10171019  0.10171019  0.53977930  0.53977930  0.40657315  0.40657315  0.55831407  0.55831407  0.43762784  0.52171148  0.55831407  0.55831407  0.52171148  0.48688649  0.53977930  0.59688554  0.55831407  0.52171148  0.53977930  0.55831407  0.59688554  0.61697811  0.61697811  0.65893503  0.63764981  0.61697811  0.61697811  0.61697811  0.57734055  0.55831407  0.59688554  0.59688554  0.61697811  0.61697811  0.59688554  0.59688554  0.61697811  0.65893503  0.61697811  0.65893503  0.59688554  
40_20_0    0.52171148  0.18594107  0.18594107  0.17485515  0.19720104  0.20864060  0.20864060  0.05368404  0.06303544  0.06303544  0.00000000  0.00867292  0.07251038  0.07251038  0.52171148  0.52171148  0.45367441  0.45367441  0.53977930  0.53977930  0.39153590  0.53977930  0.53977930  0.50408764  0.50408764  0.47008823  0.45367441  0.61697811  0.47008823  0.57734055  0.59688554  0.55831407  0.55831407  0.57734055  0.57734055  0.55831407  0.53977930  0.55831407  0.55831407  0.55831407  0.55831407  0.53977930  0.65893503  0.65893503  0.57734055  0.57734055  0.55831407  0.55831407  0.57734055  0.61697811  0.57734055  0.61697811  0.55831407  
34_20_0    0.53977930  0.19720104  0.19720104  0.18594107  0.20864060  0.22026558  0.22026558  0.04445300  0.05368404  0.05368404  0.00867292  0.00000000  0.06303544  0.06303544  0.50408764  0.50408764  0.43762784  0.43762784  0.55831407  0.55831407  0.40657315  0.52171148  0.52171148  0.48688649  0.48688649  0.45367441  0.47008823  0.63764981  0.48688649  0.55831407  0.57734055  0.53977930  0.57734055  0.59688554  0.55831407  0.57734055  0.55831407  0.57734055  0.57734055  0.57734055  0.57734055  0.55831407  0.63764981  0.63764981  0.59688554  0.59688554  0.57734055  0.57734055  0.59688554  0.63764981  0.59688554  0.63764981  0.57734055  
11_20_0    0.55831407  0.25631569  0.25631569  0.24409655  0.26874662  0.28139681  0.25631569  0.09184425  0.10171019  0.10171019  0.07251038  0.06303544  0.00000000  0.00000000  0.55831407  0.55831407  0.42193243  0.42193243  0.57734055  0.57734055  0.40657315  0.53977930  0.53977930  0.50408764  0.43762784  0.40657315  0.45367441  0.61697811  0.50408764  0.57734055  0.59688554  0.55831407  0.59688554  0.61697811  0.57734055  0.59688554  0.57734055  0.59688554  0.59688554  0.59688554  0.52171148  0.53977930  0.61697811  0.61697811  0.57734055  0.57734055  0.55831407  0.55831407  0.57734055  0.61697811  0.57734055  0.61697811  0.59688554  
28_20_0    0.55831407  0.25631569  0.25631569  0.24409655  0.26874662  0.28139681  0.25631569  0.09184425  0.10171019  0.10171019  0.07251038  0.06303544  0.00000000  0.00000000  0.55831407  0.55831407  0.42193243  0.42193243  0.57734055  0.57734055  0.40657315  0.53977930  0.53977930  0.50408764  0.43762784  0.40657315  0.45367441  0.61697811  0.50408764  0.57734055  0.59688554  0.55831407  0.59688554  0.61697811  0.57734055  0.59688554  0.57734055  0.59688554  0.59688554  0.59688554  0.52171148  0.53977930  0.61697811  0.61697811  0.57734055  0.57734055  0.55831407  0.55831407  0.57734055  0.61697811  0.57734055  0.61697811  0.59688554  
25_0_0     0.55831407  0.57734055  0.57734055  0.52171148  0.55831407  0.53977930  0.53977930  0.48688649  0.50408764  0.53977930  0.52171148  0.50408764  0.55831407  0.55831407  0.00000000  0.01745199  0.25631569  0.25631569  0.24409655  0.24409655  0.53977930  0.43762784  0.36237539  0.37680746  0.36237539  0.33435429  0.42193243  0.48688649  0.40657315  0.55831407  0.57734055  0.63764981  0.68087131  0.70349972  0.63764981  0.47008823  0.48688649  0.52171148  0.52171148  0.52171148  0.52171148  0.50408764  0.53977930  0.55831407  0.65893503  0.65893503  0.61697811  0.61697811  0.59688554  0.59688554  0.55831407  0.59688554  0.53977930  
52_0_0     0.59688554  0.57734055  0.57734055  0.52171148  0.55831407  0.50408764  0.50408764  0.48688649  0.50408764  0.53977930  0.52171148  0.50408764  0.55831407  0.55831407  0.01745199  0.00000000  0.25631569  0.25631569  0.26874662  0.26874662  0.50408764  0.40657315  0.39153590  0.40657315  0.39153590  0.36237539  0.45367441  0.52171148  0.43762784  0.53977930  0.55831407  0.61697811  0.65893503  0.68087131  0.61697811  0.47008823  0.48688649  0.52171148  0.52171148  0.52171148  0.52171148  0.50408764  0.53977930  0.55831407  0.61697811  0.61697811  0.57734055  0.57734055  0.55831407  0.59688554  0.55831407  0.59688554  0.53977930  
52_19_0    0.55831407  0.43762784  0.43762784  0.39153590  0.39153590  0.40657315  0.40657315  0.36237539  0.40657315  0.40657315  0.45367441  0.43762784  0.42193243  0.42193243  0.25631569  0.25631569  0.00000000  0.00000000  0.16393797  0.16393797  0.33435429  0.36237539  0.30738689  0.30738689  0.30738689  0.28139681  0.33435429  0.42193243  0.37680746  0.59688554  0.61697811  0.55831407  0.59688554  0.61697811  0.52171148  0.42193243  0.40657315  0.40657315  0.40657315  0.40657315  0.37680746  0.36237539  0.40657315  0.39153590  0.34822800  0.34822800  0.34822800  0.34822800  0.33435429  0.33435429  0.33435429  0.36237539  0.36237539  
25_19_0    0.55831407  0.43762784  0.43762784  0.39153590  0.39153590  0.40657315  0.40657315  0.36237539  0.40657315  0.40657315  0.45367441  0.43762784  0.42193243  0.42193243  0.25631569  0.25631569  0.00000000  0.00000000  0.16393797  0.16393797  0.33435429  0.36237539  0.30738689  0.30738689  0.30738689  0.28139681  0.33435429  0.42193243  0.37680746  0.59688554  0.61697811  0.55831407  0.59688554  0.61697811  0.52171148  0.42193243  0.40657315  0.40657315  0.40657315  0.40657315  0.37680746  0.36237539  0.40657315  0.39153590  0.34822800  0.34822800  0.34822800  0.34822800  0.33435429  0.33435429  0.33435429  0.36237539  0.36237539  
52_18_0    0.50408764  0.53977930  0.53977930  0.48688649  0.45367441  0.50408764  0.50408764  0.50408764  0.48688649  0.55831407  0.53977930  0.55831407  0.57734055  0.57734055  0.24409655  0.26874662  0.16393797  0.16393797  0.00000000  0.00000000  0.37680746  0.45367441  0.36237539  0.37680746  0.40657315  0.37680746  0.40657315  0.37680746  0.39153590  0.55831407  0.53977930  0.57734055  0.53977930  0.52171148  0.50408764  0.40657315  0.42193243  0.42193243  0.39153590  0.42193243  0.45367441  0.43762784  0.47008823  0.45367441  0.45367441  0.45367441  0.45367441  0.45367441  0.43762784  0.43762784  0.40657315  0.40657315  0.43762784  
25_18_0    0.50408764  0.53977930  0.53977930  0.48688649  0.45367441  0.50408764  0.50408764  0.50408764  0.48688649  0.55831407  0.53977930  0.55831407  0.57734055  0.57734055  0.24409655  0.26874662  0.16393797  0.16393797  0.00000000  0.00000000  0.37680746  0.45367441  0.36237539  0.37680746  0.40657315  0.37680746  0.40657315  0.37680746  0.39153590  0.55831407  0.53977930  0.57734055  0.53977930  0.52171148  0.50408764  0.40657315  0.42193243  0.42193243  0.39153590  0.42193243  0.45367441  0.43762784  0.47008823  0.45367441  0.45367441  0.45367441  0.45367441  0.45367441  0.43762784  0.43762784  0.40657315  0.40657315  0.43762784  
43_4_0     0.53977930  0.32074385  0.32074385  0.30738689  0.30738689  0.29427413  0.30738689  0.39153590  0.37680746  0.43762784  0.39153590  0.40657315  0.40657315  0.40657315  0.53977930  0.50408764  0.33435429  0.33435429  0.37680746  0.37680746  0.00000000  0.40657315  0.34822800  0.34822800  0.37680746  0.34822800  0.34822800  0.40657315  0.33435429  0.53977930  0.59688554  0.53977930  0.50408764  0.52171148  0.47008823  0.36237539  0.34822800  0.33435429  0.33435429  0.33435429  0.33435429  0.32074385  0.34822800  0.36237539  0.33435429  0.33435429  0.34822800  0.34822800  0.36237539  0.36237539  0.39153590  0.36237539  0.36237539  
43_5_0     0.61697811  0.43762784  0.43762784  0.43762784  0.47008823  0.39153590  0.42193243  0.47008823  0.52171148  0.52171148  0.53977930  0.52171148  0.53977930  0.53977930  0.43762784  0.40657315  0.36237539  0.36237539  0.45367441  0.45367441  0.40657315  0.00000000  0.36237539  0.33435429  0.32074385  0.32074385  0.42193243  0.40657315  0.52171148  0.59688554  0.61697811  0.70349972  0.75101795  0.77601228  0.70349972  0.48688649  0.50408764  0.48688649  0.45367441  0.48688649  0.48688649  0.47008823  0.36237539  0.37680746  0.45367441  0.45367441  0.42193243  0.42193243  0.42193243  0.45367441  0.45367441  0.45367441  0.42193243  
12_8_0     0.39153590  0.45367441  0.45367441  0.43762784  0.43762784  0.45367441  0.45367441  0.50408764  0.48688649  0.55831407  0.53977930  0.52171148  0.53977930  0.53977930  0.36237539  0.39153590  0.30738689  0.30738689  0.36237539  0.36237539  0.34822800  0.36237539  0.00000000  0.01745199  0.09184425  0.11171375  0.26874662  0.29427413  0.33435429  0.53977930  0.59688554  0.43762784  0.43762784  0.45367441  0.40657315  0.32074385  0.30738689  0.32074385  0.32074385  0.32074385  0.32074385  0.30738689  0.42193243  0.43762784  0.40657315  0.40657315  0.39153590  0.39153590  0.37680746  0.37680746  0.37680746  0.37680746  0.33435429  
13_8_0     0.37680746  0.45367441  0.45367441  0.43762784  0.43762784  0.45367441  0.45367441  0.47008823  0.48688649  0.55831407  0.50408764  0.48688649  0.50408764  0.50408764  0.37680746  0.40657315  0.30738689  0.30738689  0.37680746  0.37680746  0.34822800  0.33435429  0.01745199  0.00000000  0.07251038  0.09184425  0.24409655  0.30738689  0.32074385  0.55831407  0.61697811  0.47008823  0.47008823  0.48688649  0.43762784  0.29427413  0.28139681  0.29427413  0.29427413  0.29427413  0.29427413  0.28139681  0.43762784  0.45367441  0.40657315  0.40657315  0.39153590  0.39153590  0.37680746  0.37680746  0.37680746  0.37680746  0.33435429  
12_3_0     0.37680746  0.40657315  0.40657315  0.39153590  0.39153590  0.40657315  0.40657315  0.43762784  0.48688649  0.52171148  0.50408764  0.48688649  0.43762784  0.43762784  0.36237539  0.39153590  0.30738689  0.30738689  0.40657315  0.40657315  0.37680746  0.32074385  0.09184425  0.07251038  0.00000000  0.01745199  0.20864060  0.26874662  0.36237539  0.57734055  0.63764981  0.40657315  0.43762784  0.45367441  0.43762784  0.26874662  0.25631569  0.26874662  0.26874662  0.26874662  0.24409655  0.23208209  0.40657315  0.42193243  0.39153590  0.39153590  0.37680746  0.37680746  0.39153590  0.39153590  0.39153590  0.42193243  0.34822800  
13_3_0     0.40657315  0.40657315  0.40657315  0.36237539  0.36237539  0.37680746  0.37680746  0.40657315  0.45367441  0.48688649  0.47008823  0.45367441  0.40657315  0.40657315  0.33435429  0.36237539  0.28139681  0.28139681  0.37680746  0.37680746  0.34822800  0.32074385  0.11171375  0.09184425  0.01745199  0.00000000  0.19720104  0.25631569  0.34822800  0.55831407  0.61697811  0.42193243  0.45367441  0.47008823  0.45367441  0.24409655  0.23208209  0.24409655  0.24409655  0.24409655  0.22026558  0.20864060  0.40657315  0.42193243  0.39153590  0.39153590  0.37680746  0.37680746  0.39153590  0.39153590  0.39153590  0.42193243  0.34822800  
43_6_0     0.43762784  0.36237539  0.36237539  0.36237539  0.36237539  0.37680746  0.37680746  0.45367441  0.50408764  0.53977930  0.45367441  0.47008823  0.45367441  0.45367441  0.42193243  0.45367441  0.33435429  0.33435429  0.40657315  0.40657315  0.34822800  0.42193243  0.26874662  0.24409655  0.20864060  0.19720104  0.00000000  0.14258984  0.15318448  0.48688649  0.50408764  0.39153590  0.39153590  0.40657315  0.42193243  0.25631569  0.24409655  0.23208209  0.25631569  0.23208209  0.20864060  0.19720104  0.40657315  0.42193243  0.37680746  0.37680746  0.36237539  0.36237539  0.34822800  0.32074385  0.34822800  0.37680746  0.32074385  
43_7_0     0.43762784  0.47008823  0.47008823  0.47008823  0.43762784  0.45367441  0.45367441  0.57734055  0.59688554  0.59688554  0.61697811  0.63764981  0.61697811  0.61697811  0.48688649  0.52171148  0.42193243  0.42193243  0.37680746  0.37680746  0.40657315  0.40657315  0.29427413  0.30738689  0.26874662  0.25631569  0.14258984  0.00000000  0.25631569  0.47008823  0.45367441  0.37680746  0.37680746  0.36237539  0.43762784  0.32074385  0.30738689  0.26874662  0.29427413  0.26874662  0.29427413  0.28139681  0.33435429  0.34822800  0.43762784  0.43762784  0.42193243  0.42193243  0.40657315  0.40657315  0.40657315  0.40657315  0.37680746  
43_2_0     0.40657315  0.42193243  0.42193243  0.42193243  0.42193243  0.43762784  0.43762784  0.53977930  0.55831407  0.55831407  0.47008823  0.48688649  0.50408764  0.50408764  0.40657315  0.43762784  0.37680746  0.37680746  0.39153590  0.39153590  0.33435429  0.52171148  0.33435429  0.32074385  0.36237539  0.34822800  0.15318448  0.25631569  0.00000000  0.42193243  0.47008823  0.43762784  0.40657315  0.42193243  0.43762784  0.30738689  0.29427413  0.28139681  0.30738689  0.28139681  0.28139681  0.26874662  0.42193243  0.40657315  0.39153590  0.39153590  0.37680746  0.37680746  0.36237539  0.33435429  0.36237539  0.36237539  0.33435429  
13_2_0     0.57734055  0.63764981  0.63764981  0.63764981  0.61697811  0.68087131  0.68087131  0.57734055  0.53977930  0.52171148  0.57734055  0.55831407  0.57734055  0.57734055  0.55831407  0.53977930  0.59688554  0.59688554  0.55831407  0.55831407  0.53977930  0.59688554  0.53977930  0.55831407  0.57734055  0.55831407  0.48688649  0.47008823  0.42193243  0.00000000  0.02633986  0.32074385  0.32074385  0.33435429  0.29427413  0.50408764  0.52171148  0.52171148  0.52171148  0.55831407  0.53977930  0.55831407  0.61697811  0.63764981  0.63764981  0.63764981  0.61697811  0.61697811  0.63764981  0.68087131  0.63764981  0.65893503  0.72686538  
12_2_0     0.55831407  0.65893503  0.65893503  0.65893503  0.63764981  0.65893503  0.65893503  0.59688554  0.55831407  0.53977930  0.59688554  0.57734055  0.59688554  0.59688554  0.57734055  0.55831407  0.61697811  0.61697811  0.53977930  0.53977930  0.59688554  0.61697811  0.59688554  0.61697811  0.63764981  0.61697811  0.50408764  0.45367441  0.47008823  0.02633986  0.00000000  0.30738689  0.30738689  0.32074385  0.28139681  0.53977930  0.55831407  0.57734055  0.57734055  0.57734055  0.59688554  0.61697811  0.63764981  0.65893503  0.70349972  0.70349972  0.68087131  0.68087131  0.70349972  0.75101795  0.70349972  0.72686538  0.80190917  
12_10_0    0.57734055  0.59688554  0.59688554  0.59688554  0.57734055  0.59688554  0.63764981  0.53977930  0.52171148  0.55831407  0.55831407  0.53977930  0.55831407  0.55831407  0.63764981  0.61697811  0.55831407  0.55831407  0.57734055  0.57734055  0.53977930  0.70349972  0.43762784  0.47008823  0.40657315  0.42193243  0.39153590  0.37680746  0.43762784  0.32074385  0.30738689  0.00000000  0.01745199  0.02633986  0.03533925  0.55831407  0.53977930  0.53977930  0.57734055  0.53977930  0.52171148  0.53977930  0.63764981  0.61697811  0.52171148  0.52171148  0.50408764  0.50408764  0.52171148  0.55831407  0.52171148  0.57734055  0.53977930  
13_13_0    0.57734055  0.59688554  0.59688554  0.59688554  0.57734055  0.59688554  0.63764981  0.57734055  0.52171148  0.59688554  0.55831407  0.57734055  0.59688554  0.59688554  0.68087131  0.65893503  0.59688554  0.59688554  0.53977930  0.53977930  0.50408764  0.75101795  0.43762784  0.47008823  0.43762784  0.45367441  0.39153590  0.37680746  0.40657315  0.32074385  0.30738689  0.01745199  0.00000000  0.00867292  0.03533925  0.52171148  0.50408764  0.50408764  0.53977930  0.50408764  0.48688649  0.50408764  0.63764981  0.61697811  0.52171148  0.52171148  0.50408764  0.50408764  0.52171148  0.55831407  0.52171148  0.53977930  0.53977930  
13_12_0    0.55831407  0.61697811  0.61697811  0.61697811  0.59688554  0.61697811  0.65893503  0.59688554  0.53977930  0.61697811  0.57734055  0.59688554  0.61697811  0.61697811  0.70349972  0.68087131  0.61697811  0.61697811  0.52171148  0.52171148  0.52171148  0.77601228  0.45367441  0.48688649  0.45367441  0.47008823  0.40657315  0.36237539  0.42193243  0.33435429  0.32074385  0.02633986  0.00867292  0.00000000  0.04445300  0.53977930  0.52171148  0.52171148  0.55831407  0.52171148  0.50408764  0.52171148  0.65893503  0.63764981  0.53977930  0.53977930  0.52171148  0.52171148  0.53977930  0.57734055  0.53977930  0.55831407  0.55831407  
13_10_0    0.57734055  0.61697811  0.61697811  0.61697811  0.59688554  0.61697811  0.65893503  0.52171148  0.50408764  0.61697811  0.57734055  0.55831407  0.57734055  0.57734055  0.63764981  0.61697811  0.52171148  0.52171148  0.50408764  0.50408764  0.47008823  0.70349972  0.40657315  0.43762784  0.43762784  0.45367441  0.42193243  0.43762784  0.43762784  0.29427413  0.28139681  0.03533925  0.03533925  0.04445300  0.00000000  0.55831407  0.53977930  0.53977930  0.57734055  0.53977930  0.52171148  0.53977930  0.59688554  0.57734055  0.53977930  0.53977930  0.52171148  0.52171148  0.53977930  0.57734055  0.53977930  0.55831407  0.55831407  
28_21_0    0.39153590  0.47008823  0.47008823  0.42193243  0.39153590  0.40657315  0.40657315  0.59688554  0.57734055  0.65893503  0.55831407  0.57734055  0.59688554  0.59688554  0.47008823  0.47008823  0.42193243  0.42193243  0.40657315  0.40657315  0.36237539  0.48688649  0.32074385  0.29427413  0.26874662  0.24409655  0.25631569  0.32074385  0.30738689  0.50408764  0.53977930  0.55831407  0.52171148  0.53977930  0.55831407  0.00000000  0.00867292  0.03533925  0.03533925  0.05368404  0.07251038  0.06303544  0.36237539  0.37680746  0.39153590  0.39153590  0.37680746  0.37680746  0.39153590  0.36237539  0.39153590  0.39153590  0.36237539  
11_21_0    0.37680746  0.45367441  0.45367441  0.40657315  0.37680746  0.39153590  0.39153590  0.57734055  0.55831407  0.63764981  0.53977930  0.55831407  0.57734055  0.57734055  0.48688649  0.48688649  0.40657315  0.40657315  0.42193243  0.42193243  0.34822800  0.50408764  0.30738689  0.28139681  0.25631569  0.23208209  0.24409655  0.30738689  0.29427413  0.52171148  0.55831407  0.53977930  0.50408764  0.52171148  0.53977930  0.00867292  0.00000000  0.02633986  0.02633986  0.04445300  0.06303544  0.05368404  0.34822800  0.36237539  0.37680746  0.37680746  0.36237539  0.36237539  0.37680746  0.34822800  0.37680746  0.37680746  0.34822800  
34_21_0    0.39153590  0.43762784  0.43762784  0.42193243  0.39153590  0.40657315  0.40657315  0.55831407  0.57734055  0.61697811  0.55831407  0.57734055  0.59688554  0.59688554  0.52171148  0.52171148  0.40657315  0.40657315  0.42193243  0.42193243  0.33435429  0.48688649  0.32074385  0.29427413  0.26874662  0.24409655  0.23208209  0.26874662  0.28139681  0.52171148  0.57734055  0.53977930  0.50408764  0.52171148  0.53977930  0.03533925  0.02633986  0.00000000  0.01745199  0.01745199  0.03533925  0.02633986  0.30738689  0.32074385  0.37680746  0.37680746  0.36237539  0.36237539  0.37680746  0.34822800  0.37680746  0.37680746  0.34822800  
40_21_0    0.39153590  0.43762784  0.43762784  0.39153590  0.36237539  0.37680746  0.37680746  0.55831407  0.57734055  0.61697811  0.55831407  0.57734055  0.59688554  0.59688554  0.52171148  0.52171148  0.40657315  0.40657315  0.39153590  0.39153590  0.33435429  0.45367441  0.32074385  0.29427413  0.26874662  0.24409655  0.25631569  0.29427413  0.30738689  0.52171148  0.57734055  0.57734055  0.53977930  0.55831407  0.57734055  0.03533925  0.02633986  0.01745199  0.00000000  0.03533925  0.05368404  0.04445300  0.30738689  0.32074385  0.34822800  0.34822800  0.33435429  0.33435429  0.34822800  0.32074385  0.34822800  0.34822800  0.32074385  
48_21_0    0.36237539  0.43762784  0.43762784  0.42193243  0.39153590  0.37680746  0.37680746  0.55831407  0.57734055  0.61697811  0.55831407  0.57734055  0.59688554  0.59688554  0.52171148  0.52171148  0.40657315  0.40657315  0.42193243  0.42193243  0.33435429  0.48688649  0.32074385  0.29427413  0.26874662  0.24409655  0.23208209  0.26874662  0.28139681  0.55831407  0.57734055  0.53977930  0.50408764  0.52171148  0.53977930  0.05368404  0.04445300  0.01745199  0.03533925  0.00000000  0.03533925  0.02633986  0.30738689  0.32074385  0.37680746  0.37680746  0.36237539  0.36237539  0.37680746  0.34822800  0.37680746  0.37680746  0.34822800  
24_21_0    0.36237539  0.40657315  0.40657315  0.39153590  0.39153590  0.37680746  0.37680746  0.52171148  0.57734055  0.57734055  0.55831407  0.57734055  0.52171148  0.52171148  0.52171148  0.52171148  0.37680746  0.37680746  0.45367441  0.45367441  0.33435429  0.48688649  0.32074385  0.29427413  0.24409655  0.22026558  0.20864060  0.29427413  0.28139681  0.53977930  0.59688554  0.52171148  0.48688649  0.50408764  0.52171148  0.07251038  0.06303544  0.03533925  0.05368404  0.03533925  0.00000000  0.00867292  0.33435429  0.34822800  0.32074385  0.32074385  0.30738689  0.30738689  0.32074385  0.29427413  0.32074385  0.32074385  0.32074385  
8_21_0     0.37680746  0.39153590  0.39153590  0.37680746  0.37680746  0.36237539  0.36237539  0.50408764  0.55831407  0.55831407  0.53977930  0.55831407  0.53977930  0.53977930  0.50408764  0.50408764  0.36237539  0.36237539  0.43762784  0.43762784  0.32074385  0.47008823  0.30738689  0.28139681  0.23208209  0.20864060  0.19720104  0.28139681  0.26874662  0.55831407  0.61697811  0.53977930  0.50408764  0.52171148  0.53977930  0.06303544  0.05368404  0.02633986  0.04445300  0.02633986  0.00867292  0.00000000  0.32074385  0.33435429  0.33435429  0.33435429  0.32074385  0.32074385  0.33435429  0.30738689  0.33435429  0.33435429  0.30738689  
25_2_0     0.48688649  0.43762784  0.43762784  0.45367441  0.45367441  0.43762784  0.43762784  0.59688554  0.57734055  0.59688554  0.65893503  0.63764981  0.61697811  0.61697811  0.53977930  0.53977930  0.40657315  0.40657315  0.47008823  0.47008823  0.34822800  0.36237539  0.42193243  0.43762784  0.40657315  0.40657315  0.40657315  0.33435429  0.42193243  0.61697811  0.63764981  0.63764981  0.63764981  0.65893503  0.59688554  0.36237539  0.34822800  0.30738689  0.30738689  0.30738689  0.33435429  0.32074385  0.00000000  0.00867292  0.45367441  0.45367441  0.43762784  0.43762784  0.45367441  0.45367441  0.48688649  0.45367441  0.45367441  
52_2_0     0.47008823  0.45367441  0.45367441  0.47008823  0.47008823  0.45367441  0.45367441  0.59688554  0.57734055  0.59688554  0.65893503  0.63764981  0.61697811  0.61697811  0.55831407  0.55831407  0.39153590  0.39153590  0.45367441  0.45367441  0.36237539  0.37680746  0.43762784  0.45367441  0.42193243  0.42193243  0.42193243  0.34822800  0.40657315  0.63764981  0.65893503  0.61697811  0.61697811  0.63764981  0.57734055  0.37680746  0.36237539  0.32074385  0.32074385  0.32074385  0.34822800  0.33435429  0.00867292  0.00000000  0.43762784  0.43762784  0.42193243  0.42193243  0.43762784  0.43762784  0.47008823  0.43762784  0.43762784  
11_2_0     0.52171148  0.42193243  0.42193243  0.40657315  0.40657315  0.39153590  0.39153590  0.55831407  0.55831407  0.61697811  0.57734055  0.59688554  0.57734055  0.57734055  0.65893503  0.61697811  0.34822800  0.34822800  0.45367441  0.45367441  0.33435429  0.45367441  0.40657315  0.40657315  0.39153590  0.39153590  0.37680746  0.43762784  0.39153590  0.63764981  0.70349972  0.52171148  0.52171148  0.53977930  0.53977930  0.39153590  0.37680746  0.37680746  0.34822800  0.37680746  0.32074385  0.33435429  0.45367441  0.43762784  0.00000000  0.00000000  0.01745199  0.01745199  0.02633986  0.05368404  0.06303544  0.07251038  0.08211217  
28_2_0     0.52171148  0.42193243  0.42193243  0.40657315  0.40657315  0.39153590  0.39153590  0.55831407  0.55831407  0.61697811  0.57734055  0.59688554  0.57734055  0.57734055  0.65893503  0.61697811  0.34822800  0.34822800  0.45367441  0.45367441  0.33435429  0.45367441  0.40657315  0.40657315  0.39153590  0.39153590  0.37680746  0.43762784  0.39153590  0.63764981  0.70349972  0.52171148  0.52171148  0.53977930  0.53977930  0.39153590  0.37680746  0.37680746  0.34822800  0.37680746  0.32074385  0.33435429  0.45367441  0.43762784  0.00000000  0.00000000  0.01745199  0.01745199  0.02633986  0.05368404  0.06303544  0.07251038  0.08211217  
34_2_0     0.50408764  0.40657315  0.40657315  0.39153590  0.39153590  0.37680746  0.37680746  0.53977930  0.53977930  0.59688554  0.55831407  0.57734055  0.55831407  0.55831407  0.61697811  0.57734055  0.34822800  0.34822800  0.45367441  0.45367441  0.34822800  0.42193243  0.39153590  0.39153590  0.37680746  0.37680746  0.36237539  0.42193243  0.37680746  0.61697811  0.68087131  0.50408764  0.50408764  0.52171148  0.52171148  0.37680746  0.36237539  0.36237539  0.33435429  0.36237539  0.30738689  0.32074385  0.43762784  0.42193243  0.01745199  0.01745199  0.00000000  0.00000000  0.00867292  0.03533925  0.04445300  0.05368404  0.06303544  
40_2_0     0.50408764  0.40657315  0.40657315  0.39153590  0.39153590  0.37680746  0.37680746  0.53977930  0.53977930  0.59688554  0.55831407  0.57734055  0.55831407  0.55831407  0.61697811  0.57734055  0.34822800  0.34822800  0.45367441  0.45367441  0.34822800  0.42193243  0.39153590  0.39153590  0.37680746  0.37680746  0.36237539  0.42193243  0.37680746  0.61697811  0.68087131  0.50408764  0.50408764  0.52171148  0.52171148  0.37680746  0.36237539  0.36237539  0.33435429  0.36237539  0.30738689  0.32074385  0.43762784  0.42193243  0.01745199  0.01745199  0.00000000  0.00000000  0.00867292  0.03533925  0.04445300  0.05368404  0.06303544  
48_2_0     0.52171148  0.42193243  0.42193243  0.40657315  0.40657315  0.39153590  0.39153590  0.55831407  0.55831407  0.61697811  0.57734055  0.59688554  0.57734055  0.57734055  0.59688554  0.55831407  0.33435429  0.33435429  0.43762784  0.43762784  0.36237539  0.42193243  0.37680746  0.37680746  0.39153590  0.39153590  0.34822800  0.40657315  0.36237539  0.63764981  0.70349972  0.52171148  0.52171148  0.53977930  0.53977930  0.39153590  0.37680746  0.37680746  0.34822800  0.37680746  0.32074385  0.33435429  0.45367441  0.43762784  0.02633986  0.02633986  0.00867292  0.00867292  0.00000000  0.02633986  0.03533925  0.04445300  0.05368404  
24_22_0    0.52171148  0.43762784  0.43762784  0.42193243  0.42193243  0.40657315  0.40657315  0.59688554  0.59688554  0.65893503  0.61697811  0.63764981  0.61697811  0.61697811  0.59688554  0.59688554  0.33435429  0.33435429  0.43762784  0.43762784  0.36237539  0.45367441  0.37680746  0.37680746  0.39153590  0.39153590  0.32074385  0.40657315  0.33435429  0.68087131  0.75101795  0.55831407  0.55831407  0.57734055  0.57734055  0.36237539  0.34822800  0.34822800  0.32074385  0.34822800  0.29427413  0.30738689  0.45367441  0.43762784  0.05368404  0.05368404  0.03533925  0.03533925  0.02633986  0.00000000  0.02633986  0.03533925  0.04445300  
8_22_0     0.50408764  0.45367441  0.45367441  0.43762784  0.43762784  0.42193243  0.42193243  0.55831407  0.55831407  0.61697811  0.57734055  0.59688554  0.57734055  0.57734055  0.55831407  0.55831407  0.33435429  0.33435429  0.40657315  0.40657315  0.39153590  0.45367441  0.37680746  0.37680746  0.39153590  0.39153590  0.34822800  0.40657315  0.36237539  0.63764981  0.70349972  0.52171148  0.52171148  0.53977930  0.53977930  0.39153590  0.37680746  0.37680746  0.34822800  0.37680746  0.32074385  0.33435429  0.48688649  0.47008823  0.06303544  0.06303544  0.04445300  0.04445300  0.03533925  0.02633986  0.00000000  0.04445300  0.05368404  
8_2_0      0.52171148  0.48688649  0.48688649  0.47008823  0.47008823  0.45367441  0.45367441  0.59688554  0.55831407  0.65893503  0.61697811  0.63764981  0.61697811  0.61697811  0.59688554  0.59688554  0.36237539  0.36237539  0.40657315  0.40657315  0.36237539  0.45367441  0.37680746  0.37680746  0.42193243  0.42193243  0.37680746  0.40657315  0.36237539  0.65893503  0.72686538  0.57734055  0.53977930  0.55831407  0.55831407  0.39153590  0.37680746  0.37680746  0.34822800  0.37680746  0.32074385  0.33435429  0.45367441  0.43762784  0.07251038  0.07251038  0.05368404  0.05368404  0.04445300  0.03533925  0.04445300  0.00000000  0.06303544  
24_2_0     0.52171148  0.42193243  0.42193243  0.40657315  0.40657315  0.39153590  0.39153590  0.53977930  0.53977930  0.59688554  0.55831407  0.57734055  0.59688554  0.59688554  0.53977930  0.53977930  0.36237539  0.36237539  0.43762784  0.43762784  0.36237539  0.42193243  0.33435429  0.33435429  0.34822800  0.34822800  0.32074385  0.37680746  0.33435429  0.72686538  0.80190917  0.53977930  0.53977930  0.55831407  0.55831407  0.36237539  0.34822800  0.34822800  0.32074385  0.34822800  0.32074385  0.30738689  0.45367441  0.43762784  0.08211217  0.08211217  0.06303544  0.06303544  0.05368404  0.04445300  0.05368404  0.06303544  0.00000000  

