20
7_0_0      0.00000000  0.07182890  0.17685875  0.24017055  0.28891056  0.24966819  0.43282543  0.33032252  0.40880447  0.34104332  0.33032252  0.49648001  0.59579242  0.59579242  0.48330908  0.53744177  0.53744177  0.55160895  0.58077321  0.58077321  
11_0_0     0.07182890  0.00000000  0.21237935  0.31975297  0.33032252  0.26903247  0.44513103  0.39707676  0.48330908  0.34104332  0.33032252  0.53744177  0.64274573  0.64274573  0.45764213  0.53744177  0.53744177  0.55160895  0.61111888  0.61111888  
10_0_0     0.17685875  0.21237935  0.00000000  0.17685875  0.18558227  0.15971063  0.26903247  0.24966819  0.30933045  0.25928777  0.24966819  0.47036570  0.55160895  0.49648001  0.43282543  0.43282543  0.43282543  0.44513103  0.56604918  0.64274573  
4_0_0      0.24017055  0.31975297  0.17685875  0.00000000  0.04954806  0.10260642  0.27890559  0.22152902  0.24017055  0.24017055  0.23079181  0.56604918  0.65907431  0.62676543  0.55160895  0.49648001  0.49648001  0.49648001  0.61111888  0.67576671  
3_0_0      0.28891056  0.33032252  0.18558227  0.04954806  0.00000000  0.09479270  0.24017055  0.24966819  0.26903247  0.24966819  0.24017055  0.59579242  0.58077321  0.55160895  0.45764213  0.43282543  0.43282543  0.43282543  0.59579242  0.65907431  
5_0_0      0.24966819  0.26903247  0.15971063  0.10260642  0.09479270  0.00000000  0.29905094  0.24966819  0.28891056  0.19440856  0.18558227  0.53744177  0.58077321  0.61111888  0.44513103  0.48330908  0.48330908  0.48330908  0.64274573  0.67576671  
6_0_0      0.43282543  0.44513103  0.26903247  0.27890559  0.24017055  0.29905094  0.00000000  0.29905094  0.33032252  0.34104332  0.33032252  0.58077321  0.56604918  0.50988663  0.45764213  0.45764213  0.45764213  0.47036570  0.65907431  0.67576671  
9_0_0      0.33032252  0.39707676  0.24966819  0.22152902  0.24966819  0.24966819  0.29905094  0.00000000  0.13470264  0.26903247  0.25928777  0.56604918  0.62676543  0.65907431  0.55160895  0.52353753  0.52353753  0.53744177  0.62676543  0.74652415  
1_0_0      0.40880447  0.48330908  0.30933045  0.24017055  0.26903247  0.28891056  0.33032252  0.13470264  0.00000000  0.31975297  0.30933045  0.59579242  0.49648001  0.52353753  0.48330908  0.45764213  0.45764213  0.47036570  0.61111888  0.71031043  
8_0_0      0.34104332  0.34104332  0.25928777  0.24017055  0.24966819  0.19440856  0.34104332  0.26903247  0.31975297  0.00000000  0.00688082  0.64274573  0.64274573  0.61111888  0.50988663  0.50988663  0.50988663  0.52353753  0.67576671  0.86702487  
2_0_0      0.33032252  0.33032252  0.24966819  0.23079181  0.24017055  0.18558227  0.33032252  0.25928777  0.30933045  0.00688082  0.00000000  0.62676543  0.62676543  0.59579242  0.49648001  0.49648001  0.49648001  0.50988663  0.65907431  0.84554698  
15_0_0     0.49648001  0.53744177  0.47036570  0.56604918  0.59579242  0.53744177  0.58077321  0.56604918  0.59579242  0.64274573  0.62676543  0.00000000  0.31975297  0.31975297  0.21237935  0.20334008  0.20334008  0.21237935  0.28891056  0.34104332  
18_0_0     0.59579242  0.64274573  0.55160895  0.65907431  0.58077321  0.58077321  0.56604918  0.62676543  0.49648001  0.64274573  0.62676543  0.31975297  0.00000000  0.05690163  0.18558227  0.21237935  0.21237935  0.22152902  0.33032252  0.34104332  
14_0_0     0.59579242  0.64274573  0.49648001  0.62676543  0.55160895  0.61111888  0.50988663  0.65907431  0.52353753  0.61111888  0.59579242  0.31975297  0.05690163  0.00000000  0.16823563  0.19440856  0.19440856  0.20334008  0.28891056  0.34104332  
13_0_0     0.48330908  0.45764213  0.43282543  0.55160895  0.45764213  0.44513103  0.45764213  0.55160895  0.48330908  0.50988663  0.49648001  0.21237935  0.18558227  0.16823563  0.00000000  0.04954806  0.04954806  0.05690163  0.24966819  0.31975297  
12_0_0     0.53744177  0.53744177  0.43282543  0.49648001  0.43282543  0.48330908  0.45764213  0.52353753  0.45764213  0.50988663  0.49648001  0.20334008  0.21237935  0.19440856  0.04954806  0.00000000  0.00000000  0.00688082  0.27890559  0.35191976  
19_0_0     0.53744177  0.53744177  0.43282543  0.49648001  0.43282543  0.48330908  0.45764213  0.52353753  0.45764213  0.50988663  0.49648001  0.20334008  0.21237935  0.19440856  0.04954806  0.00000000  0.00000000  0.00688082  0.27890559  0.35191976  
20_0_0     0.55160895  0.55160895  0.44513103  0.49648001  0.43282543  0.48330908  0.47036570  0.53744177  0.47036570  0.52353753  0.50988663  0.21237935  0.22152902  0.20334008  0.05690163  0.00688082  0.00688082  0.00000000  0.28891056  0.36295642  
16_0_0     0.58077321  0.61111888  0.56604918  0.61111888  0.59579242  0.64274573  0.65907431  0.62676543  0.61111888  0.67576671  0.65907431  0.28891056  0.33032252  0.28891056  0.24966819  0.27890559  0.27890559  0.28891056  0.00000000  0.09479270  
17_0_0     0.58077321  0.61111888  0.64274573  0.67576671  0.65907431  0.67576671  0.67576671  0.74652415  0.71031043  0.86702487  0.84554698  0.34104332  0.34104332  0.34104332  0.31975297  0.35191976  0.35191976  0.36295642  0.09479270  0.00000000  

