20
2_0_0      0.00000000  0.00567146  0.01138686  0.19994422  0.27801710  0.24578995  0.26982738  0.27801710  0.26172758  0.26982738  0.19994422  0.20739006  0.19994422  0.22251103  0.22251103  0.23018935  0.19994422  0.25371573  0.23018935  0.23794842  
3_0_0      0.00567146  0.00000000  0.00567146  0.20739006  0.26982738  0.23794842  0.26172758  0.26982738  0.25371573  0.26172758  0.20739006  0.21491181  0.20739006  0.23018935  0.23018935  0.23794842  0.20739006  0.24578995  0.22251103  0.23018935  
1_0_0      0.01138686  0.00567146  0.00000000  0.19994422  0.26172758  0.24578995  0.26982738  0.27801710  0.26172758  0.25371573  0.21491181  0.22251103  0.21491181  0.23794842  0.23794842  0.24578995  0.21491181  0.23794842  0.23018935  0.22251103  
20_0_0     0.19994422  0.20739006  0.19994422  0.00000000  0.19994422  0.18527425  0.17804722  0.18527425  0.17089030  0.17804722  0.15678143  0.14982690  0.18527425  0.18527425  0.18527425  0.19257277  0.20739006  0.26172758  0.25371573  0.24578995  
11_0_0     0.27801710  0.26982738  0.26172758  0.19994422  0.00000000  0.02295222  0.10942262  0.10289858  0.11600487  0.10289858  0.17804722  0.17089030  0.17804722  0.17804722  0.17804722  0.17089030  0.23018935  0.22251103  0.21491181  0.19994422  
17_0_0     0.24578995  0.23794842  0.24578995  0.18527425  0.02295222  0.00000000  0.09643172  0.10289858  0.10289858  0.10289858  0.16380214  0.15678143  0.16380214  0.17804722  0.17804722  0.17089030  0.19994422  0.22251103  0.19994422  0.21491181  
12_0_0     0.26982738  0.26172758  0.26982738  0.17804722  0.10942262  0.09643172  0.00000000  0.00567146  0.00567146  0.02880360  0.17089030  0.17804722  0.17089030  0.21491181  0.21491181  0.20739006  0.20739006  0.24578995  0.22251103  0.26982738  
4_0_0      0.27801710  0.26982738  0.27801710  0.18527425  0.10289858  0.10289858  0.00567146  0.00000000  0.01138686  0.03470176  0.17804722  0.18527425  0.17804722  0.20739006  0.20739006  0.19994422  0.21491181  0.25371573  0.23018935  0.27801710  
10_0_0     0.26172758  0.25371573  0.26172758  0.17089030  0.11600487  0.10289858  0.00567146  0.01138686  0.00000000  0.03470176  0.17804722  0.18527425  0.17804722  0.20739006  0.20739006  0.21491181  0.19994422  0.25371573  0.23018935  0.26172758  
5_0_0      0.26982738  0.26172758  0.25371573  0.17804722  0.10289858  0.10289858  0.02880360  0.03470176  0.03470176  0.00000000  0.17089030  0.17804722  0.18527425  0.23018935  0.23018935  0.22251103  0.23794842  0.23794842  0.23018935  0.24578995  
18_0_0     0.19994422  0.20739006  0.21491181  0.15678143  0.17804722  0.16380214  0.17089030  0.17804722  0.17804722  0.17089030  0.00000000  0.00567146  0.04664146  0.09643172  0.09643172  0.09002105  0.13611148  0.16380214  0.15678143  0.16380214  
8_0_0      0.20739006  0.21491181  0.22251103  0.14982690  0.17089030  0.15678143  0.17804722  0.18527425  0.18527425  0.17804722  0.00567146  0.00000000  0.05268456  0.10289858  0.10289858  0.09643172  0.14293732  0.15678143  0.16380214  0.15678143  
19_0_0     0.19994422  0.20739006  0.21491181  0.18527425  0.17804722  0.16380214  0.17089030  0.17804722  0.17804722  0.18527425  0.04664146  0.05268456  0.00000000  0.10942262  0.10942262  0.10289858  0.12264637  0.17089030  0.14982690  0.17089030  
13_0_0     0.22251103  0.23018935  0.23794842  0.18527425  0.17804722  0.17804722  0.21491181  0.20739006  0.20739006  0.23018935  0.09643172  0.10289858  0.10942262  0.00000000  0.00000000  0.00567146  0.14982690  0.21491181  0.19257277  0.18527425  
9_0_0      0.22251103  0.23018935  0.23794842  0.18527425  0.17804722  0.17804722  0.21491181  0.20739006  0.20739006  0.23018935  0.09643172  0.10289858  0.10942262  0.00000000  0.00000000  0.00567146  0.14982690  0.21491181  0.19257277  0.18527425  
7_0_0      0.23018935  0.23794842  0.24578995  0.19257277  0.17089030  0.17089030  0.20739006  0.19994422  0.21491181  0.22251103  0.09002105  0.09643172  0.10289858  0.00567146  0.00567146  0.00000000  0.15678143  0.20739006  0.18527425  0.19257277  
16_0_0     0.19994422  0.20739006  0.21491181  0.20739006  0.23018935  0.19994422  0.20739006  0.21491181  0.19994422  0.23794842  0.13611148  0.14293732  0.12264637  0.14982690  0.14982690  0.15678143  0.00000000  0.19257277  0.15678143  0.17804722  
14_0_0     0.25371573  0.24578995  0.23794842  0.26172758  0.22251103  0.22251103  0.24578995  0.25371573  0.25371573  0.23794842  0.16380214  0.15678143  0.17089030  0.21491181  0.21491181  0.20739006  0.19257277  0.00000000  0.04064746  0.04064746  
6_0_0      0.23018935  0.22251103  0.23018935  0.25371573  0.21491181  0.19994422  0.22251103  0.23018935  0.23018935  0.23018935  0.15678143  0.16380214  0.14982690  0.19257277  0.19257277  0.18527425  0.15678143  0.04064746  0.00000000  0.05877757  
15_0_0     0.23794842  0.23018935  0.22251103  0.24578995  0.19994422  0.21491181  0.26982738  0.27801710  0.26172758  0.24578995  0.16380214  0.15678143  0.17089030  0.18527425  0.18527425  0.19257277  0.17804722  0.04064746  0.05877757  0.00000000  

