23
79_12_0    0.00000000  0.05416925  0.09120451  0.24024511  0.24024511  0.26117089  0.26117089  0.35132894  0.19521472  0.19037598  0.20992322  0.26649588  0.26117089  0.22999948  0.25588385  0.27185938  0.52619072  0.54929959  0.56511537  0.56511537  0.49645774  0.57315153  0.49645774  
79_11_0    0.05416925  0.00000000  0.07451573  0.24024511  0.24024511  0.22999948  0.22999948  0.35132894  0.19521472  0.18079218  0.19521472  0.24024511  0.23510461  0.22492925  0.22999948  0.25063422  0.49645774  0.51864501  0.54929959  0.51117528  0.50378001  0.55716534  0.48202651  
79_2_0     0.09120451  0.07451573  0.00000000  0.27185938  0.22999948  0.24024511  0.25063422  0.33944151  0.20008522  0.17604631  0.18556860  0.24024511  0.23510461  0.20498791  0.22492925  0.25588385  0.52619072  0.54929959  0.56511537  0.55716534  0.49645774  0.54929959  0.46089277  
49_2_0     0.24024511  0.24024511  0.27185938  0.00000000  0.32196007  0.31622329  0.33356847  0.39450235  0.25063422  0.22492925  0.26117089  0.28818652  0.29370975  0.24542148  0.29370975  0.37569099  0.59779591  0.62328720  0.63198273  0.61469240  0.54151638  0.61469240  0.56511537  
49_14_0    0.24024511  0.24024511  0.22999948  0.32196007  0.00000000  0.09969183  0.09120451  0.31622329  0.17604631  0.17133061  0.19037598  0.23510461  0.24024511  0.22492925  0.22492925  0.20992322  0.56511537  0.60619605  0.61469240  0.58127569  0.55716534  0.60619605  0.52619072  
49_15_0    0.26117089  0.22999948  0.24024511  0.31622329  0.09969183  0.00000000  0.04222394  0.34536142  0.18079218  0.14819154  0.17604631  0.21489158  0.21989344  0.20498791  0.20992322  0.20992322  0.53381397  0.54151638  0.54929959  0.53381397  0.54929959  0.58127569  0.50378001  
49_16_0    0.26117089  0.22999948  0.25063422  0.33356847  0.09120451  0.04222394  0.00000000  0.35132894  0.17604631  0.15276198  0.18556860  0.23510461  0.24024511  0.21489158  0.23510461  0.20992322  0.55716534  0.56511537  0.58948981  0.54151638  0.54151638  0.57315153  0.48202651  
49_13_0    0.35132894  0.35132894  0.33944151  0.39450235  0.31622329  0.34536142  0.35132894  0.00000000  0.35132894  0.32196007  0.32774157  0.34536142  0.33944151  0.31053053  0.35132894  0.38817875  0.64968568  0.64968568  0.65869814  0.66782144  0.64968568  0.67705833  0.61469240  
79_5_0     0.19521472  0.19521472  0.20008522  0.25063422  0.17604631  0.18079218  0.17604631  0.35132894  0.00000000  0.04222394  0.09543603  0.13913429  0.14364909  0.14364909  0.14364909  0.17604631  0.58948981  0.58127569  0.59779591  0.56511537  0.53381397  0.54151638  0.49645774  
79_9_0     0.19037598  0.18079218  0.17604631  0.22492925  0.17133061  0.14819154  0.15276198  0.32196007  0.04222394  0.00000000  0.06631005  0.10827737  0.11260770  0.11260770  0.13913429  0.15736074  0.58127569  0.58948981  0.60619605  0.58127569  0.54929959  0.55716534  0.51117528  
67_7_0     0.20992322  0.19521472  0.18556860  0.26117089  0.19037598  0.17604631  0.18556860  0.32774157  0.09543603  0.06631005  0.00000000  0.07451573  0.07865286  0.05819414  0.07865286  0.12134493  0.54151638  0.56511537  0.54929959  0.54929959  0.54151638  0.59779591  0.52619072  
29_7_0     0.26649588  0.24024511  0.24024511  0.28818652  0.23510461  0.21489158  0.23510461  0.34536142  0.13913429  0.10827737  0.07451573  0.00000000  0.00374076  0.11696345  0.13913429  0.18079218  0.51864501  0.55716534  0.57315153  0.60619605  0.54151638  0.61469240  0.52619072  
29_8_0     0.26117089  0.23510461  0.23510461  0.29370975  0.24024511  0.21989344  0.24024511  0.33944151  0.14364909  0.11260770  0.07865286  0.00374076  0.00000000  0.11260770  0.14364909  0.18556860  0.51117528  0.54929959  0.58127569  0.61469240  0.54929959  0.61469240  0.53381397  
79_10_0    0.22999948  0.22492925  0.20498791  0.24542148  0.22492925  0.20498791  0.21489158  0.31053053  0.14364909  0.11260770  0.05819414  0.11696345  0.11260770  0.00000000  0.10827737  0.14819154  0.57315153  0.59779591  0.58127569  0.58127569  0.53381397  0.61469240  0.51864501  
79_6_0     0.25588385  0.22999948  0.22492925  0.29370975  0.22492925  0.20992322  0.23510461  0.35132894  0.14364909  0.13913429  0.07865286  0.13913429  0.14364909  0.10827737  0.00000000  0.16664470  0.54151638  0.56511537  0.52619072  0.54929959  0.54151638  0.57315153  0.56511537  
67_6_0     0.27185938  0.25063422  0.25588385  0.37569099  0.20992322  0.20992322  0.20992322  0.38817875  0.17604631  0.15736074  0.12134493  0.18079218  0.18556860  0.14819154  0.16664470  0.00000000  0.55716534  0.56511537  0.58948981  0.63198273  0.54929959  0.58948981  0.54151638  
83_19_0    0.52619072  0.49645774  0.52619072  0.59779591  0.56511537  0.53381397  0.55716534  0.64968568  0.58948981  0.58127569  0.54151638  0.51864501  0.51117528  0.57315153  0.54151638  0.55716534  0.00000000  0.01889533  0.08281319  0.10397218  0.47491483  0.48920704  0.48202651  
83_20_0    0.54929959  0.51864501  0.54929959  0.62328720  0.60619605  0.54151638  0.56511537  0.64968568  0.58127569  0.58948981  0.56511537  0.55716534  0.54929959  0.59779591  0.56511537  0.56511537  0.01889533  0.00000000  0.07040154  0.09969183  0.48202651  0.48202651  0.48920704  
83_18_0    0.56511537  0.54929959  0.56511537  0.63198273  0.61469240  0.54929959  0.58948981  0.65869814  0.59779591  0.60619605  0.54929959  0.57315153  0.58127569  0.58127569  0.52619072  0.58948981  0.08281319  0.07040154  0.00000000  0.11696345  0.43361958  0.46787067  0.45397990  
74_18_0    0.56511537  0.51117528  0.55716534  0.61469240  0.58127569  0.53381397  0.54151638  0.66782144  0.56511537  0.58127569  0.54929959  0.60619605  0.61469240  0.58127569  0.54929959  0.63198273  0.10397218  0.09969183  0.11696345  0.00000000  0.50378001  0.50378001  0.48920704  
94_0_0     0.49645774  0.50378001  0.49645774  0.54151638  0.55716534  0.54929959  0.54151638  0.64968568  0.53381397  0.54929959  0.54151638  0.54151638  0.54929959  0.53381397  0.54151638  0.54929959  0.47491483  0.48202651  0.43361958  0.50378001  0.00000000  0.13464680  0.05819414  
88_0_0     0.57315153  0.55716534  0.54929959  0.61469240  0.60619605  0.58127569  0.57315153  0.67705833  0.54151638  0.55716534  0.59779591  0.61469240  0.61469240  0.61469240  0.57315153  0.58948981  0.48920704  0.48202651  0.46787067  0.50378001  0.13464680  0.00000000  0.13913429  
98_0_0     0.49645774  0.48202651  0.46089277  0.56511537  0.52619072  0.50378001  0.48202651  0.61469240  0.49645774  0.51117528  0.52619072  0.52619072  0.53381397  0.51864501  0.56511537  0.54151638  0.48202651  0.48920704  0.45397990  0.48920704  0.05819414  0.13913429  0.00000000  

