54
51_17_0    0.00000000  0.02543278  0.01260695  0.01260695  0.02543278  0.08607498  0.10025476  0.14450400  0.15214357  0.14450400  0.16766386  0.17554801  0.16766386  0.16766386  0.15986296  0.26832734  0.24184670  0.23322663  0.23322663  0.22470597  0.25939458  0.25056855  0.22470597  0.17554801  0.19971821  0.19971821  0.25056855  0.22470597  0.25939458  0.28652355  0.22470597  0.24184670  0.20795391  0.22470597  0.25056855  0.25056855  0.22470597  0.22470597  0.24184670  0.25056855  0.27736942  0.29579252  0.23322663  0.25939458  0.29579252  0.27736942  0.25056855  0.25056855  0.25939458  0.25939458  0.25056855  0.28652355  0.36415123  0.27736942  
84_17_0    0.02543278  0.00000000  0.01260695  0.01260695  0.03848520  0.07216224  0.08607498  0.12945785  0.13694263  0.14450400  0.15214357  0.14450400  0.15214357  0.13694263  0.14450400  0.28652355  0.24184670  0.23322663  0.23322663  0.22470597  0.27736942  0.26832734  0.20795391  0.19157330  0.17554801  0.17554801  0.23322663  0.23322663  0.24184670  0.27736942  0.20795391  0.20795391  0.19157330  0.24184670  0.25056855  0.26832734  0.22470597  0.22470597  0.25939458  0.25056855  0.27736942  0.27736942  0.23322663  0.24184670  0.25939458  0.27736942  0.26832734  0.26832734  0.27736942  0.24184670  0.25056855  0.28652355  0.34396633  0.27736942  
83_21_0    0.01260695  0.01260695  0.00000000  0.00000000  0.02543278  0.07216224  0.08607498  0.12945785  0.13694263  0.14450400  0.15214357  0.15986296  0.16766386  0.15214357  0.15986296  0.28652355  0.25939458  0.25056855  0.23322663  0.22470597  0.27736942  0.26832734  0.20795391  0.17554801  0.19157330  0.19157330  0.24184670  0.22470597  0.25056855  0.27736942  0.20795391  0.22470597  0.19157330  0.22470597  0.23322663  0.25056855  0.22470597  0.22470597  0.25939458  0.25056855  0.27736942  0.27736942  0.23322663  0.24184670  0.27736942  0.25939458  0.25056855  0.25056855  0.25939458  0.25939458  0.25056855  0.28652355  0.34396633  0.27736942  
83_17_0    0.01260695  0.01260695  0.00000000  0.00000000  0.02543278  0.07216224  0.08607498  0.12945785  0.13694263  0.14450400  0.15214357  0.15986296  0.16766386  0.15214357  0.15986296  0.28652355  0.25939458  0.25056855  0.23322663  0.22470597  0.27736942  0.26832734  0.20795391  0.17554801  0.19157330  0.19157330  0.24184670  0.22470597  0.25056855  0.27736942  0.20795391  0.22470597  0.19157330  0.22470597  0.23322663  0.25056855  0.22470597  0.22470597  0.25939458  0.25056855  0.27736942  0.27736942  0.23322663  0.24184670  0.27736942  0.25939458  0.25056855  0.25056855  0.25939458  0.25939458  0.25056855  0.28652355  0.34396633  0.27736942  
58_17_0    0.02543278  0.03848520  0.02543278  0.02543278  0.00000000  0.07216224  0.08607498  0.13694263  0.13694263  0.12945785  0.13694263  0.14450400  0.15214357  0.15214357  0.14450400  0.28652355  0.25939458  0.26832734  0.25056855  0.22470597  0.25939458  0.25056855  0.20795391  0.17554801  0.17554801  0.17554801  0.24184670  0.21628246  0.25056855  0.25939458  0.20795391  0.20795391  0.19157330  0.19157330  0.25056855  0.25056855  0.20795391  0.20795391  0.25939458  0.25056855  0.25939458  0.27736942  0.21628246  0.24184670  0.27736942  0.25939458  0.25056855  0.25056855  0.25939458  0.27736942  0.26832734  0.25939458  0.34396633  0.25939458  
41_17_0    0.08607498  0.07216224  0.07216224  0.07216224  0.07216224  0.00000000  0.01260695  0.11471202  0.11471202  0.12204815  0.11471202  0.12204815  0.14450400  0.12945785  0.13694263  0.29579252  0.21628246  0.22470597  0.22470597  0.19971821  0.24184670  0.23322663  0.18351720  0.16766386  0.15986296  0.15986296  0.20795391  0.19157330  0.21628246  0.25939458  0.16766386  0.16766386  0.15214357  0.20795391  0.23322663  0.25056855  0.19971821  0.19157330  0.24184670  0.23322663  0.24184670  0.24184670  0.19971821  0.20795391  0.25939458  0.24184670  0.25056855  0.24184670  0.24184670  0.26832734  0.23322663  0.27736942  0.32431828  0.24184670  
77_17_0    0.10025476  0.08607498  0.08607498  0.08607498  0.08607498  0.01260695  0.00000000  0.12945785  0.12945785  0.13694263  0.11471202  0.12204815  0.14450400  0.12945785  0.13694263  0.28652355  0.22470597  0.23322663  0.23322663  0.20795391  0.24184670  0.23322663  0.17554801  0.15986296  0.15986296  0.15986296  0.21628246  0.19971821  0.22470597  0.25056855  0.16766386  0.16766386  0.15214357  0.20795391  0.23322663  0.25056855  0.19971821  0.19157330  0.24184670  0.23322663  0.24184670  0.24184670  0.21628246  0.20795391  0.27736942  0.24184670  0.25056855  0.24184670  0.24184670  0.28652355  0.25056855  0.27736942  0.34396633  0.25939458  
77_10_0    0.14450400  0.12945785  0.12945785  0.12945785  0.13694263  0.11471202  0.12945785  0.00000000  0.07216224  0.07908586  0.08607498  0.08607498  0.11471202  0.08607498  0.09313085  0.32431828  0.23322663  0.23322663  0.23322663  0.21628246  0.31468680  0.30517926  0.25939458  0.19157330  0.20795391  0.20795391  0.23322663  0.24184670  0.25939458  0.29579252  0.24184670  0.23322663  0.23322663  0.25056855  0.26832734  0.27736942  0.25939458  0.27736942  0.29579252  0.28652355  0.31468680  0.30517926  0.25939458  0.28652355  0.30517926  0.23322663  0.24184670  0.24184670  0.28652355  0.25939458  0.25056855  0.31468680  0.29579252  0.28652355  
41_19_0    0.15214357  0.13694263  0.13694263  0.13694263  0.13694263  0.11471202  0.12945785  0.07216224  0.00000000  0.00627659  0.07908586  0.08607498  0.11471202  0.09313085  0.10025476  0.36415123  0.26832734  0.27736942  0.25939458  0.25056855  0.32431828  0.31468680  0.23322663  0.21628246  0.22470597  0.22470597  0.25939458  0.25939458  0.25939458  0.27736942  0.21628246  0.19971821  0.20795391  0.25056855  0.25939458  0.26832734  0.24184670  0.25939458  0.29579252  0.28652355  0.29579252  0.28652355  0.25939458  0.26832734  0.28652355  0.24184670  0.25939458  0.25939458  0.28652355  0.25939458  0.25056855  0.32431828  0.28652355  0.27736942  
77_19_0    0.14450400  0.14450400  0.14450400  0.14450400  0.12945785  0.12204815  0.13694263  0.07908586  0.00627659  0.00000000  0.08607498  0.09313085  0.12204815  0.10025476  0.09313085  0.35398985  0.25939458  0.26832734  0.26832734  0.25939458  0.31468680  0.30517926  0.24184670  0.20795391  0.22470597  0.22470597  0.25939458  0.25056855  0.25939458  0.27736942  0.22470597  0.20795391  0.21628246  0.24184670  0.26832734  0.25939458  0.23322663  0.25056855  0.28652355  0.27736942  0.28652355  0.29579252  0.25056855  0.27736942  0.29579252  0.25056855  0.25056855  0.25056855  0.27736942  0.26832734  0.25939458  0.31468680  0.29579252  0.26832734  
58_10_0    0.16766386  0.15214357  0.15214357  0.15214357  0.13694263  0.11471202  0.11471202  0.08607498  0.07908586  0.08607498  0.00000000  0.03193016  0.06530290  0.03848520  0.04509892  0.28652355  0.22470597  0.23322663  0.19971821  0.19157330  0.27736942  0.26832734  0.19157330  0.20795391  0.19157330  0.19157330  0.25056855  0.23322663  0.26832734  0.24184670  0.19971821  0.19971821  0.19157330  0.24184670  0.25056855  0.25939458  0.23322663  0.25056855  0.26832734  0.27736942  0.28652355  0.27736942  0.25056855  0.25939458  0.33407699  0.24184670  0.25939458  0.25939458  0.28652355  0.27736942  0.25056855  0.28652355  0.34396633  0.26832734  
51_10_0    0.17554801  0.14450400  0.15986296  0.15986296  0.14450400  0.12204815  0.12204815  0.08607498  0.08607498  0.09313085  0.03193016  0.00000000  0.04509892  0.01899203  0.02543278  0.28652355  0.21628246  0.22470597  0.20795391  0.19971821  0.28652355  0.27736942  0.21628246  0.19971821  0.18351720  0.18351720  0.25939458  0.27736942  0.27736942  0.25939458  0.22470597  0.20795391  0.21628246  0.26832734  0.25939458  0.26832734  0.25939458  0.25939458  0.27736942  0.28652355  0.27736942  0.27736942  0.25939458  0.26832734  0.30517926  0.25056855  0.26832734  0.26832734  0.27736942  0.26832734  0.25939458  0.28652355  0.33407699  0.29579252  
46_10_0    0.16766386  0.15214357  0.16766386  0.16766386  0.15214357  0.14450400  0.14450400  0.11471202  0.11471202  0.12204815  0.06530290  0.04509892  0.00000000  0.05177237  0.05850666  0.28652355  0.23322663  0.24184670  0.20795391  0.19971821  0.24184670  0.23322663  0.19971821  0.21628246  0.18351720  0.18351720  0.25939458  0.27736942  0.27736942  0.24184670  0.21628246  0.19971821  0.20795391  0.27736942  0.25056855  0.25939458  0.26832734  0.26832734  0.26832734  0.29579252  0.28652355  0.28652355  0.26832734  0.27736942  0.29579252  0.24184670  0.26832734  0.26832734  0.27736942  0.24184670  0.25056855  0.28652355  0.30517926  0.26832734  
83_10_0    0.16766386  0.13694263  0.15214357  0.15214357  0.15214357  0.12945785  0.12945785  0.08607498  0.09313085  0.10025476  0.03848520  0.01899203  0.05177237  0.00000000  0.00627659  0.27736942  0.24184670  0.23322663  0.19971821  0.20795391  0.27736942  0.26832734  0.20795391  0.19157330  0.16766386  0.16766386  0.25056855  0.26832734  0.26832734  0.25056855  0.19971821  0.19971821  0.19157330  0.25939458  0.23322663  0.24184670  0.25939458  0.25939458  0.25939458  0.26832734  0.27736942  0.27736942  0.25939458  0.26832734  0.30517926  0.25939458  0.25939458  0.25939458  0.25056855  0.25939458  0.25056855  0.30517926  0.32431828  0.28652355  
84_10_0    0.15986296  0.14450400  0.15986296  0.15986296  0.14450400  0.13694263  0.13694263  0.09313085  0.10025476  0.09313085  0.04509892  0.02543278  0.05850666  0.00627659  0.00000000  0.26832734  0.23322663  0.22470597  0.20795391  0.21628246  0.26832734  0.25939458  0.21628246  0.18351720  0.16766386  0.16766386  0.25056855  0.25939458  0.26832734  0.25056855  0.20795391  0.20795391  0.19971821  0.25056855  0.24184670  0.23322663  0.25056855  0.25056855  0.25056855  0.25939458  0.26832734  0.28652355  0.25056855  0.27736942  0.31468680  0.26832734  0.25056855  0.25056855  0.24184670  0.26832734  0.25939458  0.29579252  0.33407699  0.27736942  
91_15_0    0.26832734  0.28652355  0.28652355  0.28652355  0.28652355  0.29579252  0.28652355  0.32431828  0.36415123  0.35398985  0.28652355  0.28652355  0.28652355  0.27736942  0.26832734  0.00000000  0.11471202  0.09313085  0.14450400  0.13694263  0.15986296  0.16766386  0.28652355  0.25056855  0.19157330  0.19157330  0.31468680  0.29579252  0.32431828  0.30517926  0.24184670  0.25939458  0.25939458  0.30517926  0.30517926  0.30517926  0.35398985  0.36415123  0.34396633  0.37445432  0.37445432  0.38490313  0.34396633  0.38490313  0.42824198  0.34396633  0.32431828  0.32431828  0.32431828  0.33407699  0.30517926  0.32431828  0.38490313  0.32431828  
73_15_0    0.24184670  0.24184670  0.25939458  0.25939458  0.25939458  0.21628246  0.22470597  0.23322663  0.26832734  0.25939458  0.22470597  0.21628246  0.23322663  0.24184670  0.23322663  0.11471202  0.00000000  0.01899203  0.12204815  0.10025476  0.15986296  0.15214357  0.25939458  0.21628246  0.19971821  0.19971821  0.26832734  0.26832734  0.27736942  0.30517926  0.25939458  0.24184670  0.27736942  0.28652355  0.29579252  0.29579252  0.31468680  0.32431828  0.32431828  0.35398985  0.33407699  0.34396633  0.30517926  0.34396633  0.38490313  0.31468680  0.30517926  0.30517926  0.32431828  0.31468680  0.30517926  0.34396633  0.36415123  0.31468680  
61_15_0    0.23322663  0.23322663  0.25056855  0.25056855  0.26832734  0.22470597  0.23322663  0.23322663  0.27736942  0.26832734  0.23322663  0.22470597  0.24184670  0.23322663  0.22470597  0.09313085  0.01899203  0.00000000  0.10025476  0.09313085  0.15214357  0.14450400  0.23322663  0.19157330  0.18351720  0.18351720  0.25056855  0.25056855  0.25939458  0.28652355  0.23322663  0.23322663  0.25056855  0.27736942  0.26832734  0.26832734  0.30517926  0.31468680  0.29579252  0.32431828  0.32431828  0.33407699  0.29579252  0.33407699  0.37445432  0.30517926  0.27736942  0.27736942  0.29579252  0.28652355  0.27736942  0.33407699  0.35398985  0.30517926  
97_15_0    0.23322663  0.23322663  0.23322663  0.23322663  0.25056855  0.22470597  0.23322663  0.23322663  0.25939458  0.26832734  0.19971821  0.20795391  0.20795391  0.19971821  0.20795391  0.14450400  0.12204815  0.10025476  0.00000000  0.01899203  0.14450400  0.13694263  0.22470597  0.19157330  0.20795391  0.20795391  0.29579252  0.28652355  0.30517926  0.26832734  0.19157330  0.20795391  0.20795391  0.26832734  0.25939458  0.27736942  0.29579252  0.30517926  0.26832734  0.31468680  0.31468680  0.30517926  0.28652355  0.30517926  0.36415123  0.27736942  0.27736942  0.27736942  0.29579252  0.26832734  0.24184670  0.33407699  0.31468680  0.28652355  
42_15_0    0.22470597  0.22470597  0.22470597  0.22470597  0.22470597  0.19971821  0.20795391  0.21628246  0.25056855  0.25939458  0.19157330  0.19971821  0.19971821  0.20795391  0.21628246  0.13694263  0.10025476  0.09313085  0.01899203  0.00000000  0.13694263  0.12945785  0.24184670  0.19971821  0.19157330  0.19157330  0.27736942  0.26832734  0.28652355  0.26832734  0.19971821  0.19971821  0.21628246  0.25939458  0.26832734  0.28652355  0.28652355  0.29579252  0.29579252  0.32431828  0.32431828  0.31468680  0.27736942  0.29579252  0.35398985  0.26832734  0.28652355  0.28652355  0.30517926  0.27736942  0.25056855  0.30517926  0.30517926  0.27736942  
59_15_0    0.25939458  0.27736942  0.27736942  0.27736942  0.25939458  0.24184670  0.24184670  0.31468680  0.32431828  0.31468680  0.27736942  0.28652355  0.24184670  0.27736942  0.26832734  0.15986296  0.15986296  0.15214357  0.14450400  0.13694263  0.00000000  0.00627659  0.22470597  0.20795391  0.17554801  0.17554801  0.24184670  0.22470597  0.25939458  0.26832734  0.19971821  0.19971821  0.19971821  0.20795391  0.24184670  0.24184670  0.25056855  0.25939458  0.24184670  0.25939458  0.25056855  0.25939458  0.24184670  0.25939458  0.30517926  0.29579252  0.27736942  0.27736942  0.27736942  0.26832734  0.25939458  0.31468680  0.31468680  0.25056855  
59_16_0    0.25056855  0.26832734  0.26832734  0.26832734  0.25056855  0.23322663  0.23322663  0.30517926  0.31468680  0.30517926  0.26832734  0.27736942  0.23322663  0.26832734  0.25939458  0.16766386  0.15214357  0.14450400  0.13694263  0.12945785  0.00627659  0.00000000  0.21628246  0.21628246  0.18351720  0.18351720  0.23322663  0.21628246  0.25056855  0.25939458  0.20795391  0.20795391  0.20795391  0.21628246  0.25056855  0.25056855  0.25939458  0.26832734  0.25056855  0.26832734  0.25939458  0.26832734  0.25056855  0.26832734  0.31468680  0.30517926  0.28652355  0.28652355  0.28652355  0.27736942  0.26832734  0.32431828  0.32431828  0.25939458  
85_0_0     0.22470597  0.20795391  0.20795391  0.20795391  0.20795391  0.18351720  0.17554801  0.25939458  0.23322663  0.24184670  0.19157330  0.21628246  0.19971821  0.20795391  0.21628246  0.28652355  0.25939458  0.23322663  0.22470597  0.24184670  0.22470597  0.21628246  0.00000000  0.18351720  0.17554801  0.17554801  0.20795391  0.19157330  0.18351720  0.18351720  0.17554801  0.19157330  0.15214357  0.24184670  0.21628246  0.23322663  0.23322663  0.23322663  0.25939458  0.25939458  0.27736942  0.27736942  0.28652355  0.25939458  0.30517926  0.25939458  0.25056855  0.25056855  0.25939458  0.27736942  0.26832734  0.28652355  0.32431828  0.25056855  
96_0_0     0.17554801  0.19157330  0.17554801  0.17554801  0.17554801  0.16766386  0.15986296  0.19157330  0.21628246  0.20795391  0.20795391  0.19971821  0.21628246  0.19157330  0.18351720  0.25056855  0.21628246  0.19157330  0.19157330  0.19971821  0.20795391  0.21628246  0.18351720  0.00000000  0.16766386  0.16766386  0.20795391  0.19971821  0.24184670  0.23322663  0.16766386  0.18351720  0.16766386  0.15214357  0.16766386  0.16766386  0.17554801  0.17554801  0.19157330  0.21628246  0.19157330  0.20795391  0.18351720  0.20795391  0.25056855  0.17554801  0.13694263  0.13694263  0.15214357  0.19971821  0.17554801  0.26832734  0.26832734  0.23322663  
49_12_0    0.19971821  0.17554801  0.19157330  0.19157330  0.17554801  0.15986296  0.15986296  0.20795391  0.22470597  0.22470597  0.19157330  0.18351720  0.18351720  0.16766386  0.16766386  0.19157330  0.19971821  0.18351720  0.20795391  0.19157330  0.17554801  0.18351720  0.17554801  0.16766386  0.00000000  0.00627659  0.19157330  0.19157330  0.16766386  0.19157330  0.13694263  0.12945785  0.15214357  0.19157330  0.21628246  0.22470597  0.20795391  0.20795391  0.24184670  0.23322663  0.23322663  0.24184670  0.21628246  0.22470597  0.26832734  0.24184670  0.23322663  0.23322663  0.22470597  0.25056855  0.24184670  0.21628246  0.29579252  0.21628246  
38_12_0    0.19971821  0.17554801  0.19157330  0.19157330  0.17554801  0.15986296  0.15986296  0.20795391  0.22470597  0.22470597  0.19157330  0.18351720  0.18351720  0.16766386  0.16766386  0.19157330  0.19971821  0.18351720  0.20795391  0.19157330  0.17554801  0.18351720  0.17554801  0.16766386  0.00627659  0.00000000  0.19157330  0.19157330  0.16766386  0.19157330  0.13694263  0.12945785  0.15214357  0.19971821  0.21628246  0.22470597  0.21628246  0.21628246  0.24184670  0.24184670  0.24184670  0.25056855  0.22470597  0.23322663  0.27736942  0.25056855  0.24184670  0.24184670  0.23322663  0.25939458  0.25056855  0.22470597  0.30517926  0.22470597  
49_13_0    0.25056855  0.23322663  0.24184670  0.24184670  0.24184670  0.20795391  0.21628246  0.23322663  0.25939458  0.25939458  0.25056855  0.25939458  0.25939458  0.25056855  0.25056855  0.31468680  0.26832734  0.25056855  0.29579252  0.27736942  0.24184670  0.23322663  0.20795391  0.20795391  0.19157330  0.19157330  0.00000000  0.01899203  0.05177237  0.09313085  0.19157330  0.18351720  0.19157330  0.28652355  0.30517926  0.31468680  0.30517926  0.30517926  0.34396633  0.34396633  0.33407699  0.33407699  0.30517926  0.31468680  0.33407699  0.33407699  0.30517926  0.30517926  0.32431828  0.30517926  0.29579252  0.37445432  0.30517926  0.26832734  
38_13_0    0.22470597  0.23322663  0.22470597  0.22470597  0.21628246  0.19157330  0.19971821  0.24184670  0.25939458  0.25056855  0.23322663  0.27736942  0.27736942  0.26832734  0.25939458  0.29579252  0.26832734  0.25056855  0.28652355  0.26832734  0.22470597  0.21628246  0.19157330  0.19971821  0.19157330  0.19157330  0.01899203  0.00000000  0.05177237  0.08607498  0.17554801  0.18351720  0.17554801  0.25939458  0.28652355  0.28652355  0.27736942  0.27736942  0.31468680  0.31468680  0.32431828  0.33407699  0.27736942  0.29579252  0.35398985  0.33407699  0.29579252  0.29579252  0.31468680  0.32431828  0.29579252  0.34396633  0.32431828  0.24184670  
49_0_0     0.25939458  0.24184670  0.25056855  0.25056855  0.25056855  0.21628246  0.22470597  0.25939458  0.25939458  0.25939458  0.26832734  0.27736942  0.27736942  0.26832734  0.26832734  0.32431828  0.27736942  0.25939458  0.30517926  0.28652355  0.25939458  0.25056855  0.18351720  0.24184670  0.16766386  0.16766386  0.05177237  0.05177237  0.00000000  0.03848520  0.19971821  0.19157330  0.19971821  0.29579252  0.27736942  0.28652355  0.31468680  0.29579252  0.33407699  0.33407699  0.34396633  0.35398985  0.29579252  0.30517926  0.32431828  0.34396633  0.33407699  0.33407699  0.33407699  0.33407699  0.32431828  0.36415123  0.30517926  0.25939458  
38_0_0     0.28652355  0.27736942  0.27736942  0.27736942  0.25939458  0.25939458  0.25056855  0.29579252  0.27736942  0.27736942  0.24184670  0.25939458  0.24184670  0.25056855  0.25056855  0.30517926  0.30517926  0.28652355  0.26832734  0.26832734  0.26832734  0.25939458  0.18351720  0.23322663  0.19157330  0.19157330  0.09313085  0.08607498  0.03848520  0.00000000  0.18351720  0.18351720  0.18351720  0.27736942  0.25939458  0.26832734  0.31468680  0.29579252  0.33407699  0.35398985  0.34396633  0.35398985  0.29579252  0.30517926  0.34396633  0.31468680  0.31468680  0.31468680  0.31468680  0.33407699  0.31468680  0.35398985  0.30517926  0.26832734  
49_14_0    0.22470597  0.20795391  0.20795391  0.20795391  0.20795391  0.16766386  0.16766386  0.24184670  0.21628246  0.22470597  0.19971821  0.22470597  0.21628246  0.19971821  0.20795391  0.24184670  0.25939458  0.23322663  0.19157330  0.19971821  0.19971821  0.20795391  0.17554801  0.16766386  0.13694263  0.13694263  0.19157330  0.17554801  0.19971821  0.18351720  0.00000000  0.01260695  0.02543278  0.15986296  0.16766386  0.18351720  0.18351720  0.18351720  0.20795391  0.23322663  0.20795391  0.19971821  0.20795391  0.18351720  0.28652355  0.21628246  0.22470597  0.22470597  0.23322663  0.21628246  0.19157330  0.23322663  0.22470597  0.17554801  
49_11_0    0.24184670  0.20795391  0.22470597  0.22470597  0.20795391  0.16766386  0.16766386  0.23322663  0.19971821  0.20795391  0.19971821  0.20795391  0.19971821  0.19971821  0.20795391  0.25939458  0.24184670  0.23322663  0.20795391  0.19971821  0.19971821  0.20795391  0.19157330  0.18351720  0.12945785  0.12945785  0.18351720  0.18351720  0.19157330  0.18351720  0.01260695  0.00000000  0.03848520  0.15986296  0.18351720  0.19971821  0.18351720  0.18351720  0.22470597  0.25056855  0.20795391  0.19971821  0.20795391  0.18351720  0.26832734  0.21628246  0.24184670  0.24184670  0.25056855  0.21628246  0.20795391  0.23322663  0.20795391  0.17554801  
38_11_0    0.20795391  0.19157330  0.19157330  0.19157330  0.19157330  0.15214357  0.15214357  0.23322663  0.20795391  0.21628246  0.19157330  0.21628246  0.20795391  0.19157330  0.19971821  0.25939458  0.27736942  0.25056855  0.20795391  0.21628246  0.19971821  0.20795391  0.15214357  0.16766386  0.15214357  0.15214357  0.19157330  0.17554801  0.19971821  0.18351720  0.02543278  0.03848520  0.00000000  0.15986296  0.18351720  0.19971821  0.16766386  0.16766386  0.20795391  0.21628246  0.22470597  0.21628246  0.19157330  0.16766386  0.26832734  0.21628246  0.20795391  0.20795391  0.21628246  0.19971821  0.17554801  0.26832734  0.25056855  0.20795391  
7_5_0      0.22470597  0.24184670  0.22470597  0.22470597  0.19157330  0.20795391  0.20795391  0.25056855  0.25056855  0.24184670  0.24184670  0.26832734  0.27736942  0.25939458  0.25056855  0.30517926  0.28652355  0.27736942  0.26832734  0.25939458  0.20795391  0.21628246  0.24184670  0.15214357  0.19157330  0.19971821  0.28652355  0.25939458  0.29579252  0.27736942  0.15986296  0.15986296  0.15986296  0.00000000  0.08607498  0.08607498  0.07908586  0.07908586  0.10025476  0.10744803  0.08607498  0.09313085  0.09313085  0.08607498  0.17554801  0.14450400  0.14450400  0.14450400  0.16766386  0.20795391  0.18351720  0.20795391  0.21628246  0.15986296  
22_5_0     0.25056855  0.25056855  0.23322663  0.23322663  0.25056855  0.23322663  0.23322663  0.26832734  0.25939458  0.26832734  0.25056855  0.25939458  0.25056855  0.23322663  0.24184670  0.30517926  0.29579252  0.26832734  0.25939458  0.26832734  0.24184670  0.25056855  0.21628246  0.16766386  0.21628246  0.21628246  0.30517926  0.28652355  0.27736942  0.25939458  0.16766386  0.18351720  0.18351720  0.08607498  0.00000000  0.01260695  0.11471202  0.10025476  0.11471202  0.12945785  0.12204815  0.12204815  0.11471202  0.10744803  0.20795391  0.15986296  0.18351720  0.18351720  0.19157330  0.19157330  0.18351720  0.25056855  0.20795391  0.16766386  
32_5_0     0.25056855  0.26832734  0.25056855  0.25056855  0.25056855  0.25056855  0.25056855  0.27736942  0.26832734  0.25939458  0.25939458  0.26832734  0.25939458  0.24184670  0.23322663  0.30517926  0.29579252  0.26832734  0.27736942  0.28652355  0.24184670  0.25056855  0.23322663  0.16766386  0.22470597  0.22470597  0.31468680  0.28652355  0.28652355  0.26832734  0.18351720  0.19971821  0.19971821  0.08607498  0.01260695  0.00000000  0.11471202  0.10025476  0.11471202  0.12945785  0.12204815  0.13694263  0.10025476  0.10744803  0.22470597  0.15986296  0.18351720  0.18351720  0.19157330  0.19157330  0.18351720  0.23322663  0.20795391  0.16766386  
13_7_0     0.22470597  0.22470597  0.22470597  0.22470597  0.20795391  0.19971821  0.19971821  0.25939458  0.24184670  0.23322663  0.23322663  0.25939458  0.26832734  0.25939458  0.25056855  0.35398985  0.31468680  0.30517926  0.29579252  0.28652355  0.25056855  0.25939458  0.23322663  0.17554801  0.20795391  0.21628246  0.30517926  0.27736942  0.31468680  0.31468680  0.18351720  0.18351720  0.16766386  0.07908586  0.11471202  0.11471202  0.00000000  0.01260695  0.08607498  0.07908586  0.07216224  0.07908586  0.06530290  0.05850666  0.21628246  0.19971821  0.20795391  0.20795391  0.24184670  0.21628246  0.19157330  0.23322663  0.25056855  0.17554801  
27_7_0     0.22470597  0.22470597  0.22470597  0.22470597  0.20795391  0.19157330  0.19157330  0.27736942  0.25939458  0.25056855  0.25056855  0.25939458  0.26832734  0.25939458  0.25056855  0.36415123  0.32431828  0.31468680  0.30517926  0.29579252  0.25939458  0.26832734  0.23322663  0.17554801  0.20795391  0.21628246  0.30517926  0.27736942  0.29579252  0.29579252  0.18351720  0.18351720  0.16766386  0.07908586  0.10025476  0.10025476  0.01260695  0.00000000  0.07216224  0.06530290  0.05850666  0.07216224  0.05177237  0.04509892  0.20795391  0.20795391  0.21628246  0.21628246  0.23322663  0.22470597  0.19971821  0.23322663  0.26832734  0.19157330  
27_9_0     0.24184670  0.25939458  0.25939458  0.25939458  0.25939458  0.24184670  0.24184670  0.29579252  0.29579252  0.28652355  0.26832734  0.27736942  0.26832734  0.25939458  0.25056855  0.34396633  0.32431828  0.29579252  0.26832734  0.29579252  0.24184670  0.25056855  0.25939458  0.19157330  0.24184670  0.24184670  0.34396633  0.31468680  0.33407699  0.33407699  0.20795391  0.22470597  0.20795391  0.10025476  0.11471202  0.11471202  0.08607498  0.07216224  0.00000000  0.03193016  0.05177237  0.06530290  0.08607498  0.07908586  0.23322663  0.23322663  0.22470597  0.22470597  0.24184670  0.23322663  0.20795391  0.24184670  0.29579252  0.21628246  
13_9_0     0.25056855  0.25056855  0.25056855  0.25056855  0.25056855  0.23322663  0.23322663  0.28652355  0.28652355  0.27736942  0.27736942  0.28652355  0.29579252  0.26832734  0.25939458  0.37445432  0.35398985  0.32431828  0.31468680  0.32431828  0.25939458  0.26832734  0.25939458  0.21628246  0.23322663  0.24184670  0.34396633  0.31468680  0.33407699  0.35398985  0.23322663  0.25056855  0.21628246  0.10744803  0.12945785  0.12945785  0.07908586  0.06530290  0.03193016  0.00000000  0.05850666  0.07216224  0.07908586  0.07216224  0.23322663  0.24184670  0.23322663  0.23322663  0.25056855  0.25939458  0.23322663  0.23322663  0.30517926  0.22470597  
27_8_0     0.27736942  0.27736942  0.27736942  0.27736942  0.25939458  0.24184670  0.24184670  0.31468680  0.29579252  0.28652355  0.28652355  0.27736942  0.28652355  0.27736942  0.26832734  0.37445432  0.33407699  0.32431828  0.31468680  0.32431828  0.25056855  0.25939458  0.27736942  0.19157330  0.23322663  0.24184670  0.33407699  0.32431828  0.34396633  0.34396633  0.20795391  0.20795391  0.22470597  0.08607498  0.12204815  0.12204815  0.07216224  0.05850666  0.05177237  0.05850666  0.00000000  0.01260695  0.07216224  0.06530290  0.19971821  0.19971821  0.20795391  0.20795391  0.22470597  0.23322663  0.20795391  0.22470597  0.25939458  0.19971821  
13_8_0     0.29579252  0.27736942  0.27736942  0.27736942  0.27736942  0.24184670  0.24184670  0.30517926  0.28652355  0.29579252  0.27736942  0.27736942  0.28652355  0.27736942  0.28652355  0.38490313  0.34396633  0.33407699  0.30517926  0.31468680  0.25939458  0.26832734  0.27736942  0.20795391  0.24184670  0.25056855  0.33407699  0.33407699  0.35398985  0.35398985  0.19971821  0.19971821  0.21628246  0.09313085  0.12204815  0.13694263  0.07908586  0.07216224  0.06530290  0.07216224  0.01260695  0.00000000  0.08607498  0.06530290  0.19971821  0.19157330  0.21628246  0.21628246  0.24184670  0.22470597  0.19971821  0.24184670  0.25056855  0.20795391  
27_5_0     0.23322663  0.23322663  0.23322663  0.23322663  0.21628246  0.19971821  0.21628246  0.25939458  0.25939458  0.25056855  0.25056855  0.25939458  0.26832734  0.25939458  0.25056855  0.34396633  0.30517926  0.29579252  0.28652355  0.27736942  0.24184670  0.25056855  0.28652355  0.18351720  0.21628246  0.22470597  0.30517926  0.27736942  0.29579252  0.29579252  0.20795391  0.20795391  0.19157330  0.09313085  0.11471202  0.10025476  0.06530290  0.05177237  0.08607498  0.07908586  0.07216224  0.08607498  0.00000000  0.03193016  0.20795391  0.16766386  0.19157330  0.19157330  0.20795391  0.17554801  0.15214357  0.21628246  0.21628246  0.19157330  
13_5_0     0.25939458  0.24184670  0.24184670  0.24184670  0.24184670  0.20795391  0.20795391  0.28652355  0.26832734  0.27736942  0.25939458  0.26832734  0.27736942  0.26832734  0.27736942  0.38490313  0.34396633  0.33407699  0.30517926  0.29579252  0.25939458  0.26832734  0.25939458  0.20795391  0.22470597  0.23322663  0.31468680  0.29579252  0.30517926  0.30517926  0.18351720  0.18351720  0.16766386  0.08607498  0.10744803  0.10744803  0.05850666  0.04509892  0.07908586  0.07216224  0.06530290  0.06530290  0.03193016  0.00000000  0.19971821  0.17554801  0.21628246  0.21628246  0.23322663  0.19971821  0.17554801  0.20795391  0.22470597  0.19971821  
7_0_0      0.29579252  0.25939458  0.27736942  0.27736942  0.27736942  0.25939458  0.27736942  0.30517926  0.28652355  0.29579252  0.33407699  0.30517926  0.29579252  0.30517926  0.31468680  0.42824198  0.38490313  0.37445432  0.36415123  0.35398985  0.30517926  0.31468680  0.30517926  0.25056855  0.26832734  0.27736942  0.33407699  0.35398985  0.32431828  0.34396633  0.28652355  0.26832734  0.26832734  0.17554801  0.20795391  0.22470597  0.21628246  0.20795391  0.23322663  0.23322663  0.19971821  0.19971821  0.20795391  0.19971821  0.00000000  0.12204815  0.15986296  0.15214357  0.16766386  0.13694263  0.15986296  0.25056855  0.25939458  0.22470597  
11_0_0     0.27736942  0.27736942  0.25939458  0.25939458  0.25939458  0.24184670  0.24184670  0.23322663  0.24184670  0.25056855  0.24184670  0.25056855  0.24184670  0.25939458  0.26832734  0.34396633  0.31468680  0.30517926  0.27736942  0.26832734  0.29579252  0.30517926  0.25939458  0.17554801  0.24184670  0.25056855  0.33407699  0.33407699  0.34396633  0.31468680  0.21628246  0.21628246  0.21628246  0.14450400  0.15986296  0.15986296  0.19971821  0.20795391  0.23322663  0.24184670  0.19971821  0.19157330  0.16766386  0.17554801  0.12204815  0.00000000  0.06530290  0.05850666  0.09313085  0.10744803  0.10025476  0.19971821  0.19157330  0.21628246  
32_0_0     0.25056855  0.26832734  0.25056855  0.25056855  0.25056855  0.25056855  0.25056855  0.24184670  0.25939458  0.25056855  0.25939458  0.26832734  0.26832734  0.25939458  0.25056855  0.32431828  0.30517926  0.27736942  0.27736942  0.28652355  0.27736942  0.28652355  0.25056855  0.13694263  0.23322663  0.24184670  0.30517926  0.29579252  0.33407699  0.31468680  0.22470597  0.24184670  0.20795391  0.14450400  0.18351720  0.18351720  0.20795391  0.21628246  0.22470597  0.23322663  0.20795391  0.21628246  0.19157330  0.21628246  0.15986296  0.06530290  0.00000000  0.00627659  0.03848520  0.10744803  0.11471202  0.25056855  0.25939458  0.24184670  
22_0_0     0.25056855  0.26832734  0.25056855  0.25056855  0.25056855  0.24184670  0.24184670  0.24184670  0.25939458  0.25056855  0.25939458  0.26832734  0.26832734  0.25939458  0.25056855  0.32431828  0.30517926  0.27736942  0.27736942  0.28652355  0.27736942  0.28652355  0.25056855  0.13694263  0.23322663  0.24184670  0.30517926  0.29579252  0.33407699  0.31468680  0.22470597  0.24184670  0.20795391  0.14450400  0.18351720  0.18351720  0.20795391  0.21628246  0.22470597  0.23322663  0.20795391  0.21628246  0.19157330  0.21628246  0.15214357  0.05850666  0.00627659  0.00000000  0.03193016  0.11471202  0.10744803  0.25056855  0.25939458  0.24184670  
15_0_0     0.25939458  0.27736942  0.25939458  0.25939458  0.25939458  0.24184670  0.24184670  0.28652355  0.28652355  0.27736942  0.28652355  0.27736942  0.27736942  0.25056855  0.24184670  0.32431828  0.32431828  0.29579252  0.29579252  0.30517926  0.27736942  0.28652355  0.25939458  0.15214357  0.22470597  0.23322663  0.32431828  0.31468680  0.33407699  0.31468680  0.23322663  0.25056855  0.21628246  0.16766386  0.19157330  0.19157330  0.24184670  0.23322663  0.24184670  0.25056855  0.22470597  0.24184670  0.20795391  0.23322663  0.16766386  0.09313085  0.03848520  0.03193016  0.00000000  0.15214357  0.14450400  0.26832734  0.28652355  0.26832734  
27_0_0     0.25939458  0.24184670  0.25939458  0.25939458  0.27736942  0.26832734  0.28652355  0.25939458  0.25939458  0.26832734  0.27736942  0.26832734  0.24184670  0.25939458  0.26832734  0.33407699  0.31468680  0.28652355  0.26832734  0.27736942  0.26832734  0.27736942  0.27736942  0.19971821  0.25056855  0.25939458  0.30517926  0.32431828  0.33407699  0.33407699  0.21628246  0.21628246  0.19971821  0.20795391  0.19157330  0.19157330  0.21628246  0.22470597  0.23322663  0.25939458  0.23322663  0.22470597  0.17554801  0.19971821  0.13694263  0.10744803  0.10744803  0.11471202  0.15214357  0.00000000  0.03193016  0.27736942  0.22470597  0.25056855  
13_0_0     0.25056855  0.25056855  0.25056855  0.25056855  0.26832734  0.23322663  0.25056855  0.25056855  0.25056855  0.25939458  0.25056855  0.25939458  0.25056855  0.25056855  0.25939458  0.30517926  0.30517926  0.27736942  0.24184670  0.25056855  0.25939458  0.26832734  0.26832734  0.17554801  0.24184670  0.25056855  0.29579252  0.29579252  0.32431828  0.31468680  0.19157330  0.20795391  0.17554801  0.18351720  0.18351720  0.18351720  0.19157330  0.19971821  0.20795391  0.23322663  0.20795391  0.19971821  0.15214357  0.17554801  0.15986296  0.10025476  0.11471202  0.10744803  0.14450400  0.03193016  0.00000000  0.26832734  0.23322663  0.24184670  
23_0_0     0.28652355  0.28652355  0.28652355  0.28652355  0.25939458  0.27736942  0.27736942  0.31468680  0.32431828  0.31468680  0.28652355  0.28652355  0.28652355  0.30517926  0.29579252  0.32431828  0.34396633  0.33407699  0.33407699  0.30517926  0.31468680  0.32431828  0.28652355  0.26832734  0.21628246  0.22470597  0.37445432  0.34396633  0.36415123  0.35398985  0.23322663  0.23322663  0.26832734  0.20795391  0.25056855  0.23322663  0.23322663  0.23322663  0.24184670  0.23322663  0.22470597  0.24184670  0.21628246  0.20795391  0.25056855  0.19971821  0.25056855  0.25056855  0.26832734  0.27736942  0.26832734  0.00000000  0.18351720  0.12945785  
25_0_0     0.36415123  0.34396633  0.34396633  0.34396633  0.34396633  0.32431828  0.34396633  0.29579252  0.28652355  0.29579252  0.34396633  0.33407699  0.30517926  0.32431828  0.33407699  0.38490313  0.36415123  0.35398985  0.31468680  0.30517926  0.31468680  0.32431828  0.32431828  0.26832734  0.29579252  0.30517926  0.30517926  0.32431828  0.30517926  0.30517926  0.22470597  0.20795391  0.25056855  0.21628246  0.20795391  0.20795391  0.25056855  0.26832734  0.29579252  0.30517926  0.25939458  0.25056855  0.21628246  0.22470597  0.25939458  0.19157330  0.25939458  0.25939458  0.28652355  0.22470597  0.23322663  0.18351720  0.00000000  0.08607498  
19_0_0     0.27736942  0.27736942  0.27736942  0.27736942  0.25939458  0.24184670  0.25939458  0.28652355  0.27736942  0.26832734  0.26832734  0.29579252  0.26832734  0.28652355  0.27736942  0.32431828  0.31468680  0.30517926  0.28652355  0.27736942  0.25056855  0.25939458  0.25056855  0.23322663  0.21628246  0.22470597  0.26832734  0.24184670  0.25939458  0.26832734  0.17554801  0.17554801  0.20795391  0.15986296  0.16766386  0.16766386  0.17554801  0.19157330  0.21628246  0.22470597  0.19971821  0.20795391  0.19157330  0.19971821  0.22470597  0.21628246  0.24184670  0.24184670  0.26832734  0.25056855  0.24184670  0.12945785  0.08607498  0.00000000  

