23
13_0_0     0.00000000  0.17853564  0.17853564  0.17853564  0.21167830  0.22020654  0.20324933  0.20324933  0.23757042  0.23757042  0.24641104  0.29230956  0.19491736  0.19491736  0.32131346  0.38305801  0.34131562  0.36188606  0.33124547  0.36188606  0.31151584  0.35152779  0.35152779  
20_0_0     0.17853564  0.00000000  0.00000000  0.00000000  0.15463768  0.15463768  0.12395326  0.13913295  0.17853564  0.17853564  0.17048170  0.21167830  0.19491736  0.19491736  0.30184902  0.30184902  0.26442284  0.27359960  0.27359960  0.28289415  0.25536094  0.31151584  0.25536094  
12_0_0     0.17853564  0.00000000  0.00000000  0.00000000  0.15463768  0.15463768  0.12395326  0.13913295  0.17853564  0.17853564  0.17048170  0.21167830  0.19491736  0.19491736  0.30184902  0.30184902  0.26442284  0.27359960  0.27359960  0.28289415  0.25536094  0.31151584  0.25536094  
19_0_0     0.17853564  0.00000000  0.00000000  0.00000000  0.15463768  0.15463768  0.12395326  0.13913295  0.17853564  0.17853564  0.17048170  0.21167830  0.19491736  0.19491736  0.30184902  0.30184902  0.26442284  0.27359960  0.27359960  0.28289415  0.25536094  0.31151584  0.25536094  
18_0_0     0.21167830  0.15463768  0.15463768  0.15463768  0.00000000  0.04571714  0.04571714  0.04571714  0.18668017  0.18668017  0.17853564  0.24641104  0.22020654  0.22020654  0.37239465  0.29230956  0.21167830  0.31151584  0.30184902  0.31151584  0.31151584  0.27359960  0.25536094  
14_0_0     0.22020654  0.15463768  0.15463768  0.15463768  0.04571714  0.00000000  0.03235793  0.03900673  0.17853564  0.17853564  0.17048170  0.22020654  0.21167830  0.21167830  0.36188606  0.28289415  0.23757042  0.29230956  0.26442284  0.32131346  0.32131346  0.28289415  0.26442284  
14_4_0     0.20324933  0.12395326  0.12395326  0.12395326  0.04571714  0.03235793  0.00000000  0.01277018  0.14684381  0.14684381  0.13913295  0.22020654  0.17853564  0.17853564  0.32131346  0.28289415  0.22020654  0.28289415  0.23757042  0.28289415  0.28289415  0.26442284  0.24641104  
18_4_0     0.20324933  0.13913295  0.13913295  0.13913295  0.04571714  0.03900673  0.01277018  0.00000000  0.14684381  0.14684381  0.13913295  0.22020654  0.17048170  0.17048170  0.32131346  0.28289415  0.22020654  0.30184902  0.25536094  0.28289415  0.28289415  0.26442284  0.24641104  
19_3_0     0.23757042  0.17853564  0.17853564  0.17853564  0.18668017  0.17853564  0.14684381  0.14684381  0.00000000  0.00000000  0.00635694  0.10908529  0.08734053  0.08734053  0.23757042  0.22020654  0.18668017  0.24641104  0.25536094  0.18668017  0.19491736  0.22883643  0.19491736  
12_3_0     0.23757042  0.17853564  0.17853564  0.17853564  0.18668017  0.17853564  0.14684381  0.14684381  0.00000000  0.00000000  0.00635694  0.10908529  0.08734053  0.08734053  0.23757042  0.22020654  0.18668017  0.24641104  0.25536094  0.18668017  0.19491736  0.22883643  0.19491736  
20_3_0     0.24641104  0.17048170  0.17048170  0.17048170  0.17853564  0.17048170  0.13913295  0.13913295  0.00635694  0.00635694  0.00000000  0.11648111  0.08023501  0.08023501  0.24641104  0.22883643  0.17853564  0.25536094  0.24641104  0.19491736  0.20324933  0.22020654  0.18668017  
13_3_0     0.29230956  0.21167830  0.21167830  0.21167830  0.24641104  0.22020654  0.22020654  0.22020654  0.10908529  0.10908529  0.11648111  0.00000000  0.16251635  0.16251635  0.28289415  0.32131346  0.27359960  0.26442284  0.29230956  0.22883643  0.25536094  0.32131346  0.28289415  
14_3_0     0.19491736  0.19491736  0.19491736  0.19491736  0.22020654  0.21167830  0.17853564  0.17048170  0.08734053  0.08734053  0.08023501  0.16251635  0.00000000  0.00000000  0.23757042  0.29230956  0.20324933  0.27359960  0.24641104  0.22883643  0.23757042  0.20324933  0.20324933  
18_3_0     0.19491736  0.19491736  0.19491736  0.19491736  0.22020654  0.21167830  0.17853564  0.17048170  0.08734053  0.08734053  0.08023501  0.16251635  0.00000000  0.00000000  0.23757042  0.29230956  0.20324933  0.27359960  0.24641104  0.22883643  0.23757042  0.20324933  0.20324933  
15_2_0     0.32131346  0.30184902  0.30184902  0.30184902  0.37239465  0.36188606  0.32131346  0.32131346  0.23757042  0.23757042  0.24641104  0.28289415  0.23757042  0.23757042  0.00000000  0.14684381  0.22020654  0.36188606  0.38305801  0.33124547  0.29230956  0.34131562  0.32131346  
15_0_0     0.38305801  0.30184902  0.30184902  0.30184902  0.29230956  0.28289415  0.28289415  0.28289415  0.22020654  0.22020654  0.22883643  0.32131346  0.29230956  0.29230956  0.14684381  0.00000000  0.22883643  0.32131346  0.38305801  0.35152779  0.31151584  0.34131562  0.32131346  
15_1_0     0.34131562  0.26442284  0.26442284  0.26442284  0.21167830  0.23757042  0.22020654  0.22020654  0.18668017  0.18668017  0.17853564  0.27359960  0.20324933  0.20324933  0.22020654  0.22883643  0.00000000  0.33124547  0.34131562  0.24641104  0.25536094  0.31151584  0.25536094  
16_5_0     0.36188606  0.27359960  0.27359960  0.27359960  0.31151584  0.29230956  0.28289415  0.30184902  0.24641104  0.24641104  0.25536094  0.26442284  0.27359960  0.27359960  0.36188606  0.32131346  0.33124547  0.00000000  0.08734053  0.30184902  0.29230956  0.32131346  0.26442284  
17_5_0     0.33124547  0.27359960  0.27359960  0.27359960  0.30184902  0.26442284  0.23757042  0.25536094  0.25536094  0.25536094  0.24641104  0.29230956  0.24641104  0.24641104  0.38305801  0.38305801  0.34131562  0.08734053  0.00000000  0.31151584  0.32131346  0.27359960  0.23757042  
17_0_0     0.36188606  0.28289415  0.28289415  0.28289415  0.31151584  0.32131346  0.28289415  0.28289415  0.18668017  0.18668017  0.19491736  0.22883643  0.22883643  0.22883643  0.33124547  0.35152779  0.24641104  0.30184902  0.31151584  0.00000000  0.07319854  0.17048170  0.13913295  
16_0_0     0.31151584  0.25536094  0.25536094  0.25536094  0.31151584  0.32131346  0.28289415  0.28289415  0.19491736  0.19491736  0.20324933  0.25536094  0.23757042  0.23757042  0.29230956  0.31151584  0.25536094  0.29230956  0.32131346  0.07319854  0.00000000  0.16251635  0.13150333  
17_6_0     0.35152779  0.31151584  0.31151584  0.31151584  0.27359960  0.28289415  0.26442284  0.26442284  0.22883643  0.22883643  0.22020654  0.32131346  0.20324933  0.20324933  0.34131562  0.34131562  0.31151584  0.32131346  0.27359960  0.17048170  0.16251635  0.00000000  0.03900673  
16_6_0     0.35152779  0.25536094  0.25536094  0.25536094  0.25536094  0.26442284  0.24641104  0.24641104  0.19491736  0.19491736  0.18668017  0.28289415  0.20324933  0.20324933  0.32131346  0.32131346  0.25536094  0.26442284  0.23757042  0.13913295  0.13150333  0.03900673  0.00000000  

