29
7_0_0      0.00000000  0.40140624  0.33983588  0.35978689  0.21365545  0.49253507  0.50477116  0.55587969  0.45701319  0.44554718  0.46866249  0.46866249  0.41219337  0.41219337  0.39077646  0.49253507  0.49253507  0.43425877  0.41219337  0.39077646  0.45701319  0.42314256  0.40140624  0.26508274  0.27401817  0.25625553  0.24753397  0.26508274  0.23891555  
1_0_0      0.40140624  0.00000000  0.07811490  0.18924165  0.38029950  0.55587969  0.55587969  0.58284408  0.58284408  0.56923718  0.61084461  0.61084461  0.48050103  0.48050103  0.48050103  0.59670988  0.59670988  0.55587969  0.58284408  0.54276262  0.59670988  0.59670988  0.56923718  0.50477116  0.48050103  0.48050103  0.46866249  0.46866249  0.50477116  
8_0_0      0.33983588  0.07811490  0.00000000  0.15791230  0.30150126  0.55587969  0.55587969  0.61084461  0.55587969  0.54276262  0.58284408  0.58284408  0.46866249  0.46866249  0.46866249  0.63996412  0.63996412  0.62525893  0.62525893  0.50477116  0.58284408  0.62525893  0.59670988  0.43425877  0.43425877  0.43425877  0.42314256  0.42314256  0.43425877  
5_0_0      0.35978689  0.18924165  0.15791230  0.00000000  0.38029950  0.43425877  0.44554718  0.52987748  0.43425877  0.42314256  0.43425877  0.43425877  0.48050103  0.48050103  0.50477116  0.50477116  0.50477116  0.56923718  0.54276262  0.50477116  0.56923718  0.56923718  0.54276262  0.43425877  0.43425877  0.43425877  0.42314256  0.42314256  0.43425877  
10_0_0     0.21365545  0.38029950  0.30150126  0.38029950  0.00000000  0.51721621  0.51721621  0.52987748  0.46866249  0.48050103  0.48050103  0.48050103  0.42314256  0.42314256  0.42314256  0.51721621  0.51721621  0.50477116  0.48050103  0.43425877  0.49253507  0.48050103  0.45701319  0.38029950  0.34974312  0.33006153  0.32041654  0.34974312  0.30150126  
18_7_0     0.49253507  0.55587969  0.55587969  0.43425877  0.51721621  0.00000000  0.00619913  0.07811490  0.05778729  0.05113550  0.06450036  0.06450036  0.21365545  0.21365545  0.19728905  0.25625553  0.25625553  0.25625553  0.26508274  0.31089753  0.31089753  0.32041654  0.32041654  0.48050103  0.42314256  0.42314256  0.43425877  0.43425877  0.42314256  
18_3_0     0.50477116  0.55587969  0.55587969  0.44554718  0.51721621  0.00619913  0.00000000  0.07811490  0.06450036  0.05778729  0.07127584  0.07127584  0.22197858  0.22197858  0.20542631  0.26508274  0.26508274  0.26508274  0.27401817  0.32041654  0.32041654  0.33006153  0.33006153  0.49253507  0.42314256  0.42314256  0.43425877  0.43425877  0.42314256  
14_3_0     0.55587969  0.58284408  0.61084461  0.52987748  0.52987748  0.07811490  0.07811490  0.00000000  0.12787445  0.13526864  0.12787445  0.12787445  0.26508274  0.26508274  0.23891555  0.28306453  0.28306453  0.30150126  0.32041654  0.33006153  0.32041654  0.34974312  0.34974312  0.50477116  0.42314256  0.43425877  0.44554718  0.46866249  0.45701319  
15_6_0     0.45701319  0.58284408  0.55587969  0.43425877  0.46866249  0.05778729  0.06450036  0.12787445  0.00000000  0.00619913  0.04454387  0.04454387  0.19728905  0.19728905  0.18128214  0.19728905  0.19728905  0.23039786  0.23891555  0.28306453  0.24753397  0.25625553  0.25625553  0.42314256  0.36997103  0.36997103  0.35978689  0.40140624  0.36997103  
17_6_0     0.44554718  0.56923718  0.54276262  0.42314256  0.48050103  0.05113550  0.05778729  0.13526864  0.00619913  0.00000000  0.03801133  0.03801133  0.18924165  0.18924165  0.17340863  0.20542631  0.20542631  0.23891555  0.24753397  0.27401817  0.25625553  0.26508274  0.26508274  0.41219337  0.35978689  0.38029950  0.36997103  0.41219337  0.38029950  
17_3_0     0.46866249  0.61084461  0.58284408  0.43425877  0.48050103  0.06450036  0.07127584  0.12787445  0.04454387  0.03801133  0.00000000  0.00000000  0.19728905  0.19728905  0.16561928  0.20542631  0.20542631  0.22197858  0.23039786  0.30150126  0.23891555  0.24753397  0.24753397  0.43425877  0.38029950  0.42314256  0.43425877  0.43425877  0.42314256  
15_3_0     0.46866249  0.61084461  0.58284408  0.43425877  0.48050103  0.06450036  0.07127584  0.12787445  0.04454387  0.03801133  0.00000000  0.00000000  0.19728905  0.19728905  0.16561928  0.20542631  0.20542631  0.22197858  0.23039786  0.30150126  0.23891555  0.24753397  0.24753397  0.43425877  0.38029950  0.42314256  0.43425877  0.43425877  0.42314256  
19_3_0     0.41219337  0.48050103  0.46866249  0.48050103  0.42314256  0.21365545  0.22197858  0.26508274  0.19728905  0.18924165  0.19728905  0.19728905  0.00000000  0.00000000  0.03801133  0.26508274  0.26508274  0.23891555  0.26508274  0.30150126  0.29222459  0.27401817  0.27401817  0.35978689  0.33006153  0.33983588  0.33983588  0.34974312  0.33006153  
13_3_0     0.41219337  0.48050103  0.46866249  0.48050103  0.42314256  0.21365545  0.22197858  0.26508274  0.19728905  0.18924165  0.19728905  0.19728905  0.00000000  0.00000000  0.03801133  0.26508274  0.26508274  0.23891555  0.26508274  0.30150126  0.29222459  0.27401817  0.27401817  0.35978689  0.33006153  0.33983588  0.33983588  0.34974312  0.33006153  
20_3_0     0.39077646  0.48050103  0.46866249  0.50477116  0.42314256  0.19728905  0.20542631  0.23891555  0.18128214  0.17340863  0.16561928  0.16561928  0.03801133  0.03801133  0.00000000  0.23039786  0.23039786  0.20542631  0.23039786  0.29222459  0.27401817  0.25625553  0.25625553  0.35978689  0.32041654  0.35978689  0.35978689  0.36997103  0.34974312  
17_4_0     0.49253507  0.59670988  0.63996412  0.50477116  0.51721621  0.25625553  0.26508274  0.28306453  0.19728905  0.20542631  0.20542631  0.20542631  0.26508274  0.26508274  0.23039786  0.00000000  0.00000000  0.08501876  0.12055452  0.25625553  0.17340863  0.15028597  0.15028597  0.38029950  0.34974312  0.36997103  0.38029950  0.40140624  0.36997103  
15_4_0     0.49253507  0.59670988  0.63996412  0.50477116  0.51721621  0.25625553  0.26508274  0.28306453  0.19728905  0.20542631  0.20542631  0.20542631  0.26508274  0.26508274  0.23039786  0.00000000  0.00000000  0.08501876  0.12055452  0.25625553  0.17340863  0.15028597  0.15028597  0.38029950  0.34974312  0.36997103  0.38029950  0.40140624  0.36997103  
14_4_0     0.43425877  0.55587969  0.62525893  0.56923718  0.50477116  0.25625553  0.26508274  0.30150126  0.23039786  0.23891555  0.22197858  0.22197858  0.23891555  0.23891555  0.20542631  0.08501876  0.08501876  0.00000000  0.04454387  0.24753397  0.18128214  0.14273862  0.14273862  0.39077646  0.35978689  0.38029950  0.39077646  0.39077646  0.38029950  
18_4_0     0.41219337  0.58284408  0.62525893  0.54276262  0.48050103  0.26508274  0.27401817  0.32041654  0.23891555  0.24753397  0.23039786  0.23039786  0.26508274  0.26508274  0.23039786  0.12055452  0.12055452  0.04454387  0.00000000  0.25625553  0.18924165  0.15028597  0.15028597  0.41219337  0.39077646  0.38029950  0.39077646  0.42314256  0.40140624  
16_4_0     0.39077646  0.54276262  0.50477116  0.50477116  0.43425877  0.31089753  0.32041654  0.33006153  0.28306453  0.27401817  0.30150126  0.30150126  0.30150126  0.30150126  0.29222459  0.25625553  0.25625553  0.24753397  0.25625553  0.00000000  0.23891555  0.21365545  0.21365545  0.39077646  0.40140624  0.42314256  0.41219337  0.46866249  0.41219337  
20_4_0     0.45701319  0.59670988  0.58284408  0.56923718  0.49253507  0.31089753  0.32041654  0.32041654  0.24753397  0.25625553  0.23891555  0.23891555  0.29222459  0.29222459  0.27401817  0.17340863  0.17340863  0.18128214  0.18924165  0.23891555  0.00000000  0.05778729  0.05778729  0.39077646  0.36997103  0.40140624  0.39077646  0.43425877  0.40140624  
19_4_0     0.42314256  0.59670988  0.62525893  0.56923718  0.48050103  0.32041654  0.33006153  0.34974312  0.25625553  0.26508274  0.24753397  0.24753397  0.27401817  0.27401817  0.25625553  0.15028597  0.15028597  0.14273862  0.15028597  0.21365545  0.05778729  0.00000000  0.01245145  0.40140624  0.42314256  0.36997103  0.35978689  0.42314256  0.39077646  
13_4_0     0.40140624  0.56923718  0.59670988  0.54276262  0.45701319  0.32041654  0.33006153  0.34974312  0.25625553  0.26508274  0.24753397  0.24753397  0.27401817  0.27401817  0.25625553  0.15028597  0.15028597  0.14273862  0.15028597  0.21365545  0.05778729  0.01245145  0.00000000  0.42314256  0.42314256  0.39077646  0.38029950  0.44554718  0.41219337  
20_2_0     0.26508274  0.50477116  0.43425877  0.43425877  0.38029950  0.48050103  0.49253507  0.50477116  0.42314256  0.41219337  0.43425877  0.43425877  0.35978689  0.35978689  0.35978689  0.38029950  0.38029950  0.39077646  0.41219337  0.39077646  0.39077646  0.40140624  0.42314256  0.00000000  0.09198864  0.17340863  0.16561928  0.21365545  0.11330740  
16_5_0     0.27401817  0.48050103  0.43425877  0.43425877  0.34974312  0.42314256  0.42314256  0.42314256  0.36997103  0.35978689  0.38029950  0.38029950  0.33006153  0.33006153  0.32041654  0.34974312  0.34974312  0.35978689  0.39077646  0.40140624  0.36997103  0.42314256  0.42314256  0.09198864  0.00000000  0.15791230  0.15028597  0.21365545  0.12787445  
17_2_0     0.25625553  0.48050103  0.43425877  0.43425877  0.33006153  0.42314256  0.42314256  0.43425877  0.36997103  0.38029950  0.42314256  0.42314256  0.33983588  0.33983588  0.35978689  0.36997103  0.36997103  0.38029950  0.38029950  0.42314256  0.40140624  0.36997103  0.39077646  0.17340863  0.15791230  0.00000000  0.00619913  0.12787445  0.07811490  
15_2_0     0.24753397  0.46866249  0.42314256  0.42314256  0.32041654  0.43425877  0.43425877  0.44554718  0.35978689  0.36997103  0.43425877  0.43425877  0.33983588  0.33983588  0.35978689  0.38029950  0.38029950  0.39077646  0.39077646  0.41219337  0.39077646  0.35978689  0.38029950  0.16561928  0.15028597  0.00619913  0.00000000  0.13526864  0.07127584  
18_2_0     0.26508274  0.46866249  0.42314256  0.42314256  0.34974312  0.43425877  0.43425877  0.46866249  0.40140624  0.41219337  0.43425877  0.43425877  0.34974312  0.34974312  0.36997103  0.40140624  0.40140624  0.39077646  0.42314256  0.46866249  0.43425877  0.42314256  0.44554718  0.21365545  0.21365545  0.12787445  0.13526864  0.00000000  0.08501876  
14_2_0     0.23891555  0.50477116  0.43425877  0.43425877  0.30150126  0.42314256  0.42314256  0.45701319  0.36997103  0.38029950  0.42314256  0.42314256  0.33006153  0.33006153  0.34974312  0.36997103  0.36997103  0.38029950  0.40140624  0.41219337  0.40140624  0.39077646  0.41219337  0.11330740  0.12787445  0.07811490  0.07127584  0.08501876  0.00000000  

