22
15_0_0     0.00000000  0.24380339  0.24826038  0.25725582  0.24826038  0.24380339  0.25725582  0.28023545  0.28023545  0.28491838  0.29437423  0.28023545  0.35897518  0.28963118  0.24380339  0.24380339  0.23937313  0.28023545  0.26636211  0.27095768  0.26636211  0.28491838  
14_0_0     0.24380339  0.00000000  0.00320181  0.12881237  0.12124474  0.11748979  0.17187903  0.16785850  0.26636211  0.26636211  0.28963118  0.28023545  0.35380037  0.28023545  0.30395263  0.30395263  0.24380339  0.28023545  0.26179494  0.27558200  0.27558200  0.30878879  
18_0_0     0.24826038  0.00320181  0.00000000  0.13262545  0.12501887  0.12124474  0.17592154  0.17187903  0.27095768  0.27095768  0.29437423  0.28491838  0.35897518  0.28491838  0.30878879  0.30878879  0.24826038  0.28491838  0.26636211  0.28023545  0.28023545  0.31365681  
20_0_0     0.25725582  0.12881237  0.13262545  0.00000000  0.01289134  0.00964736  0.15199164  0.14031113  0.26636211  0.27558200  0.27558200  0.24380339  0.37472065  0.28023545  0.28963118  0.28963118  0.28023545  0.30878879  0.28963118  0.27558200  0.26636211  0.30878879  
19_0_0     0.24826038  0.12124474  0.12501887  0.01289134  0.00000000  0.00320181  0.14418416  0.14031113  0.26636211  0.27558200  0.27558200  0.24380339  0.38540716  0.28023545  0.28491838  0.28491838  0.27095768  0.30878879  0.28963118  0.27558200  0.26636211  0.30878879  
12_0_0     0.24380339  0.11748979  0.12124474  0.00964736  0.00320181  0.00000000  0.14031113  0.13645830  0.26179494  0.27095768  0.27095768  0.23937313  0.38004459  0.27558200  0.28023545  0.28023545  0.26636211  0.30395263  0.28491838  0.27095768  0.26179494  0.30395263  
13_0_0     0.25725582  0.17187903  0.17592154  0.15199164  0.14418416  0.14031113  0.00000000  0.02932834  0.29914791  0.30878879  0.29914791  0.29437423  0.37472065  0.31365681  0.28963118  0.28963118  0.28963118  0.31855711  0.29914791  0.30878879  0.29914791  0.32349013  
13_2_0     0.28023545  0.16785850  0.17187903  0.14031113  0.14031113  0.13645830  0.02932834  0.00000000  0.29437423  0.30395263  0.30395263  0.27095768  0.40173237  0.28963118  0.29437423  0.29437423  0.27558200  0.31365681  0.29437423  0.29437423  0.28491838  0.30878879  
5_0_0      0.28023545  0.26636211  0.27095768  0.26636211  0.26636211  0.26179494  0.29914791  0.29437423  0.00000000  0.04274634  0.05986888  0.12881237  0.23496926  0.13645830  0.14418416  0.14418416  0.15199164  0.15988249  0.14418416  0.14031113  0.13645830  0.15988249  
4_0_0      0.28491838  0.26636211  0.27095768  0.27558200  0.27558200  0.27095768  0.30878879  0.30395263  0.04274634  0.00000000  0.02270960  0.12501887  0.24380339  0.14418416  0.13645830  0.13645830  0.14418416  0.15988249  0.14418416  0.14031113  0.13645830  0.17998630  
3_0_0      0.29437423  0.28963118  0.29437423  0.27558200  0.27558200  0.27095768  0.29914791  0.30395263  0.05986888  0.02270960  0.00000000  0.14031113  0.26636211  0.15592653  0.14031113  0.14031113  0.14807759  0.16785850  0.15199164  0.15592653  0.14418416  0.18818349  
1_0_0      0.28023545  0.28023545  0.28491838  0.24380339  0.24380339  0.23937313  0.29437423  0.27095768  0.12881237  0.12501887  0.14031113  0.00000000  0.21761162  0.14418416  0.13645830  0.13645830  0.13645830  0.13645830  0.12881237  0.12501887  0.11375383  0.14418416  
9_0_0      0.35897518  0.35380037  0.35897518  0.37472065  0.38540716  0.38004459  0.37472065  0.40173237  0.23496926  0.24380339  0.26636211  0.21761162  0.00000000  0.24380339  0.24826038  0.24826038  0.24826038  0.22623948  0.21761162  0.23496926  0.23059148  0.24826038  
6_0_0      0.28963118  0.28023545  0.28491838  0.28023545  0.28023545  0.27558200  0.31365681  0.28963118  0.13645830  0.14418416  0.15592653  0.14418416  0.24380339  0.00000000  0.14807759  0.14807759  0.12501887  0.15592653  0.14031113  0.13645830  0.12501887  0.14418416  
2_0_0      0.24380339  0.30395263  0.30878879  0.28963118  0.28491838  0.28023545  0.28963118  0.29437423  0.14418416  0.13645830  0.14031113  0.13645830  0.24826038  0.14807759  0.00000000  0.00000000  0.12124474  0.15592653  0.14807759  0.13645830  0.12501887  0.15988249  
8_0_0      0.24380339  0.30395263  0.30878879  0.28963118  0.28491838  0.28023545  0.28963118  0.29437423  0.14418416  0.13645830  0.14031113  0.13645830  0.24826038  0.14807759  0.00000000  0.00000000  0.12124474  0.15592653  0.14807759  0.13645830  0.12501887  0.15988249  
10_0_0     0.23937313  0.24380339  0.24826038  0.28023545  0.27095768  0.26636211  0.28963118  0.27558200  0.15199164  0.14418416  0.14807759  0.13645830  0.24826038  0.12501887  0.12124474  0.12124474  0.00000000  0.08452714  0.07385841  0.09899601  0.08095375  0.10633808  
11_0_0     0.28023545  0.28023545  0.28491838  0.30878879  0.30878879  0.30395263  0.31855711  0.31365681  0.15988249  0.15988249  0.16785850  0.13645830  0.22623948  0.15592653  0.15592653  0.15592653  0.08452714  0.00000000  0.01289134  0.10633808  0.09535214  0.13645830  
7_0_0      0.26636211  0.26179494  0.26636211  0.28963118  0.28963118  0.28491838  0.29914791  0.29437423  0.14418416  0.14418416  0.15199164  0.12881237  0.21761162  0.14031113  0.14807759  0.14807759  0.07385841  0.01289134  0.00000000  0.09172616  0.08095375  0.12124474  
7_1_0      0.27095768  0.27558200  0.28023545  0.27558200  0.27558200  0.27095768  0.30878879  0.29437423  0.14031113  0.14031113  0.15592653  0.12501887  0.23496926  0.13645830  0.13645830  0.13645830  0.09899601  0.10633808  0.09172616  0.00000000  0.01614962  0.06683054  
11_1_0     0.26636211  0.27558200  0.28023545  0.26636211  0.26636211  0.26179494  0.29914791  0.28491838  0.13645830  0.13645830  0.14418416  0.11375383  0.23059148  0.12501887  0.12501887  0.12501887  0.08095375  0.09535214  0.08095375  0.01614962  0.00000000  0.05641248  
10_1_0     0.28491838  0.30878879  0.31365681  0.30878879  0.30878879  0.30395263  0.32349013  0.30878879  0.15988249  0.17998630  0.18818349  0.14418416  0.24826038  0.14418416  0.15988249  0.15988249  0.10633808  0.13645830  0.12124474  0.06683054  0.05641248  0.00000000  

