22
10_2_0     0.00000000  0.08160454  0.09246338  0.22369153  0.22369153  0.21075956  0.21719749  0.31370782  0.25024891  0.23685191  0.23685191  0.29194879  0.23024266  0.25024891  0.24352030  0.25024891  0.25024891  0.26389121  0.23024266  0.23685191  0.23024266  0.23024266  
7_2_0      0.08160454  0.00000000  0.01957866  0.21075956  0.21075956  0.20437678  0.21075956  0.30638398  0.23685191  0.23685191  0.21075956  0.27778794  0.21719749  0.23685191  0.24352030  0.21075956  0.21075956  0.23685191  0.21719749  0.21075956  0.20437678  0.20437678  
11_2_0     0.09246338  0.01957866  0.00000000  0.22369153  0.22369153  0.21719749  0.22369153  0.29194879  0.23685191  0.23685191  0.22369153  0.27778794  0.23024266  0.25024891  0.25703884  0.22369153  0.22369153  0.25024891  0.23024266  0.22369153  0.21719749  0.21719749  
8_6_0      0.22369153  0.21075956  0.22369153  0.00000000  0.00000000  0.14926633  0.15519225  0.23685191  0.22369153  0.23685191  0.21075956  0.22369153  0.20437678  0.19804821  0.21075956  0.18555008  0.18555008  0.17325813  0.19177294  0.20437678  0.22369153  0.22369153  
2_6_0      0.22369153  0.21075956  0.22369153  0.00000000  0.00000000  0.14926633  0.15519225  0.23685191  0.22369153  0.23685191  0.21075956  0.22369153  0.20437678  0.19804821  0.21075956  0.18555008  0.18555008  0.17325813  0.19177294  0.20437678  0.22369153  0.22369153  
1_2_0      0.21075956  0.20437678  0.21719749  0.14926633  0.14926633  0.00000000  0.02455477  0.14338717  0.18555008  0.20437678  0.18555008  0.25024891  0.16718737  0.19177294  0.18555008  0.14926633  0.16116567  0.14926633  0.13176620  0.14338717  0.14926633  0.14926633  
9_2_0      0.21719749  0.21075956  0.22369153  0.15519225  0.15519225  0.02455477  0.00000000  0.14926633  0.19177294  0.21075956  0.20437678  0.27080718  0.18555008  0.19804821  0.20437678  0.16718737  0.16718737  0.16718737  0.16116567  0.16116567  0.16718737  0.16718737  
6_5_0      0.31370782  0.30638398  0.29194879  0.23685191  0.23685191  0.14338717  0.14926633  0.00000000  0.23685191  0.24352030  0.27080718  0.31370782  0.25024891  0.25024891  0.25703884  0.24352030  0.25703884  0.25703884  0.25024891  0.25024891  0.25703884  0.25703884  
4_2_0      0.25024891  0.23685191  0.23685191  0.22369153  0.22369153  0.18555008  0.19177294  0.23685191  0.00000000  0.01957866  0.20437678  0.24352030  0.19804821  0.21075956  0.21075956  0.20437678  0.22369153  0.21719749  0.19804821  0.19804821  0.20437678  0.20437678  
3_2_0      0.23685191  0.23685191  0.23685191  0.23685191  0.23685191  0.20437678  0.21075956  0.24352030  0.01957866  0.00000000  0.20437678  0.24352030  0.19804821  0.22369153  0.19804821  0.21719749  0.23685191  0.23024266  0.21075956  0.21075956  0.21719749  0.21719749  
3_7_0      0.23685191  0.21075956  0.22369153  0.21075956  0.21075956  0.18555008  0.20437678  0.27080718  0.20437678  0.20437678  0.00000000  0.06035036  0.02956434  0.08701418  0.08160454  0.09795273  0.10905426  0.09246338  0.08160454  0.09246338  0.09795273  0.09795273  
4_7_0      0.29194879  0.27778794  0.27778794  0.22369153  0.22369153  0.25024891  0.27080718  0.31370782  0.24352030  0.24352030  0.06035036  0.00000000  0.08160454  0.13755403  0.10905426  0.14338717  0.15519225  0.12602299  0.12602299  0.13755403  0.15519225  0.15519225  
5_7_0      0.23024266  0.21719749  0.23024266  0.20437678  0.20437678  0.16718737  0.18555008  0.25024891  0.19804821  0.19804821  0.02956434  0.08160454  0.00000000  0.07623389  0.06035036  0.08701418  0.09795273  0.09246338  0.06035036  0.07090167  0.07623389  0.07623389  
5_0_0      0.25024891  0.23685191  0.25024891  0.19804821  0.19804821  0.19177294  0.19804821  0.25024891  0.21075956  0.22369153  0.08701418  0.13755403  0.07623389  0.00000000  0.04479837  0.12602299  0.13755403  0.12602299  0.10905426  0.09795273  0.11466768  0.11466768  
5_8_0      0.24352030  0.24352030  0.25703884  0.21075956  0.21075956  0.18555008  0.20437678  0.25703884  0.21075956  0.19804821  0.08160454  0.10905426  0.06035036  0.04479837  0.00000000  0.10905426  0.12032370  0.12032370  0.09246338  0.08160454  0.10905426  0.10905426  
11_3_0     0.25024891  0.21075956  0.22369153  0.18555008  0.18555008  0.14926633  0.16718737  0.24352030  0.20437678  0.21719749  0.09795273  0.14338717  0.08701418  0.12602299  0.10905426  0.00000000  0.01957866  0.07623389  0.05513021  0.04479837  0.06035036  0.06035036  
7_3_0      0.25024891  0.21075956  0.22369153  0.18555008  0.18555008  0.16116567  0.16718737  0.25703884  0.22369153  0.23685191  0.10905426  0.15519225  0.09795273  0.13755403  0.12032370  0.01957866  0.00000000  0.08701418  0.06560734  0.05513021  0.07090167  0.07090167  
10_3_0     0.26389121  0.23685191  0.25024891  0.17325813  0.17325813  0.14926633  0.16718737  0.25703884  0.21719749  0.23024266  0.09246338  0.12602299  0.09246338  0.12602299  0.12032370  0.07623389  0.08701418  0.00000000  0.07090167  0.06035036  0.07623389  0.07623389  
10_0_0     0.23024266  0.21719749  0.23024266  0.19177294  0.19177294  0.13176620  0.16116567  0.25024891  0.19804821  0.21075956  0.08160454  0.12602299  0.06035036  0.10905426  0.09246338  0.05513021  0.06560734  0.07090167  0.00000000  0.02956434  0.05513021  0.05513021  
10_4_0     0.23685191  0.21075956  0.22369153  0.20437678  0.20437678  0.14338717  0.16116567  0.25024891  0.19804821  0.21075956  0.09246338  0.13755403  0.07090167  0.09795273  0.08160454  0.04479837  0.05513021  0.06035036  0.02956434  0.00000000  0.03460782  0.03460782  
7_0_0      0.23024266  0.20437678  0.21719749  0.22369153  0.22369153  0.14926633  0.16718737  0.25703884  0.20437678  0.21719749  0.09795273  0.15519225  0.07623389  0.11466768  0.10905426  0.06035036  0.07090167  0.07623389  0.05513021  0.03460782  0.00000000  0.00000000  
11_0_0     0.23024266  0.20437678  0.21719749  0.22369153  0.22369153  0.14926633  0.16718737  0.25703884  0.20437678  0.21719749  0.09795273  0.15519225  0.07623389  0.11466768  0.10905426  0.06035036  0.07090167  0.07623389  0.05513021  0.03460782  0.00000000  0.00000000  

