43
10_30_0    0.00000000  0.03079989  0.08675335  0.12653355  0.10142334  0.16317214  0.20737543  0.15782653  0.48731628  0.45488681  0.43918611  0.41623809  0.40132263  0.42380922  0.40132263  0.56589121  0.55674043  0.49564893  0.48731628  0.42380922  0.38669970  0.39397531  0.43918611  0.44699513  0.45488681  0.46286290  0.45488681  0.45488681  0.45488681  0.46286290  0.61340960  0.62328780  0.62328780  0.62328780  0.60366056  0.40132263  0.37235804  0.40874306  0.41623809  0.43145803  0.42380922  0.38669970  0.41623809  
12_30_0    0.03079989  0.00000000  0.10637818  0.11136618  0.10142334  0.16317214  0.23050030  0.14201588  0.48731628  0.47092525  0.43918611  0.41623809  0.43145803  0.43918611  0.43145803  0.56589121  0.52994320  0.48731628  0.47907572  0.43145803  0.39397531  0.38669970  0.44699513  0.47092525  0.44699513  0.46286290  0.45488681  0.45488681  0.45488681  0.46286290  0.63329863  0.64344571  0.66416377  0.64344571  0.63329863  0.39397531  0.37949439  0.40132263  0.40874306  0.44699513  0.44699513  0.39397531  0.42380922  
13_30_0    0.08675335  0.10637818  0.00000000  0.17944283  0.13681930  0.22465149  0.26659063  0.20170457  0.53876903  0.45488681  0.46286290  0.43918611  0.43145803  0.42380922  0.40132263  0.53876903  0.55674043  0.52994320  0.50407576  0.51259891  0.43918611  0.43145803  0.47092525  0.52122063  0.43145803  0.41623809  0.42380922  0.42380922  0.40874306  0.43918611  0.64344571  0.65373278  0.65373278  0.65373278  0.63329863  0.43145803  0.40874306  0.43145803  0.43918611  0.43145803  0.41623809  0.40132263  0.43145803  
13_35_0    0.12653355  0.11136618  0.17944283  0.00000000  0.09161134  0.12144340  0.27277925  0.12653355  0.45488681  0.47907572  0.40132263  0.39397531  0.43145803  0.41623809  0.41623809  0.54770058  0.52994320  0.50407576  0.49564893  0.43918611  0.38669970  0.35134990  0.47092525  0.47092525  0.44699513  0.47907572  0.48731628  0.48731628  0.47092525  0.47907572  0.58453676  0.59403735  0.61340960  0.59403735  0.66416377  0.42380922  0.37235804  0.40874306  0.43145803  0.40874306  0.40132263  0.38669970  0.42380922  
13_15_0    0.10142334  0.10142334  0.13681930  0.09161134  0.00000000  0.10637818  0.25436539  0.15782653  0.49564893  0.44699513  0.40874306  0.38669970  0.43145803  0.40874306  0.41623809  0.54770058  0.50407576  0.47907572  0.47092525  0.47092525  0.41623809  0.39397531  0.45488681  0.46286290  0.45488681  0.45488681  0.44699513  0.44699513  0.44699513  0.49564893  0.57515570  0.60366056  0.60366056  0.56589121  0.61340960  0.45488681  0.37949439  0.39397531  0.43145803  0.43145803  0.40874306  0.40132263  0.42380922  
10_15_0    0.16317214  0.16317214  0.22465149  0.12144340  0.10637818  0.00000000  0.25436539  0.16317214  0.47907572  0.44699513  0.38669970  0.39397531  0.42380922  0.40132263  0.39397531  0.62328780  0.55674043  0.51259891  0.50407576  0.41623809  0.38669970  0.36528936  0.47907572  0.46286290  0.43918611  0.45488681  0.44699513  0.44699513  0.44699513  0.43918611  0.54770058  0.57515570  0.57515570  0.53876903  0.56589121  0.42380922  0.39397531  0.40132263  0.42380922  0.41623809  0.40874306  0.40874306  0.43145803  
13_31_0    0.20737543  0.23050030  0.26659063  0.27277925  0.25436539  0.25436539  0.00000000  0.26045295  0.50407576  0.46286290  0.43145803  0.39397531  0.48731628  0.52994320  0.50407576  0.68547401  0.65373278  0.61340960  0.63329863  0.48731628  0.41623809  0.46286290  0.53876903  0.52122063  0.46286290  0.52122063  0.52994320  0.52994320  0.51259891  0.49564893  0.68547401  0.69636197  0.67474276  0.65373278  0.63329863  0.45488681  0.40874306  0.47907572  0.50407576  0.46286290  0.45488681  0.40132263  0.39397531  
10_31_0    0.15782653  0.14201588  0.20170457  0.12653355  0.15782653  0.16317214  0.26045295  0.00000000  0.46286290  0.51259891  0.40874306  0.40132263  0.45488681  0.49564893  0.47092525  0.57515570  0.59403735  0.57515570  0.55674043  0.44699513  0.41623809  0.38669970  0.48731628  0.52994320  0.40874306  0.40874306  0.41623809  0.41623809  0.40132263  0.43918611  0.68547401  0.69636197  0.69636197  0.65373278  0.66416377  0.43145803  0.37949439  0.43145803  0.43918611  0.44699513  0.43918611  0.36528936  0.40132263  
4_29_0     0.48731628  0.48731628  0.53876903  0.45488681  0.49564893  0.47907572  0.50407576  0.46286290  0.00000000  0.24832712  0.24233736  0.23050030  0.29806056  0.33766627  0.33766627  0.52994320  0.52994320  0.56589121  0.54770058  0.43145803  0.42380922  0.43145803  0.43145803  0.47092525  0.48731628  0.48731628  0.47907572  0.47907572  0.49564893  0.53876903  0.53876903  0.54770058  0.54770058  0.52994320  0.52994320  0.52994320  0.49564893  0.53876903  0.56589121  0.48731628  0.50407576  0.54770058  0.57515570  
4_19_0     0.45488681  0.47092525  0.45488681  0.47907572  0.44699513  0.44699513  0.46286290  0.51259891  0.24832712  0.00000000  0.23639534  0.21884822  0.32422925  0.33091749  0.34447670  0.51259891  0.49564893  0.48731628  0.48731628  0.44699513  0.37949439  0.43145803  0.44699513  0.40874306  0.59403735  0.53876903  0.54770058  0.54770058  0.52994320  0.56589121  0.52994320  0.54770058  0.55674043  0.53876903  0.53876903  0.52122063  0.52122063  0.55674043  0.57515570  0.52122063  0.48731628  0.47907572  0.50407576  
10_19_0    0.43918611  0.43918611  0.46286290  0.40132263  0.40874306  0.38669970  0.43145803  0.40874306  0.24233736  0.23639534  0.00000000  0.02186933  0.20170457  0.20737543  0.21884822  0.43918611  0.43918611  0.44699513  0.48731628  0.33766627  0.28531276  0.31760047  0.34447670  0.33091749  0.44699513  0.44699513  0.45488681  0.45488681  0.43918611  0.49564893  0.59403735  0.62328780  0.60366056  0.58453676  0.57515570  0.37235804  0.36528936  0.40132263  0.40132263  0.43918611  0.39397531  0.40132263  0.42380922  
13_19_0    0.41623809  0.41623809  0.43918611  0.39397531  0.38669970  0.39397531  0.39397531  0.40132263  0.23050030  0.21884822  0.02186933  0.00000000  0.21308976  0.20737543  0.23050030  0.45488681  0.45488681  0.47907572  0.49564893  0.35828705  0.30451713  0.33766627  0.35134990  0.33766627  0.45488681  0.45488681  0.46286290  0.46286290  0.44699513  0.50407576  0.57515570  0.60366056  0.58453676  0.56589121  0.54770058  0.37235804  0.35828705  0.39397531  0.40874306  0.42380922  0.39397531  0.38669970  0.40874306  
13_16_0    0.40132263  0.43145803  0.43145803  0.43145803  0.43145803  0.42380922  0.48731628  0.45488681  0.29806056  0.32422925  0.20170457  0.21308976  0.00000000  0.06763183  0.05825187  0.44699513  0.43145803  0.41623809  0.43918611  0.34447670  0.29806056  0.28531276  0.37235804  0.29806056  0.43145803  0.41623809  0.40874306  0.40874306  0.42380922  0.49564893  0.56589121  0.59403735  0.55674043  0.55674043  0.56589121  0.43145803  0.42380922  0.44699513  0.44699513  0.40874306  0.37949439  0.38669970  0.42380922  
12_16_0    0.42380922  0.43918611  0.42380922  0.41623809  0.40874306  0.40132263  0.52994320  0.49564893  0.33766627  0.33091749  0.20737543  0.20737543  0.06763183  0.00000000  0.02632124  0.43918611  0.39397531  0.39397531  0.41623809  0.36528936  0.31760047  0.31760047  0.39397531  0.31760047  0.46286290  0.44699513  0.43918611  0.43918611  0.45488681  0.50407576  0.55674043  0.58453676  0.56589121  0.54770058  0.56589121  0.45488681  0.46286290  0.45488681  0.43918611  0.44699513  0.41623809  0.43918611  0.47907572  
10_16_0    0.40132263  0.43145803  0.40132263  0.41623809  0.41623809  0.39397531  0.50407576  0.47092525  0.33766627  0.34447670  0.21884822  0.23050030  0.05825187  0.02632124  0.00000000  0.46286290  0.42380922  0.42380922  0.43145803  0.35134990  0.31760047  0.30451713  0.39397531  0.33091749  0.44699513  0.43145803  0.42380922  0.42380922  0.43918611  0.50407576  0.56589121  0.59403735  0.55674043  0.55674043  0.54770058  0.45488681  0.44699513  0.45488681  0.43918611  0.43145803  0.40132263  0.42380922  0.46286290  
12_12_0    0.56589121  0.56589121  0.53876903  0.54770058  0.54770058  0.62328780  0.68547401  0.57515570  0.52994320  0.51259891  0.43918611  0.45488681  0.44699513  0.43918611  0.46286290  0.00000000  0.08192680  0.10142334  0.14201588  0.53876903  0.49564893  0.52122063  0.53876903  0.50407576  0.75332259  0.69636197  0.70741129  0.70741129  0.68547401  0.67474276  0.76525615  0.75332259  0.76525615  0.75332259  0.75332259  0.54770058  0.54770058  0.52994320  0.49564893  0.54770058  0.52122063  0.50407576  0.54770058  
10_12_0    0.55674043  0.52994320  0.55674043  0.52994320  0.50407576  0.55674043  0.65373278  0.59403735  0.52994320  0.49564893  0.43918611  0.45488681  0.43145803  0.39397531  0.42380922  0.08192680  0.00000000  0.04439955  0.09161134  0.54770058  0.47092525  0.49564893  0.52994320  0.44699513  0.74157702  0.69636197  0.68547401  0.68547401  0.68547401  0.69636197  0.65373278  0.64344571  0.66416377  0.64344571  0.66416377  0.52994320  0.53876903  0.51259891  0.47907572  0.52994320  0.51259891  0.48731628  0.54770058  
10_34_0    0.49564893  0.48731628  0.52994320  0.50407576  0.47907572  0.51259891  0.61340960  0.57515570  0.56589121  0.48731628  0.44699513  0.47907572  0.41623809  0.39397531  0.42380922  0.10142334  0.04439955  0.00000000  0.09161134  0.51259891  0.43145803  0.47907572  0.48731628  0.41623809  0.70741129  0.66416377  0.65373278  0.65373278  0.65373278  0.65373278  0.64344571  0.63329863  0.65373278  0.63329863  0.65373278  0.52994320  0.53876903  0.51259891  0.47907572  0.51259891  0.49564893  0.47092525  0.52994320  
13_12_0    0.48731628  0.47907572  0.50407576  0.49564893  0.47092525  0.50407576  0.63329863  0.55674043  0.54770058  0.48731628  0.48731628  0.49564893  0.43918611  0.41623809  0.43145803  0.14201588  0.09161134  0.09161134  0.00000000  0.48731628  0.46286290  0.47092525  0.52122063  0.45488681  0.70741129  0.68547401  0.67474276  0.67474276  0.67474276  0.68547401  0.61340960  0.60366056  0.64344571  0.62328780  0.64344571  0.53876903  0.57515570  0.51259891  0.47907572  0.56589121  0.52994320  0.50407576  0.52994320  
10_7_0     0.42380922  0.43145803  0.51259891  0.43918611  0.47092525  0.41623809  0.48731628  0.44699513  0.43145803  0.44699513  0.33766627  0.35828705  0.34447670  0.36528936  0.35134990  0.53876903  0.54770058  0.51259891  0.48731628  0.00000000  0.06763183  0.10637818  0.31760047  0.29165942  0.48731628  0.55674043  0.54770058  0.54770058  0.54770058  0.48731628  0.64344571  0.65373278  0.65373278  0.67474276  0.63329863  0.38669970  0.41623809  0.43145803  0.42380922  0.47907572  0.43145803  0.41623809  0.40874306  
12_7_0     0.38669970  0.39397531  0.43918611  0.38669970  0.41623809  0.38669970  0.41623809  0.41623809  0.42380922  0.37949439  0.28531276  0.30451713  0.29806056  0.31760047  0.31760047  0.49564893  0.47092525  0.43145803  0.46286290  0.06763183  0.00000000  0.07236643  0.32422925  0.26659063  0.47092525  0.52122063  0.52994320  0.52994320  0.51259891  0.48731628  0.64344571  0.65373278  0.65373278  0.67474276  0.65373278  0.35134990  0.39397531  0.45488681  0.44699513  0.44699513  0.41623809  0.37949439  0.38669970  
4_7_0      0.39397531  0.38669970  0.43145803  0.35134990  0.39397531  0.36528936  0.46286290  0.38669970  0.43145803  0.43145803  0.31760047  0.33766627  0.28531276  0.31760047  0.30451713  0.52122063  0.49564893  0.47907572  0.47092525  0.10637818  0.07236643  0.00000000  0.31103011  0.27901967  0.44699513  0.47907572  0.48731628  0.48731628  0.47092525  0.47907572  0.59403735  0.60366056  0.60366056  0.62328780  0.62328780  0.35828705  0.38669970  0.44699513  0.42380922  0.41623809  0.38669970  0.35828705  0.36528936  
4_23_0     0.43918611  0.44699513  0.47092525  0.47092525  0.45488681  0.47907572  0.53876903  0.48731628  0.43145803  0.44699513  0.34447670  0.35134990  0.37235804  0.39397531  0.39397531  0.53876903  0.52994320  0.48731628  0.52122063  0.31760047  0.32422925  0.31103011  0.00000000  0.18494626  0.51259891  0.50407576  0.49564893  0.49564893  0.49564893  0.54770058  0.65373278  0.66416377  0.64344571  0.66416377  0.66416377  0.46286290  0.43145803  0.47092525  0.47092525  0.40132263  0.37949439  0.48731628  0.49564893  
13_23_0    0.44699513  0.47092525  0.52122063  0.47092525  0.46286290  0.46286290  0.52122063  0.52994320  0.47092525  0.40874306  0.33091749  0.33766627  0.29806056  0.31760047  0.33091749  0.50407576  0.44699513  0.41623809  0.45488681  0.29165942  0.26659063  0.27901967  0.18494626  0.00000000  0.47092525  0.48731628  0.47907572  0.47907572  0.47907572  0.52122063  0.68547401  0.69636197  0.67474276  0.71862681  0.66416377  0.42380922  0.41623809  0.48731628  0.49564893  0.42380922  0.39397531  0.47907572  0.52122063  
13_8_0     0.45488681  0.44699513  0.43145803  0.44699513  0.45488681  0.43918611  0.46286290  0.40874306  0.48731628  0.59403735  0.44699513  0.45488681  0.43145803  0.46286290  0.44699513  0.75332259  0.74157702  0.70741129  0.70741129  0.48731628  0.47092525  0.44699513  0.51259891  0.47092525  0.00000000  0.05825187  0.06292710  0.06292710  0.06292710  0.15251898  0.52122063  0.54770058  0.51259891  0.52994320  0.44699513  0.41623809  0.35134990  0.39397531  0.42380922  0.37949439  0.37949439  0.40132263  0.42380922  
10_8_0     0.46286290  0.46286290  0.41623809  0.47907572  0.45488681  0.45488681  0.52122063  0.40874306  0.48731628  0.53876903  0.44699513  0.45488681  0.41623809  0.44699513  0.43145803  0.69636197  0.69636197  0.66416377  0.68547401  0.55674043  0.52122063  0.47907572  0.50407576  0.48731628  0.05825187  0.00000000  0.00432285  0.00432285  0.00432285  0.13681930  0.51259891  0.53876903  0.50407576  0.52122063  0.42380922  0.41623809  0.35134990  0.40132263  0.41623809  0.37235804  0.35828705  0.37949439  0.43145803  
12_8_0     0.45488681  0.45488681  0.42380922  0.48731628  0.44699513  0.44699513  0.52994320  0.41623809  0.47907572  0.54770058  0.45488681  0.46286290  0.40874306  0.43918611  0.42380922  0.70741129  0.68547401  0.65373278  0.67474276  0.54770058  0.52994320  0.48731628  0.49564893  0.47907572  0.06292710  0.00432285  0.00000000  0.00000000  0.00867091  0.14201588  0.50407576  0.52994320  0.49564893  0.51259891  0.41623809  0.42380922  0.35828705  0.39397531  0.40874306  0.37949439  0.36528936  0.38669970  0.43918611  
12_33_0    0.45488681  0.45488681  0.42380922  0.48731628  0.44699513  0.44699513  0.52994320  0.41623809  0.47907572  0.54770058  0.45488681  0.46286290  0.40874306  0.43918611  0.42380922  0.70741129  0.68547401  0.65373278  0.67474276  0.54770058  0.52994320  0.48731628  0.49564893  0.47907572  0.06292710  0.00432285  0.00000000  0.00000000  0.00867091  0.14201588  0.50407576  0.52994320  0.49564893  0.51259891  0.41623809  0.42380922  0.35828705  0.39397531  0.40874306  0.37949439  0.36528936  0.38669970  0.43918611  
12_32_0    0.45488681  0.45488681  0.40874306  0.47092525  0.44699513  0.44699513  0.51259891  0.40132263  0.49564893  0.52994320  0.43918611  0.44699513  0.42380922  0.45488681  0.43918611  0.68547401  0.68547401  0.65373278  0.67474276  0.54770058  0.51259891  0.47092525  0.49564893  0.47907572  0.06292710  0.00432285  0.00867091  0.00867091  0.00000000  0.14201588  0.52122063  0.54770058  0.51259891  0.52994320  0.43145803  0.40874306  0.34447670  0.39397531  0.40874306  0.36528936  0.35134990  0.37235804  0.42380922  
4_8_0      0.46286290  0.46286290  0.43918611  0.47907572  0.49564893  0.43918611  0.49564893  0.43918611  0.53876903  0.56589121  0.49564893  0.50407576  0.49564893  0.50407576  0.50407576  0.67474276  0.69636197  0.65373278  0.68547401  0.48731628  0.48731628  0.47907572  0.54770058  0.52122063  0.15251898  0.13681930  0.14201588  0.14201588  0.14201588  0.00000000  0.49564893  0.52122063  0.48731628  0.50407576  0.41623809  0.33766627  0.29165942  0.33766627  0.33091749  0.36528936  0.35134990  0.33091749  0.36528936  
4_28_0     0.61340960  0.63329863  0.64344571  0.58453676  0.57515570  0.54770058  0.68547401  0.68547401  0.53876903  0.52994320  0.59403735  0.57515570  0.56589121  0.55674043  0.56589121  0.76525615  0.65373278  0.64344571  0.61340960  0.64344571  0.64344571  0.59403735  0.65373278  0.68547401  0.52122063  0.51259891  0.50407576  0.50407576  0.52122063  0.49564893  0.00000000  0.01304448  0.01304448  0.01304448  0.07713129  0.49564893  0.47907572  0.48731628  0.51259891  0.48731628  0.46286290  0.49564893  0.51259891  
4_25_0     0.62328780  0.64344571  0.65373278  0.59403735  0.60366056  0.57515570  0.69636197  0.69636197  0.54770058  0.54770058  0.62328780  0.60366056  0.59403735  0.58453676  0.59403735  0.75332259  0.64344571  0.63329863  0.60366056  0.65373278  0.65373278  0.60366056  0.66416377  0.69636197  0.54770058  0.53876903  0.52994320  0.52994320  0.54770058  0.52122063  0.01304448  0.00000000  0.02632124  0.02632124  0.09161134  0.50407576  0.48731628  0.48731628  0.50407576  0.47907572  0.45488681  0.50407576  0.52122063  
4_27_0     0.62328780  0.66416377  0.65373278  0.61340960  0.60366056  0.57515570  0.67474276  0.69636197  0.54770058  0.55674043  0.60366056  0.58453676  0.55674043  0.56589121  0.55674043  0.76525615  0.66416377  0.65373278  0.64344571  0.65373278  0.65373278  0.60366056  0.64344571  0.67474276  0.51259891  0.50407576  0.49564893  0.49564893  0.51259891  0.48731628  0.01304448  0.02632124  0.00000000  0.01744385  0.07713129  0.52122063  0.47092525  0.49564893  0.52122063  0.47907572  0.45488681  0.50407576  0.52122063  
4_26_0     0.62328780  0.64344571  0.65373278  0.59403735  0.56589121  0.53876903  0.65373278  0.65373278  0.52994320  0.53876903  0.58453676  0.56589121  0.55674043  0.54770058  0.55674043  0.75332259  0.64344571  0.63329863  0.62328780  0.67474276  0.67474276  0.62328780  0.66416377  0.71862681  0.52994320  0.52122063  0.51259891  0.51259891  0.52994320  0.50407576  0.01304448  0.02632124  0.01744385  0.00000000  0.08192680  0.50407576  0.47092525  0.47907572  0.50407576  0.47907572  0.45488681  0.48731628  0.48731628  
4_6_0      0.60366056  0.63329863  0.63329863  0.66416377  0.61340960  0.56589121  0.63329863  0.66416377  0.52994320  0.53876903  0.57515570  0.54770058  0.56589121  0.56589121  0.54770058  0.75332259  0.66416377  0.65373278  0.64344571  0.63329863  0.65373278  0.62328780  0.66416377  0.66416377  0.44699513  0.42380922  0.41623809  0.41623809  0.43145803  0.41623809  0.07713129  0.09161134  0.07713129  0.08192680  0.00000000  0.47092525  0.44699513  0.46286290  0.47092525  0.52122063  0.47907572  0.50407576  0.52122063  
19_39_0    0.40132263  0.39397531  0.43145803  0.42380922  0.45488681  0.42380922  0.45488681  0.43145803  0.52994320  0.52122063  0.37235804  0.37235804  0.43145803  0.45488681  0.45488681  0.54770058  0.52994320  0.52994320  0.53876903  0.38669970  0.35134990  0.35828705  0.46286290  0.42380922  0.41623809  0.41623809  0.42380922  0.42380922  0.40874306  0.33766627  0.49564893  0.50407576  0.52122063  0.50407576  0.47092525  0.00000000  0.12653355  0.16317214  0.16317214  0.21884822  0.18494626  0.16317214  0.19049062  
7_39_0     0.37235804  0.37949439  0.40874306  0.37235804  0.37949439  0.39397531  0.40874306  0.37949439  0.49564893  0.52122063  0.36528936  0.35828705  0.42380922  0.46286290  0.44699513  0.54770058  0.53876903  0.53876903  0.57515570  0.41623809  0.39397531  0.38669970  0.43145803  0.41623809  0.35134990  0.35134990  0.35828705  0.35828705  0.34447670  0.29165942  0.47907572  0.48731628  0.47092525  0.47092525  0.44699513  0.12653355  0.00000000  0.08675335  0.10142334  0.14724894  0.11638777  0.12653355  0.16317214  
18_39_0    0.40874306  0.40132263  0.43145803  0.40874306  0.39397531  0.40132263  0.47907572  0.43145803  0.53876903  0.55674043  0.40132263  0.39397531  0.44699513  0.45488681  0.45488681  0.52994320  0.51259891  0.51259891  0.51259891  0.43145803  0.45488681  0.44699513  0.47092525  0.48731628  0.39397531  0.40132263  0.39397531  0.39397531  0.39397531  0.33766627  0.48731628  0.48731628  0.49564893  0.47907572  0.46286290  0.16317214  0.08675335  0.00000000  0.02632124  0.19049062  0.15782653  0.16317214  0.17944283  
18_41_0    0.41623809  0.40874306  0.43918611  0.43145803  0.43145803  0.42380922  0.50407576  0.43918611  0.56589121  0.57515570  0.40132263  0.40874306  0.44699513  0.43918611  0.43918611  0.49564893  0.47907572  0.47907572  0.47907572  0.42380922  0.44699513  0.42380922  0.47092525  0.49564893  0.42380922  0.41623809  0.40874306  0.40874306  0.40874306  0.33091749  0.51259891  0.50407576  0.52122063  0.50407576  0.47092525  0.16317214  0.10142334  0.02632124  0.00000000  0.21308976  0.17944283  0.16855634  0.18494626  
9_39_0     0.43145803  0.44699513  0.43145803  0.40874306  0.43145803  0.41623809  0.46286290  0.44699513  0.48731628  0.52122063  0.43918611  0.42380922  0.40874306  0.44699513  0.43145803  0.54770058  0.52994320  0.51259891  0.56589121  0.47907572  0.44699513  0.41623809  0.40132263  0.42380922  0.37949439  0.37235804  0.37949439  0.37949439  0.36528936  0.36528936  0.48731628  0.47907572  0.47907572  0.47907572  0.52122063  0.21884822  0.14724894  0.19049062  0.21308976  0.00000000  0.06292710  0.16317214  0.21308976  
9_40_0     0.42380922  0.44699513  0.41623809  0.40132263  0.40874306  0.40874306  0.45488681  0.43918611  0.50407576  0.48731628  0.39397531  0.39397531  0.37949439  0.41623809  0.40132263  0.52122063  0.51259891  0.49564893  0.52994320  0.43145803  0.41623809  0.38669970  0.37949439  0.39397531  0.37949439  0.35828705  0.36528936  0.36528936  0.35134990  0.35134990  0.46286290  0.45488681  0.45488681  0.45488681  0.47907572  0.18494626  0.11638777  0.15782653  0.17944283  0.06292710  0.00000000  0.15251898  0.16855634  
20_39_0    0.38669970  0.39397531  0.40132263  0.38669970  0.40132263  0.40874306  0.40132263  0.36528936  0.54770058  0.47907572  0.40132263  0.38669970  0.38669970  0.43918611  0.42380922  0.50407576  0.48731628  0.47092525  0.50407576  0.41623809  0.37949439  0.35828705  0.48731628  0.47907572  0.40132263  0.37949439  0.38669970  0.38669970  0.37235804  0.33091749  0.49564893  0.50407576  0.50407576  0.48731628  0.50407576  0.16317214  0.12653355  0.16317214  0.16855634  0.16317214  0.15251898  0.00000000  0.05825187  
8_39_0     0.41623809  0.42380922  0.43145803  0.42380922  0.42380922  0.43145803  0.39397531  0.40132263  0.57515570  0.50407576  0.42380922  0.40874306  0.42380922  0.47907572  0.46286290  0.54770058  0.54770058  0.52994320  0.52994320  0.40874306  0.38669970  0.36528936  0.49564893  0.52122063  0.42380922  0.43145803  0.43918611  0.43918611  0.42380922  0.36528936  0.51259891  0.52122063  0.52122063  0.48731628  0.52122063  0.19049062  0.16317214  0.17944283  0.18494626  0.21308976  0.16855634  0.05825187  0.00000000  

