47
89_0_0     0.00000000  0.01402464  0.05033049  0.04292134  0.04292134  0.03558768  0.03558768  0.05033049  0.18059702  0.09646224  0.08856535  0.37396791  0.23624329  0.24595076  0.24595076  0.25579095  0.19867196  0.18957775  0.19867196  0.19867196  0.33976661  0.42225447  0.36238596  0.32871802  0.44766946  0.39770635  0.37396791  0.38573927  0.20788254  0.40987576  0.39770635  0.42225447  0.39770635  0.36238596  0.35098743  0.37396791  0.38573927  0.38573927  0.39770635  0.42225447  0.38573927  0.40987576  0.44766946  0.42225447  0.40987576  0.37396791  0.37396791  
97_0_0     0.01402464  0.00000000  0.05033049  0.04292134  0.04292134  0.03558768  0.03558768  0.05033049  0.17172696  0.09646224  0.08856535  0.37396791  0.23624329  0.24595076  0.24595076  0.24595076  0.19867196  0.18957775  0.19867196  0.19867196  0.33976661  0.40987576  0.35098743  0.31783647  0.44766946  0.39770635  0.36238596  0.37396791  0.19867196  0.39770635  0.38573927  0.40987576  0.38573927  0.35098743  0.33976661  0.36238596  0.37396791  0.37396791  0.39770635  0.42225447  0.38573927  0.39770635  0.43484980  0.40987576  0.40987576  0.36238596  0.36238596  
80_0_0     0.05033049  0.05033049  0.00000000  0.02114078  0.00697816  0.02832798  0.01402464  0.01402464  0.18957775  0.08856535  0.09646224  0.40987576  0.25579095  0.26576753  0.26576753  0.27588434  0.20788254  0.19867196  0.20788254  0.20788254  0.30711699  0.46072160  0.35098743  0.31783647  0.43484980  0.38573927  0.38573927  0.39770635  0.21721251  0.37396791  0.36238596  0.40987576  0.36238596  0.32871802  0.31783647  0.36238596  0.37396791  0.36238596  0.40987576  0.43484980  0.39770635  0.39770635  0.46072160  0.46072160  0.42225447  0.40987576  0.40987576  
86_0_0     0.04292134  0.04292134  0.02114078  0.00000000  0.01402464  0.02114078  0.02114078  0.02114078  0.18059702  0.09646224  0.10444673  0.38573927  0.25579095  0.24595076  0.24595076  0.25579095  0.21721251  0.20788254  0.21721251  0.21721251  0.31783647  0.42225447  0.33976661  0.30711699  0.42225447  0.37396791  0.35098743  0.36238596  0.22666501  0.36238596  0.35098743  0.39770635  0.35098743  0.31783647  0.30711699  0.35098743  0.36238596  0.35098743  0.39770635  0.42225447  0.38573927  0.38573927  0.42225447  0.47401480  0.40987576  0.39770635  0.39770635  
79_0_0     0.04292134  0.04292134  0.00697816  0.01402464  0.00000000  0.02114078  0.00697816  0.00697816  0.18059702  0.08075417  0.08856535  0.39770635  0.24595076  0.25579095  0.25579095  0.26576753  0.19867196  0.18957775  0.19867196  0.19867196  0.29655480  0.44766946  0.33976661  0.30711699  0.42225447  0.37396791  0.37396791  0.38573927  0.20788254  0.38573927  0.37396791  0.42225447  0.37396791  0.33976661  0.32871802  0.35098743  0.36238596  0.35098743  0.39770635  0.42225447  0.38573927  0.38573927  0.44766946  0.44766946  0.40987576  0.39770635  0.39770635  
99_0_0     0.03558768  0.03558768  0.02832798  0.02114078  0.02114078  0.00000000  0.02832798  0.02832798  0.17172696  0.08856535  0.08075417  0.37396791  0.24595076  0.25579095  0.25579095  0.26576753  0.20788254  0.19867196  0.20788254  0.20788254  0.30711699  0.46072160  0.37396791  0.33976661  0.43484980  0.38573927  0.38573927  0.39770635  0.19867196  0.37396791  0.36238596  0.40987576  0.36238596  0.32871802  0.31783647  0.36238596  0.37396791  0.36238596  0.38573927  0.40987576  0.37396791  0.37396791  0.43484980  0.43484980  0.39770635  0.38573927  0.38573927  
94_0_0     0.03558768  0.03558768  0.01402464  0.02114078  0.00697816  0.02832798  0.00000000  0.01402464  0.17172696  0.08856535  0.09646224  0.38573927  0.23624329  0.24595076  0.24595076  0.25579095  0.18957775  0.18059702  0.18957775  0.18957775  0.28614537  0.43484980  0.32871802  0.29655480  0.40987576  0.36238596  0.36238596  0.37396791  0.21721251  0.39770635  0.38573927  0.40987576  0.38573927  0.35098743  0.33976661  0.33976661  0.35098743  0.35098743  0.38573927  0.40987576  0.37396791  0.39770635  0.43484980  0.43484980  0.39770635  0.38573927  0.38573927  
82_0_0     0.05033049  0.05033049  0.01402464  0.02114078  0.00697816  0.02832798  0.01402464  0.00000000  0.18957775  0.08856535  0.09646224  0.39770635  0.25579095  0.26576753  0.26576753  0.27588434  0.20788254  0.19867196  0.20788254  0.20788254  0.30711699  0.44766946  0.33976661  0.30711699  0.42225447  0.37396791  0.37396791  0.38573927  0.21721251  0.38573927  0.37396791  0.42225447  0.37396791  0.33976661  0.32871802  0.35098743  0.36238596  0.35098743  0.39770635  0.42225447  0.38573927  0.38573927  0.44766946  0.44766946  0.40987576  0.39770635  0.39770635  
92_0_0     0.18059702  0.17172696  0.18957775  0.18059702  0.18059702  0.17172696  0.17172696  0.18957775  0.00000000  0.18059702  0.17172696  0.39770635  0.30711699  0.29655480  0.29655480  0.28614537  0.19867196  0.19867196  0.20788254  0.20788254  0.37396791  0.43484980  0.37396791  0.33976661  0.36238596  0.36238596  0.36238596  0.37396791  0.24595076  0.31783647  0.30711699  0.33976661  0.40987576  0.32871802  0.33976661  0.32871802  0.32871802  0.32871802  0.35098743  0.37396791  0.31783647  0.31783647  0.31783647  0.35098743  0.36238596  0.32871802  0.32871802  
78_0_0     0.09646224  0.09646224  0.08856535  0.09646224  0.08075417  0.08856535  0.08856535  0.08856535  0.18059702  0.00000000  0.00697816  0.43484980  0.30711699  0.31783647  0.31783647  0.35098743  0.23624329  0.22666501  0.23624329  0.23624329  0.33976661  0.46072160  0.39770635  0.36238596  0.37396791  0.36238596  0.43484980  0.44766946  0.20788254  0.42225447  0.40987576  0.43484980  0.43484980  0.42225447  0.40987576  0.39770635  0.39770635  0.37396791  0.37396791  0.39770635  0.36238596  0.36238596  0.44766946  0.39770635  0.38573927  0.39770635  0.39770635  
95_0_0     0.08856535  0.08856535  0.09646224  0.10444673  0.08856535  0.08075417  0.09646224  0.09646224  0.17172696  0.00697816  0.00000000  0.42225447  0.29655480  0.30711699  0.30711699  0.33976661  0.22666501  0.21721251  0.22666501  0.22666501  0.35098743  0.47401480  0.40987576  0.37396791  0.38573927  0.37396791  0.44766946  0.46072160  0.19867196  0.40987576  0.39770635  0.42225447  0.42225447  0.40987576  0.39770635  0.38573927  0.38573927  0.36238596  0.36238596  0.38573927  0.35098743  0.35098743  0.46072160  0.38573927  0.37396791  0.38573927  0.38573927  
96_0_0     0.37396791  0.37396791  0.40987576  0.38573927  0.39770635  0.37396791  0.38573927  0.39770635  0.39770635  0.43484980  0.42225447  0.00000000  0.17172696  0.16296489  0.16296489  0.18957775  0.33976661  0.35098743  0.33976661  0.33976661  0.55938325  0.59024805  0.52978773  0.54443339  0.47401480  0.44766946  0.48755813  0.50136119  0.44766946  0.59024805  0.60619139  0.57465023  0.60619139  0.60619139  0.62249590  0.57465023  0.55938325  0.57465023  0.51543414  0.51543414  0.44766946  0.50136119  0.59024805  0.57465023  0.48755813  0.55938325  0.55938325  
83_0_0     0.23624329  0.23624329  0.25579095  0.25579095  0.24595076  0.24595076  0.23624329  0.25579095  0.30711699  0.30711699  0.29655480  0.17172696  0.00000000  0.00697816  0.00697816  0.02832798  0.28614537  0.29655480  0.30711699  0.30711699  0.46072160  0.51543414  0.47401480  0.46072160  0.50136119  0.47401480  0.48755813  0.50136119  0.36238596  0.52978773  0.51543414  0.54443339  0.55938325  0.48755813  0.50136119  0.57465023  0.55938325  0.54443339  0.51543414  0.54443339  0.50136119  0.52978773  0.54443339  0.50136119  0.51543414  0.51543414  0.51543414  
83_1_0     0.24595076  0.24595076  0.26576753  0.24595076  0.25579095  0.25579095  0.24595076  0.26576753  0.29655480  0.31783647  0.30711699  0.16296489  0.00697816  0.00000000  0.00000000  0.02114078  0.29655480  0.30711699  0.31783647  0.31783647  0.47401480  0.50136119  0.46072160  0.44766946  0.48755813  0.46072160  0.47401480  0.48755813  0.37396791  0.51543414  0.50136119  0.52978773  0.54443339  0.47401480  0.48755813  0.55938325  0.54443339  0.52978773  0.50136119  0.52978773  0.48755813  0.51543414  0.52978773  0.51543414  0.50136119  0.50136119  0.50136119  
84_0_0     0.24595076  0.24595076  0.26576753  0.24595076  0.25579095  0.25579095  0.24595076  0.26576753  0.29655480  0.31783647  0.30711699  0.16296489  0.00697816  0.00000000  0.00000000  0.02114078  0.29655480  0.30711699  0.31783647  0.31783647  0.47401480  0.50136119  0.46072160  0.44766946  0.48755813  0.46072160  0.47401480  0.48755813  0.37396791  0.51543414  0.50136119  0.52978773  0.54443339  0.47401480  0.48755813  0.55938325  0.54443339  0.52978773  0.50136119  0.52978773  0.48755813  0.51543414  0.52978773  0.51543414  0.50136119  0.50136119  0.50136119  
88_0_0     0.25579095  0.24595076  0.27588434  0.25579095  0.26576753  0.26576753  0.25579095  0.27588434  0.28614537  0.35098743  0.33976661  0.18957775  0.02832798  0.02114078  0.02114078  0.00000000  0.30711699  0.31783647  0.32871802  0.32871802  0.46072160  0.46072160  0.42225447  0.40987576  0.50136119  0.47401480  0.43484980  0.44766946  0.36238596  0.50136119  0.48755813  0.51543414  0.52978773  0.46072160  0.47401480  0.54443339  0.52978773  0.51543414  0.48755813  0.51543414  0.47401480  0.47401480  0.48755813  0.47401480  0.48755813  0.46072160  0.46072160  
76_0_0     0.19867196  0.19867196  0.20788254  0.21721251  0.19867196  0.20788254  0.18957775  0.20788254  0.19867196  0.23624329  0.22666501  0.33976661  0.28614537  0.29655480  0.29655480  0.30711699  0.00000000  0.01402464  0.02114078  0.02114078  0.30711699  0.43484980  0.35098743  0.33976661  0.33976661  0.33976661  0.30711699  0.31783647  0.21721251  0.33976661  0.32871802  0.35098743  0.38573927  0.31783647  0.31783647  0.29655480  0.30711699  0.29655480  0.31783647  0.31783647  0.26576753  0.30711699  0.39770635  0.35098743  0.29655480  0.29655480  0.29655480  
81_0_0     0.18957775  0.18957775  0.19867196  0.20788254  0.18957775  0.19867196  0.18059702  0.19867196  0.19867196  0.22666501  0.21721251  0.35098743  0.29655480  0.30711699  0.30711699  0.31783647  0.01402464  0.00000000  0.00697816  0.00697816  0.30711699  0.42225447  0.33976661  0.32871802  0.32871802  0.32871802  0.29655480  0.30711699  0.19867196  0.32871802  0.31783647  0.33976661  0.36238596  0.30711699  0.29655480  0.27588434  0.28614537  0.29655480  0.29655480  0.29655480  0.24595076  0.28614537  0.38573927  0.32871802  0.27588434  0.27588434  0.27588434  
93_0_0     0.19867196  0.19867196  0.20788254  0.21721251  0.19867196  0.20788254  0.18957775  0.20788254  0.20788254  0.23624329  0.22666501  0.33976661  0.30711699  0.31783647  0.31783647  0.32871802  0.02114078  0.00697816  0.00000000  0.00000000  0.29655480  0.40987576  0.32871802  0.31783647  0.31783647  0.31783647  0.28614537  0.29655480  0.20788254  0.31783647  0.30711699  0.32871802  0.35098743  0.31783647  0.30711699  0.26576753  0.27588434  0.28614537  0.28614537  0.28614537  0.23624329  0.27588434  0.37396791  0.31783647  0.26576753  0.26576753  0.26576753  
100_0_0    0.19867196  0.19867196  0.20788254  0.21721251  0.19867196  0.20788254  0.18957775  0.20788254  0.20788254  0.23624329  0.22666501  0.33976661  0.30711699  0.31783647  0.31783647  0.32871802  0.02114078  0.00697816  0.00000000  0.00000000  0.29655480  0.40987576  0.32871802  0.31783647  0.31783647  0.31783647  0.28614537  0.29655480  0.20788254  0.31783647  0.30711699  0.32871802  0.35098743  0.31783647  0.30711699  0.26576753  0.27588434  0.28614537  0.28614537  0.28614537  0.23624329  0.27588434  0.37396791  0.31783647  0.26576753  0.26576753  0.26576753  
91_0_0     0.33976661  0.33976661  0.30711699  0.31783647  0.29655480  0.30711699  0.28614537  0.30711699  0.37396791  0.33976661  0.35098743  0.55938325  0.46072160  0.47401480  0.47401480  0.46072160  0.30711699  0.30711699  0.29655480  0.29655480  0.00000000  0.48755813  0.40987576  0.39770635  0.42225447  0.39770635  0.42225447  0.43484980  0.32871802  0.50136119  0.48755813  0.48755813  0.54443339  0.50136119  0.51543414  0.43484980  0.47401480  0.44766946  0.43484980  0.46072160  0.42225447  0.44766946  0.51543414  0.44766946  0.42225447  0.38573927  0.38573927  
59_0_0     0.42225447  0.40987576  0.46072160  0.42225447  0.44766946  0.46072160  0.43484980  0.44766946  0.43484980  0.46072160  0.47401480  0.59024805  0.51543414  0.50136119  0.50136119  0.46072160  0.43484980  0.42225447  0.40987576  0.40987576  0.48755813  0.00000000  0.09646224  0.08856535  0.21721251  0.18059702  0.16296489  0.15430819  0.32871802  0.31783647  0.32871802  0.32871802  0.35098743  0.31783647  0.32871802  0.35098743  0.33976661  0.42225447  0.37396791  0.37396791  0.38573927  0.36238596  0.38573927  0.39770635  0.40987576  0.35098743  0.35098743  
63_0_0     0.36238596  0.35098743  0.35098743  0.33976661  0.33976661  0.37396791  0.32871802  0.33976661  0.37396791  0.39770635  0.40987576  0.52978773  0.47401480  0.46072160  0.46072160  0.42225447  0.35098743  0.33976661  0.32871802  0.32871802  0.40987576  0.09646224  0.00000000  0.02114078  0.15430819  0.12068643  0.10444673  0.09646224  0.27588434  0.33976661  0.32871802  0.35098743  0.37396791  0.31783647  0.32871802  0.28614537  0.27588434  0.35098743  0.35098743  0.35098743  0.36238596  0.33976661  0.33976661  0.39770635  0.36238596  0.32871802  0.32871802  
9_0_0      0.32871802  0.31783647  0.31783647  0.30711699  0.30711699  0.33976661  0.29655480  0.30711699  0.33976661  0.36238596  0.37396791  0.54443339  0.46072160  0.44766946  0.44766946  0.40987576  0.33976661  0.32871802  0.31783647  0.31783647  0.39770635  0.08856535  0.02114078  0.00000000  0.16296489  0.12894578  0.11252078  0.10444673  0.26576753  0.30711699  0.29655480  0.31783647  0.33976661  0.28614537  0.29655480  0.27588434  0.26576753  0.33976661  0.36238596  0.36238596  0.37396791  0.35098743  0.35098743  0.40987576  0.37396791  0.31783647  0.31783647  
45_0_0     0.44766946  0.44766946  0.43484980  0.42225447  0.42225447  0.43484980  0.40987576  0.42225447  0.36238596  0.37396791  0.38573927  0.47401480  0.50136119  0.48755813  0.48755813  0.50136119  0.33976661  0.32871802  0.31783647  0.31783647  0.42225447  0.21721251  0.15430819  0.16296489  0.00000000  0.02832798  0.09646224  0.08856535  0.29655480  0.39770635  0.38573927  0.40987576  0.47401480  0.42225447  0.43484980  0.33976661  0.35098743  0.37396791  0.35098743  0.32871802  0.31783647  0.33976661  0.36238596  0.37396791  0.31783647  0.32871802  0.32871802  
69_0_0     0.39770635  0.39770635  0.38573927  0.37396791  0.37396791  0.38573927  0.36238596  0.37396791  0.36238596  0.36238596  0.37396791  0.44766946  0.47401480  0.46072160  0.46072160  0.47401480  0.33976661  0.32871802  0.31783647  0.31783647  0.39770635  0.18059702  0.12068643  0.12894578  0.02832798  0.00000000  0.08075417  0.07302684  0.27588434  0.37396791  0.36238596  0.38573927  0.42225447  0.39770635  0.40987576  0.33976661  0.32871802  0.37396791  0.35098743  0.32871802  0.31783647  0.33976661  0.36238596  0.37396791  0.29655480  0.32871802  0.32871802  
67_0_0     0.37396791  0.36238596  0.38573927  0.35098743  0.37396791  0.38573927  0.36238596  0.37396791  0.36238596  0.43484980  0.44766946  0.48755813  0.48755813  0.47401480  0.47401480  0.43484980  0.30711699  0.29655480  0.28614537  0.28614537  0.42225447  0.16296489  0.10444673  0.11252078  0.09646224  0.08075417  0.00000000  0.00697816  0.27588434  0.30711699  0.29655480  0.31783647  0.32871802  0.30711699  0.31783647  0.29655480  0.28614537  0.29655480  0.37396791  0.35098743  0.29655480  0.31783647  0.30711699  0.36238596  0.32871802  0.29655480  0.29655480  
7_0_0      0.38573927  0.37396791  0.39770635  0.36238596  0.38573927  0.39770635  0.37396791  0.38573927  0.37396791  0.44766946  0.46072160  0.50136119  0.50136119  0.48755813  0.48755813  0.44766946  0.31783647  0.30711699  0.29655480  0.29655480  0.43484980  0.15430819  0.09646224  0.10444673  0.08856535  0.07302684  0.00697816  0.00000000  0.28614537  0.31783647  0.30711699  0.32871802  0.33976661  0.31783647  0.32871802  0.28614537  0.27588434  0.30711699  0.36238596  0.33976661  0.30711699  0.32871802  0.31783647  0.37396791  0.33976661  0.30711699  0.30711699  
48_0_0     0.20788254  0.19867196  0.21721251  0.22666501  0.20788254  0.19867196  0.21721251  0.21721251  0.24595076  0.20788254  0.19867196  0.44766946  0.36238596  0.37396791  0.37396791  0.36238596  0.21721251  0.19867196  0.20788254  0.20788254  0.32871802  0.32871802  0.27588434  0.26576753  0.29655480  0.27588434  0.27588434  0.28614537  0.00000000  0.36238596  0.35098743  0.32871802  0.32871802  0.33976661  0.32871802  0.32871802  0.31783647  0.29655480  0.30711699  0.28614537  0.25579095  0.23624329  0.37396791  0.24595076  0.23624329  0.24595076  0.24595076  
64_0_0     0.40987576  0.39770635  0.37396791  0.36238596  0.38573927  0.37396791  0.39770635  0.38573927  0.31783647  0.42225447  0.40987576  0.59024805  0.52978773  0.51543414  0.51543414  0.50136119  0.33976661  0.32871802  0.31783647  0.31783647  0.50136119  0.31783647  0.33976661  0.30711699  0.39770635  0.37396791  0.30711699  0.31783647  0.36238596  0.00000000  0.00697816  0.03558768  0.08856535  0.02832798  0.03558768  0.08075417  0.07302684  0.10444673  0.18957775  0.18957775  0.16296489  0.12894578  0.22666501  0.21721251  0.22666501  0.18059702  0.18059702  
21_0_0     0.39770635  0.38573927  0.36238596  0.35098743  0.37396791  0.36238596  0.38573927  0.37396791  0.30711699  0.40987576  0.39770635  0.60619139  0.51543414  0.50136119  0.50136119  0.48755813  0.32871802  0.31783647  0.30711699  0.30711699  0.48755813  0.32871802  0.32871802  0.29655480  0.38573927  0.36238596  0.29655480  0.30711699  0.35098743  0.00697816  0.00000000  0.04292134  0.09646224  0.03558768  0.04292134  0.08856535  0.08075417  0.11252078  0.19867196  0.19867196  0.17172696  0.13730101  0.21721251  0.20788254  0.21721251  0.17172696  0.17172696  
30_0_0     0.42225447  0.40987576  0.40987576  0.39770635  0.42225447  0.40987576  0.40987576  0.42225447  0.33976661  0.43484980  0.42225447  0.57465023  0.54443339  0.52978773  0.52978773  0.51543414  0.35098743  0.33976661  0.32871802  0.32871802  0.48755813  0.32871802  0.35098743  0.31783647  0.40987576  0.38573927  0.31783647  0.32871802  0.32871802  0.03558768  0.04292134  0.00000000  0.08075417  0.06538160  0.07302684  0.08856535  0.06538160  0.10444673  0.16296489  0.16296489  0.15430819  0.12068643  0.23624329  0.18957775  0.18059702  0.17172696  0.17172696  
41_0_0     0.39770635  0.38573927  0.36238596  0.35098743  0.37396791  0.36238596  0.38573927  0.37396791  0.40987576  0.43484980  0.42225447  0.60619139  0.55938325  0.54443339  0.54443339  0.52978773  0.38573927  0.36238596  0.35098743  0.35098743  0.54443339  0.35098743  0.37396791  0.33976661  0.47401480  0.42225447  0.32871802  0.33976661  0.32871802  0.08856535  0.09646224  0.08075417  0.00000000  0.10444673  0.09646224  0.12894578  0.12068643  0.13730101  0.20788254  0.20788254  0.18059702  0.14575437  0.25579095  0.25579095  0.22666501  0.21721251  0.21721251  
44_0_0     0.36238596  0.35098743  0.32871802  0.31783647  0.33976661  0.32871802  0.35098743  0.33976661  0.32871802  0.42225447  0.40987576  0.60619139  0.48755813  0.47401480  0.47401480  0.46072160  0.31783647  0.30711699  0.31783647  0.31783647  0.50136119  0.31783647  0.31783647  0.28614537  0.42225447  0.39770635  0.30711699  0.31783647  0.33976661  0.02832798  0.03558768  0.06538160  0.10444673  0.00000000  0.00697816  0.09646224  0.08856535  0.12068643  0.20788254  0.20788254  0.19867196  0.16296489  0.24595076  0.23624329  0.24595076  0.18059702  0.18059702  
6_0_0      0.35098743  0.33976661  0.31783647  0.30711699  0.32871802  0.31783647  0.33976661  0.32871802  0.33976661  0.40987576  0.39770635  0.62249590  0.50136119  0.48755813  0.48755813  0.47401480  0.31783647  0.29655480  0.30711699  0.30711699  0.51543414  0.32871802  0.32871802  0.29655480  0.43484980  0.40987576  0.31783647  0.32871802  0.32871802  0.03558768  0.04292134  0.07302684  0.09646224  0.00697816  0.00000000  0.08856535  0.08075417  0.11252078  0.19867196  0.19867196  0.18957775  0.15430819  0.25579095  0.22666501  0.23624329  0.17172696  0.17172696  
74_0_0     0.37396791  0.36238596  0.36238596  0.35098743  0.35098743  0.36238596  0.33976661  0.35098743  0.32871802  0.39770635  0.38573927  0.57465023  0.57465023  0.55938325  0.55938325  0.54443339  0.29655480  0.27588434  0.26576753  0.26576753  0.43484980  0.35098743  0.28614537  0.27588434  0.33976661  0.33976661  0.29655480  0.28614537  0.32871802  0.08075417  0.08856535  0.08856535  0.12894578  0.09646224  0.08856535  0.00000000  0.02114078  0.05781670  0.12894578  0.12894578  0.12068643  0.10444673  0.23624329  0.18957775  0.18059702  0.13730101  0.13730101  
13_0_0     0.38573927  0.37396791  0.37396791  0.36238596  0.36238596  0.37396791  0.35098743  0.36238596  0.32871802  0.39770635  0.38573927  0.55938325  0.55938325  0.54443339  0.54443339  0.52978773  0.30711699  0.28614537  0.27588434  0.27588434  0.47401480  0.33976661  0.27588434  0.26576753  0.35098743  0.32871802  0.28614537  0.27588434  0.31783647  0.07302684  0.08075417  0.06538160  0.12068643  0.08856535  0.08075417  0.02114078  0.00000000  0.05033049  0.13730101  0.13730101  0.12894578  0.11252078  0.24595076  0.18059702  0.17172696  0.14575437  0.14575437  
32_0_0     0.38573927  0.37396791  0.36238596  0.35098743  0.35098743  0.36238596  0.35098743  0.35098743  0.32871802  0.37396791  0.36238596  0.57465023  0.54443339  0.52978773  0.52978773  0.51543414  0.29655480  0.29655480  0.28614537  0.28614537  0.44766946  0.42225447  0.35098743  0.33976661  0.37396791  0.37396791  0.29655480  0.30711699  0.29655480  0.10444673  0.11252078  0.10444673  0.13730101  0.12068643  0.11252078  0.05781670  0.05033049  0.00000000  0.16296489  0.16296489  0.12068643  0.11252078  0.23624329  0.17172696  0.16296489  0.13730101  0.13730101  
33_0_0     0.39770635  0.39770635  0.40987576  0.39770635  0.39770635  0.38573927  0.38573927  0.39770635  0.35098743  0.37396791  0.36238596  0.51543414  0.51543414  0.50136119  0.50136119  0.48755813  0.31783647  0.29655480  0.28614537  0.28614537  0.43484980  0.37396791  0.35098743  0.36238596  0.35098743  0.35098743  0.37396791  0.36238596  0.30711699  0.18957775  0.19867196  0.16296489  0.20788254  0.20788254  0.19867196  0.12894578  0.13730101  0.16296489  0.00000000  0.01402464  0.06538160  0.05033049  0.20788254  0.16296489  0.13730101  0.16296489  0.16296489  
31_0_0     0.42225447  0.42225447  0.43484980  0.42225447  0.42225447  0.40987576  0.40987576  0.42225447  0.37396791  0.39770635  0.38573927  0.51543414  0.54443339  0.52978773  0.52978773  0.51543414  0.31783647  0.29655480  0.28614537  0.28614537  0.46072160  0.37396791  0.35098743  0.36238596  0.32871802  0.32871802  0.35098743  0.33976661  0.28614537  0.18957775  0.19867196  0.16296489  0.20788254  0.20788254  0.19867196  0.12894578  0.13730101  0.16296489  0.01402464  0.00000000  0.05033049  0.05033049  0.20788254  0.16296489  0.12068643  0.16296489  0.16296489  
19_0_0     0.38573927  0.38573927  0.39770635  0.38573927  0.38573927  0.37396791  0.37396791  0.38573927  0.31783647  0.36238596  0.35098743  0.44766946  0.50136119  0.48755813  0.48755813  0.47401480  0.26576753  0.24595076  0.23624329  0.23624329  0.42225447  0.38573927  0.36238596  0.37396791  0.31783647  0.31783647  0.29655480  0.30711699  0.25579095  0.16296489  0.17172696  0.15430819  0.18059702  0.19867196  0.18957775  0.12068643  0.12894578  0.12068643  0.06538160  0.05033049  0.00000000  0.04292134  0.19867196  0.15430819  0.11252078  0.13730101  0.13730101  
5_0_0      0.40987576  0.39770635  0.39770635  0.38573927  0.38573927  0.37396791  0.39770635  0.38573927  0.31783647  0.36238596  0.35098743  0.50136119  0.52978773  0.51543414  0.51543414  0.47401480  0.30711699  0.28614537  0.27588434  0.27588434  0.44766946  0.36238596  0.33976661  0.35098743  0.33976661  0.33976661  0.31783647  0.32871802  0.23624329  0.12894578  0.13730101  0.12068643  0.14575437  0.16296489  0.15430819  0.10444673  0.11252078  0.11252078  0.05033049  0.05033049  0.04292134  0.00000000  0.18059702  0.12068643  0.11252078  0.12068643  0.12068643  
12_0_0     0.44766946  0.43484980  0.46072160  0.42225447  0.44766946  0.43484980  0.43484980  0.44766946  0.31783647  0.44766946  0.46072160  0.59024805  0.54443339  0.52978773  0.52978773  0.48755813  0.39770635  0.38573927  0.37396791  0.37396791  0.51543414  0.38573927  0.33976661  0.35098743  0.36238596  0.36238596  0.30711699  0.31783647  0.37396791  0.22666501  0.21721251  0.23624329  0.25579095  0.24595076  0.25579095  0.23624329  0.24595076  0.23624329  0.20788254  0.20788254  0.19867196  0.18059702  0.00000000  0.19867196  0.20788254  0.20788254  0.20788254  
43_0_0     0.42225447  0.40987576  0.46072160  0.47401480  0.44766946  0.43484980  0.43484980  0.44766946  0.35098743  0.39770635  0.38573927  0.57465023  0.50136119  0.51543414  0.51543414  0.47401480  0.35098743  0.32871802  0.31783647  0.31783647  0.44766946  0.39770635  0.39770635  0.40987576  0.37396791  0.37396791  0.36238596  0.37396791  0.24595076  0.21721251  0.20788254  0.18957775  0.25579095  0.23624329  0.22666501  0.18957775  0.18059702  0.17172696  0.16296489  0.16296489  0.15430819  0.12068643  0.19867196  0.00000000  0.06538160  0.07302684  0.07302684  
50_0_0     0.40987576  0.40987576  0.42225447  0.40987576  0.40987576  0.39770635  0.39770635  0.40987576  0.36238596  0.38573927  0.37396791  0.48755813  0.51543414  0.50136119  0.50136119  0.48755813  0.29655480  0.27588434  0.26576753  0.26576753  0.42225447  0.40987576  0.36238596  0.37396791  0.31783647  0.29655480  0.32871802  0.33976661  0.23624329  0.22666501  0.21721251  0.18059702  0.22666501  0.24595076  0.23624329  0.18059702  0.17172696  0.16296489  0.13730101  0.12068643  0.11252078  0.11252078  0.20788254  0.06538160  0.00000000  0.08075417  0.08075417  
38_0_0     0.37396791  0.36238596  0.40987576  0.39770635  0.39770635  0.38573927  0.38573927  0.39770635  0.32871802  0.39770635  0.38573927  0.55938325  0.51543414  0.50136119  0.50136119  0.46072160  0.29655480  0.27588434  0.26576753  0.26576753  0.38573927  0.35098743  0.32871802  0.31783647  0.32871802  0.32871802  0.29655480  0.30711699  0.24595076  0.18059702  0.17172696  0.17172696  0.21721251  0.18059702  0.17172696  0.13730101  0.14575437  0.13730101  0.16296489  0.16296489  0.13730101  0.12068643  0.20788254  0.07302684  0.08075417  0.00000000  0.00000000  
51_0_0     0.37396791  0.36238596  0.40987576  0.39770635  0.39770635  0.38573927  0.38573927  0.39770635  0.32871802  0.39770635  0.38573927  0.55938325  0.51543414  0.50136119  0.50136119  0.46072160  0.29655480  0.27588434  0.26576753  0.26576753  0.38573927  0.35098743  0.32871802  0.31783647  0.32871802  0.32871802  0.29655480  0.30711699  0.24595076  0.18059702  0.17172696  0.17172696  0.21721251  0.18059702  0.17172696  0.13730101  0.14575437  0.13730101  0.16296489  0.16296489  0.13730101  0.12068643  0.20788254  0.07302684  0.08075417  0.00000000  0.00000000  

