20
10_0_0     0.00000000  0.02661469  0.02661469  0.02661469  0.02661469  0.04722044  0.02661469  0.07561474  0.06128200  0.05421797  0.04028819  0.06841382  0.07561474  0.07561474  0.07561474  0.07561474  0.09022932  0.09022932  0.12034996  0.09764582  
7_0_0      0.02661469  0.00000000  0.00000000  0.01318822  0.01318822  0.04722044  0.02661469  0.07561474  0.06128200  0.05421797  0.04028819  0.05421797  0.09022932  0.09022932  0.09022932  0.09022932  0.10513706  0.10513706  0.12034996  0.09764582  
11_0_0     0.02661469  0.00000000  0.00000000  0.01318822  0.01318822  0.04722044  0.02661469  0.07561474  0.06128200  0.05421797  0.04028819  0.05421797  0.09022932  0.09022932  0.09022932  0.09022932  0.10513706  0.10513706  0.12034996  0.09764582  
2_0_0      0.02661469  0.01318822  0.01318822  0.00000000  0.00000000  0.04722044  0.02661469  0.07561474  0.06128200  0.05421797  0.04028819  0.05421797  0.09022932  0.09022932  0.09022932  0.09022932  0.10513706  0.10513706  0.10513706  0.09764582  
8_0_0      0.02661469  0.01318822  0.01318822  0.00000000  0.00000000  0.04722044  0.02661469  0.07561474  0.06128200  0.05421797  0.04028819  0.05421797  0.09022932  0.09022932  0.09022932  0.09022932  0.10513706  0.10513706  0.10513706  0.09764582  
9_0_0      0.04722044  0.04722044  0.04722044  0.04722044  0.04722044  0.00000000  0.01987113  0.09764582  0.06841382  0.07561474  0.04722044  0.09022932  0.11270459  0.11270459  0.11270459  0.11270459  0.12807480  0.12807480  0.14376959  0.12034996  
1_0_0      0.02661469  0.02661469  0.02661469  0.02661469  0.02661469  0.01987113  0.00000000  0.07561474  0.04722044  0.05421797  0.02661469  0.06841382  0.09022932  0.09022932  0.09022932  0.09022932  0.10513706  0.10513706  0.12034996  0.09764582  
6_0_0      0.07561474  0.07561474  0.07561474  0.07561474  0.07561474  0.09764582  0.07561474  0.00000000  0.11270459  0.10513706  0.09022932  0.11270459  0.12034996  0.12034996  0.12034996  0.12034996  0.13588077  0.13588077  0.14376959  0.12034996  
4_0_0      0.06128200  0.06128200  0.06128200  0.06128200  0.06128200  0.06841382  0.04722044  0.11270459  0.00000000  0.03341999  0.01987113  0.10513706  0.12807480  0.12807480  0.12807480  0.12807480  0.12807480  0.12807480  0.14376959  0.13588077  
3_0_0      0.05421797  0.05421797  0.05421797  0.05421797  0.05421797  0.07561474  0.05421797  0.10513706  0.03341999  0.00000000  0.02661469  0.09764582  0.10513706  0.10513706  0.10513706  0.10513706  0.12034996  0.12034996  0.13588077  0.12807480  
5_0_0      0.04028819  0.04028819  0.04028819  0.04028819  0.04028819  0.04722044  0.02661469  0.09022932  0.01987113  0.02661469  0.00000000  0.08288611  0.10513706  0.10513706  0.10513706  0.10513706  0.12034996  0.12034996  0.12034996  0.11270459  
15_0_0     0.06841382  0.05421797  0.05421797  0.05421797  0.05421797  0.09022932  0.06841382  0.11270459  0.10513706  0.09764582  0.08288611  0.00000000  0.06128200  0.06128200  0.06128200  0.06128200  0.08288611  0.08288611  0.09764582  0.07561474  
20_0_0     0.07561474  0.09022932  0.09022932  0.09022932  0.09022932  0.11270459  0.09022932  0.12034996  0.12807480  0.10513706  0.10513706  0.06128200  0.00000000  0.00000000  0.00000000  0.00000000  0.01987113  0.01987113  0.09022932  0.08288611  
12_0_0     0.07561474  0.09022932  0.09022932  0.09022932  0.09022932  0.11270459  0.09022932  0.12034996  0.12807480  0.10513706  0.10513706  0.06128200  0.00000000  0.00000000  0.00000000  0.00000000  0.01987113  0.01987113  0.09022932  0.08288611  
19_0_0     0.07561474  0.09022932  0.09022932  0.09022932  0.09022932  0.11270459  0.09022932  0.12034996  0.12807480  0.10513706  0.10513706  0.06128200  0.00000000  0.00000000  0.00000000  0.00000000  0.01987113  0.01987113  0.09022932  0.08288611  
13_0_0     0.07561474  0.09022932  0.09022932  0.09022932  0.09022932  0.11270459  0.09022932  0.12034996  0.12807480  0.10513706  0.10513706  0.06128200  0.00000000  0.00000000  0.00000000  0.00000000  0.01987113  0.01987113  0.09022932  0.08288611  
18_0_0     0.09022932  0.10513706  0.10513706  0.10513706  0.10513706  0.12807480  0.10513706  0.13588077  0.12807480  0.12034996  0.12034996  0.08288611  0.01987113  0.01987113  0.01987113  0.01987113  0.00000000  0.00000000  0.11270459  0.10513706  
14_0_0     0.09022932  0.10513706  0.10513706  0.10513706  0.10513706  0.12807480  0.10513706  0.13588077  0.12807480  0.12034996  0.12034996  0.08288611  0.01987113  0.01987113  0.01987113  0.01987113  0.00000000  0.00000000  0.11270459  0.10513706  
17_0_0     0.12034996  0.12034996  0.12034996  0.10513706  0.10513706  0.14376959  0.12034996  0.14376959  0.14376959  0.13588077  0.12034996  0.09764582  0.09022932  0.09022932  0.09022932  0.09022932  0.11270459  0.11270459  0.00000000  0.01987113  
16_0_0     0.09764582  0.09764582  0.09764582  0.09764582  0.09764582  0.12034996  0.09764582  0.12034996  0.13588077  0.12807480  0.11270459  0.07561474  0.08288611  0.08288611  0.08288611  0.08288611  0.10513706  0.10513706  0.01987113  0.00000000  

