14
15_1_0     0.00000000  0.03729854  0.03094855  0.04370413  0.16217240  0.15464651  0.42297305  0.40167617  0.44490858  0.40167617  0.40167617  0.44490858  0.46752225  0.39125580  
18_1_0     0.03729854  0.00000000  0.01841158  0.01841158  0.16217240  0.15464651  0.43385860  0.42297305  0.49085731  0.44490858  0.44490858  0.49085731  0.51496133  0.41224711  
17_1_0     0.03094855  0.01841158  0.00000000  0.02465321  0.16977651  0.16217240  0.42297305  0.41224711  0.46752225  0.42297305  0.42297305  0.46752225  0.50281005  0.39125580  
19_1_0     0.04370413  0.01841158  0.02465321  0.00000000  0.16977651  0.16217240  0.43385860  0.44490858  0.50281005  0.45612804  0.45612804  0.50281005  0.52731786  0.40167617  
16_3_0     0.16217240  0.16217240  0.16977651  0.16977651  0.00000000  0.08336223  0.41224711  0.40167617  0.52731786  0.47909674  0.50281005  0.52731786  0.46752225  0.55267528  
16_1_0     0.15464651  0.15464651  0.16217240  0.16217240  0.08336223  0.00000000  0.37085006  0.37085006  0.52731786  0.47909674  0.55267528  0.52731786  0.45612804  0.46752225  
16_0_0     0.42297305  0.43385860  0.42297305  0.43385860  0.41224711  0.37085006  0.00000000  0.24202338  0.41224711  0.44490858  0.42297305  0.42297305  0.35099812  0.36085675  
20_0_0     0.40167617  0.42297305  0.41224711  0.44490858  0.40167617  0.37085006  0.24202338  0.00000000  0.34127058  0.36085675  0.38098178  0.36085675  0.38098178  0.28547465  
15_2_0     0.44490858  0.49085731  0.46752225  0.50281005  0.52731786  0.52731786  0.41224711  0.34127058  0.00000000  0.06326447  0.03729854  0.03729854  0.25050961  0.24202338  
19_2_0     0.40167617  0.44490858  0.42297305  0.45612804  0.47909674  0.47909674  0.44490858  0.36085675  0.06326447  0.00000000  0.07660144  0.07660144  0.30360452  0.27657547  
17_2_0     0.40167617  0.44490858  0.42297305  0.45612804  0.50281005  0.55267528  0.42297305  0.38098178  0.03729854  0.07660144  0.00000000  0.02465321  0.28547465  0.25909545  
18_2_0     0.44490858  0.49085731  0.46752225  0.50281005  0.52731786  0.52731786  0.42297305  0.36085675  0.03729854  0.07660144  0.02465321  0.00000000  0.28547465  0.27657547  
20_2_0     0.46752225  0.51496133  0.50281005  0.52731786  0.46752225  0.45612804  0.35099812  0.38098178  0.25050961  0.30360452  0.28547465  0.28547465  0.00000000  0.28547465  
16_2_0     0.39125580  0.41224711  0.39125580  0.40167617  0.55267528  0.46752225  0.36085675  0.28547465  0.24202338  0.27657547  0.25909545  0.27657547  0.28547465  0.00000000  

