18
2_0_0      0.00000000  0.00000000  0.00000000  0.10543123  0.10543123  0.10543123  0.10543123  0.11212675  0.10543123  0.10543123  0.11212675  0.09879575  0.09879575  0.09879575  0.09879575  0.07923893  0.11212675  0.07283317  
3_0_0      0.00000000  0.00000000  0.00000000  0.10543123  0.10543123  0.10543123  0.10543123  0.11212675  0.10543123  0.10543123  0.11212675  0.09879575  0.09879575  0.09879575  0.09879575  0.07923893  0.11212675  0.07283317  
1_0_0      0.00000000  0.00000000  0.00000000  0.10543123  0.10543123  0.10543123  0.10543123  0.11212675  0.10543123  0.10543123  0.11212675  0.09879575  0.09879575  0.09879575  0.09879575  0.07923893  0.11212675  0.07283317  
20_0_0     0.10543123  0.10543123  0.10543123  0.00000000  0.03552101  0.11888339  0.11888339  0.11212675  0.13258459  0.11212675  0.11212675  0.13953150  0.11888339  0.09221922  0.08570062  0.09879575  0.09221922  0.09221922  
20_1_0     0.10543123  0.10543123  0.10543123  0.03552101  0.00000000  0.10543123  0.10543123  0.11212675  0.12570229  0.11888339  0.11888339  0.13953150  0.12570229  0.09221922  0.07283317  0.07923893  0.07923893  0.08570062  
9_0_0      0.10543123  0.10543123  0.10543123  0.11888339  0.10543123  0.00000000  0.00000000  0.00580304  0.07283317  0.06648238  0.07283317  0.09221922  0.07923893  0.12570229  0.11888339  0.11212675  0.13953150  0.11212675  
13_0_0     0.10543123  0.10543123  0.10543123  0.11888339  0.10543123  0.00000000  0.00000000  0.00580304  0.07283317  0.06648238  0.07283317  0.09221922  0.07923893  0.12570229  0.11888339  0.11212675  0.13953150  0.11212675  
7_0_0      0.11212675  0.11212675  0.11212675  0.11212675  0.11212675  0.00580304  0.00580304  0.00000000  0.07283317  0.06018562  0.06648238  0.08570062  0.07283317  0.11888339  0.12570229  0.11888339  0.13953150  0.11888339  
19_0_0     0.10543123  0.10543123  0.10543123  0.13258459  0.12570229  0.07283317  0.07283317  0.07283317  0.00000000  0.02349025  0.01754743  0.03552101  0.03552101  0.10543123  0.11212675  0.13258459  0.13953150  0.10543123  
18_0_0     0.10543123  0.10543123  0.10543123  0.11212675  0.11888339  0.06648238  0.06648238  0.06018562  0.02349025  0.00000000  0.00580304  0.02948119  0.02948119  0.10543123  0.11888339  0.13953150  0.14654423  0.11212675  
8_0_0      0.11212675  0.11212675  0.11212675  0.11212675  0.11888339  0.07283317  0.07283317  0.06648238  0.01754743  0.00580304  0.00000000  0.03552101  0.02349025  0.10543123  0.11888339  0.13953150  0.14654423  0.11212675  
8_3_0      0.09879575  0.09879575  0.09879575  0.13953150  0.13953150  0.09221922  0.09221922  0.08570062  0.03552101  0.02948119  0.03552101  0.00000000  0.02948119  0.11888339  0.12570229  0.13258459  0.13258459  0.13258459  
18_3_0     0.09879575  0.09879575  0.09879575  0.11888339  0.12570229  0.07923893  0.07923893  0.07283317  0.03552101  0.02948119  0.02349025  0.02948119  0.00000000  0.10543123  0.12570229  0.13258459  0.13258459  0.11888339  
16_2_0     0.09879575  0.09879575  0.09879575  0.09221922  0.09221922  0.12570229  0.12570229  0.11888339  0.10543123  0.10543123  0.10543123  0.11888339  0.10543123  0.00000000  0.06648238  0.08570062  0.07283317  0.06648238  
16_0_0     0.09879575  0.09879575  0.09879575  0.08570062  0.07283317  0.11888339  0.11888339  0.12570229  0.11212675  0.11888339  0.11888339  0.12570229  0.12570229  0.06648238  0.00000000  0.04161054  0.06018562  0.05394198  
14_0_0     0.07923893  0.07923893  0.07923893  0.09879575  0.07923893  0.11212675  0.11212675  0.11888339  0.13258459  0.13953150  0.13953150  0.13258459  0.13258459  0.08570062  0.04161054  0.00000000  0.04161054  0.03552101  
6_0_0      0.11212675  0.11212675  0.11212675  0.09221922  0.07923893  0.13953150  0.13953150  0.13953150  0.13953150  0.14654423  0.14654423  0.13258459  0.13258459  0.07283317  0.06018562  0.04161054  0.00000000  0.06648238  
15_0_0     0.07283317  0.07283317  0.07283317  0.09221922  0.08570062  0.11212675  0.11212675  0.11888339  0.10543123  0.11212675  0.11212675  0.13258459  0.11888339  0.06648238  0.05394198  0.03552101  0.06648238  0.00000000  

