20
19_0_0     0.00000000  0.00952938  0.11585362  0.12793318  0.11472346  0.11716584  0.10407508  0.11472346  0.11472346  0.09258292  0.21725327  0.19762596  0.19762596  0.21121916  0.20301050  0.20301050  0.20301050  0.20301050  0.16005292  0.16005292  
20_0_0     0.00952938  0.00000000  0.10407508  0.11585362  0.10309805  0.10523008  0.09258292  0.10309805  0.10309805  0.08136355  0.23193857  0.21121916  0.21121916  0.22521487  0.21725327  0.21725327  0.21725327  0.21725327  0.17274408  0.17274408  
8_0_0      0.11585362  0.10407508  0.00000000  0.00952938  0.17575120  0.12793318  0.11472346  0.17575120  0.17575120  0.15142044  0.23465515  0.24187733  0.21299982  0.25700580  0.23465515  0.23465515  0.23465515  0.23465515  0.18737646  0.18737646  
18_0_0     0.12793318  0.11585362  0.00952938  0.00000000  0.18918437  0.14032956  0.12664201  0.16268926  0.16268926  0.13886888  0.25007270  0.22721809  0.19919678  0.24187733  0.21972464  0.21972464  0.21972464  0.21972464  0.20099205  0.20099205  
15_0_0     0.11472346  0.10309805  0.17575120  0.18918437  0.00000000  0.16431440  0.17575120  0.09062015  0.09062015  0.11377706  0.28879771  0.23589993  0.23589993  0.22192788  0.24187733  0.24187733  0.24187733  0.27263452  0.21299982  0.21299982  
6_0_0      0.11716584  0.10523008  0.12793318  0.14032956  0.16431440  0.00000000  0.11585362  0.12664201  0.12664201  0.12793318  0.26275312  0.30217888  0.26987466  0.31919849  0.29571746  0.29571746  0.29571746  0.29571746  0.22721809  0.22721809  
14_0_0     0.10407508  0.09258292  0.11472346  0.12664201  0.17575120  0.11585362  0.00000000  0.14997858  0.14997858  0.12664201  0.30917419  0.31581145  0.31581145  0.33312496  0.29211945  0.29211945  0.29211945  0.30917419  0.25451442  0.25451442  
13_0_0     0.11472346  0.10309805  0.17575120  0.16268926  0.09062015  0.12664201  0.14997858  0.00000000  0.00000000  0.03897337  0.27263452  0.22192788  0.22192788  0.23589993  0.18578541  0.18578541  0.18578541  0.21299982  0.19628127  0.19628127  
9_0_0      0.11472346  0.10309805  0.17575120  0.16268926  0.09062015  0.12664201  0.14997858  0.00000000  0.00000000  0.03897337  0.27263452  0.22192788  0.22192788  0.23589993  0.18578541  0.18578541  0.18578541  0.21299982  0.19628127  0.19628127  
7_0_0      0.09258292  0.08136355  0.15142044  0.13886888  0.11377706  0.12793318  0.12664201  0.03897337  0.03897337  0.00000000  0.24436310  0.20967092  0.20967092  0.22345094  0.17414210  0.17414210  0.17414210  0.20099205  0.18441276  0.18441276  
16_0_0     0.21725327  0.23193857  0.23465515  0.25007270  0.28879771  0.26275312  0.30917419  0.27263452  0.27263452  0.24436310  0.00000000  0.21299982  0.21299982  0.22721809  0.20525133  0.20525133  0.20525133  0.20525133  0.18737646  0.18737646  
1_0_0      0.19762596  0.21121916  0.24187733  0.22721809  0.23589993  0.30217888  0.31581145  0.22192788  0.22192788  0.20967092  0.21299982  0.00000000  0.01925483  0.00952938  0.06945495  0.06945495  0.06945495  0.06945495  0.12390421  0.12390421  
2_0_0      0.19762596  0.21121916  0.21299982  0.19919678  0.23589993  0.26987466  0.31581145  0.22192788  0.22192788  0.20967092  0.21299982  0.01925483  0.00000000  0.02918460  0.09109670  0.09109670  0.09109670  0.09109670  0.11244392  0.11244392  
3_0_0      0.21121916  0.22521487  0.25700580  0.24187733  0.22192788  0.31919849  0.33312496  0.23589993  0.23589993  0.22345094  0.22721809  0.00952938  0.02918460  0.00000000  0.08015198  0.08015198  0.08015198  0.08015198  0.13564927  0.13564927  
10_0_0     0.20301050  0.21725327  0.23465515  0.21972464  0.24187733  0.29571746  0.29211945  0.18578541  0.18578541  0.17414210  0.20525133  0.06945495  0.09109670  0.08015198  0.00000000  0.00000000  0.00000000  0.01925483  0.11472346  0.11472346  
4_0_0      0.20301050  0.21725327  0.23465515  0.21972464  0.24187733  0.29571746  0.29211945  0.18578541  0.18578541  0.17414210  0.20525133  0.06945495  0.09109670  0.08015198  0.00000000  0.00000000  0.00000000  0.01925483  0.11472346  0.11472346  
12_0_0     0.20301050  0.21725327  0.23465515  0.21972464  0.24187733  0.29571746  0.29211945  0.18578541  0.18578541  0.17414210  0.20525133  0.06945495  0.09109670  0.08015198  0.00000000  0.00000000  0.00000000  0.01925483  0.11472346  0.11472346  
5_0_0      0.20301050  0.21725327  0.23465515  0.21972464  0.27263452  0.29571746  0.30917419  0.21299982  0.21299982  0.20099205  0.20525133  0.06945495  0.09109670  0.08015198  0.01925483  0.01925483  0.01925483  0.00000000  0.09175172  0.09175172  
17_0_0     0.16005292  0.17274408  0.18737646  0.20099205  0.21299982  0.22721809  0.25451442  0.19628127  0.19628127  0.18441276  0.18737646  0.12390421  0.11244392  0.13564927  0.11472346  0.11472346  0.11472346  0.09175172  0.00000000  0.00000000  
11_0_0     0.16005292  0.17274408  0.18737646  0.20099205  0.21299982  0.22721809  0.25451442  0.19628127  0.19628127  0.18441276  0.18737646  0.12390421  0.11244392  0.13564927  0.11472346  0.11472346  0.11472346  0.09175172  0.00000000  0.00000000  

