24
20_0_0     0.00000000  0.05999290  0.07484436  0.23778911  0.24247731  0.25194369  0.25672265  0.24247731  0.25672265  0.26637411  0.26153266  0.26153266  0.27615301  0.26153266  0.25672265  0.28606277  0.28109131  0.27124742  0.23778911  0.26637411  0.27124742  0.21478326  0.24247731  0.23778911  
16_7_0     0.05999290  0.00000000  0.03469868  0.25672265  0.26153266  0.26153266  0.26637411  0.25194369  0.25672265  0.27124742  0.27124742  0.27124742  0.29106783  0.28606277  0.28109131  0.28606277  0.28109131  0.29106783  0.22850083  0.23778911  0.24247731  0.21478326  0.25194369  0.24719537  
16_0_0     0.07484436  0.03469868  0.00000000  0.27615301  0.27124742  0.27124742  0.27615301  0.26153266  0.27615301  0.28606277  0.27615301  0.27615301  0.29106783  0.30118059  0.29610695  0.29106783  0.29106783  0.30118059  0.24719537  0.25672265  0.26153266  0.23313041  0.26637411  0.27124742  
6_0_0      0.23778911  0.25672265  0.27615301  0.00000000  0.00339761  0.04543345  0.04904656  0.04904656  0.14151318  0.13335104  0.12527788  0.12527788  0.14151318  0.13335104  0.12930346  0.14976629  0.14562824  0.14976629  0.16655369  0.16655369  0.17081068  0.15392760  0.15392760  0.14976629  
3_0_0      0.24247731  0.26153266  0.27124742  0.00339761  0.00000000  0.04183787  0.04543345  0.04543345  0.13742087  0.12930346  0.12127406  0.12127406  0.13742087  0.13335104  0.12930346  0.14562824  0.14151318  0.14562824  0.16232103  0.16232103  0.16655369  0.14976629  0.14976629  0.15392760  
14_0_0     0.25194369  0.26153266  0.27124742  0.04543345  0.04183787  0.00000000  0.00339761  0.02762766  0.14976629  0.13742087  0.12127406  0.12127406  0.13742087  0.13335104  0.12930346  0.15392760  0.14151318  0.15392760  0.16232103  0.16232103  0.16655369  0.14151318  0.13742087  0.14151318  
2_0_0      0.25672265  0.26637411  0.27615301  0.04904656  0.04543345  0.00339761  0.00000000  0.03115473  0.15392760  0.13335104  0.11729178  0.11729178  0.13742087  0.12930346  0.13335104  0.14976629  0.13742087  0.14976629  0.15811242  0.16655369  0.16232103  0.14562824  0.13335104  0.13742087  
11_0_0     0.24247731  0.25194369  0.26153266  0.04904656  0.04543345  0.02762766  0.03115473  0.00000000  0.14562824  0.14562824  0.12930346  0.12930346  0.14151318  0.14562824  0.14151318  0.15811242  0.14562824  0.16655369  0.15811242  0.15811242  0.16232103  0.14562824  0.14151318  0.14562824  
13_1_0     0.25672265  0.25672265  0.27615301  0.14151318  0.13742087  0.14976629  0.15392760  0.14562824  0.00000000  0.07860423  0.06367794  0.06367794  0.10547183  0.09383758  0.08999977  0.10157340  0.09769539  0.08999977  0.09383758  0.09383758  0.09769539  0.08618174  0.08999977  0.09383758  
11_1_0     0.26637411  0.27124742  0.28606277  0.13335104  0.12930346  0.13742087  0.13335104  0.14562824  0.07860423  0.00000000  0.03115473  0.03115473  0.08999977  0.07484436  0.07860423  0.08618174  0.08238329  0.08238329  0.08618174  0.08618174  0.08238329  0.05999290  0.06367794  0.06738140  
2_1_0      0.26153266  0.27124742  0.27615301  0.12527788  0.12127406  0.12127406  0.11729178  0.12930346  0.06367794  0.03115473  0.00000000  0.00000000  0.08999977  0.07484436  0.07860423  0.07110348  0.06738140  0.05999290  0.07860423  0.07860423  0.07484436  0.06738140  0.05632611  0.05999290  
14_1_0     0.26153266  0.27124742  0.27615301  0.12527788  0.12127406  0.12127406  0.11729178  0.12930346  0.06367794  0.03115473  0.00000000  0.00000000  0.08999977  0.07484436  0.07860423  0.07110348  0.06738140  0.05999290  0.07860423  0.07860423  0.07484436  0.06738140  0.05632611  0.05999290  
11_5_0     0.27615301  0.29106783  0.29106783  0.14151318  0.13742087  0.13742087  0.13742087  0.14151318  0.10547183  0.08999977  0.08999977  0.08999977  0.00000000  0.02762766  0.02762766  0.07484436  0.06367794  0.07860423  0.10547183  0.10939089  0.10939089  0.09383758  0.09383758  0.09769539  
14_5_0     0.26153266  0.28606277  0.30118059  0.13335104  0.13335104  0.13335104  0.12930346  0.14562824  0.09383758  0.07484436  0.07484436  0.07484436  0.02762766  0.00000000  0.00339761  0.06738140  0.05632611  0.05632611  0.08618174  0.09383758  0.08999977  0.08238329  0.07484436  0.07484436  
2_5_0      0.25672265  0.28109131  0.29610695  0.12930346  0.12930346  0.12930346  0.13335104  0.14151318  0.08999977  0.07860423  0.07860423  0.07860423  0.02762766  0.00339761  0.00000000  0.07110348  0.05999290  0.05999290  0.08999977  0.08999977  0.09383758  0.07860423  0.07860423  0.07860423  
6_5_0      0.28606277  0.28606277  0.29106783  0.14976629  0.14562824  0.15392760  0.14976629  0.15811242  0.10157340  0.08618174  0.07110348  0.07110348  0.07484436  0.06738140  0.07110348  0.00000000  0.01023996  0.03825967  0.08999977  0.09383758  0.08999977  0.09769539  0.08999977  0.09383758  
3_5_0      0.28109131  0.28109131  0.29106783  0.14562824  0.14151318  0.14151318  0.13742087  0.14562824  0.09769539  0.08238329  0.06738140  0.06738140  0.06367794  0.05632611  0.05999290  0.01023996  0.00000000  0.03469868  0.07860423  0.08999977  0.08618174  0.08618174  0.07860423  0.08238329  
13_5_0     0.27124742  0.29106783  0.30118059  0.14976629  0.14562824  0.15392760  0.14976629  0.16655369  0.08999977  0.08238329  0.05999290  0.05999290  0.07860423  0.05632611  0.05999290  0.03825967  0.03469868  0.00000000  0.08999977  0.08618174  0.08238329  0.07860423  0.07110348  0.07484436  
11_4_0     0.23778911  0.22850083  0.24719537  0.16655369  0.16232103  0.16232103  0.15811242  0.15811242  0.09383758  0.08618174  0.07860423  0.07860423  0.10547183  0.08618174  0.08999977  0.08999977  0.07860423  0.08999977  0.00000000  0.04183787  0.03825967  0.04904656  0.04183787  0.04543345  
14_4_0     0.26637411  0.23778911  0.25672265  0.16655369  0.16232103  0.16232103  0.16655369  0.15811242  0.09383758  0.08618174  0.07860423  0.07860423  0.10939089  0.09383758  0.08999977  0.09383758  0.08999977  0.08618174  0.04183787  0.00000000  0.00339761  0.05632611  0.04904656  0.05267739  
2_4_0      0.27124742  0.24247731  0.26153266  0.17081068  0.16655369  0.16655369  0.16232103  0.16232103  0.09769539  0.08238329  0.07484436  0.07484436  0.10939089  0.08999977  0.09383758  0.08999977  0.08618174  0.08238329  0.03825967  0.00339761  0.00000000  0.05999290  0.04543345  0.04904656  
13_4_0     0.21478326  0.21478326  0.23313041  0.15392760  0.14976629  0.14151318  0.14562824  0.14562824  0.08618174  0.05999290  0.06738140  0.06738140  0.09383758  0.08238329  0.07860423  0.09769539  0.08618174  0.07860423  0.04904656  0.05632611  0.05999290  0.00000000  0.03469868  0.03825967  
6_4_0      0.24247731  0.25194369  0.26637411  0.15392760  0.14976629  0.13742087  0.13335104  0.14151318  0.08999977  0.06367794  0.05632611  0.05632611  0.09383758  0.07484436  0.07860423  0.08999977  0.07860423  0.07110348  0.04183787  0.04904656  0.04543345  0.03469868  0.00000000  0.00339761  
3_4_0      0.23778911  0.24719537  0.27124742  0.14976629  0.15392760  0.14151318  0.13742087  0.14562824  0.09383758  0.06738140  0.05999290  0.05999290  0.09769539  0.07484436  0.07860423  0.09383758  0.08238329  0.07484436  0.04543345  0.05267739  0.04904656  0.03825967  0.00339761  0.00000000  

