20
11_0_0     0.00000000  0.02321430  0.19475594  0.17282957  0.19475594  0.18006705  0.18006705  0.18006705  0.19475594  0.18006705  0.18006705  0.20973960  0.20221019  0.21734571  0.21734571  0.28952992  0.28115610  0.28952992  0.28115610  0.30656466  
17_0_0     0.02321430  0.00000000  0.18006705  0.17282957  0.16566156  0.16566156  0.16566156  0.16566156  0.19475594  0.18006705  0.18006705  0.20973960  0.20221019  0.21734571  0.21734571  0.27287515  0.28115610  0.27287515  0.28115610  0.30656466  
16_0_0     0.19475594  0.18006705  0.00000000  0.10406973  0.14456138  0.13081873  0.13081873  0.13081873  0.18006705  0.16566156  0.16566156  0.17282957  0.19475594  0.20973960  0.20973960  0.29799871  0.30656466  0.29799871  0.28952992  0.31523002  
20_0_0     0.17282957  0.17282957  0.10406973  0.00000000  0.15856171  0.14456138  0.14456138  0.14456138  0.21734571  0.20221019  0.20221019  0.21734571  0.24064028  0.24856947  0.24856947  0.28952992  0.28952992  0.30656466  0.26468503  0.28952992  
14_0_0     0.19475594  0.16566156  0.14456138  0.15856171  0.00000000  0.01151694  0.01151694  0.01151694  0.18006705  0.18006705  0.18006705  0.18737538  0.21734571  0.23279440  0.23279440  0.26468503  0.27287515  0.24856947  0.25658378  0.28115610  
2_0_0      0.18006705  0.16566156  0.13081873  0.14456138  0.01151694  0.00000000  0.00000000  0.00000000  0.16566156  0.16566156  0.16566156  0.17282957  0.20221019  0.21734571  0.21734571  0.24856947  0.25658378  0.23279440  0.24064028  0.26468503  
3_0_0      0.18006705  0.16566156  0.13081873  0.14456138  0.01151694  0.00000000  0.00000000  0.00000000  0.16566156  0.16566156  0.16566156  0.17282957  0.20221019  0.21734571  0.21734571  0.24856947  0.25658378  0.23279440  0.24064028  0.26468503  
1_0_0      0.18006705  0.16566156  0.13081873  0.14456138  0.01151694  0.00000000  0.00000000  0.00000000  0.16566156  0.16566156  0.16566156  0.17282957  0.20221019  0.21734571  0.21734571  0.24856947  0.25658378  0.23279440  0.24064028  0.26468503  
4_0_0      0.19475594  0.19475594  0.18006705  0.21734571  0.18006705  0.16566156  0.16566156  0.16566156  0.00000000  0.01151694  0.01151694  0.04717354  0.09104619  0.10406973  0.10406973  0.33286838  0.30656466  0.29799871  0.30656466  0.31523002  
12_0_0     0.18006705  0.18006705  0.16566156  0.20221019  0.18006705  0.16566156  0.16566156  0.16566156  0.01151694  0.00000000  0.00000000  0.03509782  0.09104619  0.09104619  0.09104619  0.31523002  0.28952992  0.28115610  0.28952992  0.31523002  
10_0_0     0.18006705  0.18006705  0.16566156  0.20221019  0.18006705  0.16566156  0.16566156  0.16566156  0.01151694  0.00000000  0.00000000  0.03509782  0.09104619  0.09104619  0.09104619  0.31523002  0.28952992  0.28115610  0.28952992  0.31523002  
5_0_0      0.20973960  0.20973960  0.17282957  0.21734571  0.18737538  0.17282957  0.17282957  0.17282957  0.04717354  0.03509782  0.03509782  0.00000000  0.10406973  0.09104619  0.09104619  0.30656466  0.29799871  0.28115610  0.29799871  0.32399712  
7_0_0      0.20221019  0.20221019  0.19475594  0.24064028  0.21734571  0.20221019  0.20221019  0.20221019  0.09104619  0.09104619  0.09104619  0.10406973  0.00000000  0.03509782  0.03509782  0.35093350  0.32399712  0.31523002  0.32399712  0.33286838  
13_0_0     0.21734571  0.21734571  0.20973960  0.24856947  0.23279440  0.21734571  0.21734571  0.21734571  0.10406973  0.09104619  0.09104619  0.09104619  0.03509782  0.00000000  0.00000000  0.36944655  0.32399712  0.33286838  0.36013265  0.38843029  
9_0_0      0.21734571  0.21734571  0.20973960  0.24856947  0.23279440  0.21734571  0.21734571  0.21734571  0.10406973  0.09104619  0.09104619  0.09104619  0.03509782  0.00000000  0.00000000  0.36944655  0.32399712  0.33286838  0.36013265  0.38843029  
6_0_0      0.28952992  0.27287515  0.29799871  0.28952992  0.26468503  0.24856947  0.24856947  0.24856947  0.33286838  0.31523002  0.31523002  0.30656466  0.35093350  0.36944655  0.36944655  0.00000000  0.05328543  0.05944777  0.04111127  0.05944777  
19_0_0     0.28115610  0.28115610  0.30656466  0.28952992  0.27287515  0.25658378  0.25658378  0.25658378  0.30656466  0.28952992  0.28952992  0.29799871  0.32399712  0.32399712  0.32399712  0.05328543  0.00000000  0.04111127  0.03509782  0.05328543  
15_0_0     0.28952992  0.27287515  0.29799871  0.30656466  0.24856947  0.23279440  0.23279440  0.23279440  0.29799871  0.28115610  0.28115610  0.28115610  0.31523002  0.33286838  0.33286838  0.05944777  0.04111127  0.00000000  0.05328543  0.07192713  
8_0_0      0.28115610  0.28115610  0.28952992  0.26468503  0.25658378  0.24064028  0.24064028  0.24064028  0.30656466  0.28952992  0.28952992  0.29799871  0.32399712  0.36013265  0.36013265  0.04111127  0.03509782  0.05328543  0.00000000  0.01734271  
18_0_0     0.30656466  0.30656466  0.31523002  0.28952992  0.28115610  0.26468503  0.26468503  0.26468503  0.31523002  0.31523002  0.31523002  0.32399712  0.33286838  0.38843029  0.38843029  0.05944777  0.05328543  0.07192713  0.01734271  0.00000000  

