19
20_0_0     0.00000000  0.04146182  0.12249778  0.32975950  0.38190431  0.36851989  0.45271458  0.45271458  0.42357314  0.40942143  0.39553508  0.34245556  0.32975950  0.35537307  0.29292720  0.30500224  0.35537307  0.42357314  0.40942143  
20_3_0     0.04146182  0.00000000  0.11304331  0.31727743  0.34245556  0.32975950  0.40942143  0.40942143  0.38190431  0.36851989  0.35537307  0.34245556  0.30500224  0.35537307  0.28104588  0.29292720  0.34245556  0.40942143  0.39553508  
16_0_0     0.12249778  0.11304331  0.00000000  0.31727743  0.40942143  0.39553508  0.42357314  0.42357314  0.42357314  0.43800054  0.36851989  0.36851989  0.35537307  0.35537307  0.30500224  0.30500224  0.38190431  0.42357314  0.40942143  
10_0_0     0.32975950  0.31727743  0.31727743  0.00000000  0.14177668  0.13207450  0.15160765  0.15160765  0.19229094  0.20282081  0.14177668  0.21350255  0.24650448  0.21350255  0.15160765  0.13207450  0.21350255  0.21350255  0.19229094  
8_0_0      0.38190431  0.34245556  0.40942143  0.14177668  0.00000000  0.00810875  0.08538321  0.08538321  0.10370802  0.10370802  0.05871908  0.29292720  0.28104588  0.28104588  0.22434061  0.22434061  0.30500224  0.29292720  0.25784022  
1_0_0      0.36851989  0.32975950  0.39553508  0.13207450  0.00810875  0.00000000  0.07638808  0.07638808  0.09448894  0.09448894  0.05004019  0.30500224  0.29292720  0.29292720  0.21350255  0.21350255  0.31727743  0.28104588  0.26935217  
12_0_0     0.45271458  0.40942143  0.42357314  0.15160765  0.08538321  0.07638808  0.00000000  0.00000000  0.06750089  0.08538321  0.05871908  0.32975950  0.26935217  0.26935217  0.22434061  0.22434061  0.32975950  0.28104588  0.25784022  
2_0_0      0.45271458  0.40942143  0.42357314  0.15160765  0.08538321  0.07638808  0.00000000  0.00000000  0.06750089  0.08538321  0.05871908  0.32975950  0.26935217  0.26935217  0.22434061  0.22434061  0.32975950  0.28104588  0.25784022  
11_0_0     0.42357314  0.38190431  0.42357314  0.19229094  0.10370802  0.09448894  0.06750089  0.06750089  0.00000000  0.01630726  0.07638808  0.38190431  0.34245556  0.34245556  0.26935217  0.26935217  0.35537307  0.31727743  0.30500224  
4_0_0      0.40942143  0.36851989  0.43800054  0.20282081  0.10370802  0.09448894  0.08538321  0.08538321  0.01630726  0.00000000  0.09448894  0.36851989  0.32975950  0.32975950  0.26935217  0.28104588  0.34245556  0.30500224  0.29292720  
5_0_0      0.39553508  0.35537307  0.36851989  0.14177668  0.05871908  0.05004019  0.05871908  0.05871908  0.07638808  0.09448894  0.00000000  0.34245556  0.30500224  0.30500224  0.21350255  0.21350255  0.31727743  0.25784022  0.24650448  
9_0_0      0.34245556  0.34245556  0.36851989  0.21350255  0.29292720  0.30500224  0.32975950  0.32975950  0.38190431  0.36851989  0.34245556  0.00000000  0.09448894  0.12249778  0.25784022  0.24650448  0.26935217  0.30500224  0.25784022  
6_0_0      0.32975950  0.30500224  0.35537307  0.24650448  0.28104588  0.29292720  0.26935217  0.26935217  0.34245556  0.32975950  0.30500224  0.09448894  0.00000000  0.05004019  0.26935217  0.28104588  0.31727743  0.30500224  0.26935217  
3_0_0      0.35537307  0.35537307  0.35537307  0.21350255  0.28104588  0.29292720  0.26935217  0.26935217  0.34245556  0.32975950  0.30500224  0.12249778  0.05004019  0.00000000  0.25784022  0.26935217  0.32975950  0.31727743  0.28104588  
10_2_0     0.29292720  0.28104588  0.30500224  0.15160765  0.22434061  0.21350255  0.22434061  0.22434061  0.26935217  0.26935217  0.21350255  0.25784022  0.26935217  0.25784022  0.00000000  0.01630726  0.18190869  0.19229094  0.19229094  
10_1_0     0.30500224  0.29292720  0.30500224  0.13207450  0.22434061  0.21350255  0.22434061  0.22434061  0.26935217  0.28104588  0.21350255  0.24650448  0.28104588  0.26935217  0.01630726  0.00000000  0.17166997  0.18190869  0.18190869  
9_1_0      0.35537307  0.34245556  0.38190431  0.21350255  0.30500224  0.31727743  0.32975950  0.32975950  0.35537307  0.34245556  0.31727743  0.26935217  0.31727743  0.32975950  0.18190869  0.17166997  0.00000000  0.07638808  0.06750089  
3_1_0      0.42357314  0.40942143  0.42357314  0.21350255  0.29292720  0.28104588  0.28104588  0.28104588  0.31727743  0.30500224  0.25784022  0.30500224  0.30500224  0.31727743  0.19229094  0.18190869  0.07638808  0.00000000  0.03298168  
6_1_0      0.40942143  0.39553508  0.40942143  0.19229094  0.25784022  0.26935217  0.25784022  0.25784022  0.30500224  0.29292720  0.24650448  0.25784022  0.26935217  0.28104588  0.19229094  0.18190869  0.06750089  0.03298168  0.00000000  

