20
19_0_0     0.00000000  0.00000000  0.07033268  0.10822563  0.12793910  0.12130840  0.11473760  0.10822563  0.17612790  0.15508345  0.16904521  0.21261440  0.16203083  0.16904521  0.13463080  0.14820180  0.16203083  0.14820180  0.16904521  0.17612790  
13_0_0     0.00000000  0.00000000  0.07033268  0.10822563  0.12793910  0.12130840  0.11473760  0.10822563  0.17612790  0.15508345  0.16904521  0.21261440  0.16203083  0.16904521  0.13463080  0.14820180  0.16203083  0.14820180  0.16904521  0.17612790  
20_0_0     0.07033268  0.07033268  0.00000000  0.10822563  0.13463080  0.12793910  0.12793910  0.12130840  0.17612790  0.20516920  0.20516920  0.19050361  0.15508345  0.16203083  0.16904521  0.16904521  0.16904521  0.18328024  0.19779945  0.20516920  
16_0_0     0.10822563  0.10822563  0.10822563  0.00000000  0.14820180  0.15508345  0.15508345  0.13463080  0.21261440  0.19050361  0.21261440  0.20516920  0.18328024  0.19050361  0.18328024  0.18328024  0.17612790  0.17612790  0.19050361  0.19050361  
17_0_0     0.12793910  0.12793910  0.13463080  0.14820180  0.00000000  0.01125989  0.08903241  0.05210169  0.18328024  0.21261440  0.20516920  0.19050361  0.16203083  0.16203083  0.16904521  0.16904521  0.22773741  0.19779945  0.25102836  0.24318155  
15_0_0     0.12130840  0.12130840  0.12793910  0.15508345  0.01125989  0.00000000  0.08274560  0.05812805  0.19779945  0.21261440  0.20516920  0.18328024  0.15508345  0.15508345  0.17612790  0.17612790  0.22013660  0.19050361  0.25102836  0.24318155  
14_0_0     0.11473760  0.11473760  0.12793910  0.15508345  0.08903241  0.08274560  0.00000000  0.04019672  0.14820180  0.21261440  0.21261440  0.21261440  0.18328024  0.16904521  0.16904521  0.18328024  0.19050361  0.18328024  0.22013660  0.21261440  
18_0_0     0.10822563  0.10822563  0.12130840  0.13463080  0.05210169  0.05812805  0.04019672  0.00000000  0.14820180  0.20516920  0.20516920  0.19779945  0.16904521  0.16904521  0.15508345  0.16904521  0.19050361  0.18328024  0.23541849  0.22773741  
7_0_0      0.17612790  0.17612790  0.17612790  0.21261440  0.18328024  0.19779945  0.14820180  0.14820180  0.00000000  0.14820180  0.14820180  0.18328024  0.14138465  0.14138465  0.09537404  0.10822563  0.18328024  0.12793910  0.16203083  0.14138465  
1_0_0      0.15508345  0.15508345  0.20516920  0.19050361  0.21261440  0.21261440  0.21261440  0.20516920  0.14820180  0.00000000  0.04019672  0.12793910  0.07033268  0.07033268  0.06420477  0.06420477  0.12130840  0.12130840  0.12130840  0.12793910  
8_0_0      0.16904521  0.16904521  0.20516920  0.21261440  0.20516920  0.20516920  0.21261440  0.20516920  0.14820180  0.04019672  0.00000000  0.11473760  0.05812805  0.05812805  0.05210169  0.04019672  0.14820180  0.11473760  0.14138465  0.12130840  
5_0_0      0.21261440  0.21261440  0.19050361  0.20516920  0.19050361  0.18328024  0.21261440  0.19779945  0.18328024  0.12793910  0.11473760  0.00000000  0.06420477  0.07651266  0.10177145  0.10177145  0.14820180  0.15508345  0.21261440  0.16203083  
11_0_0     0.16203083  0.16203083  0.15508345  0.18328024  0.16203083  0.15508345  0.18328024  0.16904521  0.14138465  0.07033268  0.05812805  0.06420477  0.00000000  0.01125989  0.05812805  0.04612485  0.10822563  0.10822563  0.14820180  0.14138465  
4_0_0      0.16904521  0.16904521  0.16203083  0.19050361  0.16203083  0.15508345  0.16904521  0.16904521  0.14138465  0.07033268  0.05812805  0.07651266  0.01125989  0.00000000  0.05812805  0.04612485  0.12130840  0.12130840  0.13463080  0.14138465  
12_0_0     0.13463080  0.13463080  0.16904521  0.18328024  0.16904521  0.17612790  0.16904521  0.15508345  0.09537404  0.06420477  0.05210169  0.10177145  0.05812805  0.05812805  0.00000000  0.01125989  0.12130840  0.07651266  0.12130840  0.11473760  
2_0_0      0.14820180  0.14820180  0.16904521  0.18328024  0.16904521  0.17612790  0.18328024  0.16904521  0.10822563  0.06420477  0.04019672  0.10177145  0.04612485  0.04612485  0.01125989  0.00000000  0.12130840  0.08903241  0.12130840  0.11473760  
10_0_0     0.16203083  0.16203083  0.16904521  0.17612790  0.22773741  0.22013660  0.19050361  0.19050361  0.18328024  0.12130840  0.14820180  0.14820180  0.10822563  0.12130840  0.12130840  0.12130840  0.00000000  0.14138465  0.14820180  0.14820180  
9_0_0      0.14820180  0.14820180  0.18328024  0.17612790  0.19779945  0.19050361  0.18328024  0.18328024  0.12793910  0.12130840  0.11473760  0.15508345  0.10822563  0.12130840  0.07651266  0.08903241  0.14138465  0.00000000  0.06420477  0.05812805  
3_0_0      0.16904521  0.16904521  0.19779945  0.19050361  0.25102836  0.25102836  0.22013660  0.23541849  0.16203083  0.12130840  0.14138465  0.21261440  0.14820180  0.13463080  0.12130840  0.12130840  0.14820180  0.06420477  0.00000000  0.05210169  
6_0_0      0.17612790  0.17612790  0.20516920  0.19050361  0.24318155  0.24318155  0.21261440  0.22773741  0.14138465  0.12793910  0.12130840  0.16203083  0.14138465  0.14138465  0.11473760  0.11473760  0.14820180  0.05812805  0.05210169  0.00000000  

