11
2_9_0      0.00000000  0.00963245  0.02432291  0.09706654  0.09162403  0.15383903  0.14212700  0.14795960  0.14795960  0.14795960  0.13634047  
3_9_0      0.00963245  0.00000000  0.01449660  0.08622167  0.08085886  0.15383903  0.14212700  0.14795960  0.14795960  0.14795960  0.13634047  
1_9_0      0.02432291  0.01449660  0.00000000  0.10254979  0.09706654  0.14795960  0.14795960  0.14212700  0.15383903  0.15383903  0.14212700  
3_5_0      0.09706654  0.08622167  0.10254979  0.00000000  0.00480039  0.14795960  0.14795960  0.14212700  0.14212700  0.14212700  0.14212700  
2_5_0      0.09162403  0.08085886  0.09706654  0.00480039  0.00000000  0.15383903  0.15383903  0.14795960  0.14795960  0.14795960  0.14795960  
1_8_0      0.15383903  0.15383903  0.14795960  0.14795960  0.15383903  0.00000000  0.01939327  0.01449660  0.05979193  0.05979193  0.04948143  
2_8_0      0.14212700  0.14212700  0.14795960  0.14795960  0.15383903  0.01939327  0.00000000  0.01449660  0.05979193  0.05979193  0.04948143  
3_8_0      0.14795960  0.14795960  0.14212700  0.14212700  0.14795960  0.01449660  0.01449660  0.00000000  0.06500212  0.06500212  0.05461854  
2_2_0      0.14795960  0.14795960  0.15383903  0.14212700  0.14795960  0.05979193  0.05979193  0.06500212  0.00000000  0.00963245  0.01939327  
3_2_0      0.14795960  0.14795960  0.15383903  0.14212700  0.14795960  0.05979193  0.05979193  0.06500212  0.00963245  0.00000000  0.00963245  
1_2_0      0.13634047  0.13634047  0.14212700  0.14212700  0.14795960  0.04948143  0.04948143  0.05461854  0.01939327  0.00963245  0.00000000  

