43
22_0_0     0.00000000  0.17021479  0.19456447  0.35029147  0.36056924  0.35029147  0.41423737  0.43685527  0.43685527  0.40318482  0.38156741  0.37099315  0.43685527  0.42545910  0.42545910  0.43685527  0.49665535  0.46019327  0.46019327  0.46019327  0.46019327  0.46019327  0.47214692  0.46019327  0.42545910  0.42545910  0.46019327  0.41423737  0.41423737  0.39229644  0.41423737  0.40318482  0.40318482  0.37099315  0.43685527  0.40318482  0.41423737  0.48429872  0.44843141  0.49665535  0.50922383  0.49665535  0.52201155  
29_0_0     0.17021479  0.00000000  0.12381517  0.35029147  0.36056924  0.35029147  0.37099315  0.39229644  0.39229644  0.30095890  0.28211934  0.42545910  0.37099315  0.43685527  0.42545910  0.43685527  0.40318482  0.39229644  0.39229644  0.38156741  0.41423737  0.41423737  0.42545910  0.47214692  0.46019327  0.46019327  0.44843141  0.44843141  0.44843141  0.42545910  0.39229644  0.33015835  0.37099315  0.36056924  0.39229644  0.40318482  0.46019327  0.53502629  0.46019327  0.44843141  0.47214692  0.44843141  0.44843141  
4_0_0      0.19456447  0.12381517  0.00000000  0.44843141  0.46019327  0.44843141  0.44843141  0.44843141  0.44843141  0.37099315  0.35029147  0.43685527  0.42545910  0.49665535  0.43685527  0.44843141  0.42545910  0.42545910  0.42545910  0.43685527  0.46019327  0.46019327  0.47214692  0.50922383  0.47214692  0.47214692  0.50922383  0.48429872  0.48429872  0.48429872  0.47214692  0.38156741  0.38156741  0.38156741  0.40318482  0.38156741  0.41423737  0.41423737  0.46019327  0.47214692  0.49665535  0.47214692  0.44843141  
12_5_0     0.35029147  0.35029147  0.44843141  0.00000000  0.00635659  0.00000000  0.11635959  0.13134736  0.13134736  0.32029541  0.31056340  0.38156741  0.41423737  0.37099315  0.37099315  0.37099315  0.37099315  0.36056924  0.36056924  0.37099315  0.36056924  0.36056924  0.36056924  0.38156741  0.35029147  0.35029147  0.34015580  0.32029541  0.32029541  0.34015580  0.41423737  0.38156741  0.37099315  0.41423737  0.39229644  0.50922383  0.50922383  0.52201155  0.47214692  0.49665535  0.50922383  0.49665535  0.49665535  
7_5_0      0.36056924  0.36056924  0.46019327  0.00635659  0.00000000  0.00635659  0.12381517  0.13895774  0.13895774  0.33015835  0.32029541  0.39229644  0.42545910  0.38156741  0.38156741  0.38156741  0.38156741  0.37099315  0.37099315  0.38156741  0.37099315  0.37099315  0.37099315  0.39229644  0.36056924  0.36056924  0.35029147  0.33015835  0.33015835  0.35029147  0.42545910  0.39229644  0.38156741  0.42545910  0.38156741  0.52201155  0.52201155  0.53502629  0.48429872  0.50922383  0.52201155  0.50922383  0.50922383  
16_5_0     0.35029147  0.35029147  0.44843141  0.00000000  0.00635659  0.00000000  0.11635959  0.13134736  0.13134736  0.32029541  0.31056340  0.38156741  0.41423737  0.37099315  0.37099315  0.37099315  0.37099315  0.36056924  0.36056924  0.37099315  0.36056924  0.36056924  0.36056924  0.38156741  0.35029147  0.35029147  0.34015580  0.32029541  0.32029541  0.34015580  0.41423737  0.38156741  0.37099315  0.41423737  0.39229644  0.50922383  0.50922383  0.52201155  0.47214692  0.49665535  0.50922383  0.49665535  0.49665535  
12_0_0     0.41423737  0.37099315  0.44843141  0.11635959  0.12381517  0.11635959  0.00000000  0.01276879  0.01276879  0.28211934  0.26375182  0.35029147  0.40318482  0.37099315  0.37099315  0.37099315  0.37099315  0.36056924  0.36056924  0.37099315  0.36056924  0.36056924  0.36056924  0.37099315  0.35029147  0.35029147  0.34015580  0.34015580  0.34015580  0.36056924  0.40318482  0.36056924  0.35029147  0.39229644  0.40318482  0.49665535  0.50922383  0.49665535  0.50922383  0.52201155  0.53502629  0.52201155  0.50922383  
7_0_0      0.43685527  0.39229644  0.44843141  0.13134736  0.13895774  0.13134736  0.01276879  0.00000000  0.00000000  0.30095890  0.28211934  0.35029147  0.42545910  0.39229644  0.39229644  0.39229644  0.37099315  0.38156741  0.38156741  0.39229644  0.38156741  0.38156741  0.38156741  0.39229644  0.37099315  0.37099315  0.36056924  0.36056924  0.36056924  0.38156741  0.42545910  0.38156741  0.35029147  0.41423737  0.42545910  0.50922383  0.52201155  0.49665535  0.53502629  0.54827627  0.54827627  0.52201155  0.53502629  
16_0_0     0.43685527  0.39229644  0.44843141  0.13134736  0.13895774  0.13134736  0.01276879  0.00000000  0.00000000  0.30095890  0.28211934  0.35029147  0.42545910  0.39229644  0.39229644  0.39229644  0.37099315  0.38156741  0.38156741  0.39229644  0.38156741  0.38156741  0.38156741  0.39229644  0.37099315  0.37099315  0.36056924  0.36056924  0.36056924  0.38156741  0.42545910  0.38156741  0.35029147  0.41423737  0.42545910  0.50922383  0.52201155  0.49665535  0.53502629  0.54827627  0.54827627  0.52201155  0.53502629  
9_2_0      0.40318482  0.30095890  0.37099315  0.32029541  0.33015835  0.32029541  0.28211934  0.30095890  0.30095890  0.00000000  0.01276879  0.38156741  0.39229644  0.41423737  0.43685527  0.39229644  0.38156741  0.39229644  0.39229644  0.40318482  0.36056924  0.36056924  0.36056924  0.40318482  0.37099315  0.37099315  0.36056924  0.37099315  0.37099315  0.39229644  0.37099315  0.35029147  0.40318482  0.37099315  0.38156741  0.41423737  0.47214692  0.53502629  0.46019327  0.50922383  0.48429872  0.49665535  0.46019327  
19_2_0     0.38156741  0.28211934  0.35029147  0.31056340  0.32029541  0.31056340  0.26375182  0.28211934  0.28211934  0.01276879  0.00000000  0.38156741  0.39229644  0.42545910  0.43685527  0.39229644  0.38156741  0.39229644  0.39229644  0.40318482  0.36056924  0.36056924  0.36056924  0.40318482  0.37099315  0.37099315  0.36056924  0.37099315  0.37099315  0.39229644  0.37099315  0.35029147  0.40318482  0.37099315  0.36056924  0.39229644  0.44843141  0.52201155  0.47214692  0.49665535  0.48429872  0.48429872  0.44843141  
8_0_0      0.37099315  0.42545910  0.43685527  0.38156741  0.39229644  0.38156741  0.35029147  0.35029147  0.35029147  0.38156741  0.38156741  0.00000000  0.21975077  0.17824182  0.19456447  0.17824182  0.18635772  0.21125883  0.21125883  0.21975077  0.17824182  0.17824182  0.18635772  0.20286413  0.19456447  0.19456447  0.20286413  0.17021479  0.17021479  0.17021479  0.17021479  0.18635772  0.17824182  0.16227470  0.44843141  0.40318482  0.42545910  0.43685527  0.41423737  0.44843141  0.46019327  0.43685527  0.43685527  
3_16_0     0.43685527  0.37099315  0.42545910  0.41423737  0.42545910  0.41423737  0.40318482  0.42545910  0.42545910  0.39229644  0.39229644  0.21975077  0.00000000  0.08727311  0.21125883  0.21125883  0.20286413  0.20286413  0.20286413  0.18635772  0.19456447  0.19456447  0.20286413  0.21975077  0.19456447  0.19456447  0.20286413  0.20286413  0.20286413  0.20286413  0.15441969  0.18635772  0.21125883  0.15441969  0.39229644  0.42545910  0.50922383  0.52201155  0.46019327  0.44843141  0.42545910  0.44843141  0.42545910  
3_0_0      0.42545910  0.43685527  0.49665535  0.37099315  0.38156741  0.37099315  0.37099315  0.39229644  0.39229644  0.41423737  0.42545910  0.17824182  0.08727311  0.00000000  0.23703558  0.23703558  0.24583326  0.24583326  0.24583326  0.23703558  0.20286413  0.20286413  0.21125883  0.21125883  0.20286413  0.20286413  0.21125883  0.19456447  0.19456447  0.19456447  0.16227470  0.21125883  0.21975077  0.17824182  0.42545910  0.42545910  0.46019327  0.54827627  0.46019327  0.49665535  0.47214692  0.47214692  0.44843141  
5_0_0      0.42545910  0.42545910  0.43685527  0.37099315  0.38156741  0.37099315  0.37099315  0.39229644  0.39229644  0.43685527  0.43685527  0.19456447  0.21125883  0.23703558  0.00000000  0.03234890  0.13895774  0.15441969  0.15441969  0.16227470  0.14664795  0.14664795  0.15441969  0.20286413  0.18635772  0.18635772  0.17824182  0.19456447  0.19456447  0.21125883  0.16227470  0.14664795  0.17021479  0.16227470  0.47214692  0.48429872  0.46019327  0.50922383  0.48429872  0.50922383  0.50922383  0.47214692  0.54827627  
28_0_0     0.43685527  0.43685527  0.44843141  0.37099315  0.38156741  0.37099315  0.37099315  0.39229644  0.39229644  0.39229644  0.39229644  0.17824182  0.21125883  0.23703558  0.03234890  0.00000000  0.12381517  0.13895774  0.13895774  0.14664795  0.11635959  0.11635959  0.12381517  0.17021479  0.15441969  0.15441969  0.15441969  0.16227470  0.16227470  0.17824182  0.13895774  0.16227470  0.18635772  0.14664795  0.44843141  0.46019327  0.46019327  0.47214692  0.44843141  0.47214692  0.47214692  0.47214692  0.54827627  
25_0_0     0.49665535  0.40318482  0.42545910  0.37099315  0.38156741  0.37099315  0.37099315  0.37099315  0.37099315  0.38156741  0.38156741  0.18635772  0.20286413  0.24583326  0.13895774  0.12381517  0.00000000  0.03899357  0.03899357  0.04569902  0.04569902  0.04569902  0.05246636  0.17824182  0.16227470  0.16227470  0.15441969  0.15441969  0.15441969  0.17021479  0.13895774  0.12381517  0.14664795  0.14664795  0.46019327  0.41423737  0.44843141  0.42545910  0.44843141  0.48429872  0.48429872  0.43685527  0.50922383  
10_0_0     0.46019327  0.39229644  0.42545910  0.36056924  0.37099315  0.36056924  0.36056924  0.38156741  0.38156741  0.39229644  0.39229644  0.21125883  0.20286413  0.24583326  0.15441969  0.13895774  0.03899357  0.00000000  0.00000000  0.01923756  0.05929676  0.05929676  0.06619140  0.17824182  0.16227470  0.16227470  0.15441969  0.14664795  0.14664795  0.16227470  0.13895774  0.13895774  0.17824182  0.16227470  0.44843141  0.40318482  0.43685527  0.44843141  0.44843141  0.46019327  0.49665535  0.47214692  0.50922383  
1_0_0      0.46019327  0.39229644  0.42545910  0.36056924  0.37099315  0.36056924  0.36056924  0.38156741  0.38156741  0.39229644  0.39229644  0.21125883  0.20286413  0.24583326  0.15441969  0.13895774  0.03899357  0.00000000  0.00000000  0.01923756  0.05929676  0.05929676  0.06619140  0.17824182  0.16227470  0.16227470  0.15441969  0.14664795  0.14664795  0.16227470  0.13895774  0.13895774  0.17824182  0.16227470  0.44843141  0.40318482  0.43685527  0.44843141  0.44843141  0.46019327  0.49665535  0.47214692  0.50922383  
15_0_0     0.46019327  0.38156741  0.43685527  0.37099315  0.38156741  0.37099315  0.37099315  0.39229644  0.39229644  0.40318482  0.40318482  0.21975077  0.18635772  0.23703558  0.16227470  0.14664795  0.04569902  0.01923756  0.01923756  0.00000000  0.06619140  0.06619140  0.07315149  0.18635772  0.17021479  0.17021479  0.16227470  0.15441969  0.15441969  0.15441969  0.14664795  0.13134736  0.17021479  0.15441969  0.42545910  0.40318482  0.47214692  0.46019327  0.42545910  0.48429872  0.47214692  0.44843141  0.50922383  
13_0_0     0.46019327  0.41423737  0.46019327  0.36056924  0.37099315  0.36056924  0.36056924  0.38156741  0.38156741  0.36056924  0.36056924  0.17824182  0.19456447  0.20286413  0.14664795  0.11635959  0.04569902  0.05929676  0.05929676  0.06619140  0.00000000  0.00000000  0.00635659  0.17021479  0.15441969  0.15441969  0.14664795  0.14664795  0.14664795  0.16227470  0.11635959  0.11635959  0.15441969  0.13895774  0.42545910  0.41423737  0.42545910  0.41423737  0.41423737  0.47214692  0.48429872  0.44843141  0.49665535  
27_0_0     0.46019327  0.41423737  0.46019327  0.36056924  0.37099315  0.36056924  0.36056924  0.38156741  0.38156741  0.36056924  0.36056924  0.17824182  0.19456447  0.20286413  0.14664795  0.11635959  0.04569902  0.05929676  0.05929676  0.06619140  0.00000000  0.00000000  0.00635659  0.17021479  0.15441969  0.15441969  0.14664795  0.14664795  0.14664795  0.16227470  0.11635959  0.11635959  0.15441969  0.13895774  0.42545910  0.41423737  0.42545910  0.41423737  0.41423737  0.47214692  0.48429872  0.44843141  0.49665535  
6_0_0      0.47214692  0.42545910  0.47214692  0.36056924  0.37099315  0.36056924  0.36056924  0.38156741  0.38156741  0.36056924  0.36056924  0.18635772  0.20286413  0.21125883  0.15441969  0.12381517  0.05246636  0.06619140  0.06619140  0.07315149  0.00635659  0.00635659  0.00000000  0.17021479  0.15441969  0.15441969  0.14664795  0.13895774  0.13895774  0.15441969  0.12381517  0.12381517  0.16227470  0.14664795  0.43685527  0.42545910  0.43685527  0.42545910  0.42545910  0.48429872  0.49665535  0.46019327  0.50922383  
25_11_0    0.46019327  0.47214692  0.50922383  0.38156741  0.39229644  0.38156741  0.37099315  0.39229644  0.39229644  0.40318482  0.40318482  0.20286413  0.21975077  0.21125883  0.20286413  0.17021479  0.17824182  0.17824182  0.17824182  0.18635772  0.17021479  0.17021479  0.17021479  0.00000000  0.01923756  0.01923756  0.03899357  0.05929676  0.05929676  0.07315149  0.17021479  0.20286413  0.21125883  0.19456447  0.47214692  0.46019327  0.52201155  0.50922383  0.50922383  0.52201155  0.53502629  0.52201155  0.54827627  
1_11_0     0.42545910  0.46019327  0.47214692  0.35029147  0.36056924  0.35029147  0.35029147  0.37099315  0.37099315  0.37099315  0.37099315  0.19456447  0.19456447  0.20286413  0.18635772  0.15441969  0.16227470  0.16227470  0.16227470  0.17021479  0.15441969  0.15441969  0.15441969  0.01923756  0.00000000  0.00000000  0.01923756  0.03899357  0.03899357  0.05246636  0.14664795  0.17824182  0.18635772  0.17021479  0.46019327  0.44843141  0.50922383  0.47214692  0.47214692  0.50922383  0.52201155  0.50922383  0.53502629  
10_11_0    0.42545910  0.46019327  0.47214692  0.35029147  0.36056924  0.35029147  0.35029147  0.37099315  0.37099315  0.37099315  0.37099315  0.19456447  0.19456447  0.20286413  0.18635772  0.15441969  0.16227470  0.16227470  0.16227470  0.17021479  0.15441969  0.15441969  0.15441969  0.01923756  0.00000000  0.00000000  0.01923756  0.03899357  0.03899357  0.05246636  0.14664795  0.17824182  0.18635772  0.17021479  0.46019327  0.44843141  0.50922383  0.47214692  0.47214692  0.50922383  0.52201155  0.50922383  0.53502629  
15_11_0    0.46019327  0.44843141  0.50922383  0.34015580  0.35029147  0.34015580  0.34015580  0.36056924  0.36056924  0.36056924  0.36056924  0.20286413  0.20286413  0.21125883  0.17824182  0.15441969  0.15441969  0.15441969  0.15441969  0.16227470  0.14664795  0.14664795  0.14664795  0.03899357  0.01923756  0.01923756  0.00000000  0.04569902  0.04569902  0.05929676  0.13895774  0.17021479  0.19456447  0.17824182  0.47214692  0.46019327  0.54827627  0.47214692  0.47214692  0.48429872  0.52201155  0.49665535  0.52201155  
13_11_0    0.41423737  0.44843141  0.48429872  0.32029541  0.33015835  0.32029541  0.34015580  0.36056924  0.36056924  0.37099315  0.37099315  0.17021479  0.20286413  0.19456447  0.19456447  0.16227470  0.15441969  0.14664795  0.14664795  0.15441969  0.14664795  0.14664795  0.13895774  0.05929676  0.03899357  0.03899357  0.04569902  0.00000000  0.00000000  0.01276879  0.15441969  0.17021479  0.17824182  0.17824182  0.47214692  0.44843141  0.48429872  0.46019327  0.46019327  0.49665535  0.50922383  0.49665535  0.52201155  
27_11_0    0.41423737  0.44843141  0.48429872  0.32029541  0.33015835  0.32029541  0.34015580  0.36056924  0.36056924  0.37099315  0.37099315  0.17021479  0.20286413  0.19456447  0.19456447  0.16227470  0.15441969  0.14664795  0.14664795  0.15441969  0.14664795  0.14664795  0.13895774  0.05929676  0.03899357  0.03899357  0.04569902  0.00000000  0.00000000  0.01276879  0.15441969  0.17021479  0.17824182  0.17824182  0.47214692  0.44843141  0.48429872  0.46019327  0.46019327  0.49665535  0.50922383  0.49665535  0.52201155  
6_11_0     0.39229644  0.42545910  0.48429872  0.34015580  0.35029147  0.34015580  0.36056924  0.38156741  0.38156741  0.39229644  0.39229644  0.17021479  0.20286413  0.19456447  0.21125883  0.17824182  0.17021479  0.16227470  0.16227470  0.15441969  0.16227470  0.16227470  0.15441969  0.07315149  0.05246636  0.05246636  0.05929676  0.01276879  0.01276879  0.00000000  0.15441969  0.17021479  0.17824182  0.17824182  0.47214692  0.42545910  0.50922383  0.46019327  0.43685527  0.52201155  0.50922383  0.49665535  0.54827627  
21_12_0    0.41423737  0.39229644  0.47214692  0.41423737  0.42545910  0.41423737  0.40318482  0.42545910  0.42545910  0.37099315  0.37099315  0.17021479  0.15441969  0.16227470  0.16227470  0.13895774  0.13895774  0.13895774  0.13895774  0.14664795  0.11635959  0.11635959  0.12381517  0.17021479  0.14664795  0.14664795  0.13895774  0.15441969  0.15441969  0.15441969  0.00000000  0.13134736  0.15441969  0.12381517  0.46019327  0.39229644  0.44843141  0.48429872  0.42545910  0.46019327  0.47214692  0.46019327  0.52201155  
21_13_0    0.40318482  0.33015835  0.38156741  0.38156741  0.39229644  0.38156741  0.36056924  0.38156741  0.38156741  0.35029147  0.35029147  0.18635772  0.18635772  0.21125883  0.14664795  0.16227470  0.12381517  0.13895774  0.13895774  0.13134736  0.11635959  0.11635959  0.12381517  0.20286413  0.17824182  0.17824182  0.17021479  0.17021479  0.17021479  0.17021479  0.13134736  0.00000000  0.04569902  0.07315149  0.36056924  0.39229644  0.42545910  0.44843141  0.40318482  0.44843141  0.44843141  0.38156741  0.43685527  
21_14_0    0.40318482  0.37099315  0.38156741  0.37099315  0.38156741  0.37099315  0.35029147  0.35029147  0.35029147  0.40318482  0.40318482  0.17824182  0.21125883  0.21975077  0.17021479  0.18635772  0.14664795  0.17824182  0.17824182  0.17021479  0.15441969  0.15441969  0.16227470  0.21125883  0.18635772  0.18635772  0.19456447  0.17824182  0.17824182  0.17824182  0.15441969  0.04569902  0.00000000  0.08017830  0.37099315  0.38156741  0.41423737  0.43685527  0.41423737  0.46019327  0.43685527  0.38156741  0.46019327  
21_0_0     0.37099315  0.36056924  0.38156741  0.41423737  0.42545910  0.41423737  0.39229644  0.41423737  0.41423737  0.37099315  0.37099315  0.16227470  0.15441969  0.17824182  0.16227470  0.14664795  0.14664795  0.16227470  0.16227470  0.15441969  0.13895774  0.13895774  0.14664795  0.19456447  0.17021479  0.17021479  0.17824182  0.17824182  0.17824182  0.17824182  0.12381517  0.07315149  0.08017830  0.00000000  0.41423737  0.38156741  0.46019327  0.43685527  0.43685527  0.43685527  0.43685527  0.40318482  0.43685527  
26_1_0     0.43685527  0.39229644  0.40318482  0.39229644  0.38156741  0.39229644  0.40318482  0.42545910  0.42545910  0.38156741  0.36056924  0.44843141  0.39229644  0.42545910  0.47214692  0.44843141  0.46019327  0.44843141  0.44843141  0.42545910  0.42545910  0.42545910  0.43685527  0.47214692  0.46019327  0.46019327  0.47214692  0.47214692  0.47214692  0.47214692  0.46019327  0.36056924  0.37099315  0.41423737  0.00000000  0.29147860  0.32029541  0.48429872  0.44843141  0.47214692  0.43685527  0.40318482  0.40318482  
8_1_0      0.40318482  0.40318482  0.38156741  0.50922383  0.52201155  0.50922383  0.49665535  0.50922383  0.50922383  0.41423737  0.39229644  0.40318482  0.42545910  0.42545910  0.48429872  0.46019327  0.41423737  0.40318482  0.40318482  0.40318482  0.41423737  0.41423737  0.42545910  0.46019327  0.44843141  0.44843141  0.46019327  0.44843141  0.44843141  0.42545910  0.39229644  0.39229644  0.38156741  0.38156741  0.29147860  0.00000000  0.17824182  0.46019327  0.40318482  0.46019327  0.48429872  0.41423737  0.48429872  
21_15_0    0.41423737  0.46019327  0.41423737  0.50922383  0.52201155  0.50922383  0.50922383  0.52201155  0.52201155  0.47214692  0.44843141  0.42545910  0.50922383  0.46019327  0.46019327  0.46019327  0.44843141  0.43685527  0.43685527  0.47214692  0.42545910  0.42545910  0.43685527  0.52201155  0.50922383  0.50922383  0.54827627  0.48429872  0.48429872  0.50922383  0.44843141  0.42545910  0.41423737  0.46019327  0.32029541  0.17824182  0.00000000  0.39229644  0.44843141  0.47214692  0.48429872  0.49665535  0.49665535  
29_7_0     0.48429872  0.53502629  0.41423737  0.52201155  0.53502629  0.52201155  0.49665535  0.49665535  0.49665535  0.53502629  0.52201155  0.43685527  0.52201155  0.54827627  0.50922383  0.47214692  0.42545910  0.44843141  0.44843141  0.46019327  0.41423737  0.41423737  0.42545910  0.50922383  0.47214692  0.47214692  0.47214692  0.46019327  0.46019327  0.46019327  0.48429872  0.44843141  0.43685527  0.43685527  0.48429872  0.46019327  0.39229644  0.00000000  0.15441969  0.32029541  0.33015835  0.31056340  0.34015580  
4_7_0      0.44843141  0.46019327  0.46019327  0.47214692  0.48429872  0.47214692  0.50922383  0.53502629  0.53502629  0.46019327  0.47214692  0.41423737  0.46019327  0.46019327  0.48429872  0.44843141  0.44843141  0.44843141  0.44843141  0.42545910  0.41423737  0.41423737  0.42545910  0.50922383  0.47214692  0.47214692  0.47214692  0.46019327  0.46019327  0.43685527  0.42545910  0.40318482  0.41423737  0.43685527  0.44843141  0.40318482  0.44843141  0.15441969  0.00000000  0.24583326  0.23703558  0.21975077  0.26375182  
29_1_0     0.49665535  0.44843141  0.47214692  0.49665535  0.50922383  0.49665535  0.52201155  0.54827627  0.54827627  0.50922383  0.49665535  0.44843141  0.44843141  0.49665535  0.50922383  0.47214692  0.48429872  0.46019327  0.46019327  0.48429872  0.47214692  0.47214692  0.48429872  0.52201155  0.50922383  0.50922383  0.48429872  0.49665535  0.49665535  0.52201155  0.46019327  0.44843141  0.46019327  0.43685527  0.47214692  0.46019327  0.47214692  0.32029541  0.24583326  0.00000000  0.07315149  0.10167211  0.10167211  
4_8_0      0.50922383  0.47214692  0.49665535  0.50922383  0.52201155  0.50922383  0.53502629  0.54827627  0.54827627  0.48429872  0.48429872  0.46019327  0.42545910  0.47214692  0.50922383  0.47214692  0.48429872  0.49665535  0.49665535  0.47214692  0.48429872  0.48429872  0.49665535  0.53502629  0.52201155  0.52201155  0.52201155  0.50922383  0.50922383  0.50922383  0.47214692  0.44843141  0.43685527  0.43685527  0.43685527  0.48429872  0.48429872  0.33015835  0.23703558  0.07315149  0.00000000  0.08727311  0.10897907  
4_1_0      0.49665535  0.44843141  0.47214692  0.49665535  0.50922383  0.49665535  0.52201155  0.52201155  0.52201155  0.49665535  0.48429872  0.43685527  0.44843141  0.47214692  0.47214692  0.47214692  0.43685527  0.47214692  0.47214692  0.44843141  0.44843141  0.44843141  0.46019327  0.52201155  0.50922383  0.50922383  0.49665535  0.49665535  0.49665535  0.49665535  0.46019327  0.38156741  0.38156741  0.40318482  0.40318482  0.41423737  0.49665535  0.31056340  0.21975077  0.10167211  0.08727311  0.00000000  0.10167211  
22_1_0     0.52201155  0.44843141  0.44843141  0.49665535  0.50922383  0.49665535  0.50922383  0.53502629  0.53502629  0.46019327  0.44843141  0.43685527  0.42545910  0.44843141  0.54827627  0.54827627  0.50922383  0.50922383  0.50922383  0.50922383  0.49665535  0.49665535  0.50922383  0.54827627  0.53502629  0.53502629  0.52201155  0.52201155  0.52201155  0.54827627  0.52201155  0.43685527  0.46019327  0.43685527  0.40318482  0.48429872  0.49665535  0.34015580  0.26375182  0.10167211  0.10897907  0.10167211  0.00000000  

