44
57_0_0     0.00000000  0.03641228  0.03641228  0.25135736  0.27304223  0.37510788  0.36673826  0.36673826  0.31065487  0.28785921  0.26574328  0.23028848  0.25135736  0.25135736  0.22339643  0.25135736  0.25135736  0.23028848  0.23724516  0.23724516  0.29538019  0.30297821  0.26574328  0.29538019  0.31841180  0.29538019  0.31065487  0.31841180  0.34218153  0.33417336  0.33417336  0.34218153  0.32625072  0.34218153  0.29538019  0.28785921  0.28785921  0.30297821  0.31065487  0.25851544  0.31065487  0.31841180  0.31065487  0.31065487  
58_0_0     0.03641228  0.00000000  0.00000000  0.23028848  0.28041373  0.35027711  0.34218153  0.34218153  0.30297821  0.28041373  0.25851544  0.21656784  0.23028848  0.23028848  0.20309641  0.24426770  0.24426770  0.22339643  0.23028848  0.23028848  0.30297821  0.29538019  0.25851544  0.31065487  0.30297821  0.29538019  0.29538019  0.31841180  0.32625072  0.31841180  0.31841180  0.34218153  0.29538019  0.31065487  0.28041373  0.27304223  0.27304223  0.28785921  0.29538019  0.23724516  0.30297821  0.31065487  0.30297821  0.30297821  
100_0_0    0.03641228  0.00000000  0.00000000  0.23028848  0.28041373  0.35027711  0.34218153  0.34218153  0.30297821  0.28041373  0.25851544  0.21656784  0.23028848  0.23028848  0.20309641  0.24426770  0.24426770  0.22339643  0.23028848  0.23028848  0.30297821  0.29538019  0.25851544  0.31065487  0.30297821  0.29538019  0.29538019  0.31841180  0.32625072  0.31841180  0.31841180  0.34218153  0.29538019  0.31065487  0.28041373  0.27304223  0.27304223  0.28785921  0.29538019  0.23724516  0.30297821  0.31065487  0.30297821  0.30297821  
80_0_0     0.25135736  0.23028848  0.23028848  0.00000000  0.35027711  0.32625072  0.33417336  0.33417336  0.34218153  0.28785921  0.26574328  0.25135736  0.25135736  0.25135736  0.24426770  0.28785921  0.28785921  0.28041373  0.28785921  0.30297821  0.29538019  0.29538019  0.26574328  0.33417336  0.33417336  0.32625072  0.32625072  0.35027711  0.34218153  0.35027711  0.35027711  0.35846202  0.32625072  0.32625072  0.31065487  0.30297821  0.30297821  0.31841180  0.32625072  0.25851544  0.35846202  0.36673826  0.35846202  0.35846202  
36_0_0     0.27304223  0.28041373  0.28041373  0.35027711  0.00000000  0.24426770  0.25135736  0.25135736  0.23028848  0.22339643  0.21656784  0.19645134  0.17686602  0.17686602  0.20980154  0.18986527  0.20980154  0.19645134  0.20309641  0.15778457  0.25135736  0.28041373  0.18333717  0.20980154  0.20980154  0.24426770  0.23028848  0.20309641  0.20980154  0.20309641  0.20309641  0.18333717  0.19645134  0.22339643  0.25135736  0.24426770  0.24426770  0.24426770  0.22339643  0.17686602  0.20980154  0.21656784  0.20980154  0.20309641  
46_1_0     0.37510788  0.35027711  0.35027711  0.32625072  0.24426770  0.00000000  0.00509359  0.00509359  0.25851544  0.20980154  0.21656784  0.21656784  0.18986527  0.18986527  0.23028848  0.22339643  0.20309641  0.23028848  0.22339643  0.24426770  0.30297821  0.31841180  0.23724516  0.24426770  0.18986527  0.20980154  0.22339643  0.23724516  0.20309641  0.20980154  0.19645134  0.18986527  0.22339643  0.20309641  0.22339643  0.21656784  0.21656784  0.21656784  0.23724516  0.17045084  0.20980154  0.21656784  0.20980154  0.21656784  
11_1_0     0.36673826  0.34218153  0.34218153  0.33417336  0.25135736  0.00509359  0.00000000  0.00000000  0.26574328  0.20309641  0.20980154  0.20980154  0.19645134  0.19645134  0.23724516  0.21656784  0.19645134  0.22339643  0.21656784  0.25135736  0.29538019  0.31065487  0.24426770  0.25135736  0.19645134  0.20309641  0.21656784  0.23028848  0.19645134  0.20309641  0.18986527  0.18333717  0.21656784  0.19645134  0.21656784  0.20980154  0.20980154  0.20980154  0.23028848  0.17686602  0.21656784  0.22339643  0.21656784  0.22339643  
39_1_0     0.36673826  0.34218153  0.34218153  0.33417336  0.25135736  0.00509359  0.00000000  0.00000000  0.26574328  0.20309641  0.20980154  0.20980154  0.19645134  0.19645134  0.23724516  0.21656784  0.19645134  0.22339643  0.21656784  0.25135736  0.29538019  0.31065487  0.24426770  0.25135736  0.19645134  0.20309641  0.21656784  0.23028848  0.19645134  0.20309641  0.18986527  0.18333717  0.21656784  0.19645134  0.21656784  0.20980154  0.20980154  0.20980154  0.23028848  0.17686602  0.21656784  0.22339643  0.21656784  0.22339643  
1_0_0      0.31065487  0.30297821  0.30297821  0.34218153  0.23028848  0.25851544  0.26574328  0.26574328  0.00000000  0.19645134  0.20309641  0.19645134  0.18986527  0.18986527  0.19645134  0.18333717  0.19645134  0.20309641  0.19645134  0.18333717  0.23724516  0.23724516  0.18986527  0.25851544  0.28041373  0.29538019  0.28785921  0.25135736  0.24426770  0.23724516  0.23724516  0.24426770  0.27304223  0.24426770  0.23724516  0.23724516  0.23724516  0.26574328  0.30297821  0.20980154  0.21656784  0.22339643  0.21656784  0.21656784  
48_0_0     0.28785921  0.28041373  0.28041373  0.28785921  0.22339643  0.20980154  0.20309641  0.20309641  0.19645134  0.00000000  0.01538692  0.05258188  0.04715275  0.04715275  0.10917756  0.08034007  0.08601858  0.09750769  0.10331968  0.10917756  0.15778457  0.18333717  0.13918169  0.17045084  0.18333717  0.17686602  0.18986527  0.16409067  0.14533095  0.15778457  0.15153162  0.15778457  0.15778457  0.15778457  0.18333717  0.18333717  0.18333717  0.15778457  0.17686602  0.13308298  0.15778457  0.16409067  0.15778457  0.16409067  
45_0_0     0.26574328  0.25851544  0.25851544  0.26574328  0.21656784  0.21656784  0.20980154  0.20980154  0.20309641  0.01538692  0.00000000  0.04715275  0.04176308  0.04176308  0.09174089  0.08601858  0.08034007  0.08034007  0.08601858  0.10331968  0.13918169  0.17686602  0.12103397  0.18986527  0.20309641  0.19645134  0.20980154  0.15778457  0.16409067  0.17686602  0.17045084  0.17686602  0.16409067  0.17686602  0.18986527  0.18986527  0.18986527  0.16409067  0.18333717  0.12703401  0.15153162  0.15778457  0.15153162  0.15778457  
43_0_0     0.23028848  0.21656784  0.21656784  0.25135736  0.19645134  0.21656784  0.20980154  0.20980154  0.19645134  0.05258188  0.04715275  0.00000000  0.02058765  0.02058765  0.08601858  0.06911184  0.07470471  0.07470471  0.08034007  0.07470471  0.13918169  0.15778457  0.12703401  0.18333717  0.18986527  0.18333717  0.18333717  0.15153162  0.15778457  0.17045084  0.16409067  0.17045084  0.15153162  0.16409067  0.19645134  0.19645134  0.19645134  0.18333717  0.18333717  0.12103397  0.15778457  0.16409067  0.15778457  0.16409067  
7_0_0      0.25135736  0.23028848  0.23028848  0.25135736  0.17686602  0.18986527  0.19645134  0.19645134  0.18986527  0.04715275  0.04176308  0.02058765  0.00000000  0.00000000  0.06911184  0.06356082  0.06911184  0.06911184  0.07470471  0.06911184  0.14533095  0.16409067  0.10917756  0.16409067  0.16409067  0.17045084  0.18333717  0.14533095  0.15153162  0.16409067  0.15778457  0.16409067  0.13918169  0.15153162  0.18986527  0.18986527  0.18986527  0.17686602  0.17045084  0.10331968  0.13918169  0.14533095  0.13918169  0.14533095  
7_3_0      0.25135736  0.23028848  0.23028848  0.25135736  0.17686602  0.18986527  0.19645134  0.19645134  0.18986527  0.04715275  0.04176308  0.02058765  0.00000000  0.00000000  0.06911184  0.06356082  0.06911184  0.06911184  0.07470471  0.06911184  0.14533095  0.16409067  0.10917756  0.16409067  0.16409067  0.17045084  0.18333717  0.14533095  0.15153162  0.16409067  0.15778457  0.16409067  0.13918169  0.15153162  0.18986527  0.18986527  0.18986527  0.17686602  0.17045084  0.10331968  0.13918169  0.14533095  0.13918169  0.14533095  
3_0_0      0.22339643  0.20309641  0.20309641  0.24426770  0.20980154  0.23028848  0.23724516  0.23724516  0.19645134  0.10917756  0.09174089  0.08601858  0.06911184  0.06911184  0.00000000  0.08034007  0.08601858  0.07470471  0.08034007  0.08601858  0.16409067  0.14533095  0.10331968  0.18333717  0.22339643  0.21656784  0.23028848  0.18986527  0.18333717  0.18333717  0.17686602  0.19645134  0.19645134  0.18333717  0.15778457  0.15778457  0.15778457  0.17045084  0.20309641  0.09750769  0.13308298  0.13918169  0.13308298  0.13918169  
43_2_0     0.25135736  0.24426770  0.24426770  0.28785921  0.18986527  0.22339643  0.21656784  0.21656784  0.18333717  0.08034007  0.08601858  0.06911184  0.06356082  0.06356082  0.08034007  0.00000000  0.02582511  0.02582511  0.03109980  0.08034007  0.14533095  0.14533095  0.13308298  0.18986527  0.18986527  0.17045084  0.19645134  0.17045084  0.17686602  0.18986527  0.18333717  0.18986527  0.18986527  0.18986527  0.13918169  0.13918169  0.13918169  0.13918169  0.19645134  0.11508208  0.13918169  0.14533095  0.13918169  0.13308298  
7_2_0      0.25135736  0.24426770  0.24426770  0.28785921  0.20980154  0.20309641  0.19645134  0.19645134  0.19645134  0.08601858  0.08034007  0.07470471  0.06911184  0.06911184  0.08601858  0.02582511  0.00000000  0.03109980  0.03641228  0.08601858  0.15153162  0.15153162  0.13918169  0.22339643  0.22339643  0.20309641  0.23028848  0.16409067  0.18333717  0.19645134  0.18986527  0.19645134  0.19645134  0.19645134  0.15778457  0.15778457  0.15778457  0.15778457  0.21656784  0.10917756  0.13308298  0.13918169  0.13308298  0.13918169  
45_2_0     0.23028848  0.22339643  0.22339643  0.28041373  0.19645134  0.23028848  0.22339643  0.22339643  0.20309641  0.09750769  0.08034007  0.07470471  0.06911184  0.06911184  0.07470471  0.02582511  0.03109980  0.00000000  0.00509359  0.07470471  0.11508208  0.13308298  0.11508208  0.19645134  0.19645134  0.17686602  0.20309641  0.16409067  0.18333717  0.19645134  0.18986527  0.19645134  0.19645134  0.19645134  0.14533095  0.14533095  0.14533095  0.13308298  0.18986527  0.12103397  0.14533095  0.15153162  0.14533095  0.13918169  
48_2_0     0.23724516  0.23028848  0.23028848  0.28785921  0.20309641  0.22339643  0.21656784  0.21656784  0.19645134  0.10331968  0.08601858  0.08034007  0.07470471  0.07470471  0.08034007  0.03109980  0.03641228  0.00509359  0.00000000  0.08034007  0.12103397  0.13918169  0.12103397  0.20309641  0.20309641  0.18333717  0.20980154  0.17045084  0.18986527  0.20309641  0.19645134  0.20309641  0.20309641  0.20309641  0.15153162  0.15153162  0.15153162  0.13918169  0.19645134  0.12703401  0.15153162  0.15778457  0.15153162  0.14533095  
2_2_0      0.23724516  0.23028848  0.23028848  0.30297821  0.15778457  0.24426770  0.25135736  0.25135736  0.18333717  0.10917756  0.10331968  0.07470471  0.06911184  0.06911184  0.08601858  0.08034007  0.08601858  0.07470471  0.08034007  0.00000000  0.12703401  0.15778457  0.10331968  0.18333717  0.20980154  0.23028848  0.21656784  0.16409067  0.18333717  0.17045084  0.17686602  0.18333717  0.19645134  0.19645134  0.19645134  0.19645134  0.19645134  0.19645134  0.20309641  0.10917756  0.16409067  0.17045084  0.16409067  0.15778457  
23_0_0     0.29538019  0.30297821  0.30297821  0.29538019  0.25135736  0.30297821  0.29538019  0.29538019  0.23724516  0.15778457  0.13918169  0.13918169  0.14533095  0.14533095  0.16409067  0.14533095  0.15153162  0.11508208  0.12103397  0.12703401  0.00000000  0.13308298  0.12103397  0.20980154  0.23028848  0.22339643  0.22339643  0.20980154  0.24426770  0.26574328  0.25135736  0.24426770  0.24426770  0.24426770  0.20309641  0.20309641  0.20309641  0.18986527  0.25135736  0.20309641  0.18986527  0.19645134  0.18986527  0.18333717  
25_0_0     0.30297821  0.29538019  0.29538019  0.29538019  0.28041373  0.31841180  0.31065487  0.31065487  0.23724516  0.18333717  0.17686602  0.15778457  0.16409067  0.16409067  0.14533095  0.14533095  0.15153162  0.13308298  0.13918169  0.15778457  0.13308298  0.00000000  0.16409067  0.25135736  0.29538019  0.28785921  0.28785921  0.21656784  0.23724516  0.25851544  0.24426770  0.26574328  0.23724516  0.23724516  0.24426770  0.24426770  0.24426770  0.25135736  0.27304223  0.21656784  0.23724516  0.24426770  0.23724516  0.24426770  
33_0_0     0.26574328  0.25851544  0.25851544  0.26574328  0.18333717  0.23724516  0.24426770  0.24426770  0.18986527  0.13918169  0.12103397  0.12703401  0.10917756  0.10917756  0.10331968  0.13308298  0.13918169  0.11508208  0.12103397  0.10331968  0.12103397  0.16409067  0.00000000  0.18986527  0.20309641  0.22339643  0.20980154  0.17045084  0.17686602  0.18333717  0.18333717  0.20309641  0.18986527  0.17686602  0.16409067  0.16409067  0.16409067  0.16409067  0.18333717  0.12703401  0.17045084  0.17686602  0.17045084  0.16409067  
29_0_0     0.29538019  0.31065487  0.31065487  0.33417336  0.20980154  0.24426770  0.25135736  0.25135736  0.25851544  0.17045084  0.18986527  0.18333717  0.16409067  0.16409067  0.18333717  0.18986527  0.22339643  0.19645134  0.20309641  0.18333717  0.20980154  0.25135736  0.18986527  0.00000000  0.09750769  0.10331968  0.10331968  0.13308298  0.10331968  0.12103397  0.10917756  0.11508208  0.10917756  0.10917756  0.12703401  0.12103397  0.12103397  0.10917756  0.09174089  0.13308298  0.17686602  0.18333717  0.17686602  0.17045084  
5_0_0      0.31841180  0.30297821  0.30297821  0.33417336  0.20980154  0.18986527  0.19645134  0.19645134  0.28041373  0.18333717  0.20309641  0.18986527  0.16409067  0.16409067  0.22339643  0.18986527  0.22339643  0.19645134  0.20309641  0.20980154  0.23028848  0.29538019  0.20309641  0.09750769  0.00000000  0.02582511  0.02582511  0.13308298  0.09174089  0.10917756  0.09750769  0.09174089  0.09750769  0.08601858  0.10331968  0.09750769  0.09750769  0.07470471  0.08601858  0.15778457  0.16409067  0.17045084  0.16409067  0.15778457  
32_0_0     0.29538019  0.29538019  0.29538019  0.32625072  0.24426770  0.20980154  0.20309641  0.20309641  0.29538019  0.17686602  0.19645134  0.18333717  0.17045084  0.17045084  0.21656784  0.17045084  0.20309641  0.17686602  0.18333717  0.23028848  0.22339643  0.28785921  0.22339643  0.10331968  0.02582511  0.00000000  0.03109980  0.13918169  0.09750769  0.11508208  0.10331968  0.09750769  0.10331968  0.09174089  0.09750769  0.09174089  0.09174089  0.06911184  0.09174089  0.16409067  0.18333717  0.18986527  0.18333717  0.17686602  
13_0_0     0.31065487  0.29538019  0.29538019  0.32625072  0.23028848  0.22339643  0.21656784  0.21656784  0.28785921  0.18986527  0.20980154  0.18333717  0.18333717  0.18333717  0.23028848  0.19645134  0.23028848  0.20309641  0.20980154  0.21656784  0.22339643  0.28785921  0.20980154  0.10331968  0.02582511  0.03109980  0.00000000  0.13918169  0.09750769  0.11508208  0.10331968  0.09750769  0.10331968  0.09174089  0.10917756  0.10331968  0.10331968  0.08034007  0.09174089  0.17686602  0.18333717  0.18986527  0.18333717  0.17686602  
38_0_0     0.31841180  0.31841180  0.31841180  0.35027711  0.20309641  0.23724516  0.23028848  0.23028848  0.25135736  0.16409067  0.15778457  0.15153162  0.14533095  0.14533095  0.18986527  0.17045084  0.16409067  0.16409067  0.17045084  0.16409067  0.20980154  0.21656784  0.17045084  0.13308298  0.13308298  0.13918169  0.13918169  0.00000000  0.03641228  0.05258188  0.04176308  0.05805104  0.05258188  0.05258188  0.15153162  0.14533095  0.14533095  0.13308298  0.12103397  0.12703401  0.17686602  0.18333717  0.17686602  0.18333717  
19_0_0     0.34218153  0.32625072  0.32625072  0.34218153  0.20980154  0.20309641  0.19645134  0.19645134  0.24426770  0.14533095  0.16409067  0.15778457  0.15153162  0.15153162  0.18333717  0.17686602  0.18333717  0.18333717  0.18986527  0.18333717  0.24426770  0.23724516  0.17686602  0.10331968  0.09174089  0.09750769  0.09750769  0.03641228  0.00000000  0.01538692  0.00509359  0.02058765  0.03641228  0.01538692  0.10917756  0.10331968  0.10331968  0.09174089  0.08034007  0.10917756  0.17045084  0.17686602  0.17045084  0.17686602  
10_0_0     0.33417336  0.31841180  0.31841180  0.35027711  0.20309641  0.20980154  0.20309641  0.20309641  0.23724516  0.15778457  0.17686602  0.17045084  0.16409067  0.16409067  0.18333717  0.18986527  0.19645134  0.19645134  0.20309641  0.17045084  0.26574328  0.25851544  0.18333717  0.12103397  0.10917756  0.11508208  0.11508208  0.05258188  0.01538692  0.00000000  0.01022240  0.02582511  0.05258188  0.03109980  0.11508208  0.10917756  0.10917756  0.10917756  0.09750769  0.11508208  0.18986527  0.19645134  0.18986527  0.19645134  
37_0_0     0.33417336  0.31841180  0.31841180  0.35027711  0.20309641  0.19645134  0.18986527  0.18986527  0.23724516  0.15153162  0.17045084  0.16409067  0.15778457  0.15778457  0.17686602  0.18333717  0.18986527  0.18986527  0.19645134  0.17686602  0.25135736  0.24426770  0.18333717  0.10917756  0.09750769  0.10331968  0.10331968  0.04176308  0.00509359  0.01022240  0.00000000  0.01538692  0.04176308  0.02058765  0.10331968  0.09750769  0.09750769  0.09750769  0.08601858  0.10331968  0.17686602  0.18333717  0.17686602  0.18333717  
35_0_0     0.34218153  0.34218153  0.34218153  0.35846202  0.18333717  0.18986527  0.18333717  0.18333717  0.24426770  0.15778457  0.17686602  0.17045084  0.16409067  0.16409067  0.19645134  0.18986527  0.19645134  0.19645134  0.20309641  0.18333717  0.24426770  0.26574328  0.20309641  0.11508208  0.09174089  0.09750769  0.09750769  0.05805104  0.02058765  0.02582511  0.01538692  0.00000000  0.05805104  0.03641228  0.10917756  0.10331968  0.10331968  0.10331968  0.09174089  0.12103397  0.16409067  0.17045084  0.16409067  0.17045084  
22_0_0     0.32625072  0.29538019  0.29538019  0.32625072  0.19645134  0.22339643  0.21656784  0.21656784  0.27304223  0.15778457  0.16409067  0.15153162  0.13918169  0.13918169  0.19645134  0.18986527  0.19645134  0.19645134  0.20309641  0.19645134  0.24426770  0.23724516  0.18986527  0.10917756  0.09750769  0.10331968  0.10331968  0.05258188  0.03641228  0.05258188  0.04176308  0.05805104  0.00000000  0.03109980  0.12703401  0.12103397  0.12103397  0.10917756  0.07470471  0.10917756  0.18986527  0.19645134  0.18986527  0.19645134  
18_0_0     0.34218153  0.31065487  0.31065487  0.32625072  0.22339643  0.20309641  0.19645134  0.19645134  0.24426770  0.15778457  0.17686602  0.16409067  0.15153162  0.15153162  0.18333717  0.18986527  0.19645134  0.19645134  0.20309641  0.19645134  0.24426770  0.23724516  0.17686602  0.10917756  0.08601858  0.09174089  0.09174089  0.05258188  0.01538692  0.03109980  0.02058765  0.03641228  0.03109980  0.00000000  0.10331968  0.09750769  0.09750769  0.09750769  0.07470471  0.12103397  0.18333717  0.18986527  0.18333717  0.18986527  
47_0_0     0.29538019  0.28041373  0.28041373  0.31065487  0.25135736  0.22339643  0.21656784  0.21656784  0.23724516  0.18333717  0.18986527  0.19645134  0.18986527  0.18986527  0.15778457  0.13918169  0.15778457  0.14533095  0.15153162  0.19645134  0.20309641  0.24426770  0.16409067  0.12703401  0.10331968  0.09750769  0.10917756  0.15153162  0.10917756  0.11508208  0.10331968  0.10917756  0.12703401  0.10331968  0.00000000  0.00509359  0.00509359  0.02582511  0.09750769  0.11508208  0.16409067  0.17045084  0.16409067  0.15778457  
27_0_0     0.28785921  0.27304223  0.27304223  0.30297821  0.24426770  0.21656784  0.20980154  0.20980154  0.23724516  0.18333717  0.18986527  0.19645134  0.18986527  0.18986527  0.15778457  0.13918169  0.15778457  0.14533095  0.15153162  0.19645134  0.20309641  0.24426770  0.16409067  0.12103397  0.09750769  0.09174089  0.10331968  0.14533095  0.10331968  0.10917756  0.09750769  0.10331968  0.12103397  0.09750769  0.00509359  0.00000000  0.00000000  0.02058765  0.09174089  0.10917756  0.16409067  0.17045084  0.16409067  0.15778457  
41_0_0     0.28785921  0.27304223  0.27304223  0.30297821  0.24426770  0.21656784  0.20980154  0.20980154  0.23724516  0.18333717  0.18986527  0.19645134  0.18986527  0.18986527  0.15778457  0.13918169  0.15778457  0.14533095  0.15153162  0.19645134  0.20309641  0.24426770  0.16409067  0.12103397  0.09750769  0.09174089  0.10331968  0.14533095  0.10331968  0.10917756  0.09750769  0.10331968  0.12103397  0.09750769  0.00509359  0.00000000  0.00000000  0.02058765  0.09174089  0.10917756  0.16409067  0.17045084  0.16409067  0.15778457  
8_0_0      0.30297821  0.28785921  0.28785921  0.31841180  0.24426770  0.21656784  0.20980154  0.20980154  0.26574328  0.15778457  0.16409067  0.18333717  0.17686602  0.17686602  0.17045084  0.13918169  0.15778457  0.13308298  0.13918169  0.19645134  0.18986527  0.25135736  0.16409067  0.10917756  0.07470471  0.06911184  0.08034007  0.13308298  0.09174089  0.10917756  0.09750769  0.10331968  0.10917756  0.09750769  0.02582511  0.02058765  0.02058765  0.00000000  0.08034007  0.12103397  0.13918169  0.14533095  0.13918169  0.13308298  
31_0_0     0.31065487  0.29538019  0.29538019  0.32625072  0.22339643  0.23724516  0.23028848  0.23028848  0.30297821  0.17686602  0.18333717  0.18333717  0.17045084  0.17045084  0.20309641  0.19645134  0.21656784  0.18986527  0.19645134  0.20309641  0.25135736  0.27304223  0.18333717  0.09174089  0.08601858  0.09174089  0.09174089  0.12103397  0.08034007  0.09750769  0.08601858  0.09174089  0.07470471  0.07470471  0.09750769  0.09174089  0.09174089  0.08034007  0.00000000  0.12703401  0.19645134  0.20309641  0.19645134  0.18986527  
28_0_0     0.25851544  0.23724516  0.23724516  0.25851544  0.17686602  0.17045084  0.17686602  0.17686602  0.20980154  0.13308298  0.12703401  0.12103397  0.10331968  0.10331968  0.09750769  0.11508208  0.10917756  0.12103397  0.12703401  0.10917756  0.20309641  0.21656784  0.12703401  0.13308298  0.15778457  0.16409067  0.17686602  0.12703401  0.10917756  0.11508208  0.10331968  0.12103397  0.10917756  0.12103397  0.11508208  0.10917756  0.10917756  0.12103397  0.12703401  0.00000000  0.12703401  0.13308298  0.12703401  0.13308298  
15_4_0     0.31065487  0.30297821  0.30297821  0.35846202  0.20980154  0.20980154  0.21656784  0.21656784  0.21656784  0.15778457  0.15153162  0.15778457  0.13918169  0.13918169  0.13308298  0.13918169  0.13308298  0.14533095  0.15153162  0.16409067  0.18986527  0.23724516  0.17045084  0.17686602  0.16409067  0.18333717  0.18333717  0.17686602  0.17045084  0.18986527  0.17686602  0.16409067  0.18986527  0.18333717  0.16409067  0.16409067  0.16409067  0.13918169  0.19645134  0.12703401  0.00000000  0.00509359  0.00000000  0.00509359  
15_0_0     0.31841180  0.31065487  0.31065487  0.36673826  0.21656784  0.21656784  0.22339643  0.22339643  0.22339643  0.16409067  0.15778457  0.16409067  0.14533095  0.14533095  0.13918169  0.14533095  0.13918169  0.15153162  0.15778457  0.17045084  0.19645134  0.24426770  0.17686602  0.18333717  0.17045084  0.18986527  0.18986527  0.18333717  0.17686602  0.19645134  0.18333717  0.17045084  0.19645134  0.18986527  0.17045084  0.17045084  0.17045084  0.14533095  0.20309641  0.13308298  0.00509359  0.00000000  0.00509359  0.01022240  
12_0_0     0.31065487  0.30297821  0.30297821  0.35846202  0.20980154  0.20980154  0.21656784  0.21656784  0.21656784  0.15778457  0.15153162  0.15778457  0.13918169  0.13918169  0.13308298  0.13918169  0.13308298  0.14533095  0.15153162  0.16409067  0.18986527  0.23724516  0.17045084  0.17686602  0.16409067  0.18333717  0.18333717  0.17686602  0.17045084  0.18986527  0.17686602  0.16409067  0.18986527  0.18333717  0.16409067  0.16409067  0.16409067  0.13918169  0.19645134  0.12703401  0.00000000  0.00509359  0.00000000  0.00509359  
20_0_0     0.31065487  0.30297821  0.30297821  0.35846202  0.20309641  0.21656784  0.22339643  0.22339643  0.21656784  0.16409067  0.15778457  0.16409067  0.14533095  0.14533095  0.13918169  0.13308298  0.13918169  0.13918169  0.14533095  0.15778457  0.18333717  0.24426770  0.16409067  0.17045084  0.15778457  0.17686602  0.17686602  0.18333717  0.17686602  0.19645134  0.18333717  0.17045084  0.19645134  0.18986527  0.15778457  0.15778457  0.15778457  0.13308298  0.18986527  0.13308298  0.00509359  0.01022240  0.00509359  0.00000000  

