47
3_0_0      0.00000000  0.03931978  0.03931978  0.04438740  0.22203203  0.24176565  0.22855069  0.24846413  0.25522477  0.20916713  0.19652548  0.24176565  0.20281889  0.31907152  0.42245751  0.39726396  0.39726396  0.42245751  0.43975064  0.44855361  0.42245751  0.44855361  0.43975064  0.43105276  0.44855361  0.43975064  0.46648526  0.51334599  0.48486944  0.50372959  0.54298109  0.54298109  0.43105276  0.44855361  0.38905608  0.39726396  0.37291263  0.34934901  0.36497310  0.34934901  0.38905608  0.32652374  0.33405298  0.34934901  0.31169476  0.31169476  0.29716162  
52_0_0     0.03931978  0.00000000  0.02928910  0.03428718  0.18409946  0.20281889  0.19028598  0.22855069  0.23512821  0.19028598  0.17796504  0.23512821  0.19652548  0.31907152  0.39726396  0.38093964  0.38093964  0.39726396  0.43975064  0.43975064  0.41396248  0.43975064  0.43105276  0.41396248  0.43105276  0.41396248  0.43975064  0.50372959  0.47561936  0.48486944  0.53296818  0.53296818  0.40556538  0.42245751  0.38093964  0.38905608  0.38093964  0.34934901  0.36497310  0.34934901  0.38905608  0.34166085  0.33405298  0.34934901  0.31169476  0.31169476  0.29716162  
11_0_0     0.03931978  0.02928910  0.00000000  0.00480047  0.19652548  0.21557118  0.20281889  0.21557118  0.23512821  0.17796504  0.16584902  0.22203203  0.18409946  0.31907152  0.40556538  0.37291263  0.40556538  0.43975064  0.46648526  0.44855361  0.42245751  0.46648526  0.45746427  0.42245751  0.43975064  0.43975064  0.46648526  0.49423849  0.48486944  0.47561936  0.54298109  0.54298109  0.39726396  0.41396248  0.37291263  0.38093964  0.37291263  0.35711917  0.37291263  0.35711917  0.40556538  0.33405298  0.34166085  0.35711917  0.31907152  0.31907152  0.30439195  
5_0_0      0.04438740  0.03428718  0.00480047  0.00000000  0.19028598  0.20916713  0.19652548  0.20916713  0.22855069  0.18409946  0.17188184  0.22855069  0.19028598  0.32652374  0.41396248  0.38093964  0.41396248  0.44855361  0.47561936  0.45746427  0.43105276  0.47561936  0.46648526  0.43105276  0.44855361  0.44855361  0.47561936  0.49423849  0.48486944  0.47561936  0.54298109  0.54298109  0.39726396  0.41396248  0.38093964  0.37291263  0.36497310  0.36497310  0.38093964  0.36497310  0.39726396  0.34166085  0.34934901  0.34934901  0.32652374  0.32652374  0.31169476  
27_0_0     0.22203203  0.18409946  0.19652548  0.19028598  0.00000000  0.02432507  0.01449736  0.24846413  0.26893722  0.24846413  0.23512821  0.25522477  0.26204873  0.33405298  0.41396248  0.36497310  0.39726396  0.43105276  0.46648526  0.48486944  0.45746427  0.47561936  0.48486944  0.43105276  0.44855361  0.44855361  0.47561936  0.50372959  0.50372959  0.57387304  0.55313355  0.55313355  0.43105276  0.44855361  0.41396248  0.40556538  0.43105276  0.42245751  0.43975064  0.43975064  0.47561936  0.44855361  0.41396248  0.42245751  0.39726396  0.39726396  0.39726396  
13_0_0     0.24176565  0.20281889  0.21557118  0.20916713  0.02432507  0.00000000  0.00963278  0.26893722  0.29000235  0.26893722  0.25522477  0.27589147  0.28291274  0.37291263  0.40556538  0.38905608  0.40556538  0.45746427  0.49423849  0.51334599  0.48486944  0.50372959  0.51334599  0.45746427  0.47561936  0.47561936  0.50372959  0.55313355  0.53296818  0.60613318  0.58446848  0.58446848  0.45746427  0.47561936  0.43975064  0.43105276  0.45746427  0.44855361  0.44855361  0.44855361  0.46648526  0.45746427  0.42245751  0.43105276  0.40556538  0.40556538  0.40556538  
39_0_0     0.22855069  0.19028598  0.20281889  0.19652548  0.01449736  0.00963278  0.00000000  0.25522477  0.27589147  0.25522477  0.24176565  0.26204873  0.26893722  0.35711917  0.40556538  0.38905608  0.40556538  0.43975064  0.47561936  0.49423849  0.46648526  0.48486944  0.49423849  0.43975064  0.45746427  0.45746427  0.48486944  0.53296818  0.51334599  0.58446848  0.56342949  0.56342949  0.43975064  0.45746427  0.43975064  0.43105276  0.45746427  0.44855361  0.44855361  0.44855361  0.46648526  0.45746427  0.42245751  0.43105276  0.40556538  0.40556538  0.40556538  
50_0_0     0.24846413  0.22855069  0.21557118  0.20916713  0.24846413  0.26893722  0.25522477  0.00000000  0.01939465  0.07026812  0.05980525  0.07555646  0.06501790  0.28291274  0.38905608  0.32652374  0.32652374  0.46648526  0.48486944  0.47561936  0.44855361  0.48486944  0.48486944  0.47561936  0.49423849  0.49423849  0.48486944  0.52309102  0.53296818  0.54298109  0.53296818  0.53296818  0.43105276  0.44855361  0.36497310  0.35711917  0.34934901  0.42245751  0.43975064  0.43975064  0.54298109  0.43975064  0.43105276  0.38905608  0.42245751  0.42245751  0.42245751  
24_0_0     0.25522477  0.23512821  0.23512821  0.22855069  0.26893722  0.29000235  0.27589147  0.01939465  0.00000000  0.09165578  0.08088346  0.09710226  0.08624971  0.30439195  0.36497310  0.31907152  0.30439195  0.45746427  0.47561936  0.48486944  0.45746427  0.47561936  0.47561936  0.48486944  0.50372959  0.50372959  0.49423849  0.53296818  0.54298109  0.53296818  0.52309102  0.52309102  0.43975064  0.45746427  0.35711917  0.34934901  0.34166085  0.41396248  0.44855361  0.43105276  0.55313355  0.44855361  0.43975064  0.39726396  0.43105276  0.43105276  0.43105276  
36_0_0     0.20916713  0.19028598  0.17796504  0.18409946  0.24846413  0.26893722  0.25522477  0.07026812  0.09165578  0.00000000  0.00963278  0.08624971  0.04438740  0.29000235  0.35711917  0.34166085  0.34166085  0.44855361  0.45746427  0.49423849  0.46648526  0.44855361  0.46648526  0.48486944  0.48486944  0.46648526  0.47561936  0.51334599  0.51334599  0.52309102  0.55313355  0.55313355  0.40556538  0.42245751  0.36497310  0.37291263  0.36497310  0.47561936  0.46648526  0.46648526  0.52309102  0.43975064  0.44855361  0.43105276  0.40556538  0.40556538  0.40556538  
44_0_0     0.19652548  0.17796504  0.16584902  0.17188184  0.23512821  0.25522477  0.24176565  0.05980525  0.08088346  0.00963278  0.00000000  0.07555646  0.03428718  0.29000235  0.35711917  0.32652374  0.32652374  0.43105276  0.43975064  0.47561936  0.44855361  0.43105276  0.44855361  0.46648526  0.46648526  0.44855361  0.45746427  0.49423849  0.49423849  0.50372959  0.53296818  0.53296818  0.38905608  0.40556538  0.34934901  0.35711917  0.36497310  0.45746427  0.44855361  0.44855361  0.52309102  0.42245751  0.43105276  0.41396248  0.38905608  0.38905608  0.38905608  
8_0_0      0.24176565  0.23512821  0.22203203  0.22855069  0.25522477  0.27589147  0.26204873  0.07555646  0.09710226  0.08624971  0.07555646  0.00000000  0.05980525  0.26204873  0.34934901  0.33405298  0.34166085  0.40556538  0.44855361  0.44855361  0.42245751  0.43975064  0.43975064  0.43105276  0.44855361  0.43105276  0.42245751  0.48486944  0.48486944  0.51334599  0.50372959  0.50372959  0.39726396  0.41396248  0.31907152  0.32652374  0.33405298  0.41396248  0.42245751  0.42245751  0.53296818  0.39726396  0.38905608  0.37291263  0.38093964  0.38093964  0.38093964  
54_0_0     0.20281889  0.19652548  0.18409946  0.19028598  0.26204873  0.28291274  0.26893722  0.06501790  0.08624971  0.04438740  0.03428718  0.05980525  0.00000000  0.26893722  0.38093964  0.31169476  0.33405298  0.41396248  0.43975064  0.45746427  0.43105276  0.42245751  0.43975064  0.43975064  0.43975064  0.43975064  0.44855361  0.50372959  0.50372959  0.51334599  0.54298109  0.54298109  0.41396248  0.43105276  0.31907152  0.32652374  0.33405298  0.41396248  0.42245751  0.42245751  0.49423849  0.39726396  0.38905608  0.38905608  0.38093964  0.38093964  0.38093964  
51_0_0     0.31907152  0.31907152  0.31907152  0.32652374  0.33405298  0.37291263  0.35711917  0.28291274  0.30439195  0.29000235  0.29000235  0.26204873  0.26893722  0.00000000  0.44855361  0.40556538  0.40556538  0.38093964  0.40556538  0.38905608  0.39726396  0.40556538  0.40556538  0.34166085  0.36497310  0.40556538  0.43975064  0.51334599  0.48486944  0.53296818  0.52309102  0.52309102  0.46648526  0.48486944  0.36497310  0.38905608  0.35711917  0.33405298  0.41396248  0.38093964  0.43975064  0.35711917  0.37291263  0.38905608  0.41396248  0.41396248  0.36497310  
57_0_0     0.42245751  0.39726396  0.40556538  0.41396248  0.41396248  0.40556538  0.40556538  0.38905608  0.36497310  0.35711917  0.35711917  0.34934901  0.38093964  0.44855361  0.00000000  0.19652548  0.15986574  0.32652374  0.41396248  0.38093964  0.34166085  0.38905608  0.38905608  0.37291263  0.37291263  0.38905608  0.39726396  0.44855361  0.43975064  0.43105276  0.43975064  0.43975064  0.38905608  0.40556538  0.37291263  0.40556538  0.38093964  0.38093964  0.42245751  0.40556538  0.45746427  0.39726396  0.38905608  0.43105276  0.38093964  0.38093964  0.38093964  
94_0_0     0.39726396  0.38093964  0.37291263  0.38093964  0.36497310  0.38905608  0.38905608  0.32652374  0.31907152  0.34166085  0.32652374  0.33405298  0.31169476  0.40556538  0.19652548  0.00000000  0.15986574  0.38093964  0.43975064  0.42245751  0.38093964  0.46648526  0.46648526  0.42245751  0.43975064  0.39726396  0.40556538  0.54298109  0.54298109  0.51334599  0.54298109  0.54298109  0.42245751  0.45746427  0.33405298  0.34934901  0.33405298  0.34166085  0.38905608  0.38905608  0.50372959  0.38905608  0.38093964  0.37291263  0.37291263  0.37291263  0.37291263  
94_3_0     0.39726396  0.38093964  0.40556538  0.41396248  0.39726396  0.40556538  0.40556538  0.32652374  0.30439195  0.34166085  0.32652374  0.34166085  0.33405298  0.40556538  0.15986574  0.15986574  0.00000000  0.38093964  0.40556538  0.42245751  0.41396248  0.44855361  0.44855361  0.44855361  0.46648526  0.44855361  0.45746427  0.48486944  0.45746427  0.48486944  0.47561936  0.47561936  0.41396248  0.43105276  0.33405298  0.38093964  0.34166085  0.29716162  0.34166085  0.34166085  0.45746427  0.34166085  0.33405298  0.31169476  0.32652374  0.32652374  0.32652374  
90_0_0     0.42245751  0.39726396  0.43975064  0.44855361  0.43105276  0.45746427  0.43975064  0.46648526  0.45746427  0.44855361  0.43105276  0.40556538  0.41396248  0.38093964  0.32652374  0.38093964  0.38093964  0.00000000  0.10811893  0.10258977  0.10258977  0.11369037  0.10811893  0.05980525  0.07026812  0.08088346  0.11369037  0.25522477  0.22855069  0.33405298  0.24176565  0.24176565  0.20281889  0.21557118  0.37291263  0.38093964  0.41396248  0.31169476  0.38093964  0.36497310  0.38093964  0.34166085  0.31907152  0.34166085  0.35711917  0.35711917  0.32652374  
93_0_0     0.43975064  0.43975064  0.46648526  0.47561936  0.46648526  0.49423849  0.47561936  0.48486944  0.47561936  0.45746427  0.43975064  0.44855361  0.43975064  0.40556538  0.41396248  0.43975064  0.40556538  0.10811893  0.00000000  0.14804463  0.15393121  0.16584902  0.15986574  0.13066501  0.15393121  0.15393121  0.18409946  0.31169476  0.28291274  0.36497310  0.29716162  0.29716162  0.26204873  0.29000235  0.38905608  0.41396248  0.44855361  0.38093964  0.38905608  0.38905608  0.39726396  0.36497310  0.38905608  0.34934901  0.38905608  0.38905608  0.36497310  
96_0_0     0.44855361  0.43975064  0.44855361  0.45746427  0.48486944  0.51334599  0.49423849  0.47561936  0.48486944  0.49423849  0.47561936  0.44855361  0.45746427  0.38905608  0.38093964  0.42245751  0.42245751  0.10258977  0.14804463  0.00000000  0.04949051  0.13641227  0.13066501  0.11369037  0.11369037  0.11369037  0.15986574  0.26893722  0.26204873  0.31907152  0.29000235  0.29000235  0.24846413  0.27589147  0.39726396  0.40556538  0.42245751  0.33405298  0.39726396  0.38093964  0.40556538  0.38093964  0.35711917  0.38093964  0.40556538  0.40556538  0.36497310  
65_0_0     0.42245751  0.41396248  0.42245751  0.43105276  0.45746427  0.48486944  0.46648526  0.44855361  0.45746427  0.46648526  0.44855361  0.42245751  0.43105276  0.39726396  0.34166085  0.38093964  0.41396248  0.10258977  0.15393121  0.04949051  0.00000000  0.13641227  0.13066501  0.12496274  0.12496274  0.13641227  0.18409946  0.27589147  0.25522477  0.32652374  0.28291274  0.28291274  0.24176565  0.25522477  0.40556538  0.41396248  0.43105276  0.35711917  0.40556538  0.38905608  0.41396248  0.38905608  0.36497310  0.40556538  0.39726396  0.39726396  0.37291263  
99_0_0     0.44855361  0.43975064  0.46648526  0.47561936  0.47561936  0.50372959  0.48486944  0.48486944  0.47561936  0.44855361  0.43105276  0.43975064  0.42245751  0.40556538  0.38905608  0.46648526  0.44855361  0.11369037  0.16584902  0.13641227  0.13641227  0.00000000  0.01449736  0.13641227  0.13641227  0.17188184  0.20916713  0.26893722  0.24176565  0.34934901  0.26893722  0.26893722  0.25522477  0.24176565  0.39726396  0.38905608  0.42245751  0.36497310  0.40556538  0.38905608  0.37291263  0.36497310  0.35711917  0.39726396  0.38905608  0.38905608  0.38093964  
71_0_0     0.43975064  0.43105276  0.45746427  0.46648526  0.48486944  0.51334599  0.49423849  0.48486944  0.47561936  0.46648526  0.44855361  0.43975064  0.43975064  0.40556538  0.38905608  0.46648526  0.44855361  0.10811893  0.15986574  0.13066501  0.13066501  0.01449736  0.00000000  0.13066501  0.14220523  0.16584902  0.20281889  0.29000235  0.24846413  0.35711917  0.27589147  0.27589147  0.26204873  0.24846413  0.40556538  0.41396248  0.43105276  0.34166085  0.38093964  0.36497310  0.36497310  0.34166085  0.33405298  0.37291263  0.36497310  0.36497310  0.35711917  
71_1_0     0.43105276  0.41396248  0.42245751  0.43105276  0.43105276  0.45746427  0.43975064  0.47561936  0.48486944  0.48486944  0.46648526  0.43105276  0.43975064  0.34166085  0.37291263  0.42245751  0.44855361  0.05980525  0.13066501  0.11369037  0.12496274  0.13641227  0.13066501  0.00000000  0.01939465  0.09165578  0.13641227  0.28291274  0.27589147  0.35711917  0.30439195  0.30439195  0.24846413  0.26204873  0.38093964  0.38905608  0.43975064  0.34934901  0.40556538  0.38905608  0.40556538  0.36497310  0.35711917  0.38093964  0.40556538  0.40556538  0.35711917  
99_1_0     0.44855361  0.43105276  0.43975064  0.44855361  0.44855361  0.47561936  0.45746427  0.49423849  0.50372959  0.48486944  0.46648526  0.44855361  0.43975064  0.36497310  0.37291263  0.43975064  0.46648526  0.07026812  0.15393121  0.11369037  0.12496274  0.13641227  0.14220523  0.01939465  0.00000000  0.10258977  0.14804463  0.28291274  0.27589147  0.35711917  0.30439195  0.30439195  0.24846413  0.26204873  0.39726396  0.40556538  0.43975064  0.36497310  0.42245751  0.40556538  0.40556538  0.38093964  0.37291263  0.39726396  0.42245751  0.42245751  0.37291263  
96_1_0     0.43975064  0.41396248  0.43975064  0.44855361  0.44855361  0.47561936  0.45746427  0.49423849  0.50372959  0.46648526  0.44855361  0.43105276  0.43975064  0.40556538  0.38905608  0.39726396  0.44855361  0.08088346  0.15393121  0.11369037  0.13641227  0.17188184  0.16584902  0.09165578  0.10258977  0.00000000  0.03931978  0.30439195  0.29000235  0.37291263  0.31907152  0.31907152  0.24846413  0.27589147  0.36497310  0.37291263  0.40556538  0.34934901  0.38905608  0.38905608  0.40556538  0.34934901  0.35711917  0.36497310  0.38905608  0.38905608  0.34166085  
65_1_0     0.46648526  0.43975064  0.46648526  0.47561936  0.47561936  0.50372959  0.48486944  0.48486944  0.49423849  0.47561936  0.45746427  0.42245751  0.44855361  0.43975064  0.39726396  0.40556538  0.45746427  0.11369037  0.18409946  0.15986574  0.18409946  0.20916713  0.20281889  0.13641227  0.14804463  0.03931978  0.00000000  0.33405298  0.31907152  0.39726396  0.34934901  0.34934901  0.26893722  0.30439195  0.37291263  0.38905608  0.41396248  0.38093964  0.41396248  0.42245751  0.43975064  0.38093964  0.38905608  0.38905608  0.41396248  0.41396248  0.37291263  
72_0_0     0.51334599  0.50372959  0.49423849  0.49423849  0.50372959  0.55313355  0.53296818  0.52309102  0.53296818  0.51334599  0.49423849  0.48486944  0.50372959  0.51334599  0.44855361  0.54298109  0.48486944  0.25522477  0.31169476  0.26893722  0.27589147  0.26893722  0.29000235  0.28291274  0.28291274  0.30439195  0.33405298  0.00000000  0.04438740  0.11369037  0.06501790  0.06501790  0.11930475  0.10811893  0.42245751  0.40556538  0.43975064  0.42245751  0.45746427  0.42245751  0.42245751  0.41396248  0.41396248  0.44855361  0.43975064  0.43975064  0.42245751  
63_0_0     0.48486944  0.47561936  0.48486944  0.48486944  0.50372959  0.53296818  0.51334599  0.53296818  0.54298109  0.51334599  0.49423849  0.48486944  0.50372959  0.48486944  0.43975064  0.54298109  0.45746427  0.22855069  0.28291274  0.26204873  0.25522477  0.24176565  0.24846413  0.27589147  0.27589147  0.29000235  0.31907152  0.04438740  0.00000000  0.09710226  0.03931978  0.03931978  0.08088346  0.07026812  0.44855361  0.43105276  0.46648526  0.39726396  0.46648526  0.43105276  0.40556538  0.40556538  0.40556538  0.43975064  0.43105276  0.43105276  0.41396248  
68_0_0     0.50372959  0.48486944  0.47561936  0.47561936  0.57387304  0.60613318  0.58446848  0.54298109  0.53296818  0.52309102  0.50372959  0.51334599  0.51334599  0.53296818  0.43105276  0.51334599  0.48486944  0.33405298  0.36497310  0.31907152  0.32652374  0.34934901  0.35711917  0.35711917  0.35711917  0.37291263  0.39726396  0.11369037  0.09710226  0.00000000  0.09710226  0.09710226  0.14220523  0.15393121  0.49423849  0.49423849  0.49423849  0.43975064  0.48486944  0.44855361  0.45746427  0.44855361  0.46648526  0.44855361  0.45746427  0.45746427  0.45746427  
79_0_0     0.54298109  0.53296818  0.54298109  0.54298109  0.55313355  0.58446848  0.56342949  0.53296818  0.52309102  0.55313355  0.53296818  0.50372959  0.54298109  0.52309102  0.43975064  0.54298109  0.47561936  0.24176565  0.29716162  0.29000235  0.28291274  0.26893722  0.27589147  0.30439195  0.30439195  0.31907152  0.34934901  0.06501790  0.03931978  0.09710226  0.00000000  0.00000000  0.09165578  0.07555646  0.44855361  0.43105276  0.44855361  0.38093964  0.43975064  0.40556538  0.41396248  0.38905608  0.38905608  0.40556538  0.41396248  0.41396248  0.39726396  
97_0_0     0.54298109  0.53296818  0.54298109  0.54298109  0.55313355  0.58446848  0.56342949  0.53296818  0.52309102  0.55313355  0.53296818  0.50372959  0.54298109  0.52309102  0.43975064  0.54298109  0.47561936  0.24176565  0.29716162  0.29000235  0.28291274  0.26893722  0.27589147  0.30439195  0.30439195  0.31907152  0.34934901  0.06501790  0.03931978  0.09710226  0.00000000  0.00000000  0.09165578  0.07555646  0.44855361  0.43105276  0.44855361  0.38093964  0.43975064  0.40556538  0.41396248  0.38905608  0.38905608  0.40556538  0.41396248  0.41396248  0.39726396  
91_0_0     0.43105276  0.40556538  0.39726396  0.39726396  0.43105276  0.45746427  0.43975064  0.43105276  0.43975064  0.40556538  0.38905608  0.39726396  0.41396248  0.46648526  0.38905608  0.42245751  0.41396248  0.20281889  0.26204873  0.24846413  0.24176565  0.25522477  0.26204873  0.24846413  0.24846413  0.24846413  0.26893722  0.11930475  0.08088346  0.14220523  0.09165578  0.09165578  0.00000000  0.02928910  0.40556538  0.40556538  0.43975064  0.38093964  0.42245751  0.42245751  0.40556538  0.39726396  0.38905608  0.40556538  0.39726396  0.39726396  0.38093964  
91_2_0     0.44855361  0.42245751  0.41396248  0.41396248  0.44855361  0.47561936  0.45746427  0.44855361  0.45746427  0.42245751  0.40556538  0.41396248  0.43105276  0.48486944  0.40556538  0.45746427  0.43105276  0.21557118  0.29000235  0.27589147  0.25522477  0.24176565  0.24846413  0.26204873  0.26204873  0.27589147  0.30439195  0.10811893  0.07026812  0.15393121  0.07555646  0.07555646  0.02928910  0.00000000  0.43975064  0.42245751  0.45746427  0.38093964  0.43105276  0.39726396  0.38093964  0.38093964  0.37291263  0.40556538  0.39726396  0.39726396  0.36497310  
85_0_0     0.38905608  0.38093964  0.37291263  0.38093964  0.41396248  0.43975064  0.43975064  0.36497310  0.35711917  0.36497310  0.34934901  0.31907152  0.31907152  0.36497310  0.37291263  0.33405298  0.33405298  0.37291263  0.38905608  0.39726396  0.40556538  0.39726396  0.40556538  0.38093964  0.39726396  0.36497310  0.37291263  0.42245751  0.44855361  0.49423849  0.44855361  0.44855361  0.40556538  0.43975064  0.00000000  0.03428718  0.06501790  0.33405298  0.32652374  0.34166085  0.43975064  0.34166085  0.32652374  0.33405298  0.31907152  0.31907152  0.31907152  
83_0_0     0.39726396  0.38905608  0.38093964  0.37291263  0.40556538  0.43105276  0.43105276  0.35711917  0.34934901  0.37291263  0.35711917  0.32652374  0.32652374  0.38905608  0.40556538  0.34934901  0.38093964  0.38093964  0.41396248  0.40556538  0.41396248  0.38905608  0.41396248  0.38905608  0.40556538  0.37291263  0.38905608  0.40556538  0.43105276  0.49423849  0.43105276  0.43105276  0.40556538  0.42245751  0.03428718  0.00000000  0.07555646  0.35711917  0.34934901  0.34934901  0.41396248  0.34934901  0.33405298  0.34166085  0.34166085  0.34166085  0.32652374  
87_0_0     0.37291263  0.38093964  0.37291263  0.36497310  0.43105276  0.45746427  0.45746427  0.34934901  0.34166085  0.36497310  0.36497310  0.33405298  0.33405298  0.35711917  0.38093964  0.33405298  0.34166085  0.41396248  0.44855361  0.42245751  0.43105276  0.42245751  0.43105276  0.43975064  0.43975064  0.40556538  0.41396248  0.43975064  0.46648526  0.49423849  0.44855361  0.44855361  0.43975064  0.45746427  0.06501790  0.07555646  0.00000000  0.34166085  0.34166085  0.34166085  0.41396248  0.34934901  0.33405298  0.31169476  0.34166085  0.34166085  0.32652374  
69_0_0     0.34934901  0.34934901  0.35711917  0.36497310  0.42245751  0.44855361  0.44855361  0.42245751  0.41396248  0.47561936  0.45746427  0.41396248  0.41396248  0.33405298  0.38093964  0.34166085  0.29716162  0.31169476  0.38093964  0.33405298  0.35711917  0.36497310  0.34166085  0.34934901  0.36497310  0.34934901  0.38093964  0.42245751  0.39726396  0.43975064  0.38093964  0.38093964  0.38093964  0.38093964  0.33405298  0.35711917  0.34166085  0.00000000  0.11930475  0.09710226  0.16584902  0.08088346  0.05980525  0.10811893  0.09165578  0.09165578  0.07026812  
64_0_0     0.36497310  0.36497310  0.37291263  0.38093964  0.43975064  0.44855361  0.44855361  0.43975064  0.44855361  0.46648526  0.44855361  0.42245751  0.42245751  0.41396248  0.42245751  0.38905608  0.34166085  0.38093964  0.38905608  0.39726396  0.40556538  0.40556538  0.38093964  0.40556538  0.42245751  0.38905608  0.41396248  0.45746427  0.46648526  0.48486944  0.43975064  0.43975064  0.42245751  0.43105276  0.32652374  0.34934901  0.34166085  0.11930475  0.00000000  0.02928910  0.10811893  0.08088346  0.08088346  0.08088346  0.06501790  0.06501790  0.07026812  
84_0_0     0.34934901  0.34934901  0.35711917  0.36497310  0.43975064  0.44855361  0.44855361  0.43975064  0.43105276  0.46648526  0.44855361  0.42245751  0.42245751  0.38093964  0.40556538  0.38905608  0.34166085  0.36497310  0.38905608  0.38093964  0.38905608  0.38905608  0.36497310  0.38905608  0.40556538  0.38905608  0.42245751  0.42245751  0.43105276  0.44855361  0.40556538  0.40556538  0.42245751  0.39726396  0.34166085  0.34934901  0.34166085  0.09710226  0.02928910  0.00000000  0.08624971  0.05980525  0.05980525  0.08088346  0.06501790  0.06501790  0.04949051  
78_0_0     0.38905608  0.38905608  0.40556538  0.39726396  0.47561936  0.46648526  0.46648526  0.54298109  0.55313355  0.52309102  0.52309102  0.53296818  0.49423849  0.43975064  0.45746427  0.50372959  0.45746427  0.38093964  0.39726396  0.40556538  0.41396248  0.37291263  0.36497310  0.40556538  0.40556538  0.40556538  0.43975064  0.42245751  0.40556538  0.45746427  0.41396248  0.41396248  0.40556538  0.38093964  0.43975064  0.41396248  0.41396248  0.16584902  0.10811893  0.08624971  0.00000000  0.11930475  0.11930475  0.13641227  0.12496274  0.12496274  0.10811893  
58_0_0     0.32652374  0.34166085  0.33405298  0.34166085  0.44855361  0.45746427  0.45746427  0.43975064  0.44855361  0.43975064  0.42245751  0.39726396  0.39726396  0.35711917  0.39726396  0.38905608  0.34166085  0.34166085  0.36497310  0.38093964  0.38905608  0.36497310  0.34166085  0.36497310  0.38093964  0.34934901  0.38093964  0.41396248  0.40556538  0.44855361  0.38905608  0.38905608  0.39726396  0.38093964  0.34166085  0.34934901  0.34934901  0.08088346  0.08088346  0.05980525  0.11930475  0.00000000  0.03931978  0.07555646  0.04949051  0.04949051  0.02928910  
73_0_0     0.33405298  0.33405298  0.34166085  0.34934901  0.41396248  0.42245751  0.42245751  0.43105276  0.43975064  0.44855361  0.43105276  0.38905608  0.38905608  0.37291263  0.38905608  0.38093964  0.33405298  0.31907152  0.38905608  0.35711917  0.36497310  0.35711917  0.33405298  0.35711917  0.37291263  0.35711917  0.38905608  0.41396248  0.40556538  0.46648526  0.38905608  0.38905608  0.38905608  0.37291263  0.32652374  0.33405298  0.33405298  0.05980525  0.08088346  0.05980525  0.11930475  0.03931978  0.00000000  0.06501790  0.04949051  0.04949051  0.02928910  
95_0_0     0.34934901  0.34934901  0.35711917  0.34934901  0.42245751  0.43105276  0.43105276  0.38905608  0.39726396  0.43105276  0.41396248  0.37291263  0.38905608  0.38905608  0.43105276  0.37291263  0.31169476  0.34166085  0.34934901  0.38093964  0.40556538  0.39726396  0.37291263  0.38093964  0.39726396  0.36497310  0.38905608  0.44855361  0.43975064  0.44855361  0.40556538  0.40556538  0.40556538  0.40556538  0.33405298  0.34166085  0.31169476  0.10811893  0.08088346  0.08088346  0.13641227  0.07555646  0.06501790  0.00000000  0.07555646  0.07555646  0.06501790  
81_0_0     0.31169476  0.31169476  0.31907152  0.32652374  0.39726396  0.40556538  0.40556538  0.42245751  0.43105276  0.40556538  0.38905608  0.38093964  0.38093964  0.41396248  0.38093964  0.37291263  0.32652374  0.35711917  0.38905608  0.40556538  0.39726396  0.38905608  0.36497310  0.40556538  0.42245751  0.38905608  0.41396248  0.43975064  0.43105276  0.45746427  0.41396248  0.41396248  0.39726396  0.39726396  0.31907152  0.34166085  0.34166085  0.09165578  0.06501790  0.06501790  0.12496274  0.04949051  0.04949051  0.07555646  0.00000000  0.00000000  0.02928910  
62_0_0     0.31169476  0.31169476  0.31907152  0.32652374  0.39726396  0.40556538  0.40556538  0.42245751  0.43105276  0.40556538  0.38905608  0.38093964  0.38093964  0.41396248  0.38093964  0.37291263  0.32652374  0.35711917  0.38905608  0.40556538  0.39726396  0.38905608  0.36497310  0.40556538  0.42245751  0.38905608  0.41396248  0.43975064  0.43105276  0.45746427  0.41396248  0.41396248  0.39726396  0.39726396  0.31907152  0.34166085  0.34166085  0.09165578  0.06501790  0.06501790  0.12496274  0.04949051  0.04949051  0.07555646  0.00000000  0.00000000  0.02928910  
89_0_0     0.29716162  0.29716162  0.30439195  0.31169476  0.39726396  0.40556538  0.40556538  0.42245751  0.43105276  0.40556538  0.38905608  0.38093964  0.38093964  0.36497310  0.38093964  0.37291263  0.32652374  0.32652374  0.36497310  0.36497310  0.37291263  0.38093964  0.35711917  0.35711917  0.37291263  0.34166085  0.37291263  0.42245751  0.41396248  0.45746427  0.39726396  0.39726396  0.38093964  0.36497310  0.31907152  0.32652374  0.32652374  0.07026812  0.07026812  0.04949051  0.10811893  0.02928910  0.02928910  0.06501790  0.02928910  0.02928910  0.00000000  

