31
84_2_0     0.00000000  0.02679222  0.03226836  0.04334300  0.05458490  0.06027016  0.03778509  0.12585362  0.11964691  0.16422169  0.12585362  0.33290247  0.33290247  0.30860903  0.33290247  0.32471624  0.31661907  0.33290247  0.32471624  0.33290247  0.55136309  0.55136309  0.57377524  0.59688319  0.57377524  0.55136309  0.54040509  0.52960607  0.68392591  0.69723506  0.63294849  
87_2_0     0.02679222  0.00000000  0.01595934  0.03778509  0.04894273  0.04334300  0.02135608  0.13211253  0.12585362  0.17081313  0.13211253  0.30860903  0.32471624  0.30068426  0.32471624  0.31661907  0.30860903  0.32471624  0.31661907  0.32471624  0.54040509  0.54040509  0.56248482  0.58523954  0.56248482  0.56248482  0.55136309  0.54040509  0.64536930  0.65800089  0.62073153  
100_2_0    0.03226836  0.01595934  0.00000000  0.04334300  0.05458490  0.04894273  0.02679222  0.12585362  0.11964691  0.15121135  0.12585362  0.30068426  0.31661907  0.29284298  0.31661907  0.30860903  0.30068426  0.31661907  0.30860903  0.31661907  0.57377524  0.57377524  0.59688319  0.62073153  0.59688319  0.57377524  0.58523954  0.57377524  0.63294849  0.64536930  0.60871186  
98_2_0     0.04334300  0.03778509  0.04334300  0.00000000  0.02135608  0.03778509  0.01595934  0.13842451  0.13211253  0.16422169  0.12585362  0.32471624  0.34117972  0.30068426  0.32471624  0.30068426  0.30860903  0.32471624  0.31661907  0.32471624  0.56248482  0.56248482  0.58523954  0.60871186  0.58523954  0.56248482  0.55136309  0.54040509  0.69723506  0.71078652  0.64536930  
82_2_0     0.05458490  0.04894273  0.05458490  0.02135608  0.00000000  0.06027016  0.03778509  0.16422169  0.15768809  0.19094509  0.15121135  0.35801558  0.37524105  0.33290247  0.35801558  0.33290247  0.34117972  0.35801558  0.34955005  0.35801558  0.56248482  0.56248482  0.58523954  0.58523954  0.56248482  0.56248482  0.55136309  0.54040509  0.67085054  0.68392591  0.62073153  
86_2_0     0.06027016  0.04334300  0.04894273  0.03778509  0.06027016  0.00000000  0.02135608  0.14479048  0.13842451  0.15768809  0.13211253  0.30860903  0.30860903  0.30068426  0.32471624  0.28508344  0.30860903  0.32471624  0.31661907  0.32471624  0.52960607  0.52960607  0.55136309  0.57377524  0.57377524  0.58523954  0.55136309  0.54040509  0.69723506  0.68392591  0.62073153  
88_2_0     0.03778509  0.02135608  0.02679222  0.01595934  0.03778509  0.02135608  0.00000000  0.13211253  0.12585362  0.15768809  0.11964691  0.30860903  0.32471624  0.30068426  0.32471624  0.30068426  0.30860903  0.32471624  0.31661907  0.32471624  0.54040509  0.54040509  0.56248482  0.58523954  0.56248482  0.56248482  0.55136309  0.54040509  0.67085054  0.68392591  0.62073153  
95_2_0     0.12585362  0.13211253  0.12585362  0.13842451  0.16422169  0.14479048  0.13211253  0.00000000  0.01595934  0.06599918  0.05458490  0.31661907  0.27740395  0.26227864  0.26980288  0.26227864  0.26980288  0.26980288  0.26227864  0.28508344  0.49811835  0.49811835  0.50846696  0.50846696  0.52960607  0.55136309  0.54040509  0.55136309  0.55136309  0.54040509  0.52960607  
97_2_0     0.11964691  0.12585362  0.11964691  0.13211253  0.15768809  0.13842451  0.12585362  0.01595934  0.00000000  0.04894273  0.03778509  0.30860903  0.26980288  0.24015178  0.24745456  0.24015178  0.24745456  0.24745456  0.24015178  0.26227864  0.47784298  0.47784298  0.48791163  0.48791163  0.50846696  0.51896148  0.50846696  0.51896148  0.52960607  0.51896148  0.50846696  
97_4_0     0.16422169  0.17081313  0.15121135  0.16422169  0.19094509  0.15768809  0.15768809  0.06599918  0.04894273  0.00000000  0.05458490  0.33290247  0.30860903  0.26980288  0.27740395  0.24015178  0.27740395  0.27740395  0.26980288  0.29284298  0.44842926  0.44842926  0.47784298  0.47784298  0.49811835  0.50846696  0.49811835  0.50846696  0.51896148  0.50846696  0.54040509  
92_2_0     0.12585362  0.13211253  0.12585362  0.12585362  0.15121135  0.13211253  0.11964691  0.05458490  0.03778509  0.05458490  0.00000000  0.31661907  0.29284298  0.24015178  0.24745456  0.24015178  0.24745456  0.24745456  0.24015178  0.26227864  0.46790870  0.46790870  0.47784298  0.49811835  0.49811835  0.48791163  0.47784298  0.48791163  0.54040509  0.52960607  0.51896148  
92_3_0     0.33290247  0.30860903  0.30068426  0.32471624  0.35801558  0.30860903  0.30860903  0.31661907  0.30860903  0.33290247  0.31661907  0.00000000  0.06027016  0.16422169  0.15768809  0.17746347  0.15768809  0.15768809  0.15121135  0.15768809  0.47784298  0.47784298  0.49811835  0.51896148  0.54040509  0.51896148  0.51896148  0.52960607  0.57377524  0.59688319  0.57377524  
95_3_0     0.33290247  0.32471624  0.31661907  0.34117972  0.37524105  0.30860903  0.32471624  0.27740395  0.26980288  0.30860903  0.29284298  0.06027016  0.00000000  0.15768809  0.15121135  0.17081313  0.15121135  0.15121135  0.14479048  0.15121135  0.47784298  0.47784298  0.49811835  0.49811835  0.54040509  0.51896148  0.51896148  0.52960607  0.59688319  0.59688319  0.55136309  
88_3_0     0.30860903  0.30068426  0.29284298  0.30068426  0.33290247  0.30068426  0.30068426  0.26227864  0.24015178  0.26980288  0.24015178  0.16422169  0.15768809  0.00000000  0.01595934  0.02135608  0.00528185  0.01595934  0.02135608  0.01595934  0.47784298  0.47784298  0.49811835  0.51896148  0.49811835  0.54040509  0.52960607  0.54040509  0.52960607  0.52960607  0.50846696  
86_3_0     0.33290247  0.32471624  0.31661907  0.32471624  0.35801558  0.32471624  0.32471624  0.26980288  0.24745456  0.27740395  0.24745456  0.15768809  0.15121135  0.01595934  0.00000000  0.03778509  0.01060145  0.01060145  0.01595934  0.02135608  0.45810526  0.45810526  0.47784298  0.49811835  0.49811835  0.54040509  0.52960607  0.54040509  0.50846696  0.50846696  0.48791163  
82_3_0     0.32471624  0.31661907  0.30860903  0.30068426  0.33290247  0.28508344  0.30068426  0.26227864  0.24015178  0.24015178  0.24015178  0.17746347  0.17081313  0.02135608  0.03778509  0.00000000  0.02679222  0.03778509  0.04334300  0.03778509  0.43887742  0.43887742  0.45810526  0.47784298  0.47784298  0.56248482  0.50846696  0.51896148  0.50846696  0.50846696  0.50846696  
98_3_0     0.31661907  0.30860903  0.30068426  0.30860903  0.34117972  0.30860903  0.30860903  0.26980288  0.24745456  0.27740395  0.24745456  0.15768809  0.15121135  0.00528185  0.01060145  0.02679222  0.00000000  0.01060145  0.01595934  0.01060145  0.47784298  0.47784298  0.49811835  0.51896148  0.49811835  0.54040509  0.52960607  0.54040509  0.52960607  0.52960607  0.50846696  
100_3_0    0.33290247  0.32471624  0.31661907  0.32471624  0.35801558  0.32471624  0.32471624  0.26980288  0.24745456  0.27740395  0.24745456  0.15768809  0.15121135  0.01595934  0.01060145  0.03778509  0.01060145  0.00000000  0.00528185  0.01060145  0.45810526  0.45810526  0.47784298  0.49811835  0.49811835  0.54040509  0.52960607  0.54040509  0.50846696  0.50846696  0.48791163  
87_3_0     0.32471624  0.31661907  0.30860903  0.31661907  0.34955005  0.31661907  0.31661907  0.26227864  0.24015178  0.26980288  0.24015178  0.15121135  0.14479048  0.02135608  0.01595934  0.04334300  0.01595934  0.00528185  0.00000000  0.01595934  0.44842926  0.44842926  0.46790870  0.48791163  0.48791163  0.52960607  0.51896148  0.52960607  0.51896148  0.51896148  0.47784298  
84_3_0     0.33290247  0.32471624  0.31661907  0.32471624  0.35801558  0.32471624  0.32471624  0.28508344  0.26227864  0.29284298  0.26227864  0.15768809  0.15121135  0.01595934  0.02135608  0.03778509  0.01060145  0.01060145  0.01595934  0.00000000  0.47784298  0.47784298  0.49811835  0.51896148  0.49811835  0.51896148  0.52960607  0.54040509  0.52960607  0.52960607  0.50846696  
47_0_0     0.55136309  0.54040509  0.57377524  0.56248482  0.56248482  0.52960607  0.54040509  0.49811835  0.47784298  0.44842926  0.46790870  0.47784298  0.47784298  0.47784298  0.45810526  0.43887742  0.47784298  0.45810526  0.44842926  0.47784298  0.00000000  0.00000000  0.03226836  0.03778509  0.05458490  0.19094509  0.15768809  0.16422169  0.19094509  0.20467538  0.17746347  
5_0_0      0.55136309  0.54040509  0.57377524  0.56248482  0.56248482  0.52960607  0.54040509  0.49811835  0.47784298  0.44842926  0.46790870  0.47784298  0.47784298  0.47784298  0.45810526  0.43887742  0.47784298  0.45810526  0.44842926  0.47784298  0.00000000  0.00000000  0.03226836  0.03778509  0.05458490  0.19094509  0.15768809  0.16422169  0.19094509  0.20467538  0.17746347  
44_0_0     0.57377524  0.56248482  0.59688319  0.58523954  0.58523954  0.55136309  0.56248482  0.50846696  0.48791163  0.47784298  0.47784298  0.49811835  0.49811835  0.49811835  0.47784298  0.45810526  0.49811835  0.47784298  0.46790870  0.49811835  0.03226836  0.03226836  0.00000000  0.02679222  0.04334300  0.20467538  0.17081313  0.17746347  0.20467538  0.21866371  0.17746347  
65_0_0     0.59688319  0.58523954  0.62073153  0.60871186  0.58523954  0.57377524  0.58523954  0.50846696  0.48791163  0.47784298  0.49811835  0.51896148  0.49811835  0.51896148  0.49811835  0.47784298  0.51896148  0.49811835  0.48791163  0.51896148  0.03778509  0.03778509  0.02679222  0.00000000  0.03778509  0.21163669  0.17746347  0.18417376  0.19777858  0.21163669  0.17081313  
50_0_0     0.57377524  0.56248482  0.59688319  0.58523954  0.56248482  0.57377524  0.56248482  0.52960607  0.50846696  0.49811835  0.49811835  0.54040509  0.54040509  0.49811835  0.49811835  0.47784298  0.49811835  0.49811835  0.48791163  0.49811835  0.05458490  0.05458490  0.04334300  0.03778509  0.00000000  0.20467538  0.17081313  0.17746347  0.21866371  0.21866371  0.20467538  
16_0_0     0.55136309  0.56248482  0.57377524  0.56248482  0.56248482  0.58523954  0.56248482  0.55136309  0.51896148  0.50846696  0.48791163  0.51896148  0.51896148  0.54040509  0.54040509  0.56248482  0.54040509  0.54040509  0.52960607  0.51896148  0.19094509  0.19094509  0.20467538  0.21163669  0.20467538  0.00000000  0.05458490  0.06027016  0.26980288  0.27740395  0.25482970  
74_0_0     0.54040509  0.55136309  0.58523954  0.55136309  0.55136309  0.55136309  0.55136309  0.54040509  0.50846696  0.49811835  0.47784298  0.51896148  0.51896148  0.52960607  0.52960607  0.50846696  0.52960607  0.52960607  0.51896148  0.52960607  0.15768809  0.15768809  0.17081313  0.17746347  0.17081313  0.05458490  0.00000000  0.00528185  0.25482970  0.24745456  0.24015178  
52_0_0     0.52960607  0.54040509  0.57377524  0.54040509  0.54040509  0.54040509  0.54040509  0.55136309  0.51896148  0.50846696  0.48791163  0.52960607  0.52960607  0.54040509  0.54040509  0.51896148  0.54040509  0.54040509  0.52960607  0.54040509  0.16422169  0.16422169  0.17746347  0.18417376  0.17746347  0.06027016  0.00528185  0.00000000  0.26227864  0.25482970  0.24745456  
52_1_0     0.68392591  0.64536930  0.63294849  0.69723506  0.67085054  0.69723506  0.67085054  0.55136309  0.52960607  0.51896148  0.54040509  0.57377524  0.59688319  0.52960607  0.50846696  0.50846696  0.52960607  0.50846696  0.51896148  0.52960607  0.19094509  0.19094509  0.20467538  0.19777858  0.21866371  0.26980288  0.25482970  0.26227864  0.00000000  0.02135608  0.08936665  
74_1_0     0.69723506  0.65800089  0.64536930  0.71078652  0.68392591  0.68392591  0.68392591  0.54040509  0.51896148  0.50846696  0.52960607  0.59688319  0.59688319  0.52960607  0.50846696  0.50846696  0.52960607  0.50846696  0.51896148  0.52960607  0.20467538  0.20467538  0.21866371  0.21163669  0.21866371  0.27740395  0.24745456  0.25482970  0.02135608  0.00000000  0.08936665  
16_1_0     0.63294849  0.62073153  0.60871186  0.64536930  0.62073153  0.62073153  0.62073153  0.52960607  0.50846696  0.54040509  0.51896148  0.57377524  0.55136309  0.50846696  0.48791163  0.50846696  0.50846696  0.48791163  0.47784298  0.50846696  0.17746347  0.17746347  0.17746347  0.17081313  0.20467538  0.25482970  0.24015178  0.24745456  0.08936665  0.08936665  0.00000000  

