25
41_1_0     0.00000000  0.02206640  0.01648751  0.00545493  0.01095057  0.00545493  0.00545493  0.00545493  0.02768786  0.02768786  0.05061283  0.03906115  0.03906115  0.04481434  0.04481434  0.04481434  0.05645732  0.05645732  0.09253298  0.17734331  0.17734331  0.17046126  0.18429028  0.20553316  0.19838391  
21_2_0     0.02206640  0.00000000  0.02768786  0.01648751  0.02206640  0.01648751  0.01648751  0.01648751  0.03906115  0.03906115  0.06234855  0.05061283  0.05061283  0.05645732  0.05645732  0.05645732  0.06828729  0.06828729  0.09253298  0.17734331  0.17734331  0.17046126  0.18429028  0.20553316  0.21275249  
21_1_0     0.01648751  0.02768786  0.00000000  0.01095057  0.01648751  0.01095057  0.01095057  0.01095057  0.02206640  0.03335255  0.05645732  0.04481434  0.04481434  0.05061283  0.05061283  0.05061283  0.06234855  0.06234855  0.09253298  0.17046126  0.17046126  0.17734331  0.17734331  0.19838391  0.20553316  
75_1_0     0.00545493  0.01648751  0.01095057  0.00000000  0.00545493  0.00000000  0.00000000  0.00000000  0.02206640  0.02206640  0.04481434  0.03335255  0.03335255  0.03906115  0.03906115  0.03906115  0.05061283  0.05061283  0.08639633  0.17046126  0.17046126  0.16364291  0.17734331  0.19838391  0.20553316  
54_1_0     0.01095057  0.02206640  0.01648751  0.00545493  0.00000000  0.00545493  0.00545493  0.00545493  0.02768786  0.02768786  0.05061283  0.03906115  0.03906115  0.04481434  0.04481434  0.04481434  0.05645732  0.05645732  0.09253298  0.16364291  0.16364291  0.15688711  0.17046126  0.19130338  0.19838391  
21_0_0     0.00545493  0.01648751  0.01095057  0.00000000  0.00545493  0.00000000  0.00000000  0.00000000  0.02206640  0.02206640  0.04481434  0.03335255  0.03335255  0.03906115  0.03906115  0.03906115  0.05061283  0.05061283  0.08639633  0.17046126  0.17046126  0.16364291  0.17734331  0.19838391  0.20553316  
75_0_0     0.00545493  0.01648751  0.01095057  0.00000000  0.00545493  0.00000000  0.00000000  0.00000000  0.02206640  0.02206640  0.04481434  0.03335255  0.03335255  0.03906115  0.03906115  0.03906115  0.05061283  0.05061283  0.08639633  0.17046126  0.17046126  0.16364291  0.17734331  0.19838391  0.20553316  
54_0_0     0.00545493  0.01648751  0.01095057  0.00000000  0.00545493  0.00000000  0.00000000  0.00000000  0.02206640  0.02206640  0.04481434  0.03335255  0.03335255  0.03906115  0.03906115  0.03906115  0.05061283  0.05061283  0.08639633  0.17046126  0.17046126  0.16364291  0.17734331  0.19838391  0.20553316  
41_0_0     0.02768786  0.03906115  0.02206640  0.02206640  0.02768786  0.02206640  0.02206640  0.02206640  0.00000000  0.04481434  0.06828729  0.05645732  0.05645732  0.06234855  0.06234855  0.06234855  0.07427430  0.07427430  0.11125581  0.18429028  0.18429028  0.19130338  0.17734331  0.19838391  0.20553316  
85_0_0     0.02768786  0.03906115  0.03335255  0.02206640  0.02768786  0.02206640  0.02206640  0.02206640  0.04481434  0.00000000  0.02206640  0.04481434  0.03335255  0.03906115  0.03906115  0.03906115  0.06234855  0.06234855  0.09872119  0.17734331  0.16364291  0.15688711  0.17046126  0.19130338  0.19838391  
38_0_0     0.05061283  0.06234855  0.05645732  0.04481434  0.05061283  0.04481434  0.04481434  0.04481434  0.06828729  0.02206640  0.00000000  0.06828729  0.05645732  0.06234855  0.06234855  0.06234855  0.08639633  0.08639633  0.12400743  0.19130338  0.17734331  0.17046126  0.18429028  0.20553316  0.21275249  
61_0_0     0.03906115  0.05061283  0.04481434  0.03335255  0.03906115  0.03335255  0.03335255  0.03335255  0.05645732  0.04481434  0.06828729  0.00000000  0.02206640  0.02768786  0.02768786  0.02768786  0.05061283  0.05061283  0.07427430  0.17046126  0.17046126  0.16364291  0.17734331  0.19838391  0.20553316  
33_3_0     0.03906115  0.05061283  0.04481434  0.03335255  0.03906115  0.03335255  0.03335255  0.03335255  0.05645732  0.03335255  0.05645732  0.02206640  0.00000000  0.00545493  0.01648751  0.01648751  0.05061283  0.05061283  0.08639633  0.18429028  0.17046126  0.16364291  0.17734331  0.19838391  0.20553316  
56_3_0     0.04481434  0.05645732  0.05061283  0.03906115  0.04481434  0.03906115  0.03906115  0.03906115  0.06234855  0.03906115  0.06234855  0.02768786  0.00545493  0.00000000  0.02206640  0.02206640  0.04481434  0.04481434  0.09253298  0.19130338  0.17734331  0.17046126  0.18429028  0.19130338  0.19838391  
56_0_0     0.04481434  0.05645732  0.05061283  0.03906115  0.04481434  0.03906115  0.03906115  0.03906115  0.06234855  0.03906115  0.06234855  0.02768786  0.01648751  0.02206640  0.00000000  0.00000000  0.05645732  0.05645732  0.09253298  0.19130338  0.17734331  0.17046126  0.18429028  0.20553316  0.21275249  
33_0_0     0.04481434  0.05645732  0.05061283  0.03906115  0.04481434  0.03906115  0.03906115  0.03906115  0.06234855  0.03906115  0.06234855  0.02768786  0.01648751  0.02206640  0.00000000  0.00000000  0.05645732  0.05645732  0.09253298  0.19130338  0.17734331  0.17046126  0.18429028  0.20553316  0.21275249  
42_0_0     0.05645732  0.06828729  0.06234855  0.05061283  0.05645732  0.05061283  0.05061283  0.05061283  0.07427430  0.06234855  0.08639633  0.05061283  0.05061283  0.04481434  0.05645732  0.05645732  0.00000000  0.00000000  0.08031038  0.16364291  0.16364291  0.15688711  0.17046126  0.17734331  0.18429028  
98_0_0     0.05645732  0.06828729  0.06234855  0.05061283  0.05645732  0.05061283  0.05061283  0.05061283  0.07427430  0.06234855  0.08639633  0.05061283  0.05061283  0.04481434  0.05645732  0.05645732  0.00000000  0.00000000  0.08031038  0.16364291  0.16364291  0.15688711  0.17046126  0.17734331  0.18429028  
89_0_0     0.09253298  0.09253298  0.09253298  0.08639633  0.09253298  0.08639633  0.08639633  0.08639633  0.11125581  0.09872119  0.12400743  0.07427430  0.08639633  0.09253298  0.09253298  0.09253298  0.08031038  0.08031038  0.00000000  0.17046126  0.18429028  0.17734331  0.19130338  0.19838391  0.22004327  
82_0_0     0.17734331  0.17734331  0.17046126  0.17046126  0.16364291  0.17046126  0.17046126  0.17046126  0.18429028  0.17734331  0.19130338  0.17046126  0.18429028  0.19130338  0.19130338  0.19130338  0.16364291  0.16364291  0.17046126  0.00000000  0.02206640  0.02768786  0.02768786  0.04481434  0.05061283  
23_0_0     0.17734331  0.17734331  0.17046126  0.17046126  0.16364291  0.17046126  0.17046126  0.17046126  0.18429028  0.16364291  0.17734331  0.17046126  0.17046126  0.17734331  0.17734331  0.17734331  0.16364291  0.16364291  0.18429028  0.02206640  0.00000000  0.01648751  0.01648751  0.04481434  0.03906115  
45_0_0     0.17046126  0.17046126  0.17734331  0.16364291  0.15688711  0.16364291  0.16364291  0.16364291  0.19130338  0.15688711  0.17046126  0.16364291  0.16364291  0.17046126  0.17046126  0.17046126  0.15688711  0.15688711  0.17734331  0.02768786  0.01648751  0.00000000  0.02206640  0.03906115  0.04481434  
49_0_0     0.18429028  0.18429028  0.17734331  0.17734331  0.17046126  0.17734331  0.17734331  0.17734331  0.17734331  0.17046126  0.18429028  0.17734331  0.17734331  0.18429028  0.18429028  0.18429028  0.17046126  0.17046126  0.19130338  0.02768786  0.01648751  0.02206640  0.00000000  0.03906115  0.03335255  
22_0_0     0.20553316  0.20553316  0.19838391  0.19838391  0.19130338  0.19838391  0.19838391  0.19838391  0.19838391  0.19130338  0.20553316  0.19838391  0.19838391  0.19130338  0.20553316  0.20553316  0.17734331  0.17734331  0.19838391  0.04481434  0.04481434  0.03906115  0.03906115  0.00000000  0.03906115  
79_0_0     0.19838391  0.21275249  0.20553316  0.20553316  0.19838391  0.20553316  0.20553316  0.20553316  0.20553316  0.19838391  0.21275249  0.20553316  0.20553316  0.19838391  0.21275249  0.21275249  0.18429028  0.18429028  0.22004327  0.05061283  0.03906115  0.04481434  0.03335255  0.03906115  0.00000000  

