20
18_0_0     0.00000000  0.01020810  0.08842934  0.09453272  0.08115605  0.07531470  0.09265881  0.09911622  0.08706889  0.08706889  0.08706889  0.20358608  0.20358608  0.21104467  0.23290583  0.25838946  0.26675182  0.26675182  0.26675182  0.26379473  
8_0_0      0.01020810  0.00000000  0.10071420  0.10697580  0.09305500  0.08706889  0.10477915  0.11147167  0.09911622  0.09911622  0.09911622  0.21862023  0.21862023  0.22631647  0.24078832  0.26675182  0.25838946  0.25838946  0.25838946  0.25557939  
3_0_0      0.08842934  0.10071420  0.00000000  0.00507709  0.10525444  0.09911622  0.11721141  0.09911622  0.08706889  0.08706889  0.08706889  0.22631647  0.22631647  0.20358608  0.24078832  0.24208685  0.23413731  0.23413731  0.23413731  0.23955630  
2_0_0      0.09453272  0.10697580  0.00507709  0.00000000  0.11147167  0.10525444  0.12354961  0.10525444  0.09305500  0.09305500  0.09305500  0.23413731  0.23413731  0.21104467  0.23290583  0.23413731  0.22631647  0.22631647  0.22631647  0.24750142  
19_0_0     0.08115605  0.09305500  0.10525444  0.11147167  0.00000000  0.00507709  0.05263099  0.07564633  0.06410046  0.06410046  0.06410046  0.17567484  0.17567484  0.18275280  0.22631647  0.18993601  0.21214962  0.21214962  0.21214962  0.21751651  
17_0_0     0.07531470  0.08706889  0.09911622  0.10525444  0.00507709  0.00000000  0.04712267  0.06983890  0.05842939  0.05842939  0.05842939  0.16869907  0.16869907  0.17567484  0.21862023  0.18275280  0.20463102  0.20463102  0.20463102  0.21000187  
14_0_0     0.09265881  0.10477915  0.11721141  0.12354961  0.05263099  0.04712267  0.00000000  0.06440695  0.05306216  0.05306216  0.05306216  0.18900571  0.18900571  0.19624089  0.21978708  0.17655468  0.19827447  0.19827447  0.19827447  0.20358608  
20_0_0     0.09911622  0.11147167  0.09911622  0.10525444  0.07564633  0.06983890  0.06440695  0.00000000  0.02063658  0.02063658  0.02063658  0.16869907  0.16869907  0.16182261  0.19827447  0.19197398  0.19938120  0.19938120  0.19938120  0.20463102  
6_0_0      0.08706889  0.09911622  0.08706889  0.09305500  0.06410046  0.05842939  0.05306216  0.02063658  0.00000000  0.00000000  0.00000000  0.17567484  0.17567484  0.16869907  0.21331653  0.19197398  0.19938120  0.19938120  0.19938120  0.20463102  
1_0_0      0.08706889  0.09911622  0.08706889  0.09305500  0.06410046  0.05842939  0.05306216  0.02063658  0.00000000  0.00000000  0.00000000  0.17567484  0.17567484  0.16869907  0.21331653  0.19197398  0.19938120  0.19938120  0.19938120  0.20463102  
15_0_0     0.08706889  0.09911622  0.08706889  0.09305500  0.06410046  0.05842939  0.05306216  0.02063658  0.00000000  0.00000000  0.00000000  0.17567484  0.17567484  0.16869907  0.21331653  0.19197398  0.19938120  0.19938120  0.19938120  0.20463102  
9_0_0      0.20358608  0.21862023  0.22631647  0.23413731  0.17567484  0.16869907  0.18900571  0.16869907  0.17567484  0.17567484  0.17567484  0.00000000  0.00000000  0.01539420  0.20902139  0.20260232  0.21000187  0.21000187  0.21000187  0.22514990  
13_0_0     0.20358608  0.21862023  0.22631647  0.23413731  0.17567484  0.16869907  0.18900571  0.16869907  0.17567484  0.17567484  0.17567484  0.00000000  0.00000000  0.01539420  0.20902139  0.20260232  0.21000187  0.21000187  0.21000187  0.22514990  
7_0_0      0.21104467  0.22631647  0.20358608  0.21104467  0.18275280  0.17567484  0.19624089  0.16182261  0.16869907  0.16869907  0.16869907  0.01539420  0.01539420  0.00000000  0.19444845  0.19531441  0.20260232  0.20260232  0.20260232  0.21751651  
16_0_0     0.23290583  0.24078832  0.24078832  0.23290583  0.22631647  0.21862023  0.21978708  0.19827447  0.21331653  0.21331653  0.21331653  0.20902139  0.20902139  0.19444845  0.00000000  0.09399227  0.10013313  0.10013313  0.10013313  0.13061833  
11_0_0     0.25838946  0.26675182  0.24208685  0.23413731  0.18993601  0.18275280  0.17655468  0.19197398  0.19197398  0.19197398  0.19197398  0.20260232  0.20260232  0.19531441  0.09399227  0.00000000  0.01539420  0.01539420  0.01539420  0.04728313  
10_0_0     0.26675182  0.25838946  0.23413731  0.22631647  0.21214962  0.20463102  0.19827447  0.19938120  0.19938120  0.19938120  0.19938120  0.21000187  0.21000187  0.20260232  0.10013313  0.01539420  0.00000000  0.00000000  0.00000000  0.03103158  
4_0_0      0.26675182  0.25838946  0.23413731  0.22631647  0.21214962  0.20463102  0.19827447  0.19938120  0.19938120  0.19938120  0.19938120  0.21000187  0.21000187  0.20260232  0.10013313  0.01539420  0.00000000  0.00000000  0.00000000  0.03103158  
12_0_0     0.26675182  0.25838946  0.23413731  0.22631647  0.21214962  0.20463102  0.19827447  0.19938120  0.19938120  0.19938120  0.19938120  0.21000187  0.21000187  0.20260232  0.10013313  0.01539420  0.00000000  0.00000000  0.00000000  0.03103158  
5_0_0      0.26379473  0.25557939  0.23955630  0.24750142  0.21751651  0.21000187  0.20358608  0.20463102  0.20463102  0.20463102  0.20463102  0.22514990  0.22514990  0.21751651  0.13061833  0.04728313  0.03103158  0.03103158  0.03103158  0.00000000  

