41
97_7_0     0.00000000  0.08158180  0.16818896  0.16818896  0.16818896  0.16310143  0.16310143  0.15804872  0.32075967  0.32075967  0.31450915  0.32075967  0.31450915  0.31450915  0.33983516  0.30831111  0.37276556  0.40021011  0.39325274  0.39325274  0.35283159  0.33342174  0.35283159  0.32706356  0.35283159  0.35941662  0.33983516  0.33342174  0.32075967  0.32075967  0.33983516  0.33342174  0.38636032  0.35283159  0.34630478  0.35283159  0.37953165  0.37953165  0.37276556  0.36606092  0.35941662  
92_7_0     0.08158180  0.00000000  0.15303036  0.15303036  0.15303036  0.14804588  0.15303036  0.14309482  0.33983516  0.33983516  0.33342174  0.33983516  0.33342174  0.33342174  0.33342174  0.32706356  0.35283159  0.40723368  0.40021011  0.38636032  0.30831111  0.30216467  0.30831111  0.29606898  0.40021011  0.39325274  0.38636032  0.36606092  0.36606092  0.36606092  0.38636032  0.37953165  0.39325274  0.38636032  0.35941662  0.35941662  0.35941662  0.35941662  0.35283159  0.36606092  0.37276556  
98_7_0     0.16818896  0.15303036  0.00000000  0.00000000  0.02480224  0.02061023  0.02480224  0.02480224  0.29002321  0.29002321  0.28402655  0.29002321  0.28402655  0.28402655  0.28402655  0.28402655  0.33342174  0.35941662  0.35283159  0.33983516  0.28402655  0.27217740  0.27807820  0.26632338  0.31450915  0.33342174  0.33983516  0.32075967  0.32075967  0.32075967  0.32706356  0.32075967  0.39325274  0.40021011  0.40021011  0.40021011  0.42148451  0.42148451  0.41432471  0.40723368  0.38636032  
82_7_0     0.16818896  0.15303036  0.00000000  0.00000000  0.02480224  0.02061023  0.02480224  0.02480224  0.29002321  0.29002321  0.28402655  0.29002321  0.28402655  0.28402655  0.28402655  0.28402655  0.33342174  0.35941662  0.35283159  0.33983516  0.28402655  0.27217740  0.27807820  0.26632338  0.31450915  0.33342174  0.33983516  0.32075967  0.32075967  0.32075967  0.32706356  0.32075967  0.39325274  0.40021011  0.40021011  0.40021011  0.42148451  0.42148451  0.41432471  0.40723368  0.38636032  
88_7_0     0.16818896  0.15303036  0.02480224  0.02480224  0.00000000  0.01229697  0.01644190  0.01644190  0.27807820  0.27807820  0.27217740  0.27807820  0.27217740  0.27217740  0.28402655  0.26632338  0.31450915  0.33983516  0.33342174  0.32075967  0.27217740  0.26632338  0.27217740  0.26051542  0.32075967  0.33983516  0.33342174  0.32706356  0.32706356  0.32706356  0.33342174  0.32706356  0.38636032  0.39325274  0.41432471  0.41432471  0.41432471  0.41432471  0.40723368  0.40021011  0.39325274  
87_7_0     0.16310143  0.14804588  0.02061023  0.02061023  0.01229697  0.00000000  0.01229697  0.01229697  0.28402655  0.28402655  0.27807820  0.28402655  0.27807820  0.27807820  0.29002321  0.27217740  0.30831111  0.33342174  0.32706356  0.31450915  0.27807820  0.27217740  0.27807820  0.26632338  0.32706356  0.34630478  0.33983516  0.33342174  0.33342174  0.33342174  0.33983516  0.33342174  0.37953165  0.38636032  0.40723368  0.40723368  0.40723368  0.40723368  0.40021011  0.39325274  0.38636032  
100_7_0    0.16310143  0.15303036  0.02480224  0.02480224  0.01644190  0.01229697  0.00000000  0.01644190  0.28402655  0.28402655  0.27807820  0.28402655  0.27807820  0.27807820  0.29002321  0.27217740  0.30831111  0.33342174  0.32706356  0.32706356  0.28402655  0.27807820  0.28402655  0.27217740  0.32706356  0.34630478  0.33983516  0.33342174  0.33342174  0.33342174  0.33983516  0.33342174  0.37953165  0.40021011  0.42148451  0.42148451  0.42871442  0.42871442  0.42148451  0.40021011  0.39325274  
84_7_0     0.15804872  0.14309482  0.02480224  0.02480224  0.01644190  0.01229697  0.01644190  0.00000000  0.27807820  0.27807820  0.27217740  0.27807820  0.27217740  0.27217740  0.28402655  0.26632338  0.31450915  0.32706356  0.32075967  0.32075967  0.27217740  0.26632338  0.27217740  0.26051542  0.33342174  0.35283159  0.34630478  0.33983516  0.33983516  0.33983516  0.34630478  0.33983516  0.37276556  0.37953165  0.40021011  0.40021011  0.40021011  0.40021011  0.39325274  0.38636032  0.39325274  
68_0_0     0.32075967  0.33983516  0.29002321  0.29002321  0.27807820  0.28402655  0.28402655  0.27807820  0.00000000  0.04181241  0.03752298  0.03325833  0.03752298  0.03752298  0.05483228  0.03752298  0.19416617  0.20481851  0.19947313  0.19416617  0.22659568  0.19947313  0.22659568  0.20481851  0.27217740  0.24903481  0.26632338  0.24336076  0.25475280  0.25475280  0.26051542  0.25475280  0.32075967  0.30216467  0.33342174  0.33983516  0.36606092  0.36606092  0.35941662  0.35283159  0.33342174  
60_0_0     0.32075967  0.33983516  0.29002321  0.29002321  0.27807820  0.28402655  0.28402655  0.27807820  0.04181241  0.00000000  0.00407627  0.00817518  0.01229697  0.01229697  0.05483228  0.02901818  0.16310143  0.19416617  0.18889709  0.17331179  0.21562680  0.18889709  0.21562680  0.19416617  0.26051542  0.23773000  0.25475280  0.23214185  0.24336076  0.24336076  0.24903481  0.24336076  0.30831111  0.29002321  0.30831111  0.31450915  0.37276556  0.37276556  0.36606092  0.31450915  0.30831111  
69_0_0     0.31450915  0.33342174  0.28402655  0.28402655  0.27217740  0.27807820  0.27807820  0.27217740  0.03752298  0.00407627  0.00000000  0.00407627  0.00817518  0.00817518  0.05046676  0.02480224  0.16818896  0.19947313  0.19416617  0.17847042  0.22109087  0.19416617  0.22109087  0.19947313  0.25475280  0.23214185  0.24903481  0.22659568  0.23773000  0.23773000  0.24336076  0.23773000  0.30216467  0.28402655  0.31450915  0.32075967  0.36606092  0.36606092  0.35941662  0.32075967  0.31450915  
18_0_0     0.32075967  0.33983516  0.29002321  0.29002321  0.27807820  0.28402655  0.28402655  0.27807820  0.03325833  0.00817518  0.00407627  0.00000000  0.00407627  0.00407627  0.04612690  0.02061023  0.17331179  0.19416617  0.18889709  0.17331179  0.21562680  0.18889709  0.21562680  0.19416617  0.24903481  0.22659568  0.24336076  0.22109087  0.23214185  0.23214185  0.23773000  0.23214185  0.29606898  0.27807820  0.30831111  0.31450915  0.35941662  0.35941662  0.35283159  0.31450915  0.30831111  
72_0_0     0.31450915  0.33342174  0.28402655  0.28402655  0.27217740  0.27807820  0.27807820  0.27217740  0.03752298  0.01229697  0.00817518  0.00407627  0.00000000  0.00000000  0.05046676  0.02480224  0.16818896  0.19947313  0.19416617  0.17847042  0.22109087  0.19416617  0.22109087  0.19947313  0.24336076  0.22109087  0.23773000  0.21562680  0.22659568  0.22659568  0.23214185  0.22659568  0.29002321  0.27217740  0.30216467  0.30831111  0.35283159  0.35283159  0.34630478  0.32075967  0.30216467  
49_0_0     0.31450915  0.33342174  0.28402655  0.28402655  0.27217740  0.27807820  0.27807820  0.27217740  0.03752298  0.01229697  0.00817518  0.00407627  0.00000000  0.00000000  0.05046676  0.02480224  0.16818896  0.19947313  0.19416617  0.17847042  0.22109087  0.19416617  0.22109087  0.19947313  0.24336076  0.22109087  0.23773000  0.21562680  0.22659568  0.22659568  0.23214185  0.22659568  0.29002321  0.27217740  0.30216467  0.30831111  0.35283159  0.35283159  0.34630478  0.32075967  0.30216467  
21_0_0     0.33983516  0.33342174  0.28402655  0.28402655  0.28402655  0.29002321  0.29002321  0.28402655  0.05483228  0.05483228  0.05046676  0.04612690  0.05046676  0.05046676  0.00000000  0.04181241  0.18889709  0.21020287  0.20481851  0.18889709  0.21562680  0.18366535  0.18889709  0.17847042  0.27807820  0.25475280  0.27217740  0.24903481  0.26051542  0.26051542  0.26051542  0.25475280  0.30216467  0.30831111  0.29002321  0.32075967  0.33983516  0.33983516  0.33342174  0.31450915  0.32075967  
26_0_0     0.30831111  0.32706356  0.28402655  0.28402655  0.26632338  0.27217740  0.27217740  0.26632338  0.03752298  0.02901818  0.02480224  0.02061023  0.02480224  0.02480224  0.04181241  0.00000000  0.15804872  0.17847042  0.17331179  0.15804872  0.19947313  0.17331179  0.19947313  0.17847042  0.24336076  0.22109087  0.23773000  0.21562680  0.22659568  0.22659568  0.23214185  0.22659568  0.29002321  0.27217740  0.31450915  0.32075967  0.33983516  0.33983516  0.33342174  0.30831111  0.30216467  
2_0_0      0.37276556  0.35283159  0.33342174  0.33342174  0.31450915  0.30831111  0.30831111  0.31450915  0.19416617  0.16310143  0.16818896  0.17331179  0.16818896  0.16818896  0.18889709  0.15804872  0.00000000  0.07705570  0.07255718  0.05922377  0.19416617  0.16818896  0.19416617  0.18366535  0.29002321  0.28402655  0.29002321  0.26051542  0.26051542  0.26051542  0.27807820  0.27217740  0.29606898  0.30216467  0.33983516  0.33983516  0.33983516  0.33983516  0.33983516  0.31450915  0.30831111  
45_3_0     0.40021011  0.40723368  0.35941662  0.35941662  0.33983516  0.33342174  0.33342174  0.32706356  0.20481851  0.19416617  0.19947313  0.19416617  0.19947313  0.19947313  0.21020287  0.17847042  0.07705570  0.00000000  0.00407627  0.05483228  0.21020287  0.20481851  0.21562680  0.22109087  0.32075967  0.32706356  0.32075967  0.30216467  0.31450915  0.31450915  0.32075967  0.31450915  0.31450915  0.32075967  0.33983516  0.33983516  0.35283159  0.35283159  0.35283159  0.33983516  0.32075967  
45_0_0     0.39325274  0.40021011  0.35283159  0.35283159  0.33342174  0.32706356  0.32706356  0.32075967  0.19947313  0.18889709  0.19416617  0.18889709  0.19416617  0.19416617  0.20481851  0.17331179  0.07255718  0.00407627  0.00000000  0.05046676  0.20481851  0.19947313  0.21020287  0.21562680  0.31450915  0.32075967  0.31450915  0.29606898  0.30831111  0.30831111  0.31450915  0.30831111  0.30831111  0.31450915  0.33342174  0.33342174  0.34630478  0.34630478  0.34630478  0.33342174  0.31450915  
24_0_0     0.39325274  0.38636032  0.33983516  0.33983516  0.32075967  0.31450915  0.32706356  0.32075967  0.19416617  0.17331179  0.17847042  0.17331179  0.17847042  0.17847042  0.18889709  0.15804872  0.05922377  0.05483228  0.05046676  0.00000000  0.18366535  0.16818896  0.19416617  0.18366535  0.29606898  0.31450915  0.32075967  0.29002321  0.30216467  0.30216467  0.29606898  0.29002321  0.33342174  0.31450915  0.35283159  0.35283159  0.33983516  0.33983516  0.33983516  0.32706356  0.33342174  
2_1_0      0.35283159  0.30831111  0.28402655  0.28402655  0.27217740  0.27807820  0.28402655  0.27217740  0.22659568  0.21562680  0.22109087  0.21562680  0.22109087  0.22109087  0.21562680  0.19947313  0.19416617  0.21020287  0.20481851  0.18366535  0.00000000  0.04612690  0.05483228  0.05483228  0.26051542  0.28402655  0.27217740  0.26632338  0.27807820  0.27807820  0.27217740  0.26632338  0.32075967  0.30831111  0.32075967  0.33342174  0.29002321  0.29002321  0.29002321  0.31450915  0.32075967  
45_1_0     0.33342174  0.30216467  0.27217740  0.27217740  0.26632338  0.27217740  0.27807820  0.26632338  0.19947313  0.18889709  0.19416617  0.18889709  0.19416617  0.19416617  0.18366535  0.17331179  0.16818896  0.20481851  0.19947313  0.16818896  0.04612690  0.00000000  0.03325833  0.02480224  0.26051542  0.27217740  0.27217740  0.25475280  0.25475280  0.25475280  0.26051542  0.25475280  0.28402655  0.27217740  0.27807820  0.29002321  0.26051542  0.26051542  0.26051542  0.27217740  0.27807820  
24_1_0     0.35283159  0.30831111  0.27807820  0.27807820  0.27217740  0.27807820  0.28402655  0.27217740  0.22659568  0.21562680  0.22109087  0.21562680  0.22109087  0.22109087  0.18889709  0.19947313  0.19416617  0.21562680  0.21020287  0.19416617  0.05483228  0.03325833  0.00000000  0.01644190  0.27807820  0.29002321  0.28402655  0.27807820  0.27807820  0.27807820  0.28402655  0.27807820  0.29606898  0.28402655  0.29002321  0.30216467  0.27217740  0.27217740  0.27217740  0.28402655  0.30216467  
24_4_0     0.32706356  0.29606898  0.26632338  0.26632338  0.26051542  0.26632338  0.27217740  0.26051542  0.20481851  0.19416617  0.19947313  0.19416617  0.19947313  0.19947313  0.17847042  0.17847042  0.18366535  0.22109087  0.21562680  0.18366535  0.05483228  0.02480224  0.01644190  0.00000000  0.27807820  0.27807820  0.27807820  0.26051542  0.26051542  0.26051542  0.26632338  0.26051542  0.29002321  0.26632338  0.27217740  0.28402655  0.27217740  0.27217740  0.26632338  0.26632338  0.28402655  
26_1_0     0.35283159  0.40021011  0.31450915  0.31450915  0.32075967  0.32706356  0.32706356  0.33342174  0.27217740  0.26051542  0.25475280  0.24903481  0.24336076  0.24336076  0.27807820  0.24336076  0.29002321  0.32075967  0.31450915  0.29606898  0.26051542  0.26051542  0.27807820  0.27807820  0.00000000  0.05046676  0.05922377  0.03752298  0.03752298  0.03752298  0.04181241  0.03752298  0.35283159  0.33342174  0.41432471  0.39325274  0.40021011  0.40021011  0.40021011  0.40021011  0.36606092  
21_1_0     0.35941662  0.39325274  0.33342174  0.33342174  0.33983516  0.34630478  0.34630478  0.35283159  0.24903481  0.23773000  0.23214185  0.22659568  0.22109087  0.22109087  0.25475280  0.22109087  0.28402655  0.32706356  0.32075967  0.31450915  0.28402655  0.27217740  0.29002321  0.27807820  0.05046676  0.00000000  0.05922377  0.03752298  0.03752298  0.03752298  0.05046676  0.04612690  0.35283159  0.33342174  0.40021011  0.40021011  0.40723368  0.40723368  0.40021011  0.40021011  0.36606092  
68_1_0     0.33983516  0.38636032  0.33983516  0.33983516  0.33342174  0.33983516  0.33983516  0.34630478  0.26632338  0.25475280  0.24903481  0.24336076  0.23773000  0.23773000  0.27217740  0.23773000  0.29002321  0.32075967  0.31450915  0.32075967  0.27217740  0.27217740  0.28402655  0.27807820  0.05922377  0.05922377  0.00000000  0.03752298  0.03752298  0.03752298  0.05046676  0.04612690  0.37953165  0.34630478  0.40021011  0.40021011  0.40723368  0.40723368  0.40021011  0.40021011  0.36606092  
18_1_0     0.33342174  0.36606092  0.32075967  0.32075967  0.32706356  0.33342174  0.33342174  0.33983516  0.24336076  0.23214185  0.22659568  0.22109087  0.21562680  0.21562680  0.24903481  0.21562680  0.26051542  0.30216467  0.29606898  0.29002321  0.26632338  0.25475280  0.27807820  0.26051542  0.03752298  0.03752298  0.03752298  0.00000000  0.00817518  0.00817518  0.02061023  0.01644190  0.35283159  0.33342174  0.36606092  0.36606092  0.37276556  0.37276556  0.36606092  0.36606092  0.33342174  
49_1_0     0.32075967  0.36606092  0.32075967  0.32075967  0.32706356  0.33342174  0.33342174  0.33983516  0.25475280  0.24336076  0.23773000  0.23214185  0.22659568  0.22659568  0.26051542  0.22659568  0.26051542  0.31450915  0.30831111  0.30216467  0.27807820  0.25475280  0.27807820  0.26051542  0.03752298  0.03752298  0.03752298  0.00817518  0.00000000  0.00000000  0.02061023  0.01644190  0.35283159  0.32075967  0.36606092  0.36606092  0.37276556  0.37276556  0.36606092  0.36606092  0.33342174  
72_1_0     0.32075967  0.36606092  0.32075967  0.32075967  0.32706356  0.33342174  0.33342174  0.33983516  0.25475280  0.24336076  0.23773000  0.23214185  0.22659568  0.22659568  0.26051542  0.22659568  0.26051542  0.31450915  0.30831111  0.30216467  0.27807820  0.25475280  0.27807820  0.26051542  0.03752298  0.03752298  0.03752298  0.00817518  0.00000000  0.00000000  0.02061023  0.01644190  0.35283159  0.32075967  0.36606092  0.36606092  0.37276556  0.37276556  0.36606092  0.36606092  0.33342174  
60_1_0     0.33983516  0.38636032  0.32706356  0.32706356  0.33342174  0.33983516  0.33983516  0.34630478  0.26051542  0.24903481  0.24336076  0.23773000  0.23214185  0.23214185  0.26051542  0.23214185  0.27807820  0.32075967  0.31450915  0.29606898  0.27217740  0.26051542  0.28402655  0.26632338  0.04181241  0.05046676  0.05046676  0.02061023  0.02061023  0.02061023  0.00000000  0.00407627  0.38636032  0.35283159  0.38636032  0.39325274  0.40723368  0.40723368  0.40021011  0.38636032  0.35283159  
69_1_0     0.33342174  0.37953165  0.32075967  0.32075967  0.32706356  0.33342174  0.33342174  0.33983516  0.25475280  0.24336076  0.23773000  0.23214185  0.22659568  0.22659568  0.25475280  0.22659568  0.27217740  0.31450915  0.30831111  0.29002321  0.26632338  0.25475280  0.27807820  0.26051542  0.03752298  0.04612690  0.04612690  0.01644190  0.01644190  0.01644190  0.00407627  0.00000000  0.37953165  0.34630478  0.37953165  0.38636032  0.40021011  0.40021011  0.39325274  0.39325274  0.35941662  
41_6_0     0.38636032  0.39325274  0.39325274  0.39325274  0.38636032  0.37953165  0.37953165  0.37276556  0.32075967  0.30831111  0.30216467  0.29606898  0.29002321  0.29002321  0.30216467  0.29002321  0.29606898  0.31450915  0.30831111  0.33342174  0.32075967  0.28402655  0.29606898  0.29002321  0.35283159  0.35283159  0.37953165  0.35283159  0.35283159  0.35283159  0.38636032  0.37953165  0.00000000  0.05483228  0.12843782  0.11406615  0.16310143  0.16310143  0.16310143  0.11882569  0.10463814  
38_6_0     0.35283159  0.38636032  0.40021011  0.40021011  0.39325274  0.38636032  0.40021011  0.37953165  0.30216467  0.29002321  0.28402655  0.27807820  0.27217740  0.27217740  0.30831111  0.27217740  0.30216467  0.32075967  0.31450915  0.31450915  0.30831111  0.27217740  0.28402655  0.26632338  0.33342174  0.33342174  0.34630478  0.33342174  0.32075967  0.32075967  0.35283159  0.34630478  0.05483228  0.00000000  0.10463814  0.09071812  0.14309482  0.14309482  0.13817675  0.10933709  0.09532902  
12_6_0     0.34630478  0.35941662  0.40021011  0.40021011  0.41432471  0.40723368  0.42148451  0.40021011  0.33342174  0.30831111  0.31450915  0.30831111  0.30216467  0.30216467  0.29002321  0.31450915  0.33983516  0.33983516  0.33342174  0.35283159  0.32075967  0.27807820  0.29002321  0.27217740  0.41432471  0.40021011  0.40021011  0.36606092  0.36606092  0.36606092  0.38636032  0.37953165  0.12843782  0.10463814  0.00000000  0.02901818  0.17847042  0.17847042  0.17331179  0.13329123  0.11882569  
37_6_0     0.35283159  0.35941662  0.40021011  0.40021011  0.41432471  0.40723368  0.42148451  0.40021011  0.33983516  0.31450915  0.32075967  0.31450915  0.30831111  0.30831111  0.32075967  0.32075967  0.33983516  0.33983516  0.33342174  0.35283159  0.33342174  0.29002321  0.30216467  0.28402655  0.39325274  0.40021011  0.40021011  0.36606092  0.36606092  0.36606092  0.39325274  0.38636032  0.11406615  0.09071812  0.02901818  0.00000000  0.17331179  0.17331179  0.16818896  0.11882569  0.10463814  
51_0_0     0.37953165  0.35941662  0.42148451  0.42148451  0.41432471  0.40723368  0.42871442  0.40021011  0.36606092  0.37276556  0.36606092  0.35941662  0.35283159  0.35283159  0.33983516  0.33983516  0.33983516  0.35283159  0.34630478  0.33983516  0.29002321  0.26051542  0.27217740  0.27217740  0.40021011  0.40723368  0.40723368  0.37276556  0.37276556  0.37276556  0.40723368  0.40021011  0.16310143  0.14309482  0.17847042  0.17331179  0.00000000  0.00000000  0.00407627  0.11882569  0.11406615  
30_0_0     0.37953165  0.35941662  0.42148451  0.42148451  0.41432471  0.40723368  0.42871442  0.40021011  0.36606092  0.37276556  0.36606092  0.35941662  0.35283159  0.35283159  0.33983516  0.33983516  0.33983516  0.35283159  0.34630478  0.33983516  0.29002321  0.26051542  0.27217740  0.27217740  0.40021011  0.40723368  0.40723368  0.37276556  0.37276556  0.37276556  0.40723368  0.40021011  0.16310143  0.14309482  0.17847042  0.17331179  0.00000000  0.00000000  0.00407627  0.11882569  0.11406615  
10_0_0     0.37276556  0.35283159  0.41432471  0.41432471  0.40723368  0.40021011  0.42148451  0.39325274  0.35941662  0.36606092  0.35941662  0.35283159  0.34630478  0.34630478  0.33342174  0.33342174  0.33983516  0.35283159  0.34630478  0.33983516  0.29002321  0.26051542  0.27217740  0.26632338  0.40021011  0.40021011  0.40021011  0.36606092  0.36606092  0.36606092  0.40021011  0.39325274  0.16310143  0.13817675  0.17331179  0.16818896  0.00407627  0.00407627  0.00000000  0.11406615  0.10933709  
61_0_0     0.36606092  0.36606092  0.40723368  0.40723368  0.40021011  0.39325274  0.40021011  0.38636032  0.35283159  0.31450915  0.32075967  0.31450915  0.32075967  0.32075967  0.31450915  0.30831111  0.31450915  0.33983516  0.33342174  0.32706356  0.31450915  0.27217740  0.28402655  0.26632338  0.40021011  0.40021011  0.40021011  0.36606092  0.36606092  0.36606092  0.38636032  0.39325274  0.11882569  0.10933709  0.13329123  0.11882569  0.11882569  0.11882569  0.11406615  0.00000000  0.03752298  
46_0_0     0.35941662  0.37276556  0.38636032  0.38636032  0.39325274  0.38636032  0.39325274  0.39325274  0.33342174  0.30831111  0.31450915  0.30831111  0.30216467  0.30216467  0.32075967  0.30216467  0.30831111  0.32075967  0.31450915  0.33342174  0.32075967  0.27807820  0.30216467  0.28402655  0.36606092  0.36606092  0.36606092  0.33342174  0.33342174  0.33342174  0.35283159  0.35941662  0.10463814  0.09532902  0.11882569  0.10463814  0.11406615  0.11406615  0.10933709  0.03752298  0.00000000  

