20
3_0_0      0.00000000  0.20529720  0.18410243  0.54462511  0.53338916  0.53338916  0.56762060  0.68094924  0.64121877  0.61586635  0.53338916  0.73746523  0.60350769  0.60350769  0.68094924  0.68094924  0.54462511  0.57939119  0.59135148  0.53338916  
2_0_0      0.20529720  0.00000000  0.01648612  0.53338916  0.47962779  0.50066733  0.52232080  0.62843430  0.54462511  0.59135148  0.55603379  0.64121877  0.56762060  0.56762060  0.61586635  0.59135148  0.53338916  0.55603379  0.54462511  0.51141509  
1_0_0      0.18410243  0.01648612  0.00000000  0.54462511  0.49007300  0.51141509  0.55603379  0.66746803  0.57939119  0.60350769  0.59135148  0.65422735  0.57939119  0.57939119  0.65422735  0.62843430  0.50066733  0.54462511  0.53338916  0.47962779  
15_0_0     0.54462511  0.53338916  0.54462511  0.00000000  0.11752984  0.11752984  0.22711513  0.27277502  0.24959397  0.21249881  0.17716992  0.55603379  0.55603379  0.60350769  0.57939119  0.59135148  0.56762060  0.56762060  0.55603379  0.51141509  
8_0_0      0.53338916  0.47962779  0.49007300  0.11752984  0.00000000  0.01094995  0.17030157  0.23453268  0.19816481  0.15675269  0.15675269  0.51141509  0.55603379  0.53338916  0.55603379  0.54462511  0.53338916  0.54462511  0.53338916  0.49007300  
20_0_0     0.53338916  0.50066733  0.51141509  0.11752984  0.01094995  0.00000000  0.18410243  0.24959397  0.21249881  0.17030157  0.15675269  0.51141509  0.57939119  0.55603379  0.57939119  0.56762060  0.54462511  0.55603379  0.54462511  0.50066733  
18_0_0     0.56762060  0.52232080  0.55603379  0.22711513  0.17030157  0.18410243  0.00000000  0.15006989  0.13688217  0.07424529  0.11752984  0.55603379  0.56762060  0.56762060  0.55603379  0.54462511  0.54462511  0.55603379  0.54462511  0.50066733  
7_0_0      0.68094924  0.62843430  0.66746803  0.27277502  0.23453268  0.24959397  0.15006989  0.00000000  0.20529720  0.16349621  0.22711513  0.60350769  0.55603379  0.57939119  0.61586635  0.59135148  0.66746803  0.69467988  0.68094924  0.65422735  
16_0_0     0.64121877  0.54462511  0.57939119  0.24959397  0.19816481  0.21249881  0.13688217  0.20529720  0.00000000  0.10490308  0.15675269  0.57939119  0.59135148  0.56762060  0.59135148  0.57939119  0.61586635  0.57939119  0.56762060  0.54462511  
9_0_0      0.61586635  0.59135148  0.60350769  0.21249881  0.15675269  0.17030157  0.07424529  0.16349621  0.10490308  0.00000000  0.11752984  0.55603379  0.57939119  0.53338916  0.53338916  0.52232080  0.59135148  0.60350769  0.59135148  0.52232080  
19_0_0     0.53338916  0.55603379  0.59135148  0.17716992  0.15675269  0.15675269  0.11752984  0.22711513  0.15675269  0.11752984  0.00000000  0.60350769  0.64121877  0.61586635  0.60350769  0.56762060  0.57939119  0.61586635  0.62843430  0.57939119  
5_0_0      0.73746523  0.64121877  0.65422735  0.55603379  0.51141509  0.51141509  0.55603379  0.60350769  0.57939119  0.55603379  0.60350769  0.00000000  0.12392471  0.09248758  0.09866937  0.11118961  0.52232080  0.49007300  0.47962779  0.53338916  
6_0_0      0.60350769  0.56762060  0.57939119  0.55603379  0.55603379  0.57939119  0.56762060  0.55603379  0.59135148  0.57939119  0.64121877  0.12392471  0.00000000  0.05059950  0.09248758  0.09248758  0.59135148  0.53338916  0.52232080  0.54462511  
11_0_0     0.60350769  0.56762060  0.57939119  0.60350769  0.53338916  0.55603379  0.56762060  0.57939119  0.56762060  0.53338916  0.61586635  0.09248758  0.05059950  0.00000000  0.05059950  0.06232822  0.57939119  0.52232080  0.51141509  0.55603379  
14_0_0     0.68094924  0.61586635  0.65422735  0.57939119  0.55603379  0.57939119  0.55603379  0.61586635  0.59135148  0.53338916  0.60350769  0.09866937  0.09248758  0.05059950  0.00000000  0.02206389  0.56762060  0.51141509  0.50066733  0.55603379  
17_0_0     0.68094924  0.59135148  0.62843430  0.59135148  0.54462511  0.56762060  0.54462511  0.59135148  0.57939119  0.52232080  0.56762060  0.11118961  0.09248758  0.06232822  0.02206389  0.00000000  0.61586635  0.55603379  0.54462511  0.57939119  
4_0_0      0.54462511  0.53338916  0.50066733  0.56762060  0.53338916  0.54462511  0.54462511  0.66746803  0.61586635  0.59135148  0.57939119  0.52232080  0.59135148  0.57939119  0.56762060  0.61586635  0.00000000  0.09866937  0.10490308  0.09866937  
12_0_0     0.57939119  0.55603379  0.54462511  0.56762060  0.54462511  0.55603379  0.55603379  0.69467988  0.57939119  0.60350769  0.61586635  0.49007300  0.53338916  0.52232080  0.51141509  0.55603379  0.09866937  0.00000000  0.00545478  0.06826284  
10_0_0     0.59135148  0.54462511  0.53338916  0.55603379  0.53338916  0.54462511  0.54462511  0.68094924  0.56762060  0.59135148  0.62843430  0.47962779  0.52232080  0.51141509  0.50066733  0.54462511  0.10490308  0.00545478  0.00000000  0.07424529  
13_0_0     0.53338916  0.51141509  0.47962779  0.51141509  0.49007300  0.50066733  0.50066733  0.65422735  0.54462511  0.52232080  0.57939119  0.53338916  0.54462511  0.55603379  0.55603379  0.57939119  0.09866937  0.06826284  0.07424529  0.00000000  

