24
9_0_0      0.00000000  0.06750800  0.06750800  0.06164071  0.07938422  0.05004406  0.06750800  0.05004406  0.04431328  0.06164071  0.07342225  0.05581964  0.22442513  0.22442513  0.23174555  0.21717652  0.22442513  0.24660761  0.26177474  0.25415226  0.25415226  0.26177474  0.26177474  0.24660761  
7_4_0      0.06750800  0.00000000  0.00539600  0.00539600  0.01630766  0.01630766  0.03298335  0.01630766  0.02182452  0.00539600  0.05581964  0.03298335  0.18196316  0.18196316  0.18887286  0.18887286  0.19584779  0.26177474  0.27725970  0.26947666  0.26947666  0.26177474  0.24660761  0.24660761  
10_4_0     0.06750800  0.00539600  0.00000000  0.01083169  0.01083169  0.02182452  0.03862660  0.02182452  0.02738287  0.01083169  0.05581964  0.03298335  0.18887286  0.18887286  0.19584779  0.19584779  0.20288919  0.25415226  0.27725970  0.26177474  0.26947666  0.25415226  0.24660761  0.24660761  
5_4_0      0.06164071  0.00539600  0.01083169  0.00000000  0.02182452  0.02182452  0.03862660  0.02182452  0.02738287  0.01083169  0.05004406  0.03862660  0.18196316  0.18196316  0.18887286  0.18887286  0.19584779  0.26177474  0.27725970  0.26947666  0.26947666  0.26177474  0.24660761  0.24660761  
1_4_0      0.07938422  0.01630766  0.01083169  0.02182452  0.00000000  0.03298335  0.05004406  0.03298335  0.03862660  0.02182452  0.05581964  0.03298335  0.19584779  0.19584779  0.20288919  0.20288919  0.20999832  0.24660761  0.26947666  0.25415226  0.26177474  0.24660761  0.23913922  0.23913922  
7_5_0      0.05004406  0.01630766  0.02182452  0.02182452  0.03298335  0.00000000  0.01630766  0.00000000  0.00539600  0.01083169  0.05004406  0.03862660  0.19584779  0.19584779  0.20288919  0.20288919  0.20999832  0.26177474  0.27725970  0.26947666  0.26947666  0.26177474  0.24660761  0.24660761  
5_5_0      0.06750800  0.03298335  0.03862660  0.03862660  0.05004406  0.01630766  0.00000000  0.01630766  0.02182452  0.02738287  0.06750800  0.04431328  0.20288919  0.20288919  0.20999832  0.19584779  0.20288919  0.25415226  0.26947666  0.26177474  0.26177474  0.25415226  0.25415226  0.25415226  
10_5_0     0.05004406  0.01630766  0.02182452  0.02182452  0.03298335  0.00000000  0.01630766  0.00000000  0.00539600  0.01083169  0.05004406  0.03862660  0.19584779  0.19584779  0.20288919  0.20288919  0.20999832  0.26177474  0.27725970  0.26947666  0.26947666  0.26177474  0.24660761  0.24660761  
1_5_0      0.04431328  0.02182452  0.02738287  0.02738287  0.03862660  0.00539600  0.02182452  0.00539600  0.00000000  0.01630766  0.05581964  0.03298335  0.20288919  0.20288919  0.20999832  0.20999832  0.21717652  0.25415226  0.26947666  0.26177474  0.26177474  0.25415226  0.23913922  0.23913922  
4_4_0      0.06164071  0.00539600  0.01083169  0.01083169  0.02182452  0.01083169  0.02738287  0.01083169  0.01630766  0.00000000  0.05004406  0.02738287  0.18887286  0.18887286  0.19584779  0.19584779  0.20288919  0.26947666  0.28512560  0.27725970  0.27725970  0.26947666  0.25415226  0.25415226  
12_4_0     0.07342225  0.05581964  0.05581964  0.05004406  0.05581964  0.05004406  0.06750800  0.05004406  0.05581964  0.05004406  0.00000000  0.06164071  0.23174555  0.23174555  0.23913922  0.23913922  0.24660761  0.26947666  0.27725970  0.27725970  0.26947666  0.26947666  0.24660761  0.24660761  
9_2_0      0.05581964  0.03298335  0.03298335  0.03862660  0.03298335  0.03862660  0.04431328  0.03862660  0.03298335  0.02738287  0.06164071  0.00000000  0.21717652  0.21717652  0.22442513  0.20999832  0.21717652  0.24660761  0.27725970  0.26947666  0.26947666  0.26177474  0.26177474  0.26177474  
2_1_0      0.22442513  0.18196316  0.18887286  0.18196316  0.19584779  0.19584779  0.20288919  0.19584779  0.20288919  0.18887286  0.23174555  0.21717652  0.00000000  0.00539600  0.01630766  0.03862660  0.05004406  0.23913922  0.21717652  0.22442513  0.22442513  0.21717652  0.18196316  0.20288919  
14_1_0     0.22442513  0.18196316  0.18887286  0.18196316  0.19584779  0.19584779  0.20288919  0.19584779  0.20288919  0.18887286  0.23174555  0.21717652  0.00539600  0.00000000  0.02182452  0.04431328  0.05581964  0.24660761  0.22442513  0.23174555  0.23174555  0.22442513  0.18887286  0.20999832  
11_1_0     0.23174555  0.18887286  0.19584779  0.18887286  0.20288919  0.20288919  0.20999832  0.20288919  0.20999832  0.19584779  0.23913922  0.22442513  0.01630766  0.02182452  0.00000000  0.04431328  0.04431328  0.24660761  0.22442513  0.23174555  0.23174555  0.22442513  0.20288919  0.20999832  
3_1_0      0.21717652  0.18887286  0.19584779  0.18887286  0.20288919  0.20288919  0.19584779  0.20288919  0.20999832  0.19584779  0.23913922  0.20999832  0.03862660  0.04431328  0.04431328  0.00000000  0.01083169  0.22442513  0.19584779  0.20288919  0.20288919  0.20288919  0.20999832  0.20288919  
6_1_0      0.22442513  0.19584779  0.20288919  0.19584779  0.20999832  0.20999832  0.20288919  0.20999832  0.21717652  0.20288919  0.24660761  0.21717652  0.05004406  0.05581964  0.04431328  0.01083169  0.00000000  0.23913922  0.19584779  0.20288919  0.20288919  0.20288919  0.22442513  0.20288919  
8_1_0      0.24660761  0.26177474  0.25415226  0.26177474  0.24660761  0.26177474  0.25415226  0.26177474  0.25415226  0.26947666  0.26947666  0.24660761  0.23913922  0.24660761  0.24660761  0.22442513  0.23913922  0.00000000  0.07938422  0.06750800  0.07342225  0.05581964  0.07342225  0.07342225  
10_1_0     0.26177474  0.27725970  0.27725970  0.27725970  0.26947666  0.27725970  0.26947666  0.27725970  0.26947666  0.28512560  0.27725970  0.27725970  0.21717652  0.22442513  0.22442513  0.19584779  0.19584779  0.07938422  0.00000000  0.01083169  0.00539600  0.02182452  0.05004406  0.05004406  
5_1_0      0.25415226  0.26947666  0.26177474  0.26947666  0.25415226  0.26947666  0.26177474  0.26947666  0.26177474  0.27725970  0.27725970  0.26947666  0.22442513  0.23174555  0.23174555  0.20288919  0.20288919  0.06750800  0.01083169  0.00000000  0.00539600  0.01083169  0.05004406  0.05004406  
7_1_0      0.25415226  0.26947666  0.26947666  0.26947666  0.26177474  0.26947666  0.26177474  0.26947666  0.26177474  0.27725970  0.26947666  0.26947666  0.22442513  0.23174555  0.23174555  0.20288919  0.20288919  0.07342225  0.00539600  0.00539600  0.00000000  0.01630766  0.04431328  0.04431328  
1_1_0      0.26177474  0.26177474  0.25415226  0.26177474  0.24660761  0.26177474  0.25415226  0.26177474  0.25415226  0.26947666  0.26947666  0.26177474  0.21717652  0.22442513  0.22442513  0.20288919  0.20288919  0.05581964  0.02182452  0.01083169  0.01630766  0.00000000  0.03862660  0.03862660  
4_1_0      0.26177474  0.24660761  0.24660761  0.24660761  0.23913922  0.24660761  0.25415226  0.24660761  0.23913922  0.25415226  0.24660761  0.26177474  0.18196316  0.18887286  0.20288919  0.20999832  0.22442513  0.07342225  0.05004406  0.05004406  0.04431328  0.03862660  0.00000000  0.03298335  
12_1_0     0.24660761  0.24660761  0.24660761  0.24660761  0.23913922  0.24660761  0.25415226  0.24660761  0.23913922  0.25415226  0.24660761  0.26177474  0.20288919  0.20999832  0.20999832  0.20288919  0.20288919  0.07342225  0.05004406  0.05004406  0.04431328  0.03862660  0.03298335  0.00000000  

