25
13_3_0     0.00000000  0.00000000  0.02287404  0.03222633  0.02287404  0.11165417  0.10643096  0.08085642  0.09097993  0.09097993  0.12754980  0.12221305  0.10643096  0.15482940  0.14379603  0.14379603  0.11691469  0.12221305  0.11165417  0.12754980  0.15482940  0.11691469  0.12221305  0.10643096  0.10643096  
4_3_0      0.00000000  0.00000000  0.02287404  0.03222633  0.02287404  0.11165417  0.10643096  0.08085642  0.09097993  0.09097993  0.12754980  0.12221305  0.10643096  0.15482940  0.14379603  0.14379603  0.11691469  0.12221305  0.11165417  0.12754980  0.15482940  0.11691469  0.12221305  0.10643096  0.10643096  
3_2_0      0.02287404  0.02287404  0.00000000  0.02753534  0.02753534  0.12754980  0.12221305  0.08590078  0.10643096  0.10643096  0.14379603  0.12754980  0.12221305  0.17169566  0.14929205  0.14929205  0.13834071  0.11691469  0.12754980  0.12221305  0.13834071  0.12221305  0.12754980  0.12221305  0.12221305  
4_2_0      0.03222633  0.03222633  0.02753534  0.00000000  0.00906456  0.13834071  0.13292549  0.09609435  0.10643096  0.10643096  0.14379603  0.13834071  0.13292549  0.18315829  0.16040868  0.17169566  0.14929205  0.13834071  0.13834071  0.14379603  0.16040868  0.14379603  0.14929205  0.13292549  0.12221305  
13_2_0     0.02287404  0.02287404  0.02753534  0.00906456  0.00000000  0.12754980  0.12221305  0.09609435  0.09609435  0.09609435  0.13292549  0.12754980  0.12221305  0.17169566  0.14929205  0.16040868  0.14379603  0.12754980  0.12754980  0.14379603  0.16040868  0.13292549  0.13834071  0.12221305  0.12221305  
16_0_0     0.11165417  0.11165417  0.12754980  0.13834071  0.12754980  0.00000000  0.02287404  0.06101748  0.07584637  0.08590078  0.10124452  0.09609435  0.08085642  0.14379603  0.11691469  0.08590078  0.11165417  0.09609435  0.08590078  0.11165417  0.12754980  0.09097993  0.09609435  0.10124452  0.09609435  
23_0_0     0.10643096  0.10643096  0.12221305  0.13292549  0.12221305  0.02287404  0.00000000  0.04648124  0.05129485  0.06101748  0.07584637  0.09097993  0.07584637  0.12754980  0.11165417  0.09097993  0.10643096  0.09097993  0.07087016  0.11691469  0.15482940  0.08590078  0.09097993  0.08590078  0.09097993  
5_0_0      0.08085642  0.08085642  0.08590078  0.09609435  0.09609435  0.06101748  0.04648124  0.00000000  0.04169888  0.06101748  0.07584637  0.09097993  0.06592735  0.12754980  0.12221305  0.09097993  0.10124452  0.09097993  0.08085642  0.10643096  0.15482940  0.08590078  0.09097993  0.08590078  0.07087016  
17_0_0     0.09097993  0.09097993  0.10643096  0.10643096  0.09609435  0.07584637  0.05129485  0.04169888  0.00000000  0.01824205  0.03222633  0.08590078  0.06101748  0.12221305  0.11691469  0.09609435  0.11165417  0.08590078  0.06592735  0.11165417  0.14929205  0.08085642  0.08590078  0.08085642  0.08590078  
17_4_0     0.09097993  0.09097993  0.10643096  0.10643096  0.09609435  0.08590078  0.06101748  0.06101748  0.01824205  0.00000000  0.05129485  0.07584637  0.07087016  0.11691469  0.10643096  0.10643096  0.10124452  0.08590078  0.06592735  0.11165417  0.14929205  0.08085642  0.08590078  0.08085642  0.08590078  
8_0_0      0.12754980  0.12754980  0.14379603  0.14379603  0.13292549  0.10124452  0.07584637  0.07584637  0.03222633  0.05129485  0.00000000  0.11165417  0.08590078  0.12754980  0.14379603  0.12221305  0.14929205  0.11165417  0.09097993  0.12754980  0.15482940  0.09609435  0.10124452  0.10643096  0.11165417  
16_7_0     0.12221305  0.12221305  0.12754980  0.13834071  0.12754980  0.09609435  0.09097993  0.09097993  0.08590078  0.07584637  0.11165417  0.00000000  0.02287404  0.10124452  0.05614012  0.08590078  0.08085642  0.04648124  0.04648124  0.08085642  0.11691469  0.05129485  0.05614012  0.06101748  0.08590078  
23_1_0     0.10643096  0.10643096  0.12221305  0.13292549  0.12221305  0.08085642  0.07584637  0.06592735  0.06101748  0.07087016  0.08590078  0.02287404  0.00000000  0.08590078  0.07087016  0.07087016  0.07584637  0.04169888  0.03222633  0.06592735  0.11165417  0.03694738  0.04169888  0.04648124  0.07087016  
5_1_0      0.15482940  0.15482940  0.17169566  0.18315829  0.17169566  0.14379603  0.12754980  0.12754980  0.12221305  0.11691469  0.12754980  0.10124452  0.08590078  0.00000000  0.13292549  0.14379603  0.11691469  0.11165417  0.10124452  0.11691469  0.13292549  0.10643096  0.11165417  0.10643096  0.12221305  
16_6_0     0.14379603  0.14379603  0.14929205  0.16040868  0.14929205  0.11691469  0.11165417  0.12221305  0.11691469  0.10643096  0.14379603  0.05614012  0.07087016  0.13292549  0.00000000  0.08590078  0.08085642  0.05614012  0.06592735  0.10124452  0.13834071  0.07087016  0.07584637  0.07087016  0.11691469  
23_6_0     0.14379603  0.14379603  0.14929205  0.17169566  0.16040868  0.08590078  0.09097993  0.09097993  0.09609435  0.10643096  0.12221305  0.08590078  0.07087016  0.14379603  0.08590078  0.00000000  0.10124452  0.05614012  0.06592735  0.09097993  0.12754980  0.07087016  0.06592735  0.08085642  0.10643096  
16_8_0     0.11691469  0.11691469  0.13834071  0.14929205  0.14379603  0.11165417  0.10643096  0.10124452  0.11165417  0.10124452  0.14929205  0.08085642  0.07584637  0.11691469  0.08085642  0.10124452  0.00000000  0.06101748  0.07087016  0.10643096  0.14379603  0.07584637  0.08085642  0.08590078  0.11165417  
23_5_0     0.12221305  0.12221305  0.11691469  0.13834071  0.12754980  0.09609435  0.09097993  0.09097993  0.08590078  0.08590078  0.11165417  0.04648124  0.04169888  0.11165417  0.05614012  0.05614012  0.06101748  0.00000000  0.03694738  0.06101748  0.09609435  0.04169888  0.04648124  0.05129485  0.08590078  
5_5_0      0.11165417  0.11165417  0.12754980  0.13834071  0.12754980  0.08590078  0.07087016  0.08085642  0.06592735  0.06592735  0.09097993  0.04648124  0.03222633  0.10124452  0.06592735  0.06592735  0.07087016  0.03694738  0.00000000  0.06101748  0.10643096  0.03222633  0.03694738  0.03222633  0.07584637  
17_1_0     0.12754980  0.12754980  0.12221305  0.14379603  0.14379603  0.11165417  0.11691469  0.10643096  0.11165417  0.11165417  0.12754980  0.08085642  0.06592735  0.11691469  0.10124452  0.09097993  0.10643096  0.06101748  0.06101748  0.00000000  0.04169888  0.05614012  0.06101748  0.07584637  0.09097993  
8_1_0      0.15482940  0.15482940  0.13834071  0.16040868  0.16040868  0.12754980  0.15482940  0.15482940  0.14929205  0.14929205  0.15482940  0.11691469  0.11165417  0.13292549  0.13834071  0.12754980  0.14379603  0.09609435  0.10643096  0.04169888  0.00000000  0.10124452  0.10643096  0.12221305  0.12754980  
13_1_0     0.11691469  0.11691469  0.12221305  0.14379603  0.13292549  0.09097993  0.08590078  0.08590078  0.08085642  0.08085642  0.09609435  0.05129485  0.03694738  0.10643096  0.07087016  0.07087016  0.07584637  0.04169888  0.03222633  0.05614012  0.10124452  0.00000000  0.00451833  0.04648124  0.07087016  
4_1_0      0.12221305  0.12221305  0.12754980  0.14929205  0.13834071  0.09609435  0.09097993  0.09097993  0.08590078  0.08590078  0.10124452  0.05614012  0.04169888  0.11165417  0.07584637  0.06592735  0.08085642  0.04648124  0.03694738  0.06101748  0.10643096  0.00451833  0.00000000  0.05129485  0.07584637  
3_1_0      0.10643096  0.10643096  0.12221305  0.13292549  0.12221305  0.10124452  0.08590078  0.08590078  0.08085642  0.08085642  0.10643096  0.06101748  0.04648124  0.10643096  0.07087016  0.08085642  0.08590078  0.05129485  0.03222633  0.07584637  0.12221305  0.04648124  0.05129485  0.00000000  0.09097993  
7_0_0      0.10643096  0.10643096  0.12221305  0.12221305  0.12221305  0.09609435  0.09097993  0.07087016  0.08590078  0.08590078  0.11165417  0.08590078  0.07087016  0.12221305  0.11691469  0.10643096  0.11165417  0.08590078  0.07584637  0.09097993  0.12754980  0.07087016  0.07584637  0.09097993  0.00000000  

