20
7_0_0      0.00000000  0.00567166  0.00567166  0.00000000  0.01714867  0.01714867  0.02880870  0.01714867  0.04665495  0.04665495  0.05270182  0.05879911  0.05879911  0.06494767  0.06494767  0.05270182  0.04065768  0.05270182  0.04665495  0.04665495  
10_0_0     0.00567166  0.00000000  0.01138765  0.00567166  0.02295545  0.01714867  0.02295545  0.01714867  0.04665495  0.04665495  0.05270182  0.05879911  0.05879911  0.06494767  0.06494767  0.05879911  0.04065768  0.05270182  0.04665495  0.04665495  
5_0_0      0.00567166  0.01138765  0.00000000  0.00567166  0.01714867  0.01138765  0.02295545  0.01714867  0.04665495  0.04065768  0.05270182  0.05270182  0.05879911  0.06494767  0.06494767  0.05270182  0.04665495  0.05879911  0.05270182  0.05270182  
1_0_0      0.00000000  0.00567166  0.00567166  0.00000000  0.01714867  0.01714867  0.02880870  0.01714867  0.04665495  0.04665495  0.05270182  0.05879911  0.05879911  0.06494767  0.06494767  0.05270182  0.04065768  0.05270182  0.04665495  0.04665495  
4_0_0      0.01714867  0.02295545  0.01714867  0.01714867  0.00000000  0.01714867  0.02880870  0.02295545  0.05270182  0.04065768  0.04665495  0.05879911  0.05879911  0.06494767  0.05879911  0.04665495  0.04065768  0.05270182  0.04665495  0.05270182  
12_0_0     0.01714867  0.01714867  0.01138765  0.01714867  0.01714867  0.00000000  0.01714867  0.02295545  0.04665495  0.03470919  0.04665495  0.05270182  0.05879911  0.05879911  0.06494767  0.05879911  0.04665495  0.05270182  0.04665495  0.05270182  
8_0_0      0.02880870  0.02295545  0.02295545  0.02880870  0.02880870  0.01714867  0.00000000  0.02295545  0.05879911  0.05270182  0.05270182  0.05270182  0.05879911  0.05270182  0.05879911  0.05270182  0.05879911  0.04665495  0.05270182  0.05270182  
9_0_0      0.01714867  0.01714867  0.01714867  0.01714867  0.02295545  0.02295545  0.02295545  0.00000000  0.04665495  0.05270182  0.04665495  0.05879911  0.05879911  0.05879911  0.05879911  0.05879911  0.04665495  0.05270182  0.04665495  0.04065768  
13_0_0     0.04665495  0.04665495  0.04665495  0.04665495  0.05270182  0.04665495  0.05879911  0.04665495  0.00000000  0.02295545  0.01714867  0.03470919  0.02880870  0.02295545  0.05270182  0.06494767  0.06494767  0.06494767  0.05879911  0.05879911  
6_0_0      0.04665495  0.04665495  0.04065768  0.04665495  0.04065768  0.03470919  0.05270182  0.05270182  0.02295545  0.00000000  0.01138765  0.02880870  0.03470919  0.03470919  0.05270182  0.06494767  0.05270182  0.05879911  0.05270182  0.06494767  
3_0_0      0.05270182  0.05270182  0.05270182  0.05270182  0.04665495  0.04665495  0.05270182  0.04665495  0.01714867  0.01138765  0.00000000  0.04065768  0.03470919  0.02295545  0.04665495  0.05879911  0.05879911  0.05270182  0.04665495  0.05879911  
11_0_0     0.05879911  0.05879911  0.05270182  0.05879911  0.05879911  0.05270182  0.05270182  0.05879911  0.03470919  0.02880870  0.04065768  0.00000000  0.00567166  0.01714867  0.05879911  0.06494767  0.05879911  0.06494767  0.07114837  0.05879911  
14_0_0     0.05879911  0.05879911  0.05879911  0.05879911  0.05879911  0.05879911  0.05879911  0.05879911  0.02880870  0.03470919  0.03470919  0.00567166  0.00000000  0.01138765  0.05270182  0.05879911  0.05879911  0.06494767  0.07114837  0.05879911  
2_0_0      0.06494767  0.06494767  0.06494767  0.06494767  0.06494767  0.05879911  0.05270182  0.05879911  0.02295545  0.03470919  0.02295545  0.01714867  0.01138765  0.00000000  0.05879911  0.05879911  0.07114837  0.05270182  0.05879911  0.05879911  
20_0_0     0.06494767  0.06494767  0.06494767  0.06494767  0.05879911  0.06494767  0.05879911  0.05879911  0.05270182  0.05270182  0.04665495  0.05879911  0.05270182  0.05879911  0.00000000  0.03470919  0.04065768  0.04065768  0.04665495  0.04665495  
16_0_0     0.05270182  0.05879911  0.05270182  0.05270182  0.04665495  0.05879911  0.05270182  0.05879911  0.06494767  0.06494767  0.05879911  0.06494767  0.05879911  0.05879911  0.03470919  0.00000000  0.03470919  0.02880870  0.03470919  0.04065768  
15_0_0     0.04065768  0.04065768  0.04665495  0.04065768  0.04065768  0.04665495  0.05879911  0.04665495  0.06494767  0.05270182  0.05879911  0.05879911  0.05879911  0.07114837  0.04065768  0.03470919  0.00000000  0.01714867  0.01138765  0.01138765  
17_0_0     0.05270182  0.05270182  0.05879911  0.05270182  0.05270182  0.05270182  0.04665495  0.05270182  0.06494767  0.05879911  0.05270182  0.06494767  0.06494767  0.05270182  0.04065768  0.02880870  0.01714867  0.00000000  0.00567166  0.01714867  
19_0_0     0.04665495  0.04665495  0.05270182  0.04665495  0.04665495  0.04665495  0.05270182  0.04665495  0.05879911  0.05270182  0.04665495  0.07114837  0.07114837  0.05879911  0.04665495  0.03470919  0.01138765  0.00567166  0.00000000  0.01138765  
18_0_0     0.04665495  0.04665495  0.05270182  0.04665495  0.05270182  0.05270182  0.05270182  0.04065768  0.05879911  0.06494767  0.05879911  0.05879911  0.05879911  0.05879911  0.04665495  0.04065768  0.01138765  0.01714867  0.01138765  0.00000000  

