28
4_0_0      0.00000000  0.02527427  0.07170961  0.11398814  0.11398814  0.15117821  0.12127716  0.11398814  0.13607566  0.11398814  0.11398814  0.14358815  0.10677069  0.12863917  0.13607566  0.12863917  0.14358815  0.15117821  0.12127716  0.12127716  0.15117821  0.15884745  0.14358815  0.13607566  0.13607566  0.12863917  0.09254497  0.08553403  
3_0_0      0.02527427  0.00000000  0.07858932  0.13607566  0.13607566  0.14358815  0.12863917  0.10677069  0.12863917  0.10677069  0.10677069  0.14358815  0.11398814  0.15117821  0.14358815  0.13607566  0.15117821  0.17443023  0.12863917  0.12863917  0.16659755  0.15884745  0.15117821  0.15117821  0.15884745  0.13607566  0.11398814  0.10677069  
5_0_0      0.07170961  0.07858932  0.00000000  0.10677069  0.10677069  0.12863917  0.09254497  0.09254497  0.10677069  0.09962342  0.09962342  0.14358815  0.10677069  0.11398814  0.12127716  0.11398814  0.12127716  0.12127716  0.09962342  0.09962342  0.13607566  0.14358815  0.13607566  0.10677069  0.11398814  0.11398814  0.08553403  0.07858932  
2_0_0      0.11398814  0.13607566  0.10677069  0.00000000  0.00000000  0.09962342  0.09962342  0.09962342  0.07858932  0.09254497  0.10677069  0.15117821  0.09962342  0.09962342  0.10677069  0.11398814  0.09254497  0.11398814  0.12127716  0.12127716  0.11398814  0.12127716  0.12127716  0.08553403  0.08553403  0.11398814  0.08553403  0.09254497  
8_0_0      0.11398814  0.13607566  0.10677069  0.00000000  0.00000000  0.09962342  0.09962342  0.09962342  0.07858932  0.09254497  0.10677069  0.15117821  0.09962342  0.09962342  0.10677069  0.11398814  0.09254497  0.11398814  0.12127716  0.12127716  0.11398814  0.12127716  0.12127716  0.08553403  0.08553403  0.11398814  0.08553403  0.09254497  
6_0_0      0.15117821  0.14358815  0.12863917  0.09962342  0.09962342  0.00000000  0.08553403  0.08553403  0.07170961  0.09254497  0.09962342  0.09962342  0.09962342  0.08553403  0.10677069  0.11398814  0.10677069  0.11398814  0.08553403  0.08553403  0.12863917  0.12127716  0.11398814  0.08553403  0.07858932  0.12127716  0.09254497  0.09962342  
9_6_0      0.12127716  0.12863917  0.09254497  0.09962342  0.09962342  0.08553403  0.00000000  0.05144855  0.05814038  0.06489369  0.07170961  0.09962342  0.09254497  0.07170961  0.08553403  0.07858932  0.10677069  0.09962342  0.08553403  0.08553403  0.08553403  0.09254497  0.11398814  0.04481709  0.05144855  0.07858932  0.05144855  0.07170961  
1_6_0      0.11398814  0.10677069  0.09254497  0.09962342  0.09962342  0.08553403  0.05144855  0.00000000  0.05814038  0.05144855  0.04481709  0.09254497  0.09962342  0.09962342  0.09254497  0.08553403  0.10677069  0.12863917  0.09962342  0.09962342  0.08553403  0.07858932  0.10677069  0.05814038  0.06489369  0.08553403  0.07858932  0.09254497  
1_0_0      0.13607566  0.12863917  0.10677069  0.07858932  0.07858932  0.07170961  0.05814038  0.05814038  0.00000000  0.01887377  0.03824492  0.09254497  0.09962342  0.09962342  0.09254497  0.08553403  0.10677069  0.12863917  0.11398814  0.11398814  0.10677069  0.09962342  0.13607566  0.07858932  0.08553403  0.11398814  0.08553403  0.08553403  
1_8_0      0.11398814  0.10677069  0.09962342  0.09254497  0.09254497  0.09254497  0.06489369  0.05144855  0.01887377  0.00000000  0.03173099  0.08553403  0.09254497  0.09254497  0.08553403  0.07858932  0.11398814  0.12863917  0.10677069  0.10677069  0.12863917  0.12127716  0.14358815  0.08553403  0.09254497  0.12127716  0.08553403  0.08553403  
1_7_0      0.11398814  0.10677069  0.09962342  0.10677069  0.10677069  0.09962342  0.07170961  0.04481709  0.03824492  0.03173099  0.00000000  0.08553403  0.08553403  0.09962342  0.07858932  0.07170961  0.12127716  0.12863917  0.09962342  0.09962342  0.13607566  0.12863917  0.14358815  0.09254497  0.09962342  0.12127716  0.09962342  0.09962342  
9_0_0      0.14358815  0.14358815  0.14358815  0.15117821  0.15117821  0.09962342  0.09962342  0.09254497  0.09254497  0.08553403  0.08553403  0.00000000  0.12127716  0.11398814  0.12127716  0.11398814  0.15117821  0.14358815  0.12863917  0.12863917  0.13607566  0.12863917  0.14358815  0.12127716  0.12863917  0.14358815  0.12127716  0.11398814  
7_3_0      0.10677069  0.11398814  0.10677069  0.09962342  0.09962342  0.09962342  0.09254497  0.09962342  0.09962342  0.09254497  0.08553403  0.12127716  0.00000000  0.03173099  0.03173099  0.03824492  0.05144855  0.08553403  0.05144855  0.05144855  0.14358815  0.13607566  0.12127716  0.10677069  0.10677069  0.14358815  0.10677069  0.11398814  
11_3_0     0.12863917  0.15117821  0.11398814  0.09962342  0.09962342  0.08553403  0.07170961  0.09962342  0.09962342  0.09254497  0.09962342  0.11398814  0.03173099  0.00000000  0.04481709  0.05144855  0.05814038  0.09254497  0.05814038  0.05814038  0.12863917  0.13607566  0.13607566  0.07858932  0.07858932  0.12127716  0.08553403  0.09962342  
7_2_0      0.13607566  0.14358815  0.12127716  0.10677069  0.10677069  0.10677069  0.08553403  0.09254497  0.09254497  0.08553403  0.07858932  0.12127716  0.03173099  0.04481709  0.00000000  0.00623757  0.06489369  0.09254497  0.05814038  0.05814038  0.12863917  0.12127716  0.12127716  0.09962342  0.09962342  0.14358815  0.10677069  0.12127716  
11_2_0     0.12863917  0.13607566  0.11398814  0.11398814  0.11398814  0.11398814  0.07858932  0.08553403  0.08553403  0.07858932  0.07170961  0.11398814  0.03824492  0.05144855  0.00623757  0.00000000  0.07170961  0.09962342  0.06489369  0.06489369  0.12127716  0.11398814  0.12863917  0.10677069  0.10677069  0.13607566  0.09962342  0.11398814  
10_2_0     0.14358815  0.15117821  0.12127716  0.09254497  0.09254497  0.10677069  0.10677069  0.10677069  0.10677069  0.11398814  0.12127716  0.15117821  0.05144855  0.05814038  0.06489369  0.07170961  0.00000000  0.11398814  0.07170961  0.07170961  0.13607566  0.12863917  0.12127716  0.12127716  0.12127716  0.14358815  0.11398814  0.13607566  
10_0_0     0.15117821  0.17443023  0.12127716  0.11398814  0.11398814  0.11398814  0.09962342  0.12863917  0.12863917  0.12863917  0.12863917  0.14358815  0.08553403  0.09254497  0.09254497  0.09962342  0.11398814  0.00000000  0.08553403  0.08553403  0.13607566  0.14358815  0.12863917  0.09962342  0.09962342  0.15884745  0.11398814  0.10677069  
7_0_0      0.12127716  0.12863917  0.09962342  0.12127716  0.12127716  0.08553403  0.08553403  0.09962342  0.11398814  0.10677069  0.09962342  0.12863917  0.05144855  0.05814038  0.05814038  0.06489369  0.07170961  0.08553403  0.00000000  0.00000000  0.15884745  0.15117821  0.12863917  0.09962342  0.09962342  0.10677069  0.07170961  0.09254497  
11_0_0     0.12127716  0.12863917  0.09962342  0.12127716  0.12127716  0.08553403  0.08553403  0.09962342  0.11398814  0.10677069  0.09962342  0.12863917  0.05144855  0.05814038  0.05814038  0.06489369  0.07170961  0.08553403  0.00000000  0.00000000  0.15884745  0.15117821  0.12863917  0.09962342  0.09962342  0.10677069  0.07170961  0.09254497  
10_5_0     0.15117821  0.16659755  0.13607566  0.11398814  0.11398814  0.12863917  0.08553403  0.08553403  0.10677069  0.12863917  0.13607566  0.13607566  0.14358815  0.12863917  0.12863917  0.12127716  0.13607566  0.13607566  0.15884745  0.15884745  0.00000000  0.00623757  0.09254497  0.05814038  0.07170961  0.11398814  0.11398814  0.11398814  
10_1_0     0.15884745  0.15884745  0.14358815  0.12127716  0.12127716  0.12127716  0.09254497  0.07858932  0.09962342  0.12127716  0.12863917  0.12863917  0.13607566  0.13607566  0.12127716  0.11398814  0.12863917  0.14358815  0.15117821  0.15117821  0.00623757  0.00000000  0.08553403  0.06489369  0.07858932  0.12127716  0.12127716  0.12127716  
10_4_0     0.14358815  0.15117821  0.13607566  0.12127716  0.12127716  0.11398814  0.11398814  0.10677069  0.13607566  0.14358815  0.14358815  0.14358815  0.12127716  0.13607566  0.12127716  0.12863917  0.12127716  0.12863917  0.12863917  0.12863917  0.09254497  0.08553403  0.00000000  0.07170961  0.08553403  0.12127716  0.12863917  0.12863917  
11_1_0     0.13607566  0.15117821  0.10677069  0.08553403  0.08553403  0.08553403  0.04481709  0.05814038  0.07858932  0.08553403  0.09254497  0.12127716  0.10677069  0.07858932  0.09962342  0.10677069  0.12127716  0.09962342  0.09962342  0.09962342  0.05814038  0.06489369  0.07170961  0.00000000  0.01252852  0.06489369  0.06489369  0.07858932  
7_1_0      0.13607566  0.15884745  0.11398814  0.08553403  0.08553403  0.07858932  0.05144855  0.06489369  0.08553403  0.09254497  0.09962342  0.12863917  0.10677069  0.07858932  0.09962342  0.10677069  0.12127716  0.09962342  0.09962342  0.09962342  0.07170961  0.07858932  0.08553403  0.01252852  0.00000000  0.07858932  0.06489369  0.07858932  
5_1_0      0.12863917  0.13607566  0.11398814  0.11398814  0.11398814  0.12127716  0.07858932  0.08553403  0.11398814  0.12127716  0.12127716  0.14358815  0.14358815  0.12127716  0.14358815  0.13607566  0.14358815  0.15884745  0.10677069  0.10677069  0.11398814  0.12127716  0.12127716  0.06489369  0.07858932  0.00000000  0.04481709  0.06489369  
4_1_0      0.09254497  0.11398814  0.08553403  0.08553403  0.08553403  0.09254497  0.05144855  0.07858932  0.08553403  0.08553403  0.09962342  0.12127716  0.10677069  0.08553403  0.10677069  0.09962342  0.11398814  0.11398814  0.07170961  0.07170961  0.11398814  0.12127716  0.12863917  0.06489369  0.06489369  0.04481709  0.00000000  0.02527427  
3_1_0      0.08553403  0.10677069  0.07858932  0.09254497  0.09254497  0.09962342  0.07170961  0.09254497  0.08553403  0.08553403  0.09962342  0.11398814  0.11398814  0.09962342  0.12127716  0.11398814  0.13607566  0.10677069  0.09254497  0.09254497  0.11398814  0.12127716  0.12863917  0.07858932  0.07858932  0.06489369  0.02527427  0.00000000  

