10
4_0_0      0.00000000  0.15985622  0.39450654  0.33695413  0.34390354  0.34390354  0.35092012  0.40963700  0.35800519  0.35092012  
45_1_0     0.15985622  0.00000000  0.40963700  0.44890330  0.44087827  0.46522452  0.47352484  0.48192117  0.42508958  0.41732217  
95_2_0     0.39450654  0.40963700  0.00000000  0.08280977  0.08769943  0.09757869  0.09262225  0.07312816  0.07795282  0.07312816  
99_4_0     0.33695413  0.44890330  0.08280977  0.00000000  0.00436090  0.06833535  0.05884365  0.07312816  0.07795282  0.08280977  
94_4_0     0.34390354  0.44087827  0.08769943  0.00436090  0.00000000  0.07312816  0.06357399  0.07795282  0.08280977  0.08769943  
99_3_0     0.34390354  0.46522452  0.09757869  0.06833535  0.07312816  0.00000000  0.01316209  0.08769943  0.08769943  0.08280977  
94_3_0     0.35092012  0.47352484  0.09262225  0.05884365  0.06357399  0.01316209  0.00000000  0.08280977  0.08280977  0.07795282  
98_3_0     0.40963700  0.48192117  0.07312816  0.07312816  0.07795282  0.08769943  0.08280977  0.00000000  0.07312816  0.06833535  
94_2_0     0.35800519  0.42508958  0.07795282  0.07795282  0.08280977  0.08769943  0.08280977  0.07312816  0.00000000  0.00436090  
99_2_0     0.35092012  0.41732217  0.07312816  0.08280977  0.08769943  0.08280977  0.07795282  0.06833535  0.00436090  0.00000000  

