53
57_0_0     0.00000000  0.03261841  0.07845662  0.07845662  0.04947908  0.06093525  0.08438982  0.07257027  0.07257027  0.07257027  0.07257027  0.06673005  0.07845662  0.07845662  0.07257027  0.07257027  0.07257027  0.07845662  0.06673005  0.07845662  0.06673005  0.07257027  0.07845662  0.07845662  0.05518515  0.05518515  0.06673005  0.06093525  0.06093525  0.07257027  0.06673005  0.06673005  0.07257027  0.06673005  0.06673005  0.06673005  0.05518515  0.06093525  0.07257027  0.06093525  0.06673005  0.08438982  0.07845662  0.06093525  0.06093525  0.06093525  0.07257027  0.06673005  0.06673005  0.06093525  0.08438982  0.08438982  0.09037065  
94_0_0     0.03261841  0.00000000  0.05518515  0.06673005  0.03819636  0.05518515  0.06093525  0.05518515  0.05518515  0.05518515  0.05518515  0.05518515  0.07845662  0.06673005  0.06093525  0.06093525  0.04947908  0.05518515  0.05518515  0.06673005  0.06093525  0.06093525  0.06673005  0.06673005  0.05518515  0.06093525  0.06093525  0.06093525  0.06673005  0.07257027  0.06093525  0.06673005  0.06093525  0.06673005  0.06673005  0.06673005  0.04381637  0.04947908  0.06673005  0.05518515  0.06673005  0.06093525  0.06673005  0.04381637  0.04947908  0.04947908  0.06673005  0.06673005  0.07257027  0.05518515  0.07257027  0.07257027  0.07845662  
75_2_0     0.07845662  0.05518515  0.00000000  0.01071496  0.04381637  0.04947908  0.04381637  0.04381637  0.04381637  0.04381637  0.04381637  0.04381637  0.06673005  0.04947908  0.05518515  0.05518515  0.04947908  0.04381637  0.04381637  0.04381637  0.04947908  0.04947908  0.04381637  0.04381637  0.04381637  0.03819636  0.04947908  0.06093525  0.05518515  0.04947908  0.04947908  0.05518515  0.04381637  0.05518515  0.05518515  0.05518515  0.06093525  0.05518515  0.07257027  0.06093525  0.06093525  0.05518515  0.06093525  0.04947908  0.05518515  0.05518515  0.06093525  0.05518515  0.05518515  0.06093525  0.06093525  0.05518515  0.06093525  
100_2_0    0.07845662  0.06673005  0.01071496  0.00000000  0.05518515  0.05518515  0.04947908  0.04947908  0.04947908  0.04947908  0.04947908  0.04381637  0.06093525  0.04381637  0.06093525  0.06093525  0.05518515  0.04947908  0.04947908  0.03819636  0.03819636  0.04381637  0.03819636  0.03819636  0.04381637  0.04381637  0.04947908  0.05518515  0.04381637  0.04381637  0.04947908  0.04947908  0.03819636  0.04947908  0.04947908  0.04947908  0.05518515  0.04947908  0.06673005  0.05518515  0.04947908  0.04947908  0.05518515  0.04947908  0.04947908  0.04947908  0.06673005  0.06093525  0.05518515  0.06673005  0.05518515  0.04947908  0.05518515  
100_0_0    0.04947908  0.03819636  0.04381637  0.05518515  0.00000000  0.02158622  0.04947908  0.04947908  0.04947908  0.04947908  0.04947908  0.04947908  0.06093525  0.03819636  0.03261841  0.03261841  0.03261841  0.03819636  0.03261841  0.04947908  0.04947908  0.04381637  0.04947908  0.04947908  0.03261841  0.03819636  0.04381637  0.03819636  0.04381637  0.05518515  0.03819636  0.04381637  0.05518515  0.04381637  0.04381637  0.04381637  0.04381637  0.04947908  0.05518515  0.04947908  0.06093525  0.07257027  0.06673005  0.04381637  0.04947908  0.04947908  0.03819636  0.03819636  0.04381637  0.04947908  0.04381637  0.05518515  0.04947908  
75_0_0     0.06093525  0.05518515  0.04947908  0.05518515  0.02158622  0.00000000  0.04947908  0.04947908  0.04947908  0.04947908  0.04947908  0.04947908  0.04381637  0.03261841  0.02708190  0.02708190  0.01613076  0.02158622  0.03819636  0.03261841  0.04381637  0.02708190  0.03261841  0.03819636  0.03261841  0.03261841  0.03819636  0.04381637  0.05518515  0.03819636  0.05518515  0.04947908  0.05518515  0.04947908  0.04947908  0.04947908  0.04947908  0.05518515  0.05518515  0.04947908  0.06093525  0.06093525  0.05518515  0.05518515  0.04947908  0.04947908  0.03261841  0.03261841  0.03261841  0.04947908  0.03819636  0.03819636  0.03261841  
91_0_0     0.08438982  0.06093525  0.04381637  0.04947908  0.04947908  0.04947908  0.00000000  0.02708190  0.02708190  0.02158622  0.02158622  0.03261841  0.04947908  0.03819636  0.04381637  0.04947908  0.03261841  0.02708190  0.02708190  0.03261841  0.03261841  0.03261841  0.02708190  0.02708190  0.05518515  0.03819636  0.03819636  0.04381637  0.03819636  0.03819636  0.03261841  0.03261841  0.04381637  0.03261841  0.03261841  0.03261841  0.03819636  0.03261841  0.03261841  0.04947908  0.05518515  0.04947908  0.05518515  0.03819636  0.04381637  0.04381637  0.04947908  0.06093525  0.05518515  0.06673005  0.04947908  0.03819636  0.04381637  
72_0_0     0.07257027  0.05518515  0.04381637  0.04947908  0.04947908  0.04947908  0.02708190  0.00000000  0.00000000  0.00533822  0.00533822  0.00533822  0.07845662  0.06673005  0.06093525  0.05518515  0.04947908  0.04381637  0.04381637  0.04947908  0.04947908  0.04947908  0.05518515  0.04381637  0.05518515  0.04947908  0.05518515  0.04947908  0.05518515  0.05518515  0.06093525  0.06093525  0.04947908  0.06093525  0.06093525  0.06093525  0.05518515  0.04947908  0.03819636  0.05518515  0.06673005  0.04381637  0.04947908  0.05518515  0.04947908  0.04947908  0.05518515  0.06093525  0.05518515  0.06093525  0.07257027  0.06093525  0.06673005  
68_0_0     0.07257027  0.05518515  0.04381637  0.04947908  0.04947908  0.04947908  0.02708190  0.00000000  0.00000000  0.00533822  0.00533822  0.00533822  0.07845662  0.06673005  0.06093525  0.05518515  0.04947908  0.04381637  0.04381637  0.04947908  0.04947908  0.04947908  0.05518515  0.04381637  0.05518515  0.04947908  0.05518515  0.04947908  0.05518515  0.05518515  0.06093525  0.06093525  0.04947908  0.06093525  0.06093525  0.06093525  0.05518515  0.04947908  0.03819636  0.05518515  0.06673005  0.04381637  0.04947908  0.05518515  0.04947908  0.04947908  0.05518515  0.06093525  0.05518515  0.06093525  0.07257027  0.06093525  0.06673005  
97_0_0     0.07257027  0.05518515  0.04381637  0.04947908  0.04947908  0.04947908  0.02158622  0.00533822  0.00533822  0.00000000  0.00000000  0.01071496  0.07257027  0.06093525  0.05518515  0.06093525  0.04381637  0.03819636  0.04947908  0.05518515  0.05518515  0.04381637  0.04947908  0.04947908  0.05518515  0.04947908  0.04947908  0.05518515  0.06093525  0.06093525  0.05518515  0.05518515  0.05518515  0.05518515  0.05518515  0.05518515  0.04947908  0.04381637  0.03261841  0.06093525  0.06093525  0.03819636  0.04381637  0.04947908  0.05518515  0.05518515  0.04947908  0.06673005  0.06093525  0.06673005  0.06673005  0.05518515  0.06093525  
79_0_0     0.07257027  0.05518515  0.04381637  0.04947908  0.04947908  0.04947908  0.02158622  0.00533822  0.00533822  0.00000000  0.00000000  0.01071496  0.07257027  0.06093525  0.05518515  0.06093525  0.04381637  0.03819636  0.04947908  0.05518515  0.05518515  0.04381637  0.04947908  0.04947908  0.05518515  0.04947908  0.04947908  0.05518515  0.06093525  0.06093525  0.05518515  0.05518515  0.05518515  0.05518515  0.05518515  0.05518515  0.04947908  0.04381637  0.03261841  0.06093525  0.06093525  0.03819636  0.04381637  0.04947908  0.05518515  0.05518515  0.04947908  0.06673005  0.06093525  0.06673005  0.06673005  0.05518515  0.06093525  
63_0_0     0.06673005  0.05518515  0.04381637  0.04381637  0.04947908  0.04947908  0.03261841  0.00533822  0.00533822  0.01071496  0.01071496  0.00000000  0.07845662  0.06673005  0.06093525  0.05518515  0.04947908  0.04381637  0.04381637  0.04947908  0.04381637  0.04947908  0.05518515  0.04947908  0.05518515  0.05518515  0.05518515  0.04947908  0.04947908  0.05518515  0.06093525  0.06093525  0.05518515  0.06093525  0.06093525  0.06093525  0.06093525  0.05518515  0.04381637  0.06093525  0.06093525  0.04947908  0.05518515  0.05518515  0.04947908  0.04947908  0.05518515  0.06093525  0.04947908  0.06673005  0.07257027  0.06093525  0.06673005  
93_1_0     0.07845662  0.07845662  0.06673005  0.06093525  0.06093525  0.04381637  0.04947908  0.07845662  0.07845662  0.07257027  0.07257027  0.07845662  0.00000000  0.02158622  0.03819636  0.04381637  0.03819636  0.03261841  0.04381637  0.02708190  0.03819636  0.02708190  0.02158622  0.03261841  0.05518515  0.05518515  0.03819636  0.04947908  0.04947908  0.03261841  0.04381637  0.03819636  0.06093525  0.03819636  0.03819636  0.03819636  0.04947908  0.04381637  0.04947908  0.04947908  0.04947908  0.06093525  0.05518515  0.04381637  0.04381637  0.04381637  0.04381637  0.04381637  0.04381637  0.05518515  0.03261841  0.03261841  0.02708190  
90_1_0     0.07845662  0.06673005  0.04947908  0.04381637  0.03819636  0.03261841  0.03819636  0.06673005  0.06673005  0.06093525  0.06093525  0.06673005  0.02158622  0.00000000  0.01613076  0.02158622  0.02708190  0.02158622  0.02158622  0.01613076  0.02708190  0.01613076  0.01071496  0.02158622  0.03261841  0.03261841  0.02708190  0.02708190  0.02708190  0.02158622  0.02158622  0.01613076  0.03819636  0.01613076  0.01613076  0.01613076  0.02708190  0.02158622  0.04381637  0.03261841  0.03261841  0.05518515  0.04947908  0.02158622  0.02158622  0.02158622  0.04381637  0.03261841  0.04381637  0.06093525  0.01071496  0.02158622  0.01613076  
96_1_0     0.07257027  0.06093525  0.05518515  0.06093525  0.03261841  0.02708190  0.04381637  0.06093525  0.06093525  0.05518515  0.05518515  0.06093525  0.03819636  0.01613076  0.00000000  0.00533822  0.02158622  0.01613076  0.02708190  0.03261841  0.04381637  0.02158622  0.02708190  0.03819636  0.03819636  0.03819636  0.03261841  0.03261841  0.04381637  0.03819636  0.03819636  0.03261841  0.04381637  0.03261841  0.03261841  0.03261841  0.04381637  0.03819636  0.04947908  0.04947908  0.03819636  0.06093525  0.05518515  0.03819636  0.03819636  0.03819636  0.04381637  0.03261841  0.04381637  0.06093525  0.01071496  0.02158622  0.01613076  
65_1_0     0.07257027  0.06093525  0.05518515  0.06093525  0.03261841  0.02708190  0.04947908  0.05518515  0.05518515  0.06093525  0.06093525  0.05518515  0.04381637  0.02158622  0.00533822  0.00000000  0.02708190  0.02158622  0.02158622  0.02708190  0.03819636  0.02708190  0.03261841  0.03261841  0.03819636  0.03819636  0.03819636  0.02708190  0.03819636  0.03261841  0.04381637  0.03819636  0.03819636  0.03819636  0.03819636  0.03819636  0.04947908  0.04381637  0.05518515  0.04381637  0.04381637  0.06673005  0.06093525  0.04381637  0.03261841  0.03261841  0.04947908  0.02708190  0.03819636  0.05518515  0.01613076  0.02708190  0.02158622  
99_1_0     0.07257027  0.04947908  0.04947908  0.05518515  0.03261841  0.01613076  0.03261841  0.04947908  0.04947908  0.04381637  0.04381637  0.04947908  0.03819636  0.02708190  0.02158622  0.02708190  0.00000000  0.00533822  0.03819636  0.03261841  0.04381637  0.02158622  0.02708190  0.03819636  0.04947908  0.04947908  0.03261841  0.04381637  0.05518515  0.03819636  0.04947908  0.04381637  0.04381637  0.04381637  0.04381637  0.04381637  0.04381637  0.04947908  0.04947908  0.04947908  0.06093525  0.04947908  0.05518515  0.04947908  0.04947908  0.04947908  0.03261841  0.03261841  0.03261841  0.05518515  0.03261841  0.03261841  0.02708190  
71_1_0     0.07845662  0.05518515  0.04381637  0.04947908  0.03819636  0.02158622  0.02708190  0.04381637  0.04381637  0.03819636  0.03819636  0.04381637  0.03261841  0.02158622  0.01613076  0.02158622  0.00533822  0.00000000  0.03261841  0.02708190  0.03819636  0.01613076  0.02158622  0.03261841  0.04381637  0.04381637  0.02708190  0.03819636  0.04947908  0.03261841  0.04381637  0.03819636  0.03819636  0.03819636  0.03819636  0.03819636  0.04947908  0.04381637  0.04381637  0.05518515  0.05518515  0.04381637  0.04947908  0.04381637  0.04381637  0.04381637  0.03819636  0.03819636  0.03819636  0.06093525  0.02708190  0.02708190  0.02158622  
91_1_0     0.06673005  0.05518515  0.04381637  0.04947908  0.03261841  0.03819636  0.02708190  0.04381637  0.04381637  0.04947908  0.04947908  0.04381637  0.04381637  0.02158622  0.02708190  0.02158622  0.03819636  0.03261841  0.00000000  0.01613076  0.02158622  0.02708190  0.02158622  0.02158622  0.03819636  0.02708190  0.03819636  0.01613076  0.01613076  0.02158622  0.02158622  0.01613076  0.03819636  0.01613076  0.01613076  0.01613076  0.03261841  0.02708190  0.04381637  0.03261841  0.04381637  0.06673005  0.06093525  0.02708190  0.01613076  0.01613076  0.04381637  0.03261841  0.04381637  0.05518515  0.03261841  0.03261841  0.03819636  
63_1_0     0.07845662  0.06673005  0.04381637  0.03819636  0.04947908  0.03261841  0.03261841  0.04947908  0.04947908  0.05518515  0.05518515  0.04947908  0.02708190  0.01613076  0.03261841  0.02708190  0.03261841  0.02708190  0.01613076  0.00000000  0.01071496  0.01071496  0.00533822  0.00533822  0.03261841  0.03261841  0.02158622  0.02158622  0.02158622  0.00533822  0.02708190  0.02158622  0.03261841  0.02158622  0.02158622  0.02158622  0.03261841  0.02708190  0.03819636  0.02708190  0.03819636  0.04947908  0.04381637  0.02708190  0.01613076  0.01613076  0.04947908  0.03819636  0.03819636  0.06093525  0.02708190  0.01613076  0.02158622  
68_1_0     0.06673005  0.06093525  0.04947908  0.03819636  0.04947908  0.04381637  0.03261841  0.04947908  0.04947908  0.05518515  0.05518515  0.04381637  0.03819636  0.02708190  0.04381637  0.03819636  0.04381637  0.03819636  0.02158622  0.01071496  0.00000000  0.02158622  0.01613076  0.01071496  0.03819636  0.03819636  0.02708190  0.02708190  0.01613076  0.01613076  0.02708190  0.02708190  0.03819636  0.02708190  0.02708190  0.02708190  0.02708190  0.02158622  0.03819636  0.03261841  0.03819636  0.05518515  0.04947908  0.02158622  0.01613076  0.01613076  0.05518515  0.04947908  0.03819636  0.05518515  0.03819636  0.02708190  0.03261841  
79_1_0     0.07257027  0.06093525  0.04947908  0.04381637  0.04381637  0.02708190  0.03261841  0.04947908  0.04947908  0.04381637  0.04381637  0.04947908  0.02708190  0.01613076  0.02158622  0.02708190  0.02158622  0.01613076  0.02708190  0.01071496  0.02158622  0.00000000  0.00533822  0.01613076  0.02708190  0.03819636  0.01071496  0.02158622  0.03261841  0.01613076  0.02708190  0.02158622  0.03261841  0.02158622  0.02158622  0.02158622  0.03261841  0.02708190  0.02708190  0.03819636  0.03819636  0.03819636  0.03261841  0.02708190  0.02708190  0.02708190  0.04381637  0.04381637  0.04381637  0.06673005  0.02158622  0.01071496  0.01613076  
97_1_0     0.07845662  0.06673005  0.04381637  0.03819636  0.04947908  0.03261841  0.02708190  0.05518515  0.05518515  0.04947908  0.04947908  0.05518515  0.02158622  0.01071496  0.02708190  0.03261841  0.02708190  0.02158622  0.02158622  0.00533822  0.01613076  0.00533822  0.00000000  0.01071496  0.03261841  0.03261841  0.01613076  0.02708190  0.02708190  0.01071496  0.02158622  0.01613076  0.03819636  0.01613076  0.01613076  0.01613076  0.02708190  0.02158622  0.03261841  0.03261841  0.03261841  0.04381637  0.03819636  0.02158622  0.02158622  0.02158622  0.04381637  0.04381637  0.04381637  0.06673005  0.02158622  0.01071496  0.01613076  
72_1_0     0.07845662  0.06673005  0.04381637  0.03819636  0.04947908  0.03819636  0.02708190  0.04381637  0.04381637  0.04947908  0.04947908  0.04947908  0.03261841  0.02158622  0.03819636  0.03261841  0.03819636  0.03261841  0.02158622  0.00533822  0.01071496  0.01613076  0.01071496  0.00000000  0.03261841  0.02708190  0.02158622  0.02708190  0.02158622  0.01071496  0.02708190  0.02708190  0.02708190  0.02708190  0.02708190  0.02708190  0.02708190  0.02158622  0.03261841  0.02158622  0.03819636  0.04381637  0.03819636  0.02708190  0.02158622  0.02158622  0.05518515  0.04381637  0.03819636  0.05518515  0.03261841  0.02158622  0.02708190  
66_0_0     0.05518515  0.05518515  0.04381637  0.04381637  0.03261841  0.03261841  0.05518515  0.05518515  0.05518515  0.05518515  0.05518515  0.05518515  0.05518515  0.03261841  0.03819636  0.03819636  0.04947908  0.04381637  0.03819636  0.03261841  0.03819636  0.02708190  0.03261841  0.03261841  0.00000000  0.01613076  0.01613076  0.02158622  0.02708190  0.02708190  0.02158622  0.02708190  0.02708190  0.02708190  0.02708190  0.02708190  0.04381637  0.03819636  0.04947908  0.04381637  0.04381637  0.05518515  0.04947908  0.03261841  0.03819636  0.03819636  0.06673005  0.05518515  0.06093525  0.07257027  0.03819636  0.03819636  0.04381637  
87_0_0     0.05518515  0.06093525  0.03819636  0.04381637  0.03819636  0.03261841  0.03819636  0.04947908  0.04947908  0.04947908  0.04947908  0.05518515  0.05518515  0.03261841  0.03819636  0.03819636  0.04947908  0.04381637  0.02708190  0.03261841  0.03819636  0.03819636  0.03261841  0.02708190  0.01613076  0.00000000  0.03261841  0.03261841  0.02708190  0.02708190  0.02708190  0.02708190  0.03261841  0.02708190  0.02708190  0.02708190  0.03819636  0.03261841  0.05518515  0.03819636  0.04381637  0.06093525  0.05518515  0.03819636  0.03819636  0.03819636  0.06093525  0.04947908  0.05518515  0.06093525  0.04381637  0.04381637  0.04947908  
82_0_0     0.06673005  0.06093525  0.04947908  0.04947908  0.04381637  0.03819636  0.03819636  0.05518515  0.05518515  0.04947908  0.04947908  0.05518515  0.03819636  0.02708190  0.03261841  0.03819636  0.03261841  0.02708190  0.03819636  0.02158622  0.02708190  0.01071496  0.01613076  0.02158622  0.01613076  0.03261841  0.00000000  0.02158622  0.02708190  0.01613076  0.01613076  0.02158622  0.02708190  0.02158622  0.02158622  0.02158622  0.03819636  0.03261841  0.03261841  0.04381637  0.04381637  0.04381637  0.03819636  0.02708190  0.03819636  0.03819636  0.05518515  0.05518515  0.04947908  0.07257027  0.03261841  0.02158622  0.02708190  
84_0_0     0.06093525  0.06093525  0.06093525  0.05518515  0.03819636  0.04381637  0.04381637  0.04947908  0.04947908  0.05518515  0.05518515  0.04947908  0.04947908  0.02708190  0.03261841  0.02708190  0.04381637  0.03819636  0.01613076  0.02158622  0.02708190  0.02158622  0.02708190  0.02708190  0.02158622  0.03261841  0.02158622  0.00000000  0.01071496  0.01613076  0.01613076  0.01071496  0.02158622  0.01071496  0.01071496  0.01071496  0.03819636  0.03261841  0.03819636  0.03819636  0.04947908  0.06093525  0.05518515  0.03261841  0.02158622  0.02158622  0.05518515  0.04381637  0.05518515  0.06673005  0.03261841  0.03261841  0.03819636  
64_0_0     0.06093525  0.06673005  0.05518515  0.04381637  0.04381637  0.05518515  0.03819636  0.05518515  0.05518515  0.06093525  0.06093525  0.04947908  0.04947908  0.02708190  0.04381637  0.03819636  0.05518515  0.04947908  0.01613076  0.02158622  0.01613076  0.03261841  0.02708190  0.02158622  0.02708190  0.02708190  0.02708190  0.01071496  0.00000000  0.01613076  0.01071496  0.01071496  0.02708190  0.01071496  0.01071496  0.01071496  0.03261841  0.02708190  0.04381637  0.03261841  0.03819636  0.06673005  0.06093525  0.02708190  0.02158622  0.02158622  0.06093525  0.04947908  0.04947908  0.06673005  0.03819636  0.03819636  0.04381637  
78_0_0     0.07257027  0.07257027  0.04947908  0.04381637  0.05518515  0.03819636  0.03819636  0.05518515  0.05518515  0.06093525  0.06093525  0.05518515  0.03261841  0.02158622  0.03819636  0.03261841  0.03819636  0.03261841  0.02158622  0.00533822  0.01613076  0.01613076  0.01071496  0.01071496  0.02708190  0.02708190  0.01613076  0.01613076  0.01613076  0.00000000  0.02158622  0.01613076  0.02708190  0.01613076  0.01613076  0.01613076  0.03819636  0.03261841  0.04381637  0.03261841  0.04381637  0.05518515  0.04947908  0.03261841  0.02158622  0.02158622  0.05518515  0.04381637  0.04381637  0.06673005  0.03261841  0.02158622  0.02708190  
58_0_0     0.06673005  0.06093525  0.04947908  0.04947908  0.03819636  0.05518515  0.03261841  0.06093525  0.06093525  0.05518515  0.05518515  0.06093525  0.04381637  0.02158622  0.03819636  0.04381637  0.04947908  0.04381637  0.02158622  0.02708190  0.02708190  0.02708190  0.02158622  0.02708190  0.02158622  0.02708190  0.01613076  0.01613076  0.01071496  0.02158622  0.00000000  0.00533822  0.03261841  0.00533822  0.00533822  0.00533822  0.02708190  0.02158622  0.03819636  0.03819636  0.03819636  0.06093525  0.05518515  0.01613076  0.02708190  0.02708190  0.05518515  0.05518515  0.06093525  0.07257027  0.03261841  0.03261841  0.03819636  
95_0_0     0.06673005  0.06673005  0.05518515  0.04947908  0.04381637  0.04947908  0.03261841  0.06093525  0.06093525  0.05518515  0.05518515  0.06093525  0.03819636  0.01613076  0.03261841  0.03819636  0.04381637  0.03819636  0.01613076  0.02158622  0.02708190  0.02158622  0.01613076  0.02708190  0.02708190  0.02708190  0.02158622  0.01071496  0.01071496  0.01613076  0.00533822  0.00000000  0.03261841  0.00000000  0.00000000  0.00000000  0.02708190  0.02158622  0.03819636  0.03819636  0.03819636  0.06093525  0.05518515  0.02158622  0.02158622  0.02158622  0.04947908  0.04947908  0.06093525  0.07257027  0.02708190  0.02708190  0.03261841  
73_0_0     0.07257027  0.06093525  0.04381637  0.03819636  0.05518515  0.05518515  0.04381637  0.04947908  0.04947908  0.05518515  0.05518515  0.05518515  0.06093525  0.03819636  0.04381637  0.03819636  0.04381637  0.03819636  0.03819636  0.03261841  0.03819636  0.03261841  0.03819636  0.02708190  0.02708190  0.03261841  0.02708190  0.02158622  0.02708190  0.02708190  0.03261841  0.03261841  0.00000000  0.03261841  0.03261841  0.03261841  0.04381637  0.03819636  0.04947908  0.03819636  0.05518515  0.04381637  0.04947908  0.04381637  0.03819636  0.03819636  0.07845662  0.05518515  0.06093525  0.07257027  0.04381637  0.04381637  0.04947908  
62_0_0     0.06673005  0.06673005  0.05518515  0.04947908  0.04381637  0.04947908  0.03261841  0.06093525  0.06093525  0.05518515  0.05518515  0.06093525  0.03819636  0.01613076  0.03261841  0.03819636  0.04381637  0.03819636  0.01613076  0.02158622  0.02708190  0.02158622  0.01613076  0.02708190  0.02708190  0.02708190  0.02158622  0.01071496  0.01071496  0.01613076  0.00533822  0.00000000  0.03261841  0.00000000  0.00000000  0.00000000  0.02708190  0.02158622  0.03819636  0.03819636  0.03819636  0.06093525  0.05518515  0.02158622  0.02158622  0.02158622  0.04947908  0.04947908  0.06093525  0.07257027  0.02708190  0.02708190  0.03261841  
81_0_0     0.06673005  0.06673005  0.05518515  0.04947908  0.04381637  0.04947908  0.03261841  0.06093525  0.06093525  0.05518515  0.05518515  0.06093525  0.03819636  0.01613076  0.03261841  0.03819636  0.04381637  0.03819636  0.01613076  0.02158622  0.02708190  0.02158622  0.01613076  0.02708190  0.02708190  0.02708190  0.02158622  0.01071496  0.01071496  0.01613076  0.00533822  0.00000000  0.03261841  0.00000000  0.00000000  0.00000000  0.02708190  0.02158622  0.03819636  0.03819636  0.03819636  0.06093525  0.05518515  0.02158622  0.02158622  0.02158622  0.04947908  0.04947908  0.06093525  0.07257027  0.02708190  0.02708190  0.03261841  
89_0_0     0.06673005  0.06673005  0.05518515  0.04947908  0.04381637  0.04947908  0.03261841  0.06093525  0.06093525  0.05518515  0.05518515  0.06093525  0.03819636  0.01613076  0.03261841  0.03819636  0.04381637  0.03819636  0.01613076  0.02158622  0.02708190  0.02158622  0.01613076  0.02708190  0.02708190  0.02708190  0.02158622  0.01071496  0.01071496  0.01613076  0.00533822  0.00000000  0.03261841  0.00000000  0.00000000  0.00000000  0.02708190  0.02158622  0.03819636  0.03819636  0.03819636  0.06093525  0.05518515  0.02158622  0.02158622  0.02158622  0.04947908  0.04947908  0.06093525  0.07257027  0.02708190  0.02708190  0.03261841  
76_0_0     0.05518515  0.04381637  0.06093525  0.05518515  0.04381637  0.04947908  0.03819636  0.05518515  0.05518515  0.04947908  0.04947908  0.06093525  0.04947908  0.02708190  0.04381637  0.04947908  0.04381637  0.04947908  0.03261841  0.03261841  0.02708190  0.03261841  0.02708190  0.02708190  0.04381637  0.03819636  0.03819636  0.03819636  0.03261841  0.03819636  0.02708190  0.02708190  0.04381637  0.02708190  0.02708190  0.02708190  0.00000000  0.00533822  0.03261841  0.01613076  0.03261841  0.04947908  0.04381637  0.01071496  0.01613076  0.01613076  0.05518515  0.04947908  0.05518515  0.05518515  0.03819636  0.03819636  0.04381637  
60_0_0     0.06093525  0.04947908  0.05518515  0.04947908  0.04947908  0.05518515  0.03261841  0.04947908  0.04947908  0.04381637  0.04381637  0.05518515  0.04381637  0.02158622  0.03819636  0.04381637  0.04947908  0.04381637  0.02708190  0.02708190  0.02158622  0.02708190  0.02158622  0.02158622  0.03819636  0.03261841  0.03261841  0.03261841  0.02708190  0.03261841  0.02158622  0.02158622  0.03819636  0.02158622  0.02158622  0.02158622  0.00533822  0.00000000  0.02708190  0.02158622  0.02708190  0.04381637  0.03819636  0.00533822  0.01071496  0.01071496  0.06093525  0.05518515  0.06093525  0.06093525  0.03261841  0.03261841  0.03819636  
92_3_0     0.07257027  0.06673005  0.07257027  0.06673005  0.05518515  0.05518515  0.03261841  0.03819636  0.03819636  0.03261841  0.03261841  0.04381637  0.04947908  0.04381637  0.04947908  0.05518515  0.04947908  0.04381637  0.04381637  0.03819636  0.03819636  0.02708190  0.03261841  0.03261841  0.04947908  0.05518515  0.03261841  0.03819636  0.04381637  0.04381637  0.03819636  0.03819636  0.04947908  0.03819636  0.03819636  0.03819636  0.03261841  0.02708190  0.00000000  0.03261841  0.03819636  0.03261841  0.02708190  0.03261841  0.03819636  0.03819636  0.05518515  0.06673005  0.06093525  0.07257027  0.04947908  0.03819636  0.04381637  
70_3_0     0.06093525  0.05518515  0.06093525  0.05518515  0.04947908  0.04947908  0.04947908  0.05518515  0.05518515  0.06093525  0.06093525  0.06093525  0.04947908  0.03261841  0.04947908  0.04381637  0.04947908  0.05518515  0.03261841  0.02708190  0.03261841  0.03819636  0.03261841  0.02158622  0.04381637  0.03819636  0.04381637  0.03819636  0.03261841  0.03261841  0.03819636  0.03819636  0.03819636  0.03819636  0.03819636  0.03819636  0.01613076  0.02158622  0.03261841  0.00000000  0.02708190  0.04381637  0.03819636  0.02708190  0.02158622  0.02158622  0.06093525  0.03819636  0.04381637  0.05518515  0.04381637  0.04381637  0.04947908  
70_0_0     0.06673005  0.06673005  0.06093525  0.04947908  0.06093525  0.06093525  0.05518515  0.06673005  0.06673005  0.06093525  0.06093525  0.06093525  0.04947908  0.03261841  0.03819636  0.04381637  0.06093525  0.05518515  0.04381637  0.03819636  0.03819636  0.03819636  0.03261841  0.03819636  0.04381637  0.04381637  0.04381637  0.04947908  0.03819636  0.04381637  0.03819636  0.03819636  0.05518515  0.03819636  0.03819636  0.03819636  0.03261841  0.02708190  0.03819636  0.02708190  0.00000000  0.04381637  0.03819636  0.02708190  0.03261841  0.03261841  0.06673005  0.06093525  0.06093525  0.07845662  0.03261841  0.03261841  0.03819636  
92_0_0     0.08438982  0.06093525  0.05518515  0.04947908  0.07257027  0.06093525  0.04947908  0.04381637  0.04381637  0.03819636  0.03819636  0.04947908  0.06093525  0.05518515  0.06093525  0.06673005  0.04947908  0.04381637  0.06673005  0.04947908  0.05518515  0.03819636  0.04381637  0.04381637  0.05518515  0.06093525  0.04381637  0.06093525  0.06673005  0.05518515  0.06093525  0.06093525  0.04381637  0.06093525  0.06093525  0.06093525  0.04947908  0.04381637  0.03261841  0.04381637  0.04381637  0.00000000  0.00533822  0.04947908  0.05518515  0.05518515  0.06093525  0.07257027  0.06673005  0.07257027  0.06093525  0.04947908  0.05518515  
92_4_0     0.07845662  0.06673005  0.06093525  0.05518515  0.06673005  0.05518515  0.05518515  0.04947908  0.04947908  0.04381637  0.04381637  0.05518515  0.05518515  0.04947908  0.05518515  0.06093525  0.05518515  0.04947908  0.06093525  0.04381637  0.04947908  0.03261841  0.03819636  0.03819636  0.04947908  0.05518515  0.03819636  0.05518515  0.06093525  0.04947908  0.05518515  0.05518515  0.04947908  0.05518515  0.05518515  0.05518515  0.04381637  0.03819636  0.02708190  0.03819636  0.03819636  0.00533822  0.00000000  0.04381637  0.04947908  0.04947908  0.05518515  0.06673005  0.06093525  0.06673005  0.05518515  0.04381637  0.04947908  
80_0_0     0.06093525  0.04381637  0.04947908  0.04947908  0.04381637  0.05518515  0.03819636  0.05518515  0.05518515  0.04947908  0.04947908  0.05518515  0.04381637  0.02158622  0.03819636  0.04381637  0.04947908  0.04381637  0.02708190  0.02708190  0.02158622  0.02708190  0.02158622  0.02708190  0.03261841  0.03819636  0.02708190  0.03261841  0.02708190  0.03261841  0.01613076  0.02158622  0.04381637  0.02158622  0.02158622  0.02158622  0.01071496  0.00533822  0.03261841  0.02708190  0.02708190  0.04947908  0.04381637  0.00000000  0.01071496  0.01071496  0.06093525  0.05518515  0.06093525  0.06673005  0.03261841  0.03261841  0.03819636  
98_0_0     0.06093525  0.04947908  0.05518515  0.04947908  0.04947908  0.04947908  0.04381637  0.04947908  0.04947908  0.05518515  0.05518515  0.04947908  0.04381637  0.02158622  0.03819636  0.03261841  0.04947908  0.04381637  0.01613076  0.01613076  0.01613076  0.02708190  0.02158622  0.02158622  0.03819636  0.03819636  0.03819636  0.02158622  0.02158622  0.02158622  0.02708190  0.02158622  0.03819636  0.02158622  0.02158622  0.02158622  0.01613076  0.01071496  0.03819636  0.02158622  0.03261841  0.05518515  0.04947908  0.01071496  0.00000000  0.00000000  0.06093525  0.04381637  0.05518515  0.06093525  0.03261841  0.03261841  0.03819636  
86_0_0     0.06093525  0.04947908  0.05518515  0.04947908  0.04947908  0.04947908  0.04381637  0.04947908  0.04947908  0.05518515  0.05518515  0.04947908  0.04381637  0.02158622  0.03819636  0.03261841  0.04947908  0.04381637  0.01613076  0.01613076  0.01613076  0.02708190  0.02158622  0.02158622  0.03819636  0.03819636  0.03819636  0.02158622  0.02158622  0.02158622  0.02708190  0.02158622  0.03819636  0.02158622  0.02158622  0.02158622  0.01613076  0.01071496  0.03819636  0.02158622  0.03261841  0.05518515  0.04947908  0.01071496  0.00000000  0.00000000  0.06093525  0.04381637  0.05518515  0.06093525  0.03261841  0.03261841  0.03819636  
77_0_0     0.07257027  0.06673005  0.06093525  0.06673005  0.03819636  0.03261841  0.04947908  0.05518515  0.05518515  0.04947908  0.04947908  0.05518515  0.04381637  0.04381637  0.04381637  0.04947908  0.03261841  0.03819636  0.04381637  0.04947908  0.05518515  0.04381637  0.04381637  0.05518515  0.06673005  0.06093525  0.05518515  0.05518515  0.06093525  0.05518515  0.05518515  0.04947908  0.07845662  0.04947908  0.04947908  0.04947908  0.05518515  0.06093525  0.05518515  0.06093525  0.06673005  0.06093525  0.05518515  0.06093525  0.06093525  0.06093525  0.00000000  0.02158622  0.02708190  0.03261841  0.04947908  0.04947908  0.04381637  
88_0_0     0.06673005  0.06673005  0.05518515  0.06093525  0.03819636  0.03261841  0.06093525  0.06093525  0.06093525  0.06673005  0.06673005  0.06093525  0.04381637  0.03261841  0.03261841  0.02708190  0.03261841  0.03819636  0.03261841  0.03819636  0.04947908  0.04381637  0.04381637  0.04381637  0.05518515  0.04947908  0.05518515  0.04381637  0.04947908  0.04381637  0.05518515  0.04947908  0.05518515  0.04947908  0.04947908  0.04947908  0.04947908  0.05518515  0.06673005  0.03819636  0.06093525  0.07257027  0.06673005  0.05518515  0.04381637  0.04381637  0.02158622  0.00000000  0.01613076  0.03261841  0.03819636  0.04947908  0.04381637  
59_5_0     0.06673005  0.07257027  0.05518515  0.05518515  0.04381637  0.03261841  0.05518515  0.05518515  0.05518515  0.06093525  0.06093525  0.04947908  0.04381637  0.04381637  0.04381637  0.03819636  0.03261841  0.03819636  0.04381637  0.03819636  0.03819636  0.04381637  0.04381637  0.03819636  0.06093525  0.05518515  0.04947908  0.05518515  0.04947908  0.04381637  0.06093525  0.06093525  0.06093525  0.06093525  0.06093525  0.06093525  0.05518515  0.06093525  0.06093525  0.04381637  0.06093525  0.06673005  0.06093525  0.06093525  0.05518515  0.05518515  0.02708190  0.01613076  0.00000000  0.02708190  0.04381637  0.04381637  0.03819636  
59_0_0     0.06093525  0.05518515  0.06093525  0.06673005  0.04947908  0.04947908  0.06673005  0.06093525  0.06093525  0.06673005  0.06673005  0.06673005  0.05518515  0.06093525  0.06093525  0.05518515  0.05518515  0.06093525  0.05518515  0.06093525  0.05518515  0.06673005  0.06673005  0.05518515  0.07257027  0.06093525  0.07257027  0.06673005  0.06673005  0.06673005  0.07257027  0.07257027  0.07257027  0.07257027  0.07257027  0.07257027  0.05518515  0.06093525  0.07257027  0.05518515  0.07845662  0.07257027  0.06673005  0.06673005  0.06093525  0.06093525  0.03261841  0.03261841  0.02708190  0.00000000  0.06093525  0.06673005  0.06093525  
67_0_0     0.08438982  0.07257027  0.06093525  0.05518515  0.04381637  0.03819636  0.04947908  0.07257027  0.07257027  0.06673005  0.06673005  0.07257027  0.03261841  0.01071496  0.01071496  0.01613076  0.03261841  0.02708190  0.03261841  0.02708190  0.03819636  0.02158622  0.02158622  0.03261841  0.03819636  0.04381637  0.03261841  0.03261841  0.03819636  0.03261841  0.03261841  0.02708190  0.04381637  0.02708190  0.02708190  0.02708190  0.03819636  0.03261841  0.04947908  0.04381637  0.03261841  0.06093525  0.05518515  0.03261841  0.03261841  0.03261841  0.04947908  0.03819636  0.04381637  0.06093525  0.00000000  0.01071496  0.00533822  
61_0_0     0.08438982  0.07257027  0.05518515  0.04947908  0.05518515  0.03819636  0.03819636  0.06093525  0.06093525  0.05518515  0.05518515  0.06093525  0.03261841  0.02158622  0.02158622  0.02708190  0.03261841  0.02708190  0.03261841  0.01613076  0.02708190  0.01071496  0.01071496  0.02158622  0.03819636  0.04381637  0.02158622  0.03261841  0.03819636  0.02158622  0.03261841  0.02708190  0.04381637  0.02708190  0.02708190  0.02708190  0.03819636  0.03261841  0.03819636  0.04381637  0.03261841  0.04947908  0.04381637  0.03261841  0.03261841  0.03261841  0.04947908  0.04947908  0.04381637  0.06673005  0.01071496  0.00000000  0.00533822  
74_0_0     0.09037065  0.07845662  0.06093525  0.05518515  0.04947908  0.03261841  0.04381637  0.06673005  0.06673005  0.06093525  0.06093525  0.06673005  0.02708190  0.01613076  0.01613076  0.02158622  0.02708190  0.02158622  0.03819636  0.02158622  0.03261841  0.01613076  0.01613076  0.02708190  0.04381637  0.04947908  0.02708190  0.03819636  0.04381637  0.02708190  0.03819636  0.03261841  0.04947908  0.03261841  0.03261841  0.03261841  0.04381637  0.03819636  0.04381637  0.04947908  0.03819636  0.05518515  0.04947908  0.03819636  0.03819636  0.03819636  0.04381637  0.04381637  0.03819636  0.06093525  0.00533822  0.00533822  0.00000000  

