8
53_7_0     0.00000000  0.12844524  0.12844524  0.12844524  0.13515100  0.18386243  0.21319852  0.21319852  
69_9_0     0.12844524  0.00000000  0.00000000  0.00000000  0.01132159  0.12179933  0.19838601  0.16259476  
69_10_0    0.12844524  0.00000000  0.00000000  0.00000000  0.01132159  0.12179933  0.19838601  0.16259476  
69_0_0     0.12844524  0.00000000  0.00000000  0.00000000  0.01132159  0.12179933  0.19838601  0.16259476  
69_8_0     0.13515100  0.01132159  0.01132159  0.01132159  0.00000000  0.12844524  0.19108881  0.15563841  
97_0_0     0.18386243  0.12179933  0.12179933  0.12179933  0.12844524  0.00000000  0.15563841  0.15563841  
47_0_0     0.21319852  0.19838601  0.19838601  0.19838601  0.19108881  0.15563841  0.00000000  0.16259476  
47_11_0    0.21319852  0.16259476  0.16259476  0.16259476  0.15563841  0.15563841  0.16259476  0.00000000  

