20
11_0_0     0.00000000  0.04208193  0.05176719  0.05176719  0.18490506  0.56534281  0.56534281  0.63693980  0.63693980  0.57515699  0.52733670  0.51813218  0.50904062  0.58510293  0.58510293  0.59518420  0.58510293  0.65873461  0.61576787  0.60540455  
6_0_0      0.04208193  0.00000000  0.04690873  0.04690873  0.15629454  0.58510293  0.56534281  0.64775706  0.63693980  0.61576787  0.54609607  0.53665701  0.53665701  0.56534281  0.58510293  0.53665701  0.62627821  0.65873461  0.62627821  0.61576787  
14_0_0     0.05176719  0.04690873  0.00000000  0.01840864  0.18490506  0.55565694  0.57515699  0.64775706  0.65873461  0.60540455  0.51813218  0.52733670  0.52733670  0.56534281  0.56534281  0.56534281  0.59518420  0.62627821  0.61576787  0.62627821  
17_0_0     0.05176719  0.04690873  0.01840864  0.00000000  0.16760651  0.54609607  0.56534281  0.62627821  0.62627821  0.60540455  0.52733670  0.53665701  0.51813218  0.54609607  0.54609607  0.57515699  0.58510293  0.64775706  0.62627821  0.61576787  
5_0_0      0.18490506  0.15629454  0.18490506  0.16760651  0.00000000  0.57515699  0.61576787  0.64775706  0.62627821  0.61576787  0.59518420  0.57515699  0.55565694  0.59518420  0.61576787  0.61576787  0.63693980  0.71620340  0.69267829  0.68119007  
19_0_0     0.56534281  0.58510293  0.55565694  0.54609607  0.57515699  0.00000000  0.07654920  0.14515269  0.14515269  0.09698952  0.08160665  0.08160665  0.10218895  0.51813218  0.51813218  0.50904062  0.47375061  0.65873461  0.62627821  0.60540455  
16_0_0     0.56534281  0.56534281  0.57515699  0.56534281  0.61576787  0.07654920  0.00000000  0.10742512  0.12874794  0.05665772  0.10218895  0.10218895  0.11269857  0.54609607  0.54609607  0.51813218  0.51813218  0.65873461  0.65873461  0.63693980  
7_0_0      0.63693980  0.64775706  0.64775706  0.62627821  0.64775706  0.14515269  0.10742512  0.00000000  0.06653670  0.11269857  0.15629454  0.15070267  0.18490506  0.55565694  0.56534281  0.57515699  0.56534281  0.70434747  0.71620340  0.72825214  
18_0_0     0.63693980  0.63693980  0.65873461  0.62627821  0.62627821  0.14515269  0.12874794  0.06653670  0.00000000  0.13417593  0.16192894  0.18490506  0.18490506  0.60540455  0.61576787  0.60540455  0.61576787  0.76562065  0.72825214  0.72825214  
9_0_0      0.57515699  0.61576787  0.60540455  0.60540455  0.61576787  0.09698952  0.05665772  0.11269857  0.13417593  0.00000000  0.11800982  0.10742512  0.11269857  0.57515699  0.57515699  0.53665701  0.51813218  0.72825214  0.64775706  0.65873461  
15_0_0     0.52733670  0.54609607  0.51813218  0.52733670  0.59518420  0.08160665  0.10218895  0.15629454  0.16192894  0.11800982  0.00000000  0.05665772  0.08669887  0.57515699  0.57515699  0.55565694  0.56534281  0.68119007  0.62627821  0.62627821  
8_0_0      0.51813218  0.53665701  0.52733670  0.53665701  0.57515699  0.08160665  0.10218895  0.15070267  0.18490506  0.10742512  0.05665772  0.00000000  0.04690873  0.57515699  0.57515699  0.56534281  0.54609607  0.71620340  0.63693980  0.63693980  
20_0_0     0.50904062  0.53665701  0.52733670  0.51813218  0.55565694  0.10218895  0.11269857  0.18490506  0.18490506  0.11269857  0.08669887  0.04690873  0.00000000  0.54609607  0.54609607  0.55565694  0.53665701  0.71620340  0.63693980  0.61576787  
12_0_0     0.58510293  0.56534281  0.56534281  0.54609607  0.59518420  0.51813218  0.54609607  0.55565694  0.60540455  0.57515699  0.57515699  0.57515699  0.54609607  0.00000000  0.01376342  0.08669887  0.14515269  0.68119007  0.71620340  0.69267829  
10_0_0     0.58510293  0.58510293  0.56534281  0.54609607  0.61576787  0.51813218  0.54609607  0.56534281  0.61576787  0.57515699  0.57515699  0.57515699  0.54609607  0.01376342  0.00000000  0.09182633  0.15070267  0.69267829  0.69267829  0.66987726  
13_0_0     0.59518420  0.53665701  0.56534281  0.57515699  0.61576787  0.50904062  0.51813218  0.57515699  0.60540455  0.53665701  0.55565694  0.56534281  0.55565694  0.08669887  0.09182633  0.00000000  0.14515269  0.63693980  0.66987726  0.66987726  
4_0_0      0.58510293  0.62627821  0.59518420  0.58510293  0.63693980  0.47375061  0.51813218  0.56534281  0.61576787  0.51813218  0.56534281  0.54609607  0.53665701  0.14515269  0.15070267  0.14515269  0.00000000  0.64775706  0.62627821  0.60540455  
3_0_0      0.65873461  0.65873461  0.62627821  0.64775706  0.71620340  0.65873461  0.65873461  0.70434747  0.76562065  0.72825214  0.68119007  0.71620340  0.71620340  0.68119007  0.69267829  0.63693980  0.64775706  0.00000000  0.21466499  0.20861660  
1_0_0      0.61576787  0.62627821  0.61576787  0.62627821  0.69267829  0.62627821  0.65873461  0.71620340  0.72825214  0.64775706  0.62627821  0.63693980  0.63693980  0.71620340  0.69267829  0.66987726  0.62627821  0.21466499  0.00000000  0.01376342  
2_0_0      0.60540455  0.61576787  0.62627821  0.61576787  0.68119007  0.60540455  0.63693980  0.72825214  0.72825214  0.65873461  0.62627821  0.63693980  0.61576787  0.69267829  0.66987726  0.66987726  0.60540455  0.20861660  0.01376342  0.00000000  

