53
75_23_0    0.00000000  0.00000000  0.00000000  0.00000000  0.00000000  0.00000000  0.00914950  0.00000000  0.00000000  0.00914950  0.00914950  0.00914950  0.00914950  0.00914950  0.00914950  0.00914950  0.00914950  0.00914950  0.00000000  0.00000000  0.00914950  0.01841822  0.00914950  0.00000000  0.00000000  0.00000000  0.00000000  0.00000000  0.00000000  0.00000000  0.00000000  0.00914950  0.02780932  0.02780932  0.01841822  0.00914950  0.00914950  0.00914950  0.00914950  0.00914950  0.01841822  0.00914950  0.00914950  0.01841822  0.01841822  0.01841822  0.01841822  0.01841822  0.01841822  0.01841822  0.01841822  0.00914950  0.00914950  
79_23_0    0.00000000  0.00000000  0.00000000  0.00000000  0.00000000  0.00000000  0.00914950  0.00000000  0.00000000  0.00914950  0.00914950  0.00914950  0.00914950  0.00914950  0.00914950  0.00914950  0.00914950  0.00914950  0.00000000  0.00000000  0.00914950  0.01841822  0.00914950  0.00000000  0.00000000  0.00000000  0.00000000  0.00000000  0.00000000  0.00000000  0.00000000  0.00914950  0.02780932  0.02780932  0.01841822  0.00914950  0.00914950  0.00914950  0.00914950  0.00914950  0.01841822  0.00914950  0.00914950  0.01841822  0.01841822  0.01841822  0.01841822  0.01841822  0.01841822  0.01841822  0.01841822  0.00914950  0.00914950  
77_23_0    0.00000000  0.00000000  0.00000000  0.00000000  0.00000000  0.00000000  0.00914950  0.00000000  0.00000000  0.00914950  0.00914950  0.00914950  0.00914950  0.00914950  0.00914950  0.00914950  0.00914950  0.00914950  0.00000000  0.00000000  0.00914950  0.01841822  0.00914950  0.00000000  0.00000000  0.00000000  0.00000000  0.00000000  0.00000000  0.00000000  0.00000000  0.00914950  0.02780932  0.02780932  0.01841822  0.00914950  0.00914950  0.00914950  0.00914950  0.00914950  0.01841822  0.00914950  0.00914950  0.01841822  0.01841822  0.01841822  0.01841822  0.01841822  0.01841822  0.01841822  0.01841822  0.00914950  0.00914950  
97_23_0    0.00000000  0.00000000  0.00000000  0.00000000  0.00000000  0.00000000  0.00914950  0.00000000  0.00000000  0.00914950  0.00914950  0.00914950  0.00914950  0.00914950  0.00914950  0.00914950  0.00914950  0.00914950  0.00000000  0.00000000  0.00914950  0.01841822  0.00914950  0.00000000  0.00000000  0.00000000  0.00000000  0.00000000  0.00000000  0.00000000  0.00000000  0.00914950  0.02780932  0.02780932  0.01841822  0.00914950  0.00914950  0.00914950  0.00914950  0.00914950  0.01841822  0.00914950  0.00914950  0.01841822  0.01841822  0.01841822  0.01841822  0.01841822  0.01841822  0.01841822  0.01841822  0.00914950  0.00914950  
75_27_0    0.00000000  0.00000000  0.00000000  0.00000000  0.00000000  0.00000000  0.00914950  0.00000000  0.00000000  0.00914950  0.00914950  0.00914950  0.00914950  0.00914950  0.00914950  0.00914950  0.00914950  0.00914950  0.00000000  0.00000000  0.00914950  0.01841822  0.00914950  0.00000000  0.00000000  0.00000000  0.00000000  0.00000000  0.00000000  0.00000000  0.00000000  0.00914950  0.02780932  0.02780932  0.01841822  0.00914950  0.00914950  0.00914950  0.00914950  0.00914950  0.01841822  0.00914950  0.00914950  0.01841822  0.01841822  0.01841822  0.01841822  0.01841822  0.01841822  0.01841822  0.01841822  0.00914950  0.00914950  
97_27_0    0.00000000  0.00000000  0.00000000  0.00000000  0.00000000  0.00000000  0.00914950  0.00000000  0.00000000  0.00914950  0.00914950  0.00914950  0.00914950  0.00914950  0.00914950  0.00914950  0.00914950  0.00914950  0.00000000  0.00000000  0.00914950  0.01841822  0.00914950  0.00000000  0.00000000  0.00000000  0.00000000  0.00000000  0.00000000  0.00000000  0.00000000  0.00914950  0.02780932  0.02780932  0.01841822  0.00914950  0.00914950  0.00914950  0.00914950  0.00914950  0.01841822  0.00914950  0.00914950  0.01841822  0.01841822  0.01841822  0.01841822  0.01841822  0.01841822  0.01841822  0.01841822  0.00914950  0.00914950  
75_26_0    0.00914950  0.00914950  0.00914950  0.00914950  0.00914950  0.00914950  0.00000000  0.00914950  0.00914950  0.00000000  0.00000000  0.00000000  0.00000000  0.00000000  0.00000000  0.00000000  0.00000000  0.00000000  0.00914950  0.00914950  0.00000000  0.00914950  0.01841822  0.00914950  0.00914950  0.00914950  0.00914950  0.00914950  0.00914950  0.00914950  0.00914950  0.01841822  0.01841822  0.01841822  0.00914950  0.01841822  0.01841822  0.01841822  0.01841822  0.01841822  0.00914950  0.01841822  0.01841822  0.00914950  0.00914950  0.00914950  0.00914950  0.00914950  0.00914950  0.00914950  0.00914950  0.01841822  0.01841822  
77_26_0    0.00000000  0.00000000  0.00000000  0.00000000  0.00000000  0.00000000  0.00914950  0.00000000  0.00000000  0.00914950  0.00914950  0.00914950  0.00914950  0.00914950  0.00914950  0.00914950  0.00914950  0.00914950  0.00000000  0.00000000  0.00914950  0.01841822  0.00914950  0.00000000  0.00000000  0.00000000  0.00000000  0.00000000  0.00000000  0.00000000  0.00000000  0.00914950  0.02780932  0.02780932  0.01841822  0.00914950  0.00914950  0.00914950  0.00914950  0.00914950  0.01841822  0.00914950  0.00914950  0.01841822  0.01841822  0.01841822  0.01841822  0.01841822  0.01841822  0.01841822  0.01841822  0.00914950  0.00914950  
79_26_0    0.00000000  0.00000000  0.00000000  0.00000000  0.00000000  0.00000000  0.00914950  0.00000000  0.00000000  0.00914950  0.00914950  0.00914950  0.00914950  0.00914950  0.00914950  0.00914950  0.00914950  0.00914950  0.00000000  0.00000000  0.00914950  0.01841822  0.00914950  0.00000000  0.00000000  0.00000000  0.00000000  0.00000000  0.00000000  0.00000000  0.00000000  0.00914950  0.02780932  0.02780932  0.01841822  0.00914950  0.00914950  0.00914950  0.00914950  0.00914950  0.01841822  0.00914950  0.00914950  0.01841822  0.01841822  0.01841822  0.01841822  0.01841822  0.01841822  0.01841822  0.01841822  0.00914950  0.00914950  
97_26_0    0.00914950  0.00914950  0.00914950  0.00914950  0.00914950  0.00914950  0.00000000  0.00914950  0.00914950  0.00000000  0.00000000  0.00000000  0.00000000  0.00000000  0.00000000  0.00000000  0.00000000  0.00000000  0.00914950  0.00914950  0.00000000  0.00914950  0.01841822  0.00914950  0.00914950  0.00914950  0.00914950  0.00914950  0.00914950  0.00914950  0.00914950  0.01841822  0.01841822  0.01841822  0.00914950  0.01841822  0.01841822  0.01841822  0.01841822  0.01841822  0.00914950  0.01841822  0.01841822  0.00914950  0.00914950  0.00914950  0.00914950  0.00914950  0.00914950  0.00914950  0.00914950  0.01841822  0.01841822  
94_25_0    0.00914950  0.00914950  0.00914950  0.00914950  0.00914950  0.00914950  0.00000000  0.00914950  0.00914950  0.00000000  0.00000000  0.00000000  0.00000000  0.00000000  0.00000000  0.00000000  0.00000000  0.00000000  0.00914950  0.00914950  0.00000000  0.00914950  0.01841822  0.00914950  0.00914950  0.00914950  0.00914950  0.00914950  0.00914950  0.00914950  0.00914950  0.01841822  0.01841822  0.01841822  0.00914950  0.01841822  0.01841822  0.01841822  0.01841822  0.01841822  0.00914950  0.01841822  0.01841822  0.00914950  0.00914950  0.00914950  0.00914950  0.00914950  0.00914950  0.00914950  0.00914950  0.01841822  0.01841822  
94_24_0    0.00914950  0.00914950  0.00914950  0.00914950  0.00914950  0.00914950  0.00000000  0.00914950  0.00914950  0.00000000  0.00000000  0.00000000  0.00000000  0.00000000  0.00000000  0.00000000  0.00000000  0.00000000  0.00914950  0.00914950  0.00000000  0.00914950  0.01841822  0.00914950  0.00914950  0.00914950  0.00914950  0.00914950  0.00914950  0.00914950  0.00914950  0.01841822  0.01841822  0.01841822  0.00914950  0.01841822  0.01841822  0.01841822  0.01841822  0.01841822  0.00914950  0.01841822  0.01841822  0.00914950  0.00914950  0.00914950  0.00914950  0.00914950  0.00914950  0.00914950  0.00914950  0.01841822  0.01841822  
95_24_0    0.00914950  0.00914950  0.00914950  0.00914950  0.00914950  0.00914950  0.00000000  0.00914950  0.00914950  0.00000000  0.00000000  0.00000000  0.00000000  0.00000000  0.00000000  0.00000000  0.00000000  0.00000000  0.00914950  0.00914950  0.00000000  0.00914950  0.01841822  0.00914950  0.00914950  0.00914950  0.00914950  0.00914950  0.00914950  0.00914950  0.00914950  0.01841822  0.01841822  0.01841822  0.00914950  0.01841822  0.01841822  0.01841822  0.01841822  0.01841822  0.00914950  0.01841822  0.01841822  0.00914950  0.00914950  0.00914950  0.00914950  0.00914950  0.00914950  0.00914950  0.00914950  0.01841822  0.01841822  
85_24_0    0.00914950  0.00914950  0.00914950  0.00914950  0.00914950  0.00914950  0.00000000  0.00914950  0.00914950  0.00000000  0.00000000  0.00000000  0.00000000  0.00000000  0.00000000  0.00000000  0.00000000  0.00000000  0.00914950  0.00914950  0.00000000  0.00914950  0.01841822  0.00914950  0.00914950  0.00914950  0.00914950  0.00914950  0.00914950  0.00914950  0.00914950  0.01841822  0.01841822  0.01841822  0.00914950  0.01841822  0.01841822  0.01841822  0.01841822  0.01841822  0.00914950  0.01841822  0.01841822  0.00914950  0.00914950  0.00914950  0.00914950  0.00914950  0.00914950  0.00914950  0.00914950  0.01841822  0.01841822  
97_28_0    0.00914950  0.00914950  0.00914950  0.00914950  0.00914950  0.00914950  0.00000000  0.00914950  0.00914950  0.00000000  0.00000000  0.00000000  0.00000000  0.00000000  0.00000000  0.00000000  0.00000000  0.00000000  0.00914950  0.00914950  0.00000000  0.00914950  0.01841822  0.00914950  0.00914950  0.00914950  0.00914950  0.00914950  0.00914950  0.00914950  0.00914950  0.01841822  0.01841822  0.01841822  0.00914950  0.01841822  0.01841822  0.01841822  0.01841822  0.01841822  0.00914950  0.01841822  0.01841822  0.00914950  0.00914950  0.00914950  0.00914950  0.00914950  0.00914950  0.00914950  0.00914950  0.01841822  0.01841822  
97_24_0    0.00914950  0.00914950  0.00914950  0.00914950  0.00914950  0.00914950  0.00000000  0.00914950  0.00914950  0.00000000  0.00000000  0.00000000  0.00000000  0.00000000  0.00000000  0.00000000  0.00000000  0.00000000  0.00914950  0.00914950  0.00000000  0.00914950  0.01841822  0.00914950  0.00914950  0.00914950  0.00914950  0.00914950  0.00914950  0.00914950  0.00914950  0.01841822  0.01841822  0.01841822  0.00914950  0.01841822  0.01841822  0.01841822  0.01841822  0.01841822  0.00914950  0.01841822  0.01841822  0.00914950  0.00914950  0.00914950  0.00914950  0.00914950  0.00914950  0.00914950  0.00914950  0.01841822  0.01841822  
79_24_0    0.00914950  0.00914950  0.00914950  0.00914950  0.00914950  0.00914950  0.00000000  0.00914950  0.00914950  0.00000000  0.00000000  0.00000000  0.00000000  0.00000000  0.00000000  0.00000000  0.00000000  0.00000000  0.00914950  0.00914950  0.00000000  0.00914950  0.01841822  0.00914950  0.00914950  0.00914950  0.00914950  0.00914950  0.00914950  0.00914950  0.00914950  0.01841822  0.01841822  0.01841822  0.00914950  0.01841822  0.01841822  0.01841822  0.01841822  0.01841822  0.00914950  0.01841822  0.01841822  0.00914950  0.00914950  0.00914950  0.00914950  0.00914950  0.00914950  0.00914950  0.00914950  0.01841822  0.01841822  
77_24_0    0.00914950  0.00914950  0.00914950  0.00914950  0.00914950  0.00914950  0.00000000  0.00914950  0.00914950  0.00000000  0.00000000  0.00000000  0.00000000  0.00000000  0.00000000  0.00000000  0.00000000  0.00000000  0.00914950  0.00914950  0.00000000  0.00914950  0.01841822  0.00914950  0.00914950  0.00914950  0.00914950  0.00914950  0.00914950  0.00914950  0.00914950  0.01841822  0.01841822  0.01841822  0.00914950  0.01841822  0.01841822  0.01841822  0.01841822  0.01841822  0.00914950  0.01841822  0.01841822  0.00914950  0.00914950  0.00914950  0.00914950  0.00914950  0.00914950  0.00914950  0.00914950  0.01841822  0.01841822  
72_0_0     0.00000000  0.00000000  0.00000000  0.00000000  0.00000000  0.00000000  0.00914950  0.00000000  0.00000000  0.00914950  0.00914950  0.00914950  0.00914950  0.00914950  0.00914950  0.00914950  0.00914950  0.00914950  0.00000000  0.00000000  0.00914950  0.01841822  0.00914950  0.00000000  0.00000000  0.00000000  0.00000000  0.00000000  0.00000000  0.00000000  0.00000000  0.00914950  0.02780932  0.02780932  0.01841822  0.00914950  0.00914950  0.00914950  0.00914950  0.00914950  0.01841822  0.00914950  0.00914950  0.01841822  0.01841822  0.01841822  0.01841822  0.01841822  0.01841822  0.01841822  0.01841822  0.00914950  0.00914950  
88_0_0     0.00000000  0.00000000  0.00000000  0.00000000  0.00000000  0.00000000  0.00914950  0.00000000  0.00000000  0.00914950  0.00914950  0.00914950  0.00914950  0.00914950  0.00914950  0.00914950  0.00914950  0.00914950  0.00000000  0.00000000  0.00914950  0.01841822  0.00914950  0.00000000  0.00000000  0.00000000  0.00000000  0.00000000  0.00000000  0.00000000  0.00000000  0.00914950  0.02780932  0.02780932  0.01841822  0.00914950  0.00914950  0.00914950  0.00914950  0.00914950  0.01841822  0.00914950  0.00914950  0.01841822  0.01841822  0.01841822  0.01841822  0.01841822  0.01841822  0.01841822  0.01841822  0.00914950  0.00914950  
100_21_0   0.00914950  0.00914950  0.00914950  0.00914950  0.00914950  0.00914950  0.00000000  0.00914950  0.00914950  0.00000000  0.00000000  0.00000000  0.00000000  0.00000000  0.00000000  0.00000000  0.00000000  0.00000000  0.00914950  0.00914950  0.00000000  0.00914950  0.01841822  0.00914950  0.00914950  0.00914950  0.00914950  0.00914950  0.00914950  0.00914950  0.00914950  0.01841822  0.01841822  0.01841822  0.00914950  0.01841822  0.01841822  0.01841822  0.01841822  0.01841822  0.00914950  0.01841822  0.01841822  0.00914950  0.00914950  0.00914950  0.00914950  0.00914950  0.00914950  0.00914950  0.00914950  0.01841822  0.01841822  
98_22_0    0.01841822  0.01841822  0.01841822  0.01841822  0.01841822  0.01841822  0.00914950  0.01841822  0.01841822  0.00914950  0.00914950  0.00914950  0.00914950  0.00914950  0.00914950  0.00914950  0.00914950  0.00914950  0.01841822  0.01841822  0.00914950  0.00000000  0.00914950  0.01841822  0.01841822  0.01841822  0.01841822  0.01841822  0.01841822  0.01841822  0.01841822  0.02780932  0.01841822  0.01841822  0.01841822  0.02780932  0.02780932  0.02780932  0.02780932  0.02780932  0.01841822  0.02780932  0.02780932  0.01841822  0.01841822  0.01841822  0.01841822  0.01841822  0.01841822  0.01841822  0.01841822  0.02780932  0.02780932  
98_21_0    0.00914950  0.00914950  0.00914950  0.00914950  0.00914950  0.00914950  0.01841822  0.00914950  0.00914950  0.01841822  0.01841822  0.01841822  0.01841822  0.01841822  0.01841822  0.01841822  0.01841822  0.01841822  0.00914950  0.00914950  0.01841822  0.00914950  0.00000000  0.00914950  0.00914950  0.00914950  0.00914950  0.00914950  0.00914950  0.00914950  0.00914950  0.01841822  0.02780932  0.02780932  0.02780932  0.01841822  0.01841822  0.01841822  0.01841822  0.01841822  0.02780932  0.01841822  0.01841822  0.02780932  0.02780932  0.02780932  0.02780932  0.02780932  0.02780932  0.02780932  0.02780932  0.01841822  0.01841822  
68_20_0    0.00000000  0.00000000  0.00000000  0.00000000  0.00000000  0.00000000  0.00914950  0.00000000  0.00000000  0.00914950  0.00914950  0.00914950  0.00914950  0.00914950  0.00914950  0.00914950  0.00914950  0.00914950  0.00000000  0.00000000  0.00914950  0.01841822  0.00914950  0.00000000  0.00000000  0.00000000  0.00000000  0.00000000  0.00000000  0.00000000  0.00000000  0.00914950  0.02780932  0.02780932  0.01841822  0.00914950  0.00914950  0.00914950  0.00914950  0.00914950  0.01841822  0.00914950  0.00914950  0.01841822  0.01841822  0.01841822  0.01841822  0.01841822  0.01841822  0.01841822  0.01841822  0.00914950  0.00914950  
68_17_0    0.00000000  0.00000000  0.00000000  0.00000000  0.00000000  0.00000000  0.00914950  0.00000000  0.00000000  0.00914950  0.00914950  0.00914950  0.00914950  0.00914950  0.00914950  0.00914950  0.00914950  0.00914950  0.00000000  0.00000000  0.00914950  0.01841822  0.00914950  0.00000000  0.00000000  0.00000000  0.00000000  0.00000000  0.00000000  0.00000000  0.00000000  0.00914950  0.02780932  0.02780932  0.01841822  0.00914950  0.00914950  0.00914950  0.00914950  0.00914950  0.01841822  0.00914950  0.00914950  0.01841822  0.01841822  0.01841822  0.01841822  0.01841822  0.01841822  0.01841822  0.01841822  0.00914950  0.00914950  
85_17_0    0.00000000  0.00000000  0.00000000  0.00000000  0.00000000  0.00000000  0.00914950  0.00000000  0.00000000  0.00914950  0.00914950  0.00914950  0.00914950  0.00914950  0.00914950  0.00914950  0.00914950  0.00914950  0.00000000  0.00000000  0.00914950  0.01841822  0.00914950  0.00000000  0.00000000  0.00000000  0.00000000  0.00000000  0.00000000  0.00000000  0.00000000  0.00914950  0.02780932  0.02780932  0.01841822  0.00914950  0.00914950  0.00914950  0.00914950  0.00914950  0.01841822  0.00914950  0.00914950  0.01841822  0.01841822  0.01841822  0.01841822  0.01841822  0.01841822  0.01841822  0.01841822  0.00914950  0.00914950  
95_17_0    0.00000000  0.00000000  0.00000000  0.00000000  0.00000000  0.00000000  0.00914950  0.00000000  0.00000000  0.00914950  0.00914950  0.00914950  0.00914950  0.00914950  0.00914950  0.00914950  0.00914950  0.00914950  0.00000000  0.00000000  0.00914950  0.01841822  0.00914950  0.00000000  0.00000000  0.00000000  0.00000000  0.00000000  0.00000000  0.00000000  0.00000000  0.00914950  0.02780932  0.02780932  0.01841822  0.00914950  0.00914950  0.00914950  0.00914950  0.00914950  0.01841822  0.00914950  0.00914950  0.01841822  0.01841822  0.01841822  0.01841822  0.01841822  0.01841822  0.01841822  0.01841822  0.00914950  0.00914950  
94_17_0    0.00000000  0.00000000  0.00000000  0.00000000  0.00000000  0.00000000  0.00914950  0.00000000  0.00000000  0.00914950  0.00914950  0.00914950  0.00914950  0.00914950  0.00914950  0.00914950  0.00914950  0.00914950  0.00000000  0.00000000  0.00914950  0.01841822  0.00914950  0.00000000  0.00000000  0.00000000  0.00000000  0.00000000  0.00000000  0.00000000  0.00000000  0.00914950  0.02780932  0.02780932  0.01841822  0.00914950  0.00914950  0.00914950  0.00914950  0.00914950  0.01841822  0.00914950  0.00914950  0.01841822  0.01841822  0.01841822  0.01841822  0.01841822  0.01841822  0.01841822  0.01841822  0.00914950  0.00914950  
97_17_0    0.00000000  0.00000000  0.00000000  0.00000000  0.00000000  0.00000000  0.00914950  0.00000000  0.00000000  0.00914950  0.00914950  0.00914950  0.00914950  0.00914950  0.00914950  0.00914950  0.00914950  0.00914950  0.00000000  0.00000000  0.00914950  0.01841822  0.00914950  0.00000000  0.00000000  0.00000000  0.00000000  0.00000000  0.00000000  0.00000000  0.00000000  0.00914950  0.02780932  0.02780932  0.01841822  0.00914950  0.00914950  0.00914950  0.00914950  0.00914950  0.01841822  0.00914950  0.00914950  0.01841822  0.01841822  0.01841822  0.01841822  0.01841822  0.01841822  0.01841822  0.01841822  0.00914950  0.00914950  
79_17_0    0.00000000  0.00000000  0.00000000  0.00000000  0.00000000  0.00000000  0.00914950  0.00000000  0.00000000  0.00914950  0.00914950  0.00914950  0.00914950  0.00914950  0.00914950  0.00914950  0.00914950  0.00914950  0.00000000  0.00000000  0.00914950  0.01841822  0.00914950  0.00000000  0.00000000  0.00000000  0.00000000  0.00000000  0.00000000  0.00000000  0.00000000  0.00914950  0.02780932  0.02780932  0.01841822  0.00914950  0.00914950  0.00914950  0.00914950  0.00914950  0.01841822  0.00914950  0.00914950  0.01841822  0.01841822  0.01841822  0.01841822  0.01841822  0.01841822  0.01841822  0.01841822  0.00914950  0.00914950  
77_17_0    0.00000000  0.00000000  0.00000000  0.00000000  0.00000000  0.00000000  0.00914950  0.00000000  0.00000000  0.00914950  0.00914950  0.00914950  0.00914950  0.00914950  0.00914950  0.00914950  0.00914950  0.00914950  0.00000000  0.00000000  0.00914950  0.01841822  0.00914950  0.00000000  0.00000000  0.00000000  0.00000000  0.00000000  0.00000000  0.00000000  0.00000000  0.00914950  0.02780932  0.02780932  0.01841822  0.00914950  0.00914950  0.00914950  0.00914950  0.00914950  0.01841822  0.00914950  0.00914950  0.01841822  0.01841822  0.01841822  0.01841822  0.01841822  0.01841822  0.01841822  0.01841822  0.00914950  0.00914950  
92_7_0     0.00914950  0.00914950  0.00914950  0.00914950  0.00914950  0.00914950  0.01841822  0.00914950  0.00914950  0.01841822  0.01841822  0.01841822  0.01841822  0.01841822  0.01841822  0.01841822  0.01841822  0.01841822  0.00914950  0.00914950  0.01841822  0.02780932  0.01841822  0.00914950  0.00914950  0.00914950  0.00914950  0.00914950  0.00914950  0.00914950  0.00914950  0.00000000  0.01841822  0.01841822  0.00914950  0.01841822  0.01841822  0.00000000  0.00000000  0.00000000  0.00914950  0.00000000  0.00000000  0.00914950  0.00914950  0.00914950  0.00914950  0.00914950  0.00914950  0.00914950  0.00914950  0.00000000  0.00000000  
80_11_0    0.02780932  0.02780932  0.02780932  0.02780932  0.02780932  0.02780932  0.01841822  0.02780932  0.02780932  0.01841822  0.01841822  0.01841822  0.01841822  0.01841822  0.01841822  0.01841822  0.01841822  0.01841822  0.02780932  0.02780932  0.01841822  0.01841822  0.02780932  0.02780932  0.02780932  0.02780932  0.02780932  0.02780932  0.02780932  0.02780932  0.02780932  0.01841822  0.00000000  0.00000000  0.00914950  0.03732606  0.03732606  0.01841822  0.01841822  0.01841822  0.00914950  0.01841822  0.01841822  0.00914950  0.00914950  0.00914950  0.00914950  0.00914950  0.00914950  0.00914950  0.00914950  0.01841822  0.01841822  
80_0_0     0.02780932  0.02780932  0.02780932  0.02780932  0.02780932  0.02780932  0.01841822  0.02780932  0.02780932  0.01841822  0.01841822  0.01841822  0.01841822  0.01841822  0.01841822  0.01841822  0.01841822  0.01841822  0.02780932  0.02780932  0.01841822  0.01841822  0.02780932  0.02780932  0.02780932  0.02780932  0.02780932  0.02780932  0.02780932  0.02780932  0.02780932  0.01841822  0.00000000  0.00000000  0.00914950  0.03732606  0.03732606  0.01841822  0.01841822  0.01841822  0.00914950  0.01841822  0.01841822  0.00914950  0.00914950  0.00914950  0.00914950  0.00914950  0.00914950  0.00914950  0.00914950  0.01841822  0.01841822  
74_0_0     0.01841822  0.01841822  0.01841822  0.01841822  0.01841822  0.01841822  0.00914950  0.01841822  0.01841822  0.00914950  0.00914950  0.00914950  0.00914950  0.00914950  0.00914950  0.00914950  0.00914950  0.00914950  0.01841822  0.01841822  0.00914950  0.01841822  0.02780932  0.01841822  0.01841822  0.01841822  0.01841822  0.01841822  0.01841822  0.01841822  0.01841822  0.00914950  0.00914950  0.00914950  0.00000000  0.02780932  0.02780932  0.00914950  0.00914950  0.00914950  0.00000000  0.00914950  0.00914950  0.00000000  0.00000000  0.00000000  0.00000000  0.00000000  0.00000000  0.00000000  0.00000000  0.00914950  0.00914950  
74_14_0    0.00914950  0.00914950  0.00914950  0.00914950  0.00914950  0.00914950  0.01841822  0.00914950  0.00914950  0.01841822  0.01841822  0.01841822  0.01841822  0.01841822  0.01841822  0.01841822  0.01841822  0.01841822  0.00914950  0.00914950  0.01841822  0.02780932  0.01841822  0.00914950  0.00914950  0.00914950  0.00914950  0.00914950  0.00914950  0.00914950  0.00914950  0.01841822  0.03732606  0.03732606  0.02780932  0.00000000  0.00000000  0.01841822  0.01841822  0.01841822  0.02780932  0.01841822  0.01841822  0.02780932  0.02780932  0.02780932  0.02780932  0.02780932  0.02780932  0.02780932  0.02780932  0.01841822  0.01841822  
93_16_0    0.00914950  0.00914950  0.00914950  0.00914950  0.00914950  0.00914950  0.01841822  0.00914950  0.00914950  0.01841822  0.01841822  0.01841822  0.01841822  0.01841822  0.01841822  0.01841822  0.01841822  0.01841822  0.00914950  0.00914950  0.01841822  0.02780932  0.01841822  0.00914950  0.00914950  0.00914950  0.00914950  0.00914950  0.00914950  0.00914950  0.00914950  0.01841822  0.03732606  0.03732606  0.02780932  0.00000000  0.00000000  0.01841822  0.01841822  0.01841822  0.02780932  0.01841822  0.01841822  0.02780932  0.02780932  0.02780932  0.02780932  0.02780932  0.02780932  0.02780932  0.02780932  0.01841822  0.01841822  
93_12_0    0.00914950  0.00914950  0.00914950  0.00914950  0.00914950  0.00914950  0.01841822  0.00914950  0.00914950  0.01841822  0.01841822  0.01841822  0.01841822  0.01841822  0.01841822  0.01841822  0.01841822  0.01841822  0.00914950  0.00914950  0.01841822  0.02780932  0.01841822  0.00914950  0.00914950  0.00914950  0.00914950  0.00914950  0.00914950  0.00914950  0.00914950  0.00000000  0.01841822  0.01841822  0.00914950  0.01841822  0.01841822  0.00000000  0.00000000  0.00000000  0.00914950  0.00000000  0.00000000  0.00914950  0.00914950  0.00914950  0.00914950  0.00914950  0.00914950  0.00914950  0.00914950  0.00000000  0.00000000  
93_15_0    0.00914950  0.00914950  0.00914950  0.00914950  0.00914950  0.00914950  0.01841822  0.00914950  0.00914950  0.01841822  0.01841822  0.01841822  0.01841822  0.01841822  0.01841822  0.01841822  0.01841822  0.01841822  0.00914950  0.00914950  0.01841822  0.02780932  0.01841822  0.00914950  0.00914950  0.00914950  0.00914950  0.00914950  0.00914950  0.00914950  0.00914950  0.00000000  0.01841822  0.01841822  0.00914950  0.01841822  0.01841822  0.00000000  0.00000000  0.00000000  0.00914950  0.00000000  0.00000000  0.00914950  0.00914950  0.00914950  0.00914950  0.00914950  0.00914950  0.00914950  0.00914950  0.00000000  0.00000000  
55_0_0     0.00914950  0.00914950  0.00914950  0.00914950  0.00914950  0.00914950  0.01841822  0.00914950  0.00914950  0.01841822  0.01841822  0.01841822  0.01841822  0.01841822  0.01841822  0.01841822  0.01841822  0.01841822  0.00914950  0.00914950  0.01841822  0.02780932  0.01841822  0.00914950  0.00914950  0.00914950  0.00914950  0.00914950  0.00914950  0.00914950  0.00914950  0.00000000  0.01841822  0.01841822  0.00914950  0.01841822  0.01841822  0.00000000  0.00000000  0.00000000  0.00914950  0.00000000  0.00000000  0.00914950  0.00914950  0.00914950  0.00914950  0.00914950  0.00914950  0.00914950  0.00914950  0.00000000  0.00000000  
58_0_0     0.01841822  0.01841822  0.01841822  0.01841822  0.01841822  0.01841822  0.00914950  0.01841822  0.01841822  0.00914950  0.00914950  0.00914950  0.00914950  0.00914950  0.00914950  0.00914950  0.00914950  0.00914950  0.01841822  0.01841822  0.00914950  0.01841822  0.02780932  0.01841822  0.01841822  0.01841822  0.01841822  0.01841822  0.01841822  0.01841822  0.01841822  0.00914950  0.00914950  0.00914950  0.00000000  0.02780932  0.02780932  0.00914950  0.00914950  0.00914950  0.00000000  0.00914950  0.00914950  0.00000000  0.00000000  0.00000000  0.00000000  0.00000000  0.00000000  0.00000000  0.00000000  0.00914950  0.00914950  
43_1_0     0.00914950  0.00914950  0.00914950  0.00914950  0.00914950  0.00914950  0.01841822  0.00914950  0.00914950  0.01841822  0.01841822  0.01841822  0.01841822  0.01841822  0.01841822  0.01841822  0.01841822  0.01841822  0.00914950  0.00914950  0.01841822  0.02780932  0.01841822  0.00914950  0.00914950  0.00914950  0.00914950  0.00914950  0.00914950  0.00914950  0.00914950  0.00000000  0.01841822  0.01841822  0.00914950  0.01841822  0.01841822  0.00000000  0.00000000  0.00000000  0.00914950  0.00000000  0.00000000  0.00914950  0.00914950  0.00914950  0.00914950  0.00914950  0.00914950  0.00914950  0.00914950  0.00000000  0.00000000  
9_1_0      0.00914950  0.00914950  0.00914950  0.00914950  0.00914950  0.00914950  0.01841822  0.00914950  0.00914950  0.01841822  0.01841822  0.01841822  0.01841822  0.01841822  0.01841822  0.01841822  0.01841822  0.01841822  0.00914950  0.00914950  0.01841822  0.02780932  0.01841822  0.00914950  0.00914950  0.00914950  0.00914950  0.00914950  0.00914950  0.00914950  0.00914950  0.00000000  0.01841822  0.01841822  0.00914950  0.01841822  0.01841822  0.00000000  0.00000000  0.00000000  0.00914950  0.00000000  0.00000000  0.00914950  0.00914950  0.00914950  0.00914950  0.00914950  0.00914950  0.00914950  0.00914950  0.00000000  0.00000000  
26_0_0     0.01841822  0.01841822  0.01841822  0.01841822  0.01841822  0.01841822  0.00914950  0.01841822  0.01841822  0.00914950  0.00914950  0.00914950  0.00914950  0.00914950  0.00914950  0.00914950  0.00914950  0.00914950  0.01841822  0.01841822  0.00914950  0.01841822  0.02780932  0.01841822  0.01841822  0.01841822  0.01841822  0.01841822  0.01841822  0.01841822  0.01841822  0.00914950  0.00914950  0.00914950  0.00000000  0.02780932  0.02780932  0.00914950  0.00914950  0.00914950  0.00000000  0.00914950  0.00914950  0.00000000  0.00000000  0.00000000  0.00000000  0.00000000  0.00000000  0.00000000  0.00000000  0.00914950  0.00914950  
23_0_0     0.01841822  0.01841822  0.01841822  0.01841822  0.01841822  0.01841822  0.00914950  0.01841822  0.01841822  0.00914950  0.00914950  0.00914950  0.00914950  0.00914950  0.00914950  0.00914950  0.00914950  0.00914950  0.01841822  0.01841822  0.00914950  0.01841822  0.02780932  0.01841822  0.01841822  0.01841822  0.01841822  0.01841822  0.01841822  0.01841822  0.01841822  0.00914950  0.00914950  0.00914950  0.00000000  0.02780932  0.02780932  0.00914950  0.00914950  0.00914950  0.00000000  0.00914950  0.00914950  0.00000000  0.00000000  0.00000000  0.00000000  0.00000000  0.00000000  0.00000000  0.00000000  0.00914950  0.00914950  
41_2_0     0.01841822  0.01841822  0.01841822  0.01841822  0.01841822  0.01841822  0.00914950  0.01841822  0.01841822  0.00914950  0.00914950  0.00914950  0.00914950  0.00914950  0.00914950  0.00914950  0.00914950  0.00914950  0.01841822  0.01841822  0.00914950  0.01841822  0.02780932  0.01841822  0.01841822  0.01841822  0.01841822  0.01841822  0.01841822  0.01841822  0.01841822  0.00914950  0.00914950  0.00914950  0.00000000  0.02780932  0.02780932  0.00914950  0.00914950  0.00914950  0.00000000  0.00914950  0.00914950  0.00000000  0.00000000  0.00000000  0.00000000  0.00000000  0.00000000  0.00000000  0.00000000  0.00914950  0.00914950  
64_2_0     0.01841822  0.01841822  0.01841822  0.01841822  0.01841822  0.01841822  0.00914950  0.01841822  0.01841822  0.00914950  0.00914950  0.00914950  0.00914950  0.00914950  0.00914950  0.00914950  0.00914950  0.00914950  0.01841822  0.01841822  0.00914950  0.01841822  0.02780932  0.01841822  0.01841822  0.01841822  0.01841822  0.01841822  0.01841822  0.01841822  0.01841822  0.00914950  0.00914950  0.00914950  0.00000000  0.02780932  0.02780932  0.00914950  0.00914950  0.00914950  0.00000000  0.00914950  0.00914950  0.00000000  0.00000000  0.00000000  0.00000000  0.00000000  0.00000000  0.00000000  0.00000000  0.00914950  0.00914950  
64_3_0     0.01841822  0.01841822  0.01841822  0.01841822  0.01841822  0.01841822  0.00914950  0.01841822  0.01841822  0.00914950  0.00914950  0.00914950  0.00914950  0.00914950  0.00914950  0.00914950  0.00914950  0.00914950  0.01841822  0.01841822  0.00914950  0.01841822  0.02780932  0.01841822  0.01841822  0.01841822  0.01841822  0.01841822  0.01841822  0.01841822  0.01841822  0.00914950  0.00914950  0.00914950  0.00000000  0.02780932  0.02780932  0.00914950  0.00914950  0.00914950  0.00000000  0.00914950  0.00914950  0.00000000  0.00000000  0.00000000  0.00000000  0.00000000  0.00000000  0.00000000  0.00000000  0.00914950  0.00914950  
41_3_0     0.01841822  0.01841822  0.01841822  0.01841822  0.01841822  0.01841822  0.00914950  0.01841822  0.01841822  0.00914950  0.00914950  0.00914950  0.00914950  0.00914950  0.00914950  0.00914950  0.00914950  0.00914950  0.01841822  0.01841822  0.00914950  0.01841822  0.02780932  0.01841822  0.01841822  0.01841822  0.01841822  0.01841822  0.01841822  0.01841822  0.01841822  0.00914950  0.00914950  0.00914950  0.00000000  0.02780932  0.02780932  0.00914950  0.00914950  0.00914950  0.00000000  0.00914950  0.00914950  0.00000000  0.00000000  0.00000000  0.00000000  0.00000000  0.00000000  0.00000000  0.00000000  0.00914950  0.00914950  
41_0_0     0.01841822  0.01841822  0.01841822  0.01841822  0.01841822  0.01841822  0.00914950  0.01841822  0.01841822  0.00914950  0.00914950  0.00914950  0.00914950  0.00914950  0.00914950  0.00914950  0.00914950  0.00914950  0.01841822  0.01841822  0.00914950  0.01841822  0.02780932  0.01841822  0.01841822  0.01841822  0.01841822  0.01841822  0.01841822  0.01841822  0.01841822  0.00914950  0.00914950  0.00914950  0.00000000  0.02780932  0.02780932  0.00914950  0.00914950  0.00914950  0.00000000  0.00914950  0.00914950  0.00000000  0.00000000  0.00000000  0.00000000  0.00000000  0.00000000  0.00000000  0.00000000  0.00914950  0.00914950  
64_0_0     0.01841822  0.01841822  0.01841822  0.01841822  0.01841822  0.01841822  0.00914950  0.01841822  0.01841822  0.00914950  0.00914950  0.00914950  0.00914950  0.00914950  0.00914950  0.00914950  0.00914950  0.00914950  0.01841822  0.01841822  0.00914950  0.01841822  0.02780932  0.01841822  0.01841822  0.01841822  0.01841822  0.01841822  0.01841822  0.01841822  0.01841822  0.00914950  0.00914950  0.00914950  0.00000000  0.02780932  0.02780932  0.00914950  0.00914950  0.00914950  0.00000000  0.00914950  0.00914950  0.00000000  0.00000000  0.00000000  0.00000000  0.00000000  0.00000000  0.00000000  0.00000000  0.00914950  0.00914950  
66_4_0     0.00914950  0.00914950  0.00914950  0.00914950  0.00914950  0.00914950  0.01841822  0.00914950  0.00914950  0.01841822  0.01841822  0.01841822  0.01841822  0.01841822  0.01841822  0.01841822  0.01841822  0.01841822  0.00914950  0.00914950  0.01841822  0.02780932  0.01841822  0.00914950  0.00914950  0.00914950  0.00914950  0.00914950  0.00914950  0.00914950  0.00914950  0.00000000  0.01841822  0.01841822  0.00914950  0.01841822  0.01841822  0.00000000  0.00000000  0.00000000  0.00914950  0.00000000  0.00000000  0.00914950  0.00914950  0.00914950  0.00914950  0.00914950  0.00914950  0.00914950  0.00914950  0.00000000  0.00000000  
66_0_0     0.00914950  0.00914950  0.00914950  0.00914950  0.00914950  0.00914950  0.01841822  0.00914950  0.00914950  0.01841822  0.01841822  0.01841822  0.01841822  0.01841822  0.01841822  0.01841822  0.01841822  0.01841822  0.00914950  0.00914950  0.01841822  0.02780932  0.01841822  0.00914950  0.00914950  0.00914950  0.00914950  0.00914950  0.00914950  0.00914950  0.00914950  0.00000000  0.01841822  0.01841822  0.00914950  0.01841822  0.01841822  0.00000000  0.00000000  0.00000000  0.00914950  0.00000000  0.00000000  0.00914950  0.00914950  0.00914950  0.00914950  0.00914950  0.00914950  0.00914950  0.00914950  0.00000000  0.00000000  

