49
92_0_0     0.00000000  0.11629458  0.10764389  0.22403322  0.21899878  0.21899878  0.21899878  0.18950813  0.19434030  0.20903405  0.43359149  0.43359149  0.48249243  0.46817935  0.34473247  0.35072916  0.35677611  0.37522705  0.39416216  0.36287415  0.37522705  0.38779509  0.34473247  0.35677611  0.32703571  0.35677611  0.34473247  0.34473247  0.38148371  0.39416216  0.40058592  0.28735667  0.30409554  0.28186223  0.34473247  0.33878520  0.33878520  0.28186223  0.29847266  0.33288654  0.42020757  0.42020757  0.43359149  0.42686850  0.44722835  0.39416216  0.29847266  0.29289326  0.28186223  
97_0_0     0.11629458  0.00000000  0.04587204  0.19920505  0.19434030  0.19434030  0.19434030  0.17520278  0.17993979  0.17520278  0.40058592  0.40058592  0.42686850  0.42686850  0.29847266  0.33288654  0.32123194  0.30976258  0.46817935  0.42020757  0.40706736  0.41360756  0.40706736  0.36287415  0.35072916  0.35072916  0.32123194  0.32123194  0.38779509  0.38779509  0.41360756  0.30976258  0.31547447  0.26562555  0.35072916  0.33288654  0.33288654  0.29847266  0.29289326  0.32703571  0.41360756  0.41360756  0.41360756  0.42020757  0.42686850  0.38779509  0.32703571  0.30409554  0.32123194  
95_0_0     0.10764389  0.04587204  0.00000000  0.19920505  0.19434030  0.19434030  0.19434030  0.17520278  0.17993979  0.17520278  0.39416216  0.39416216  0.44722835  0.43359149  0.32703571  0.35677611  0.34473247  0.33878520  0.45414465  0.40706736  0.40706736  0.42686850  0.39416216  0.36287415  0.34473247  0.35072916  0.34473247  0.34473247  0.40058592  0.41360756  0.43359149  0.32123194  0.33878520  0.28735667  0.36287415  0.33288654  0.33288654  0.29289326  0.30409554  0.33878520  0.40706736  0.40706736  0.40706736  0.41360756  0.42020757  0.38148371  0.34473247  0.30976258  0.32703571  
86_0_0     0.22403322  0.19920505  0.19920505  0.00000000  0.01876028  0.01876028  0.02640312  0.03802133  0.03412777  0.02640312  0.35677611  0.34473247  0.38148371  0.39416216  0.33288654  0.32703571  0.31547447  0.35677611  0.42686850  0.34473247  0.37522705  0.38148371  0.36287415  0.35677611  0.35677611  0.34473247  0.35677611  0.35677611  0.40706736  0.42686850  0.42686850  0.28735667  0.29289326  0.26029350  0.32123194  0.31547447  0.31547447  0.32123194  0.35677611  0.36902417  0.35677611  0.35677611  0.36902417  0.35072916  0.36902417  0.36902417  0.32123194  0.30976258  0.29289326  
98_0_0     0.21899878  0.19434030  0.19434030  0.01876028  0.00000000  0.00000000  0.01496900  0.03412777  0.03025511  0.02257158  0.35677611  0.34473247  0.37522705  0.39416216  0.32703571  0.32123194  0.30976258  0.36287415  0.42686850  0.34473247  0.37522705  0.39416216  0.36287415  0.36287415  0.35072916  0.35072916  0.36287415  0.36287415  0.38148371  0.40058592  0.41360756  0.28735667  0.29289326  0.26029350  0.32123194  0.32123194  0.32123194  0.31547447  0.35072916  0.36287415  0.36287415  0.36287415  0.36287415  0.34473247  0.36287415  0.36287415  0.30409554  0.29289326  0.27640931  
82_0_0     0.21899878  0.19434030  0.19434030  0.01876028  0.00000000  0.00000000  0.01496900  0.03412777  0.03025511  0.02257158  0.35677611  0.34473247  0.37522705  0.39416216  0.32703571  0.32123194  0.30976258  0.36287415  0.42686850  0.34473247  0.37522705  0.39416216  0.36287415  0.36287415  0.35072916  0.35072916  0.36287415  0.36287415  0.38148371  0.40058592  0.41360756  0.28735667  0.29289326  0.26029350  0.32123194  0.32123194  0.32123194  0.31547447  0.35072916  0.36287415  0.36287415  0.36287415  0.36287415  0.34473247  0.36287415  0.36287415  0.30409554  0.29289326  0.27640931  
88_0_0     0.21899878  0.19434030  0.19434030  0.02640312  0.01496900  0.01496900  0.00000000  0.03412777  0.03025511  0.02257158  0.36287415  0.35072916  0.38779509  0.39416216  0.33288654  0.32123194  0.30976258  0.36287415  0.43359149  0.35072916  0.38148371  0.40058592  0.36902417  0.36902417  0.35677611  0.35677611  0.36902417  0.36902417  0.39416216  0.40058592  0.42686850  0.30409554  0.30976258  0.27640931  0.33878520  0.33288654  0.33288654  0.33288654  0.36902417  0.38148371  0.37522705  0.37522705  0.37522705  0.34473247  0.36287415  0.37522705  0.30409554  0.29289326  0.28735667  
100_0_0    0.18950813  0.17520278  0.17520278  0.03802133  0.03412777  0.03412777  0.03412777  0.00000000  0.01119754  0.02640312  0.35677611  0.35677611  0.39416216  0.39416216  0.32703571  0.32703571  0.30409554  0.34473247  0.43359149  0.36287415  0.38148371  0.41360756  0.38148371  0.33878520  0.32703571  0.33878520  0.33878520  0.33878520  0.38779509  0.40706736  0.40706736  0.29847266  0.30409554  0.27099728  0.33288654  0.32703571  0.32703571  0.32123194  0.36287415  0.37522705  0.36287415  0.36287415  0.37522705  0.35677611  0.37522705  0.37522705  0.31547447  0.30409554  0.28735667  
87_0_0     0.19434030  0.17993979  0.17993979  0.03412777  0.03025511  0.03025511  0.03025511  0.01119754  0.00000000  0.02257158  0.35677611  0.35677611  0.39416216  0.39416216  0.32703571  0.32703571  0.30409554  0.33288654  0.41360756  0.34473247  0.38148371  0.39416216  0.36287415  0.34473247  0.33288654  0.33288654  0.34473247  0.34473247  0.38148371  0.40058592  0.40058592  0.29289326  0.29847266  0.26562555  0.32123194  0.31547447  0.31547447  0.32703571  0.36902417  0.38148371  0.36902417  0.36902417  0.38148371  0.36287415  0.38148371  0.38148371  0.32123194  0.30976258  0.29289326  
84_0_0     0.20903405  0.17520278  0.17520278  0.02640312  0.02257158  0.02257158  0.02257158  0.02640312  0.02257158  0.00000000  0.36287415  0.35072916  0.38779509  0.40058592  0.33288654  0.32123194  0.30976258  0.36287415  0.43359149  0.35072916  0.38148371  0.40058592  0.36902417  0.35677611  0.34473247  0.34473247  0.35677611  0.35677611  0.40058592  0.42020757  0.42020757  0.29289326  0.29847266  0.26562555  0.34473247  0.33878520  0.33878520  0.32123194  0.35677611  0.36902417  0.36287415  0.36287415  0.37522705  0.36902417  0.38779509  0.37522705  0.32703571  0.31547447  0.29847266  
99_0_0     0.43359149  0.40058592  0.39416216  0.35677611  0.35677611  0.35677611  0.36287415  0.35677611  0.35677611  0.36287415  0.00000000  0.03412777  0.08229717  0.09909568  0.16117552  0.22403322  0.22403322  0.21399921  0.36902417  0.31547447  0.35072916  0.29847266  0.33878520  0.48975686  0.49709517  0.44722835  0.46112788  0.46112788  0.42686850  0.44722835  0.44722835  0.42020757  0.42020757  0.37522705  0.38779509  0.39416216  0.39416216  0.38779509  0.42686850  0.42686850  0.44037771  0.44037771  0.44037771  0.42020757  0.41360756  0.45414465  0.40058592  0.39416216  0.35677611  
81_0_0     0.43359149  0.40058592  0.39416216  0.34473247  0.34473247  0.34473247  0.35072916  0.35677611  0.35677611  0.35072916  0.03412777  0.00000000  0.07815794  0.10335713  0.16117552  0.20410281  0.21399921  0.21399921  0.36287415  0.29847266  0.33878520  0.29289326  0.33288654  0.47530040  0.49709517  0.44722835  0.46112788  0.46112788  0.41360756  0.43359149  0.43359149  0.44722835  0.43359149  0.38779509  0.37522705  0.39416216  0.39416216  0.38779509  0.42020757  0.42686850  0.44037771  0.44037771  0.44037771  0.43359149  0.41360756  0.45414465  0.40706736  0.40706736  0.36287415  
90_0_0     0.48249243  0.42686850  0.44722835  0.38148371  0.37522705  0.37522705  0.38779509  0.39416216  0.39416216  0.38779509  0.08229717  0.07815794  0.00000000  0.08646028  0.16582104  0.23935079  0.23935079  0.22403322  0.40706736  0.33288654  0.34473247  0.32123194  0.33878520  0.47530040  0.49709517  0.44722835  0.46112788  0.46112788  0.40058592  0.43359149  0.44722835  0.44037771  0.42686850  0.37522705  0.38779509  0.38148371  0.38148371  0.39416216  0.42020757  0.41360756  0.44722835  0.44722835  0.44722835  0.44037771  0.42020757  0.45414465  0.40058592  0.39416216  0.35677611  
90_1_0     0.46817935  0.42686850  0.43359149  0.39416216  0.39416216  0.39416216  0.39416216  0.39416216  0.39416216  0.40058592  0.09909568  0.10335713  0.08646028  0.00000000  0.17520278  0.22403322  0.21399921  0.22403322  0.40706736  0.32703571  0.32703571  0.31547447  0.34473247  0.46817935  0.48249243  0.42686850  0.43359149  0.43359149  0.44037771  0.47530040  0.44722835  0.47530040  0.46112788  0.38779509  0.38148371  0.37522705  0.37522705  0.40058592  0.42686850  0.42686850  0.40706736  0.40706736  0.40706736  0.40058592  0.38148371  0.40058592  0.39416216  0.41360756  0.37522705  
89_0_0     0.34473247  0.29847266  0.32703571  0.33288654  0.32703571  0.32703571  0.33288654  0.32703571  0.32703571  0.33288654  0.16117552  0.16117552  0.16582104  0.17520278  0.00000000  0.17520278  0.16117552  0.14741574  0.31547447  0.28186223  0.29847266  0.23935079  0.28735667  0.44037771  0.45414465  0.40706736  0.39416216  0.39416216  0.39416216  0.40058592  0.40706736  0.37522705  0.36902417  0.31547447  0.36902417  0.39416216  0.39416216  0.34473247  0.35677611  0.36902417  0.43359149  0.43359149  0.44722835  0.42020757  0.42020757  0.42686850  0.36902417  0.35072916  0.35072916  
80_0_0     0.35072916  0.33288654  0.35677611  0.32703571  0.32123194  0.32123194  0.32123194  0.32703571  0.32703571  0.32123194  0.22403322  0.20410281  0.23935079  0.22403322  0.17520278  0.00000000  0.01876028  0.10335713  0.32703571  0.28735667  0.29847266  0.30409554  0.30409554  0.37522705  0.35677611  0.38779509  0.37522705  0.37522705  0.36902417  0.38779509  0.36287415  0.36902417  0.37522705  0.33878520  0.32123194  0.36287415  0.36287415  0.35072916  0.36287415  0.35072916  0.40706736  0.40706736  0.40706736  0.42020757  0.41360756  0.40058592  0.39416216  0.37522705  0.32703571  
83_0_0     0.35677611  0.32123194  0.34473247  0.31547447  0.30976258  0.30976258  0.30976258  0.30409554  0.30409554  0.30976258  0.22403322  0.21399921  0.23935079  0.21399921  0.16117552  0.01876028  0.00000000  0.09064754  0.32703571  0.29847266  0.30976258  0.32123194  0.32123194  0.37522705  0.35677611  0.40058592  0.37522705  0.37522705  0.36902417  0.38779509  0.36287415  0.38779509  0.39416216  0.34473247  0.33878520  0.38148371  0.38148371  0.36902417  0.38148371  0.36902417  0.38779509  0.38779509  0.38779509  0.40058592  0.39416216  0.38779509  0.39416216  0.37522705  0.32703571  
94_0_0     0.37522705  0.30976258  0.33878520  0.35677611  0.36287415  0.36287415  0.36287415  0.34473247  0.33288654  0.36287415  0.21399921  0.21399921  0.22403322  0.22403322  0.14741574  0.10335713  0.09064754  0.00000000  0.32123194  0.28735667  0.30976258  0.28735667  0.29289326  0.38148371  0.38779509  0.37522705  0.36287415  0.36287415  0.36902417  0.38779509  0.38148371  0.39416216  0.38148371  0.34473247  0.38148371  0.42020757  0.42020757  0.44037771  0.45414465  0.44037771  0.42686850  0.42686850  0.42686850  0.42020757  0.42686850  0.42020757  0.39416216  0.36287415  0.33878520  
91_0_0     0.39416216  0.46817935  0.45414465  0.42686850  0.42686850  0.42686850  0.43359149  0.43359149  0.41360756  0.43359149  0.36902417  0.36287415  0.40706736  0.40706736  0.31547447  0.32703571  0.32703571  0.32123194  0.00000000  0.12946822  0.18470810  0.13838619  0.12505023  0.46817935  0.46817935  0.44722835  0.46817935  0.46817935  0.41360756  0.42020757  0.42020757  0.39416216  0.39416216  0.36902417  0.42686850  0.42020757  0.42020757  0.42686850  0.44037771  0.44722835  0.44037771  0.44037771  0.44037771  0.43359149  0.45414465  0.43359149  0.37522705  0.40058592  0.35677611  
79_0_0     0.36287415  0.42020757  0.40706736  0.34473247  0.34473247  0.34473247  0.35072916  0.36287415  0.34473247  0.35072916  0.31547447  0.29847266  0.33288654  0.32703571  0.28186223  0.28735667  0.29847266  0.28735667  0.12946822  0.00000000  0.12505023  0.08229717  0.07815794  0.45414465  0.44037771  0.44037771  0.42686850  0.42686850  0.40058592  0.43359149  0.42020757  0.38779509  0.37522705  0.33878520  0.37522705  0.38148371  0.38148371  0.38148371  0.41360756  0.40706736  0.42686850  0.42686850  0.42686850  0.40706736  0.42686850  0.43359149  0.36287415  0.38779509  0.34473247  
77_0_0     0.37522705  0.40706736  0.40706736  0.37522705  0.37522705  0.37522705  0.38148371  0.38148371  0.38148371  0.38148371  0.35072916  0.33878520  0.34473247  0.32703571  0.29847266  0.29847266  0.30976258  0.30976258  0.18470810  0.12505023  0.00000000  0.12065913  0.10764389  0.41360756  0.41360756  0.42020757  0.38148371  0.38148371  0.40058592  0.42020757  0.41360756  0.41360756  0.40058592  0.35072916  0.40058592  0.38148371  0.38148371  0.35677611  0.37522705  0.38148371  0.38779509  0.38779509  0.40058592  0.36902417  0.38779509  0.40706736  0.31547447  0.33288654  0.28735667  
76_0_0     0.38779509  0.41360756  0.42686850  0.38148371  0.39416216  0.39416216  0.40058592  0.41360756  0.39416216  0.40058592  0.29847266  0.29289326  0.32123194  0.31547447  0.23935079  0.30409554  0.32123194  0.28735667  0.13838619  0.08229717  0.12065913  0.00000000  0.05781062  0.46112788  0.47530040  0.43359149  0.42020757  0.42020757  0.42686850  0.43359149  0.42020757  0.42020757  0.40706736  0.35677611  0.40058592  0.40706736  0.40706736  0.37522705  0.39416216  0.41360756  0.44037771  0.44037771  0.44037771  0.42020757  0.44037771  0.44722835  0.37522705  0.40058592  0.34473247  
96_0_0     0.34473247  0.40706736  0.39416216  0.36287415  0.36287415  0.36287415  0.36902417  0.38148371  0.36287415  0.36902417  0.33878520  0.33288654  0.33878520  0.34473247  0.28735667  0.30409554  0.32123194  0.29289326  0.12505023  0.07815794  0.10764389  0.05781062  0.00000000  0.42686850  0.42686850  0.42020757  0.42020757  0.42020757  0.37522705  0.39416216  0.39416216  0.39416216  0.40706736  0.36287415  0.38779509  0.39416216  0.39416216  0.37522705  0.39416216  0.41360756  0.43359149  0.43359149  0.43359149  0.42686850  0.44722835  0.44037771  0.35072916  0.37522705  0.33288654  
65_0_0     0.35677611  0.36287415  0.36287415  0.35677611  0.36287415  0.36287415  0.36902417  0.33878520  0.34473247  0.35677611  0.48975686  0.47530040  0.47530040  0.46817935  0.44037771  0.37522705  0.37522705  0.38148371  0.46817935  0.45414465  0.41360756  0.46112788  0.42686850  0.00000000  0.02640312  0.04587204  0.07404232  0.07404232  0.22910304  0.23935079  0.21899878  0.31547447  0.33288654  0.29289326  0.41360756  0.40058592  0.40058592  0.35677611  0.34473247  0.37522705  0.38779509  0.38779509  0.40706736  0.40706736  0.42020757  0.38779509  0.38148371  0.40058592  0.37522705  
50_0_0     0.32703571  0.35072916  0.34473247  0.35677611  0.35072916  0.35072916  0.35677611  0.32703571  0.33288654  0.34473247  0.49709517  0.49709517  0.49709517  0.48249243  0.45414465  0.35677611  0.35677611  0.38779509  0.46817935  0.44037771  0.41360756  0.47530040  0.42686850  0.02640312  0.00000000  0.04982966  0.07815794  0.07815794  0.23420873  0.24452977  0.23420873  0.30976258  0.32703571  0.28735667  0.41360756  0.40058592  0.40058592  0.35677611  0.34473247  0.37522705  0.41360756  0.41360756  0.43359149  0.42020757  0.44722835  0.41360756  0.39416216  0.39416216  0.36287415  
44_0_0     0.35677611  0.35072916  0.35072916  0.34473247  0.35072916  0.35072916  0.35677611  0.33878520  0.33288654  0.34473247  0.44722835  0.44722835  0.44722835  0.42686850  0.40706736  0.38779509  0.40058592  0.37522705  0.44722835  0.44037771  0.42020757  0.43359149  0.42020757  0.04587204  0.04982966  0.00000000  0.07404232  0.07404232  0.22403322  0.23420873  0.22403322  0.29847266  0.30409554  0.26562555  0.41360756  0.40058592  0.40058592  0.37522705  0.36287415  0.39416216  0.39416216  0.39416216  0.41360756  0.40058592  0.42686850  0.38779509  0.37522705  0.38148371  0.35677611  
47_0_0     0.34473247  0.32123194  0.34473247  0.35677611  0.36287415  0.36287415  0.36902417  0.33878520  0.34473247  0.35677611  0.46112788  0.46112788  0.46112788  0.43359149  0.39416216  0.37522705  0.37522705  0.36287415  0.46817935  0.42686850  0.38148371  0.42020757  0.42020757  0.07404232  0.07815794  0.07404232  0.00000000  0.00000000  0.25500057  0.25500057  0.23935079  0.33288654  0.32703571  0.29847266  0.40706736  0.38148371  0.38148371  0.35072916  0.33878520  0.36902417  0.40706736  0.40706736  0.42686850  0.40058592  0.40058592  0.40706736  0.38779509  0.36287415  0.38148371  
5_0_0      0.34473247  0.32123194  0.34473247  0.35677611  0.36287415  0.36287415  0.36902417  0.33878520  0.34473247  0.35677611  0.46112788  0.46112788  0.46112788  0.43359149  0.39416216  0.37522705  0.37522705  0.36287415  0.46817935  0.42686850  0.38148371  0.42020757  0.42020757  0.07404232  0.07815794  0.07404232  0.00000000  0.00000000  0.25500057  0.25500057  0.23935079  0.33288654  0.32703571  0.29847266  0.40706736  0.38148371  0.38148371  0.35072916  0.33878520  0.36902417  0.40706736  0.40706736  0.42686850  0.40058592  0.40058592  0.40706736  0.38779509  0.36287415  0.38148371  
74_0_0     0.38148371  0.38779509  0.40058592  0.40706736  0.38148371  0.38148371  0.39416216  0.38779509  0.38148371  0.40058592  0.42686850  0.41360756  0.40058592  0.44037771  0.39416216  0.36902417  0.36902417  0.36902417  0.41360756  0.40058592  0.40058592  0.42686850  0.37522705  0.22910304  0.23420873  0.22403322  0.25500057  0.25500057  0.00000000  0.03025511  0.04982966  0.29289326  0.28735667  0.29847266  0.33878520  0.37522705  0.37522705  0.35072916  0.35072916  0.34473247  0.38148371  0.38148371  0.38148371  0.38779509  0.38779509  0.39416216  0.41360756  0.38148371  0.36287415  
52_0_0     0.39416216  0.38779509  0.41360756  0.42686850  0.40058592  0.40058592  0.40058592  0.40706736  0.40058592  0.42020757  0.44722835  0.43359149  0.43359149  0.47530040  0.40058592  0.38779509  0.38779509  0.38779509  0.42020757  0.43359149  0.42020757  0.43359149  0.39416216  0.23935079  0.24452977  0.23420873  0.25500057  0.25500057  0.03025511  0.00000000  0.05380911  0.29847266  0.30409554  0.30409554  0.36287415  0.40058592  0.40058592  0.36287415  0.35072916  0.35677611  0.40058592  0.40058592  0.40058592  0.39416216  0.39416216  0.41360756  0.42020757  0.37522705  0.38148371  
16_0_0     0.40058592  0.41360756  0.43359149  0.42686850  0.41360756  0.41360756  0.42686850  0.40706736  0.40058592  0.42020757  0.44722835  0.43359149  0.44722835  0.44722835  0.40706736  0.36287415  0.36287415  0.38148371  0.42020757  0.42020757  0.41360756  0.42020757  0.39416216  0.21899878  0.23420873  0.22403322  0.23935079  0.23935079  0.04982966  0.05380911  0.00000000  0.30409554  0.30976258  0.30409554  0.34473247  0.38148371  0.38148371  0.33288654  0.32703571  0.33288654  0.38148371  0.38148371  0.38779509  0.40058592  0.40058592  0.40706736  0.43359149  0.40706736  0.38779509  
62_0_0     0.28735667  0.30976258  0.32123194  0.28735667  0.28735667  0.28735667  0.30409554  0.29847266  0.29289326  0.29289326  0.42020757  0.44722835  0.44037771  0.47530040  0.37522705  0.36902417  0.38779509  0.39416216  0.39416216  0.38779509  0.41360756  0.42020757  0.39416216  0.31547447  0.30976258  0.29847266  0.33288654  0.33288654  0.29289326  0.29847266  0.30409554  0.00000000  0.03025511  0.05380911  0.31547447  0.31547447  0.31547447  0.24452977  0.25500057  0.25500057  0.40058592  0.40058592  0.41360756  0.42020757  0.44722835  0.40058592  0.33878520  0.29289326  0.28186223  
57_0_0     0.30409554  0.31547447  0.33878520  0.29289326  0.29289326  0.29289326  0.30976258  0.30409554  0.29847266  0.29847266  0.42020757  0.43359149  0.42686850  0.46112788  0.36902417  0.37522705  0.39416216  0.38148371  0.39416216  0.37522705  0.40058592  0.40706736  0.40706736  0.33288654  0.32703571  0.30409554  0.32703571  0.32703571  0.28735667  0.30409554  0.30976258  0.03025511  0.00000000  0.05380911  0.33288654  0.34473247  0.34473247  0.26029350  0.27099728  0.26029350  0.43359149  0.43359149  0.44722835  0.44037771  0.46817935  0.43359149  0.34473247  0.29847266  0.28735667  
39_0_0     0.28186223  0.26562555  0.28735667  0.26029350  0.26029350  0.26029350  0.27640931  0.27099728  0.26562555  0.26562555  0.37522705  0.38779509  0.37522705  0.38779509  0.31547447  0.33878520  0.34473247  0.34473247  0.36902417  0.33878520  0.35072916  0.35677611  0.36287415  0.29289326  0.28735667  0.26562555  0.29847266  0.29847266  0.29847266  0.30409554  0.30409554  0.05380911  0.05380911  0.00000000  0.28186223  0.29847266  0.29847266  0.23420873  0.24452977  0.26562555  0.38779509  0.38779509  0.40058592  0.39416216  0.42020757  0.40058592  0.29289326  0.26029350  0.23935079  
34_0_0     0.34473247  0.35072916  0.36287415  0.32123194  0.32123194  0.32123194  0.33878520  0.33288654  0.32123194  0.34473247  0.38779509  0.37522705  0.38779509  0.38148371  0.36902417  0.32123194  0.33878520  0.38148371  0.42686850  0.37522705  0.40058592  0.40058592  0.38779509  0.41360756  0.41360756  0.41360756  0.40706736  0.40706736  0.33878520  0.36287415  0.34473247  0.31547447  0.33288654  0.28186223  0.00000000  0.08229717  0.08229717  0.20903405  0.22403322  0.23420873  0.40058592  0.40058592  0.40706736  0.41360756  0.38779509  0.41360756  0.33878520  0.30976258  0.31547447  
43_0_0     0.33878520  0.33288654  0.33288654  0.31547447  0.32123194  0.32123194  0.33288654  0.32703571  0.31547447  0.33878520  0.39416216  0.39416216  0.38148371  0.37522705  0.39416216  0.36287415  0.38148371  0.42020757  0.42020757  0.38148371  0.38148371  0.40706736  0.39416216  0.40058592  0.40058592  0.40058592  0.38148371  0.38148371  0.37522705  0.40058592  0.38148371  0.31547447  0.34473247  0.29847266  0.08229717  0.00000000  0.00000000  0.16582104  0.17993979  0.18950813  0.37522705  0.37522705  0.38148371  0.38148371  0.36902417  0.38779509  0.32123194  0.31547447  0.30976258  
75_0_0     0.33878520  0.33288654  0.33288654  0.31547447  0.32123194  0.32123194  0.33288654  0.32703571  0.31547447  0.33878520  0.39416216  0.39416216  0.38148371  0.37522705  0.39416216  0.36287415  0.38148371  0.42020757  0.42020757  0.38148371  0.38148371  0.40706736  0.39416216  0.40058592  0.40058592  0.40058592  0.38148371  0.38148371  0.37522705  0.40058592  0.38148371  0.31547447  0.34473247  0.29847266  0.08229717  0.00000000  0.00000000  0.16582104  0.17993979  0.18950813  0.37522705  0.37522705  0.38148371  0.38148371  0.36902417  0.38779509  0.32123194  0.31547447  0.30976258  
55_0_0     0.28186223  0.29847266  0.29289326  0.32123194  0.31547447  0.31547447  0.33288654  0.32123194  0.32703571  0.32123194  0.38779509  0.38779509  0.39416216  0.40058592  0.34473247  0.35072916  0.36902417  0.44037771  0.42686850  0.38148371  0.35677611  0.37522705  0.37522705  0.35677611  0.35677611  0.37522705  0.35072916  0.35072916  0.35072916  0.36287415  0.33288654  0.24452977  0.26029350  0.23420873  0.20903405  0.16582104  0.16582104  0.00000000  0.03802133  0.05380911  0.39416216  0.39416216  0.40058592  0.40058592  0.40058592  0.40058592  0.32123194  0.32703571  0.30409554  
56_0_0     0.29847266  0.29289326  0.30409554  0.35677611  0.35072916  0.35072916  0.36902417  0.36287415  0.36902417  0.35677611  0.42686850  0.42020757  0.42020757  0.42686850  0.35677611  0.36287415  0.38148371  0.45414465  0.44037771  0.41360756  0.37522705  0.39416216  0.39416216  0.34473247  0.34473247  0.36287415  0.33878520  0.33878520  0.35072916  0.35072916  0.32703571  0.25500057  0.27099728  0.24452977  0.22403322  0.17993979  0.17993979  0.03802133  0.00000000  0.03025511  0.40706736  0.40706736  0.41360756  0.41360756  0.41360756  0.40706736  0.33878520  0.33288654  0.32123194  
33_0_0     0.33288654  0.32703571  0.33878520  0.36902417  0.36287415  0.36287415  0.38148371  0.37522705  0.38148371  0.36902417  0.42686850  0.42686850  0.41360756  0.42686850  0.36902417  0.35072916  0.36902417  0.44037771  0.44722835  0.40706736  0.38148371  0.41360756  0.41360756  0.37522705  0.37522705  0.39416216  0.36902417  0.36902417  0.34473247  0.35677611  0.33288654  0.25500057  0.26029350  0.26562555  0.23420873  0.18950813  0.18950813  0.05380911  0.03025511  0.00000000  0.43359149  0.43359149  0.44037771  0.44037771  0.44037771  0.43359149  0.37522705  0.35677611  0.35677611  
49_0_0     0.42020757  0.41360756  0.40706736  0.35677611  0.36287415  0.36287415  0.37522705  0.36287415  0.36902417  0.36287415  0.44037771  0.44037771  0.44722835  0.40706736  0.43359149  0.40706736  0.38779509  0.42686850  0.44037771  0.42686850  0.38779509  0.44037771  0.43359149  0.38779509  0.41360756  0.39416216  0.40706736  0.40706736  0.38148371  0.40058592  0.38148371  0.40058592  0.43359149  0.38779509  0.40058592  0.37522705  0.37522705  0.39416216  0.40706736  0.43359149  0.00000000  0.00000000  0.01119754  0.02640312  0.03802133  0.03025511  0.31547447  0.32703571  0.29847266  
72_0_0     0.42020757  0.41360756  0.40706736  0.35677611  0.36287415  0.36287415  0.37522705  0.36287415  0.36902417  0.36287415  0.44037771  0.44037771  0.44722835  0.40706736  0.43359149  0.40706736  0.38779509  0.42686850  0.44037771  0.42686850  0.38779509  0.44037771  0.43359149  0.38779509  0.41360756  0.39416216  0.40706736  0.40706736  0.38148371  0.40058592  0.38148371  0.40058592  0.43359149  0.38779509  0.40058592  0.37522705  0.37522705  0.39416216  0.40706736  0.43359149  0.00000000  0.00000000  0.01119754  0.02640312  0.03802133  0.03025511  0.31547447  0.32703571  0.29847266  
18_0_0     0.43359149  0.41360756  0.40706736  0.36902417  0.36287415  0.36287415  0.37522705  0.37522705  0.38148371  0.37522705  0.44037771  0.44037771  0.44722835  0.40706736  0.44722835  0.40706736  0.38779509  0.42686850  0.44037771  0.42686850  0.40058592  0.44037771  0.43359149  0.40706736  0.43359149  0.41360756  0.42686850  0.42686850  0.38148371  0.40058592  0.38779509  0.41360756  0.44722835  0.40058592  0.40706736  0.38148371  0.38148371  0.40058592  0.41360756  0.44037771  0.01119754  0.01119754  0.00000000  0.03025511  0.04193601  0.03412777  0.32123194  0.33288654  0.29289326  
60_0_0     0.42686850  0.42020757  0.41360756  0.35072916  0.34473247  0.34473247  0.34473247  0.35677611  0.36287415  0.36902417  0.42020757  0.43359149  0.44037771  0.40058592  0.42020757  0.42020757  0.40058592  0.42020757  0.43359149  0.40706736  0.36902417  0.42020757  0.42686850  0.40706736  0.42020757  0.40058592  0.40058592  0.40058592  0.38779509  0.39416216  0.40058592  0.42020757  0.44037771  0.39416216  0.41360756  0.38148371  0.38148371  0.40058592  0.41360756  0.44037771  0.02640312  0.02640312  0.03025511  0.00000000  0.01876028  0.04982966  0.29289326  0.30409554  0.28735667  
69_0_0     0.44722835  0.42686850  0.42020757  0.36902417  0.36287415  0.36287415  0.36287415  0.37522705  0.38148371  0.38779509  0.41360756  0.41360756  0.42020757  0.38148371  0.42020757  0.41360756  0.39416216  0.42686850  0.45414465  0.42686850  0.38779509  0.44037771  0.44722835  0.42020757  0.44722835  0.42686850  0.40058592  0.40058592  0.38779509  0.39416216  0.40058592  0.44722835  0.46817935  0.42020757  0.38779509  0.36902417  0.36902417  0.40058592  0.41360756  0.44037771  0.03802133  0.03802133  0.04193601  0.01876028  0.00000000  0.05380911  0.29289326  0.29289326  0.29847266  
68_0_0     0.39416216  0.38779509  0.38148371  0.36902417  0.36287415  0.36287415  0.37522705  0.37522705  0.38148371  0.37522705  0.45414465  0.45414465  0.45414465  0.40058592  0.42686850  0.40058592  0.38779509  0.42020757  0.43359149  0.43359149  0.40706736  0.44722835  0.44037771  0.38779509  0.41360756  0.38779509  0.40706736  0.40706736  0.39416216  0.41360756  0.40706736  0.40058592  0.43359149  0.40058592  0.41360756  0.38779509  0.38779509  0.40058592  0.40706736  0.43359149  0.03025511  0.03025511  0.03412777  0.04982966  0.05380911  0.00000000  0.28735667  0.30976258  0.28186223  
24_0_0     0.29847266  0.32703571  0.34473247  0.32123194  0.30409554  0.30409554  0.30409554  0.31547447  0.32123194  0.32703571  0.40058592  0.40706736  0.40058592  0.39416216  0.36902417  0.39416216  0.39416216  0.39416216  0.37522705  0.36287415  0.31547447  0.37522705  0.35072916  0.38148371  0.39416216  0.37522705  0.38779509  0.38779509  0.41360756  0.42020757  0.43359149  0.33878520  0.34473247  0.29289326  0.33878520  0.32123194  0.32123194  0.32123194  0.33878520  0.37522705  0.31547447  0.31547447  0.32123194  0.29289326  0.29289326  0.28735667  0.00000000  0.06183444  0.06995004  
45_0_0     0.29289326  0.30409554  0.30976258  0.30976258  0.29289326  0.29289326  0.29289326  0.30409554  0.30976258  0.31547447  0.39416216  0.40706736  0.39416216  0.41360756  0.35072916  0.37522705  0.37522705  0.36287415  0.40058592  0.38779509  0.33288654  0.40058592  0.37522705  0.40058592  0.39416216  0.38148371  0.36287415  0.36287415  0.38148371  0.37522705  0.40706736  0.29289326  0.29847266  0.26029350  0.30976258  0.31547447  0.31547447  0.32703571  0.33288654  0.35677611  0.32703571  0.32703571  0.33288654  0.30409554  0.29289326  0.30976258  0.06183444  0.00000000  0.06995004  
2_0_0      0.28186223  0.32123194  0.32703571  0.29289326  0.27640931  0.27640931  0.28735667  0.28735667  0.29289326  0.29847266  0.35677611  0.36287415  0.35677611  0.37522705  0.35072916  0.32703571  0.32703571  0.33878520  0.35677611  0.34473247  0.28735667  0.34473247  0.33288654  0.37522705  0.36287415  0.35677611  0.38148371  0.38148371  0.36287415  0.38148371  0.38779509  0.28186223  0.28735667  0.23935079  0.31547447  0.30976258  0.30976258  0.30409554  0.32123194  0.35677611  0.29847266  0.29847266  0.29289326  0.28735667  0.29847266  0.28186223  0.06995004  0.06995004  0.00000000  

