31
9_0_0      0.00000000  0.00000000  0.20250531  0.19757187  0.27523315  0.26439943  0.26979663  0.28070956  0.28070956  0.26979663  0.25904097  0.27523315  0.23281097  0.22257175  0.24319262  0.32021256  0.31443965  0.32603048  0.32603048  0.38684885  0.40610460  0.36192372  0.36807741  0.45306616  0.46704494  0.35582036  0.36807741  0.44617373  0.43257694  0.30302608  0.29178441  
34_0_0     0.00000000  0.00000000  0.20250531  0.19757187  0.27523315  0.26439943  0.26979663  0.28070956  0.28070956  0.26979663  0.25904097  0.27523315  0.23281097  0.22257175  0.24319262  0.32021256  0.31443965  0.32603048  0.32603048  0.38684885  0.40610460  0.36192372  0.36807741  0.45306616  0.46704494  0.35582036  0.36807741  0.44617373  0.43257694  0.30302608  0.29178441  
56_0_0     0.20250531  0.20250531  0.00000000  0.00378316  0.21750434  0.20747157  0.20747157  0.23798375  0.23798375  0.24319262  0.19757187  0.20250531  0.21247109  0.17338229  0.16863705  0.29178441  0.28622645  0.29738408  0.29738408  0.36192372  0.36807741  0.31443965  0.33189409  0.43934437  0.45306616  0.29178441  0.29178441  0.40610460  0.40610460  0.27523315  0.27523315  
68_0_0     0.19757187  0.19757187  0.00378316  0.00000000  0.21247109  0.20250531  0.21247109  0.23281097  0.23281097  0.23798375  0.20250531  0.20747157  0.21750434  0.17815790  0.16392179  0.29738408  0.29178441  0.30302608  0.30302608  0.36807741  0.37428225  0.32021256  0.33780414  0.44617373  0.46002282  0.29738408  0.29738408  0.41263518  0.41263518  0.26979663  0.26979663  
98_0_0     0.27523315  0.27523315  0.21750434  0.21247109  0.00000000  0.01524906  0.03081618  0.04671490  0.03872321  0.04270836  0.11833849  0.10518922  0.11392961  0.08800964  0.14995213  0.35582036  0.36192372  0.38684885  0.39321239  0.35582036  0.36192372  0.36807741  0.39321239  0.44617373  0.44617373  0.36807741  0.35582036  0.45306616  0.42587031  0.28070956  0.29178441  
7_0_0      0.26439943  0.26439943  0.20747157  0.20250531  0.01524906  0.00000000  0.01524906  0.03081618  0.02299203  0.02689385  0.10954662  0.10518922  0.09655000  0.07121660  0.14078221  0.34976651  0.35582036  0.36807741  0.37428225  0.36192372  0.36807741  0.36807741  0.39321239  0.45306616  0.43934437  0.36192372  0.34976651  0.46002282  0.43257694  0.26979663  0.28070956  
75_0_0     0.26979663  0.26979663  0.20747157  0.21247109  0.03081618  0.01524906  0.00000000  0.03872321  0.03081618  0.03475922  0.10954662  0.10518922  0.09655000  0.07121660  0.14078221  0.33189409  0.33780414  0.35582036  0.36192372  0.34376136  0.34976651  0.36192372  0.38684885  0.43934437  0.42587031  0.35582036  0.34376136  0.43934437  0.41263518  0.29178441  0.30302608  
85_0_0     0.28070956  0.28070956  0.23798375  0.23281097  0.04671490  0.03081618  0.03872321  0.00000000  0.01524906  0.01911050  0.11833849  0.12277357  0.11392961  0.08800964  0.14995213  0.33780414  0.35582036  0.35582036  0.36192372  0.36807741  0.37428225  0.36192372  0.38684885  0.46002282  0.44617373  0.36807741  0.35582036  0.43257694  0.41922341  0.30302608  0.31443965  
59_0_0     0.28070956  0.28070956  0.23798375  0.23281097  0.03872321  0.02299203  0.03081618  0.01524906  0.00000000  0.01140749  0.12723515  0.12277357  0.11392961  0.08800964  0.14535309  0.33780414  0.35582036  0.35582036  0.36192372  0.36807741  0.37428225  0.36192372  0.38684885  0.46002282  0.44617373  0.36807741  0.35582036  0.44617373  0.41922341  0.30302608  0.31443965  
4_0_0      0.26979663  0.26979663  0.24319262  0.23798375  0.04270836  0.02689385  0.03475922  0.01911050  0.01140749  0.00000000  0.13172357  0.12723515  0.11833849  0.09226760  0.15923612  0.34376136  0.36192372  0.36192372  0.36807741  0.36192372  0.36807741  0.36807741  0.39321239  0.46704494  0.45306616  0.37428225  0.36192372  0.42587031  0.41263518  0.29738408  0.30871105  
47_4_0     0.25904097  0.25904097  0.19757187  0.20250531  0.11833849  0.10954662  0.10954662  0.11833849  0.12723515  0.13172357  0.00000000  0.02689385  0.07956589  0.05074307  0.15457969  0.27523315  0.27523315  0.33780414  0.33189409  0.35582036  0.36807741  0.32021256  0.33780414  0.40610460  0.39321239  0.29738408  0.29738408  0.41263518  0.38684885  0.27523315  0.28622645  
47_3_0     0.27523315  0.27523315  0.20250531  0.20747157  0.10518922  0.10518922  0.10518922  0.12277357  0.12277357  0.12723515  0.02689385  0.00000000  0.08377582  0.07121660  0.16863705  0.29178441  0.29738408  0.34376136  0.33780414  0.36192372  0.37428225  0.33189409  0.34976651  0.39963066  0.38684885  0.31443965  0.31443965  0.41922341  0.40610460  0.27523315  0.28622645  
47_0_0     0.23281097  0.23281097  0.21247109  0.21750434  0.11392961  0.09655000  0.09655000  0.11392961  0.11392961  0.11833849  0.07956589  0.08377582  0.00000000  0.06707672  0.15923612  0.32021256  0.32603048  0.36192372  0.36807741  0.40610460  0.41922341  0.36192372  0.38684885  0.42587031  0.41263518  0.35582036  0.36807741  0.43257694  0.41922341  0.26439943  0.27523315  
27_0_0     0.22257175  0.22257175  0.17338229  0.17815790  0.08800964  0.07121660  0.07121660  0.08800964  0.08800964  0.09226760  0.05074307  0.07121660  0.06707672  0.00000000  0.12277357  0.28070956  0.28622645  0.30871105  0.30302608  0.35582036  0.36807741  0.30871105  0.32603048  0.41922341  0.40610460  0.30302608  0.31443965  0.42587031  0.39963066  0.26979663  0.26979663  
72_0_0     0.24319262  0.24319262  0.16863705  0.16392179  0.14995213  0.14078221  0.14078221  0.14995213  0.14535309  0.15923612  0.15457969  0.16863705  0.15923612  0.12277357  0.00000000  0.29178441  0.30302608  0.33189409  0.33189409  0.38684885  0.39963066  0.32021256  0.33780414  0.43934437  0.43934437  0.31443965  0.31443965  0.41922341  0.39963066  0.32021256  0.32021256  
24_1_0     0.32021256  0.32021256  0.29178441  0.29738408  0.35582036  0.34976651  0.33189409  0.33780414  0.33780414  0.34376136  0.27523315  0.29178441  0.32021256  0.28070956  0.29178441  0.00000000  0.01140749  0.07537957  0.07537957  0.16863705  0.17338229  0.15923612  0.14995213  0.24843810  0.24843810  0.09226760  0.10518922  0.32021256  0.32021256  0.38053910  0.38053910  
48_1_0     0.31443965  0.31443965  0.28622645  0.29178441  0.36192372  0.35582036  0.33780414  0.35582036  0.35582036  0.36192372  0.27523315  0.29738408  0.32603048  0.28622645  0.30302608  0.01140749  0.00000000  0.07956589  0.07956589  0.16863705  0.17338229  0.16863705  0.15923612  0.24843810  0.24843810  0.09226760  0.10518922  0.33189409  0.32021256  0.37428225  0.37428225  
24_2_0     0.32603048  0.32603048  0.29738408  0.30302608  0.38684885  0.36807741  0.35582036  0.35582036  0.35582036  0.36192372  0.33780414  0.34376136  0.36192372  0.30871105  0.33189409  0.07537957  0.07956589  0.00000000  0.01524906  0.18296426  0.19757187  0.21247109  0.20250531  0.28070956  0.26979663  0.13172357  0.14535309  0.33780414  0.33780414  0.38053910  0.39321239  
48_2_0     0.32603048  0.32603048  0.29738408  0.30302608  0.39321239  0.37428225  0.36192372  0.36192372  0.36192372  0.36807741  0.33189409  0.33780414  0.36807741  0.30302608  0.33189409  0.07537957  0.07956589  0.01524906  0.00000000  0.16392179  0.17815790  0.20250531  0.19267083  0.27523315  0.26439943  0.13172357  0.14535309  0.32603048  0.32603048  0.38053910  0.39321239  
81_1_0     0.38684885  0.38684885  0.36192372  0.36807741  0.35582036  0.36192372  0.34376136  0.36807741  0.36807741  0.36192372  0.35582036  0.36192372  0.40610460  0.35582036  0.38684885  0.16863705  0.16863705  0.18296426  0.16392179  0.00000000  0.01140749  0.25372071  0.25904097  0.32021256  0.32021256  0.19757187  0.20747157  0.36807741  0.36192372  0.41922341  0.41922341  
62_1_0     0.40610460  0.40610460  0.36807741  0.37428225  0.36192372  0.36807741  0.34976651  0.37428225  0.37428225  0.36807741  0.36807741  0.37428225  0.41922341  0.36807741  0.39963066  0.17338229  0.17338229  0.19757187  0.17815790  0.01140749  0.00000000  0.26439943  0.26979663  0.33780414  0.33780414  0.20250531  0.21247109  0.38053910  0.37428225  0.41922341  0.41922341  
87_0_0     0.36192372  0.36192372  0.31443965  0.32021256  0.36807741  0.36807741  0.36192372  0.36192372  0.36192372  0.36807741  0.32021256  0.33189409  0.36192372  0.30871105  0.32021256  0.15923612  0.16863705  0.21247109  0.20250531  0.25372071  0.26439943  0.00000000  0.01911050  0.23798375  0.24843810  0.12723515  0.12277357  0.32603048  0.33189409  0.42587031  0.41263518  
53_0_0     0.36807741  0.36807741  0.33189409  0.33780414  0.39321239  0.39321239  0.38684885  0.38684885  0.38684885  0.39321239  0.33780414  0.34976651  0.38684885  0.32603048  0.33780414  0.14995213  0.15923612  0.20250531  0.19267083  0.25904097  0.26979663  0.01911050  0.00000000  0.23281097  0.24319262  0.11833849  0.11392961  0.31443965  0.32021256  0.44617373  0.43257694  
48_0_0     0.45306616  0.45306616  0.43934437  0.44617373  0.44617373  0.45306616  0.43934437  0.46002282  0.46002282  0.46704494  0.40610460  0.39963066  0.42587031  0.41922341  0.43934437  0.24843810  0.24843810  0.28070956  0.27523315  0.32021256  0.33780414  0.23798375  0.23281097  0.00000000  0.01524906  0.20747157  0.19267083  0.32603048  0.33189409  0.48129053  0.48129053  
24_0_0     0.46704494  0.46704494  0.45306616  0.46002282  0.44617373  0.43934437  0.42587031  0.44617373  0.44617373  0.45306616  0.39321239  0.38684885  0.41263518  0.40610460  0.43934437  0.24843810  0.24843810  0.26979663  0.26439943  0.32021256  0.33780414  0.24843810  0.24319262  0.01524906  0.00000000  0.19757187  0.18296426  0.34376136  0.33780414  0.47413375  0.47413375  
62_0_0     0.35582036  0.35582036  0.29178441  0.29738408  0.36807741  0.36192372  0.35582036  0.36807741  0.36807741  0.37428225  0.29738408  0.31443965  0.35582036  0.30302608  0.31443965  0.09226760  0.09226760  0.13172357  0.13172357  0.19757187  0.20250531  0.12723515  0.11833849  0.20747157  0.19757187  0.00000000  0.03475922  0.34976651  0.33189409  0.38053910  0.36807741  
81_0_0     0.36807741  0.36807741  0.29178441  0.29738408  0.35582036  0.34976651  0.34376136  0.35582036  0.35582036  0.36192372  0.29738408  0.31443965  0.36807741  0.31443965  0.31443965  0.10518922  0.10518922  0.14535309  0.14535309  0.20747157  0.21247109  0.12277357  0.11392961  0.19267083  0.18296426  0.03475922  0.00000000  0.33780414  0.32021256  0.38053910  0.36807741  
23_0_0     0.44617373  0.44617373  0.40610460  0.41263518  0.45306616  0.46002282  0.43934437  0.43257694  0.44617373  0.42587031  0.41263518  0.41922341  0.43257694  0.42587031  0.41922341  0.32021256  0.33189409  0.33780414  0.32603048  0.36807741  0.38053910  0.32603048  0.31443965  0.32603048  0.34376136  0.34976651  0.33780414  0.00000000  0.02299203  0.43934437  0.45306616  
57_0_0     0.43257694  0.43257694  0.40610460  0.41263518  0.42587031  0.43257694  0.41263518  0.41922341  0.41922341  0.41263518  0.38684885  0.40610460  0.41922341  0.39963066  0.39963066  0.32021256  0.32021256  0.33780414  0.32603048  0.36192372  0.37428225  0.33189409  0.32021256  0.33189409  0.33780414  0.33189409  0.32021256  0.02299203  0.00000000  0.44617373  0.46002282  
96_0_0     0.30302608  0.30302608  0.27523315  0.26979663  0.28070956  0.26979663  0.29178441  0.30302608  0.30302608  0.29738408  0.27523315  0.27523315  0.26439943  0.26979663  0.32021256  0.38053910  0.37428225  0.38053910  0.38053910  0.41922341  0.41922341  0.42587031  0.44617373  0.48129053  0.47413375  0.38053910  0.38053910  0.43934437  0.44617373  0.00000000  0.01524906  
93_0_0     0.29178441  0.29178441  0.27523315  0.26979663  0.29178441  0.28070956  0.30302608  0.31443965  0.31443965  0.30871105  0.28622645  0.28622645  0.27523315  0.26979663  0.32021256  0.38053910  0.37428225  0.39321239  0.39321239  0.41922341  0.41922341  0.41263518  0.43257694  0.48129053  0.47413375  0.36807741  0.36807741  0.45306616  0.46002282  0.01524906  0.00000000  

