20
16_0_0     0.00000000  0.65973015  0.64753222  0.64753222  0.66851521  0.66851521  0.61327500  0.84140874  0.75833932  0.77639312  0.75833932  0.75833932  0.81459293  0.78873396  0.78873396  0.86366545  0.86366545  0.86366545  0.66192963  0.64753222  
19_0_0     0.65973015  0.00000000  0.16913102  0.16913102  0.20642148  0.20642148  0.19324007  0.50257511  0.27813689  0.21314547  0.20642148  0.20642148  0.23388034  0.16425930  0.16425930  0.58790047  0.58790047  0.58790047  0.50141313  0.56545292  
8_0_0      0.64753222  0.16913102  0.00000000  0.00000000  0.06848045  0.06848045  0.06848045  0.45392800  0.26173585  0.21229348  0.20561482  0.20561482  0.19252052  0.15127581  0.15127581  0.56566398  0.56566398  0.56566398  0.48697726  0.50386808  
18_0_0     0.64753222  0.16913102  0.00000000  0.00000000  0.06848045  0.06848045  0.06848045  0.45392800  0.26173585  0.21229348  0.20561482  0.20561482  0.19252052  0.15127581  0.15127581  0.56566398  0.56566398  0.56566398  0.48697726  0.50386808  
13_0_0     0.66851521  0.20642148  0.06848045  0.06848045  0.00000000  0.00000000  0.03830329  0.47006938  0.28193045  0.24506129  0.23800425  0.23800425  0.22418348  0.18108138  0.18108138  0.55926975  0.55926975  0.55926975  0.48225271  0.52114951  
9_0_0      0.66851521  0.20642148  0.06848045  0.06848045  0.00000000  0.00000000  0.03830329  0.47006938  0.28193045  0.24506129  0.23800425  0.23800425  0.22418348  0.18108138  0.18108138  0.55926975  0.55926975  0.55926975  0.48225271  0.52114951  
7_0_0      0.61327500  0.19324007  0.06848045  0.06848045  0.03830329  0.03830329  0.00000000  0.44844071  0.29747851  0.23104589  0.22418348  0.22418348  0.22418348  0.19400644  0.19400644  0.59751470  0.59751470  0.59751470  0.47178718  0.48836728  
6_0_0      0.84140874  0.50257511  0.45392800  0.45392800  0.47006938  0.47006938  0.44844071  0.00000000  0.52864963  0.42771300  0.43796895  0.43796895  0.48124675  0.42765352  0.42765352  0.90356472  0.90356472  0.90356472  0.80820389  0.77639312  
5_0_0      0.75833932  0.27813689  0.26173585  0.26173585  0.28193045  0.28193045  0.29747851  0.52864963  0.00000000  0.07442170  0.06909864  0.06909864  0.06909864  0.22090939  0.22090939  0.61094527  0.61094527  0.61094527  0.62086755  0.67938183  
10_0_0     0.77639312  0.21314547  0.21229348  0.21229348  0.24506129  0.24506129  0.23104589  0.42771300  0.07442170  0.00000000  0.00462976  0.00462976  0.03335103  0.19400644  0.19400644  0.61094527  0.61094527  0.61094527  0.55624442  0.60725415  
12_0_0     0.75833932  0.20642148  0.20561482  0.20561482  0.23800425  0.23800425  0.22418348  0.43796895  0.06909864  0.00462976  0.00000000  0.00000000  0.02844756  0.18750195  0.18750195  0.59751470  0.59751470  0.59751470  0.54426901  0.59400324  
4_0_0      0.75833932  0.20642148  0.20561482  0.20561482  0.23800425  0.23800425  0.22418348  0.43796895  0.06909864  0.00462976  0.00000000  0.00000000  0.02844756  0.18750195  0.18750195  0.59751470  0.59751470  0.59751470  0.54426901  0.59400324  
14_0_0     0.81459293  0.23388034  0.19252052  0.19252052  0.22418348  0.22418348  0.22418348  0.48124675  0.06909864  0.03335103  0.02844756  0.02844756  0.00000000  0.18750195  0.18750195  0.55926975  0.55926975  0.55926975  0.54426901  0.59400324  
11_0_0     0.78873396  0.16425930  0.15127581  0.15127581  0.18108138  0.18108138  0.19400644  0.42765352  0.22090939  0.19400644  0.18750195  0.18750195  0.18750195  0.00000000  0.00000000  0.61872468  0.61872468  0.61872468  0.51503834  0.53257502  
17_0_0     0.78873396  0.16425930  0.15127581  0.15127581  0.18108138  0.18108138  0.19400644  0.42765352  0.22090939  0.19400644  0.18750195  0.18750195  0.18750195  0.00000000  0.00000000  0.61872468  0.61872468  0.61872468  0.51503834  0.53257502  
1_0_0      0.86366545  0.58790047  0.56566398  0.56566398  0.55926975  0.55926975  0.59751470  0.90356472  0.61094527  0.61094527  0.59751470  0.59751470  0.55926975  0.61872468  0.61872468  0.00000000  0.00000000  0.00000000  0.51182783  0.56566398  
3_0_0      0.86366545  0.58790047  0.56566398  0.56566398  0.55926975  0.55926975  0.59751470  0.90356472  0.61094527  0.61094527  0.59751470  0.59751470  0.55926975  0.61872468  0.61872468  0.00000000  0.00000000  0.00000000  0.51182783  0.56566398  
2_0_0      0.86366545  0.58790047  0.56566398  0.56566398  0.55926975  0.55926975  0.59751470  0.90356472  0.61094527  0.61094527  0.59751470  0.59751470  0.55926975  0.61872468  0.61872468  0.00000000  0.00000000  0.00000000  0.51182783  0.56566398  
15_0_0     0.66192963  0.50141313  0.48697726  0.48697726  0.48225271  0.48225271  0.47178718  0.80820389  0.62086755  0.55624442  0.54426901  0.54426901  0.54426901  0.51503834  0.51503834  0.51182783  0.51182783  0.51182783  0.00000000  0.07374691  
20_0_0     0.64753222  0.56545292  0.50386808  0.50386808  0.52114951  0.52114951  0.48836728  0.77639312  0.67938183  0.60725415  0.59400324  0.59400324  0.59400324  0.53257502  0.53257502  0.56566398  0.56566398  0.56566398  0.07374691  0.00000000  

