19
2_2_0      0.00000000  0.01119521  0.06377735  0.05774731  0.46316992  0.43267631  0.41302247  0.50588293  0.53961433  0.52819915  0.55120802  0.48421887  0.49497177  0.46316992  0.58711829  0.58711829  0.55120802  0.58711829  0.55120802  
1_2_0      0.01119521  0.00000000  0.06377735  0.05774731  0.48421887  0.45286540  0.43267631  0.50588293  0.53961433  0.52819915  0.55120802  0.48421887  0.49497177  0.46316992  0.58711829  0.58711829  0.55120802  0.58711829  0.55120802  
2_1_0      0.06377735  0.06377735  0.00000000  0.00557648  0.46316992  0.45286540  0.45286540  0.52819915  0.53961433  0.52819915  0.55120802  0.50588293  0.51695708  0.46316992  0.53961433  0.53961433  0.52819915  0.56298590  0.50588293  
1_1_0      0.05774731  0.05774731  0.00557648  0.00000000  0.46316992  0.45286540  0.45286540  0.53961433  0.55120802  0.53961433  0.56298590  0.51695708  0.52819915  0.47361970  0.53961433  0.53961433  0.52819915  0.56298590  0.50588293  
10_0_0     0.46316992  0.48421887  0.46316992  0.46316992  0.00000000  0.02256208  0.03994598  0.41302247  0.37521201  0.40338754  0.40338754  0.44270213  0.41302247  0.43267631  0.36605320  0.33050914  0.30492656  0.33050914  0.31335638  
12_0_0     0.43267631  0.45286540  0.45286540  0.45286540  0.02256208  0.00000000  0.01685686  0.41302247  0.37521201  0.40338754  0.40338754  0.44270213  0.41302247  0.43267631  0.34806818  0.31335638  0.28834913  0.31335638  0.29659151  
4_0_0      0.41302247  0.43267631  0.45286540  0.45286540  0.03994598  0.01685686  0.00000000  0.42278426  0.40338754  0.43267631  0.41302247  0.45286540  0.42278426  0.44270213  0.35700615  0.32188316  0.29659151  0.33923668  0.30492656  
10_4_0     0.50588293  0.50588293  0.52819915  0.53961433  0.41302247  0.41302247  0.42278426  0.00000000  0.06377735  0.06377735  0.07598660  0.08216746  0.07598660  0.14024427  0.59948560  0.57495391  0.53961433  0.57495391  0.52819915  
12_4_0     0.53961433  0.53961433  0.53961433  0.55120802  0.37521201  0.37521201  0.40338754  0.06377735  0.00000000  0.02256208  0.05774731  0.07598660  0.05774731  0.10741947  0.57495391  0.55120802  0.53961433  0.52819915  0.51695708  
13_4_0     0.52819915  0.52819915  0.52819915  0.53961433  0.40338754  0.40338754  0.43267631  0.06377735  0.02256208  0.00000000  0.04583239  0.06377735  0.04583239  0.09468596  0.58711829  0.56298590  0.55120802  0.53961433  0.51695708  
13_3_0     0.55120802  0.55120802  0.55120802  0.56298590  0.40338754  0.40338754  0.41302247  0.07598660  0.05774731  0.04583239  0.00000000  0.07598660  0.05774731  0.10102538  0.58711829  0.56298590  0.55120802  0.51695708  0.51695708  
12_3_0     0.48421887  0.48421887  0.50588293  0.51695708  0.44270213  0.44270213  0.45286540  0.08216746  0.07598660  0.06377735  0.07598660  0.00000000  0.01685686  0.12693945  0.61206273  0.61206273  0.62485690  0.61206273  0.53961433  
10_3_0     0.49497177  0.49497177  0.51695708  0.52819915  0.41302247  0.41302247  0.42278426  0.07598660  0.05774731  0.04583239  0.05774731  0.01685686  0.00000000  0.12037552  0.59948560  0.57495391  0.58711829  0.57495391  0.50588293  
4_3_0      0.46316992  0.46316992  0.46316992  0.47361970  0.43267631  0.43267631  0.44270213  0.14024427  0.10741947  0.09468596  0.10102538  0.12693945  0.12037552  0.00000000  0.61206273  0.58711829  0.57495391  0.53961433  0.53961433  
17_0_0     0.58711829  0.58711829  0.53961433  0.53961433  0.36605320  0.34806818  0.35700615  0.59948560  0.57495391  0.58711829  0.58711829  0.61206273  0.59948560  0.61206273  0.00000000  0.02256208  0.03994598  0.06985684  0.10741947  
14_0_0     0.58711829  0.58711829  0.53961433  0.53961433  0.33050914  0.31335638  0.32188316  0.57495391  0.55120802  0.56298590  0.56298590  0.61206273  0.57495391  0.58711829  0.02256208  0.00000000  0.01685686  0.04583239  0.08216746  
6_0_0      0.55120802  0.55120802  0.52819915  0.52819915  0.30492656  0.28834913  0.29659151  0.53961433  0.53961433  0.55120802  0.55120802  0.62485690  0.58711829  0.57495391  0.03994598  0.01685686  0.00000000  0.03994598  0.10102538  
11_0_0     0.58711829  0.58711829  0.56298590  0.56298590  0.33050914  0.31335638  0.33923668  0.57495391  0.52819915  0.53961433  0.51695708  0.61206273  0.57495391  0.53961433  0.06985684  0.04583239  0.03994598  0.00000000  0.12037552  
5_0_0      0.55120802  0.55120802  0.50588293  0.50588293  0.31335638  0.29659151  0.30492656  0.52819915  0.51695708  0.51695708  0.51695708  0.53961433  0.50588293  0.53961433  0.10741947  0.08216746  0.10102538  0.12037552  0.00000000  

