49
97_1_0     0.00000000  0.00674175  0.02041065  0.02041065  0.02734009  0.03433444  0.04139492  0.04139492  0.02734009  0.04139492  0.03433444  0.03433444  0.03433444  0.03433444  0.02734009  0.04139492  0.04139492  0.04139492  0.04139492  0.04139492  0.03433444  0.04139492  0.02734009  0.04139492  0.03433444  0.03433444  0.04139492  0.03433444  0.04852280  0.04852280  0.05571937  0.04852280  0.06298597  0.06298597  0.06298597  0.04139492  0.04139492  0.04139492  0.04852280  0.04139492  0.02734009  0.04139492  0.06298597  0.05571937  0.05571937  0.04139492  0.05571937  0.05571937  0.04852280  
81_1_0     0.00674175  0.00000000  0.01354493  0.02041065  0.02734009  0.03433444  0.03433444  0.03433444  0.02734009  0.04139492  0.03433444  0.03433444  0.04139492  0.03433444  0.02041065  0.04139492  0.04139492  0.04139492  0.04139492  0.04139492  0.03433444  0.04139492  0.03433444  0.03433444  0.04139492  0.03433444  0.04139492  0.02734009  0.04852280  0.04852280  0.05571937  0.05571937  0.06298597  0.06298597  0.05571937  0.04139492  0.03433444  0.03433444  0.04852280  0.04139492  0.03433444  0.04852280  0.06298597  0.06298597  0.05571937  0.04852280  0.05571937  0.05571937  0.04852280  
53_1_0     0.02041065  0.01354493  0.00000000  0.02734009  0.02734009  0.03433444  0.02734009  0.02734009  0.03433444  0.04139492  0.02734009  0.03433444  0.03433444  0.03433444  0.02041065  0.04852280  0.03433444  0.04139492  0.04139492  0.04139492  0.03433444  0.02734009  0.02734009  0.02734009  0.04139492  0.04139492  0.04139492  0.03433444  0.04852280  0.04852280  0.05571937  0.07032399  0.06298597  0.05571937  0.04852280  0.04139492  0.03433444  0.03433444  0.05571937  0.04139492  0.03433444  0.05571937  0.06298597  0.06298597  0.05571937  0.04139492  0.05571937  0.04852280  0.05571937  
53_0_0     0.02041065  0.02041065  0.02734009  0.00000000  0.01354493  0.02041065  0.03433444  0.02734009  0.03433444  0.03433444  0.03433444  0.02734009  0.03433444  0.02734009  0.01354493  0.02734009  0.03433444  0.02041065  0.02734009  0.02734009  0.02734009  0.04139492  0.04139492  0.04852280  0.03433444  0.02734009  0.02734009  0.02041065  0.03433444  0.02734009  0.03433444  0.06298597  0.04852280  0.05571937  0.05571937  0.03433444  0.03433444  0.02734009  0.03433444  0.02734009  0.04852280  0.06298597  0.05571937  0.04852280  0.04139492  0.03433444  0.03433444  0.03433444  0.03433444  
97_0_0     0.02734009  0.02734009  0.02734009  0.01354493  0.00000000  0.00674175  0.02734009  0.03433444  0.03433444  0.04139492  0.02734009  0.02041065  0.03433444  0.02041065  0.01354493  0.02734009  0.02734009  0.02041065  0.02734009  0.02734009  0.01354493  0.04139492  0.04139492  0.04852280  0.02734009  0.02734009  0.02734009  0.03433444  0.02041065  0.02734009  0.03433444  0.06298597  0.05571937  0.04852280  0.04852280  0.02041065  0.02041065  0.02734009  0.04852280  0.04139492  0.04852280  0.06298597  0.04139492  0.05571937  0.02734009  0.04139492  0.04139492  0.04139492  0.03433444  
81_0_0     0.03433444  0.03433444  0.03433444  0.02041065  0.00674175  0.00000000  0.02041065  0.02734009  0.04139492  0.03433444  0.02041065  0.01354493  0.02734009  0.01354493  0.02041065  0.02041065  0.03433444  0.02734009  0.03433444  0.03433444  0.02041065  0.03433444  0.04139492  0.04852280  0.02734009  0.02734009  0.02734009  0.03433444  0.02041065  0.02734009  0.02734009  0.06298597  0.05571937  0.04852280  0.04852280  0.02041065  0.02041065  0.02734009  0.04852280  0.04139492  0.04852280  0.06298597  0.04139492  0.05571937  0.02041065  0.03433444  0.03433444  0.03433444  0.02734009  
49_0_0     0.04139492  0.03433444  0.02734009  0.03433444  0.02734009  0.02041065  0.00000000  0.01354493  0.04852280  0.02734009  0.02041065  0.03433444  0.02734009  0.03433444  0.02734009  0.03433444  0.03433444  0.04852280  0.05571937  0.05571937  0.04139492  0.04139492  0.04139492  0.04139492  0.03433444  0.03433444  0.04139492  0.03433444  0.03433444  0.04139492  0.04139492  0.05571937  0.05571937  0.03433444  0.03433444  0.02734009  0.01354493  0.02041065  0.04139492  0.04852280  0.04139492  0.06298597  0.04852280  0.05571937  0.03433444  0.02734009  0.04139492  0.03433444  0.03433444  
51_0_0     0.04139492  0.03433444  0.02734009  0.02734009  0.03433444  0.02734009  0.01354493  0.00000000  0.04852280  0.02734009  0.02734009  0.03433444  0.02734009  0.03433444  0.02041065  0.04139492  0.04139492  0.04139492  0.04852280  0.04852280  0.04852280  0.04139492  0.04139492  0.04139492  0.04139492  0.04139492  0.03433444  0.02734009  0.03433444  0.02734009  0.02734009  0.07032399  0.04139492  0.04852280  0.03433444  0.02734009  0.02734009  0.02041065  0.04139492  0.04139492  0.03433444  0.05571937  0.04852280  0.04139492  0.04139492  0.02041065  0.03433444  0.02734009  0.04139492  
85_0_0     0.02734009  0.02734009  0.03433444  0.03433444  0.03433444  0.04139492  0.04852280  0.04852280  0.00000000  0.04139492  0.04852280  0.04139492  0.05571937  0.04139492  0.04139492  0.05571937  0.05571937  0.04852280  0.04852280  0.04852280  0.04139492  0.04852280  0.04852280  0.05571937  0.04852280  0.05571937  0.05571937  0.05571937  0.04852280  0.04852280  0.05571937  0.05571937  0.06298597  0.07032399  0.07032399  0.04852280  0.04852280  0.04852280  0.06298597  0.04139492  0.04139492  0.03433444  0.06298597  0.05571937  0.04852280  0.04852280  0.04139492  0.04852280  0.04852280  
55_0_0     0.04139492  0.04139492  0.04139492  0.03433444  0.04139492  0.03433444  0.02734009  0.02734009  0.04139492  0.00000000  0.02041065  0.04139492  0.04139492  0.04139492  0.03433444  0.04852280  0.04852280  0.04852280  0.04139492  0.04139492  0.04139492  0.04852280  0.04139492  0.04852280  0.04139492  0.04139492  0.03433444  0.04139492  0.04852280  0.04139492  0.04139492  0.06298597  0.04139492  0.04852280  0.06298597  0.03433444  0.03433444  0.02734009  0.03433444  0.04139492  0.04852280  0.05571937  0.05571937  0.04852280  0.04852280  0.03433444  0.03433444  0.04139492  0.04852280  
90_0_0     0.03433444  0.03433444  0.02734009  0.03433444  0.02734009  0.02041065  0.02041065  0.02734009  0.04852280  0.02041065  0.00000000  0.03433444  0.02734009  0.03433444  0.03433444  0.03433444  0.02734009  0.04852280  0.04139492  0.04139492  0.02734009  0.03433444  0.02734009  0.03433444  0.03433444  0.02734009  0.03433444  0.04139492  0.04139492  0.04852280  0.04852280  0.06298597  0.05571937  0.04139492  0.04852280  0.02734009  0.03433444  0.04139492  0.04852280  0.04852280  0.04139492  0.06298597  0.04852280  0.06298597  0.04139492  0.03433444  0.04852280  0.04139492  0.04139492  
83_0_0     0.03433444  0.03433444  0.03433444  0.02734009  0.02041065  0.01354493  0.03433444  0.03433444  0.04139492  0.04139492  0.03433444  0.00000000  0.02041065  0.00000000  0.02734009  0.02041065  0.04852280  0.03433444  0.04139492  0.04139492  0.03433444  0.02041065  0.04139492  0.03433444  0.04139492  0.04139492  0.03433444  0.04139492  0.03433444  0.03433444  0.02041065  0.06298597  0.04852280  0.04852280  0.04852280  0.03433444  0.03433444  0.03433444  0.04139492  0.04852280  0.04852280  0.04852280  0.04139492  0.04852280  0.02041065  0.04139492  0.02734009  0.02734009  0.02734009  
57_0_0     0.03433444  0.04139492  0.03433444  0.03433444  0.03433444  0.02734009  0.02734009  0.02734009  0.05571937  0.04139492  0.02734009  0.02041065  0.00000000  0.02041065  0.03433444  0.02734009  0.04139492  0.04852280  0.05571937  0.05571937  0.04852280  0.02734009  0.03433444  0.03433444  0.03433444  0.04139492  0.04139492  0.04139492  0.04852280  0.04852280  0.03433444  0.05571937  0.04852280  0.04139492  0.04139492  0.04139492  0.04139492  0.04139492  0.04139492  0.05571937  0.04139492  0.04852280  0.04852280  0.04139492  0.03433444  0.02734009  0.03433444  0.02734009  0.03433444  
69_0_0     0.03433444  0.03433444  0.03433444  0.02734009  0.02041065  0.01354493  0.03433444  0.03433444  0.04139492  0.04139492  0.03433444  0.00000000  0.02041065  0.00000000  0.02734009  0.02041065  0.04852280  0.03433444  0.04139492  0.04139492  0.03433444  0.02041065  0.04139492  0.03433444  0.04139492  0.04139492  0.03433444  0.04139492  0.03433444  0.03433444  0.02041065  0.06298597  0.04852280  0.04852280  0.04852280  0.03433444  0.03433444  0.03433444  0.04139492  0.04852280  0.04852280  0.04852280  0.04139492  0.04852280  0.02041065  0.04139492  0.02734009  0.02734009  0.02734009  
50_0_0     0.02734009  0.02041065  0.02041065  0.01354493  0.01354493  0.02041065  0.02734009  0.02041065  0.04139492  0.03433444  0.03433444  0.02734009  0.03433444  0.02734009  0.00000000  0.04139492  0.03433444  0.02041065  0.02734009  0.02734009  0.02734009  0.04852280  0.04139492  0.04139492  0.03433444  0.03433444  0.02041065  0.02041065  0.03433444  0.02734009  0.03433444  0.07032399  0.04852280  0.05571937  0.04852280  0.02734009  0.02041065  0.01354493  0.04139492  0.04139492  0.04852280  0.06298597  0.04852280  0.04852280  0.04139492  0.03433444  0.04139492  0.04139492  0.04852280  
54_0_0     0.04139492  0.04139492  0.04852280  0.02734009  0.02734009  0.02041065  0.03433444  0.04139492  0.05571937  0.04852280  0.03433444  0.02041065  0.02734009  0.02041065  0.04139492  0.00000000  0.04852280  0.04852280  0.05571937  0.05571937  0.04139492  0.03433444  0.05571937  0.04852280  0.04139492  0.03433444  0.04852280  0.04139492  0.04139492  0.04852280  0.03433444  0.04139492  0.05571937  0.04852280  0.04852280  0.04139492  0.04139492  0.04852280  0.04139492  0.03433444  0.04852280  0.04852280  0.03433444  0.04139492  0.01354493  0.03433444  0.02041065  0.02041065  0.00674175  
93_0_0     0.04139492  0.04139492  0.03433444  0.03433444  0.02734009  0.03433444  0.03433444  0.04139492  0.05571937  0.04852280  0.02734009  0.04852280  0.04139492  0.04852280  0.03433444  0.04852280  0.00000000  0.02041065  0.02734009  0.02734009  0.02734009  0.04139492  0.03433444  0.04139492  0.04139492  0.03433444  0.04139492  0.04852280  0.04852280  0.05571937  0.06298597  0.07773483  0.06298597  0.04852280  0.05571937  0.03433444  0.04139492  0.04852280  0.04139492  0.06298597  0.05571937  0.07773483  0.05571937  0.07032399  0.05571937  0.04852280  0.06298597  0.05571937  0.05571937  
44_0_0     0.04139492  0.04139492  0.04139492  0.02041065  0.02041065  0.02734009  0.04852280  0.04139492  0.04852280  0.04852280  0.04852280  0.03433444  0.04852280  0.03433444  0.02041065  0.04852280  0.02041065  0.00000000  0.00674175  0.00674175  0.02041065  0.04139492  0.04139492  0.04852280  0.04852280  0.04852280  0.03433444  0.04139492  0.04139492  0.03433444  0.04139492  0.08521996  0.06298597  0.07032399  0.07032399  0.04139492  0.04139492  0.03433444  0.04139492  0.04852280  0.06298597  0.07773483  0.06298597  0.06298597  0.04852280  0.04852280  0.04852280  0.04852280  0.05571937  
66_0_0     0.04139492  0.04139492  0.04139492  0.02734009  0.02734009  0.03433444  0.05571937  0.04852280  0.04852280  0.04139492  0.04139492  0.04139492  0.05571937  0.04139492  0.02734009  0.05571937  0.02734009  0.00674175  0.00000000  0.00000000  0.01354493  0.04139492  0.03433444  0.04139492  0.05571937  0.05571937  0.04139492  0.04852280  0.04852280  0.04139492  0.04852280  0.08521996  0.07032399  0.07773483  0.07773483  0.04852280  0.04852280  0.04139492  0.04852280  0.04852280  0.06298597  0.07773483  0.07032399  0.07032399  0.05571937  0.05571937  0.05571937  0.05571937  0.06298597  
64_0_0     0.04139492  0.04139492  0.04139492  0.02734009  0.02734009  0.03433444  0.05571937  0.04852280  0.04852280  0.04139492  0.04139492  0.04139492  0.05571937  0.04139492  0.02734009  0.05571937  0.02734009  0.00674175  0.00000000  0.00000000  0.01354493  0.04139492  0.03433444  0.04139492  0.05571937  0.05571937  0.04139492  0.04852280  0.04852280  0.04139492  0.04852280  0.08521996  0.07032399  0.07773483  0.07773483  0.04852280  0.04852280  0.04139492  0.04852280  0.04852280  0.06298597  0.07773483  0.07032399  0.07032399  0.05571937  0.05571937  0.05571937  0.05571937  0.06298597  
70_0_0     0.03433444  0.03433444  0.03433444  0.02734009  0.01354493  0.02041065  0.04139492  0.04852280  0.04139492  0.04139492  0.02734009  0.03433444  0.04852280  0.03433444  0.02734009  0.04139492  0.02734009  0.02041065  0.01354493  0.01354493  0.00000000  0.03433444  0.02734009  0.03433444  0.04139492  0.04139492  0.04139492  0.04852280  0.03433444  0.04139492  0.04852280  0.07032399  0.07032399  0.06298597  0.06298597  0.03433444  0.03433444  0.04139492  0.04852280  0.04852280  0.05571937  0.07032399  0.05571937  0.07032399  0.04139492  0.05571937  0.05571937  0.05571937  0.04852280  
87_2_0     0.04139492  0.04139492  0.02734009  0.04139492  0.04139492  0.03433444  0.04139492  0.04139492  0.04852280  0.04852280  0.03433444  0.02041065  0.02734009  0.02041065  0.04852280  0.03433444  0.04139492  0.04139492  0.04139492  0.04139492  0.03433444  0.00000000  0.02734009  0.02041065  0.05571937  0.05571937  0.05571937  0.05571937  0.05571937  0.05571937  0.04139492  0.07032399  0.06298597  0.05571937  0.05571937  0.05571937  0.05571937  0.05571937  0.04139492  0.04852280  0.04852280  0.05571937  0.06298597  0.06298597  0.04139492  0.04852280  0.04139492  0.03433444  0.04139492  
76_0_0     0.02734009  0.03433444  0.02734009  0.04139492  0.04139492  0.04139492  0.04139492  0.04139492  0.04852280  0.04139492  0.02734009  0.04139492  0.03433444  0.04139492  0.04139492  0.05571937  0.03433444  0.04139492  0.03433444  0.03433444  0.02734009  0.02734009  0.00000000  0.02041065  0.04139492  0.04852280  0.04852280  0.04852280  0.05571937  0.04852280  0.06298597  0.07032399  0.06298597  0.06298597  0.05571937  0.04852280  0.04139492  0.04852280  0.04852280  0.05571937  0.02734009  0.05571937  0.07032399  0.06298597  0.06298597  0.04139492  0.06298597  0.05571937  0.06298597  
39_0_0     0.04139492  0.03433444  0.02734009  0.04852280  0.04852280  0.04852280  0.04139492  0.04139492  0.05571937  0.04852280  0.03433444  0.03433444  0.03433444  0.03433444  0.04139492  0.04852280  0.04139492  0.04852280  0.04139492  0.04139492  0.03433444  0.02041065  0.02041065  0.00000000  0.04852280  0.04852280  0.04852280  0.04139492  0.05571937  0.06298597  0.05571937  0.06298597  0.06298597  0.04852280  0.04852280  0.04852280  0.04852280  0.04139492  0.03433444  0.05571937  0.04852280  0.04852280  0.05571937  0.05571937  0.05571937  0.05571937  0.05571937  0.04852280  0.05571937  
72_0_0     0.03433444  0.04139492  0.04139492  0.03433444  0.02734009  0.02734009  0.03433444  0.04139492  0.04852280  0.04139492  0.03433444  0.04139492  0.03433444  0.04139492  0.03433444  0.04139492  0.04139492  0.04852280  0.05571937  0.05571937  0.04139492  0.05571937  0.04139492  0.04852280  0.00000000  0.01354493  0.02041065  0.02041065  0.02041065  0.03433444  0.04139492  0.05571937  0.05571937  0.04852280  0.05571937  0.02734009  0.03433444  0.03433444  0.04852280  0.04852280  0.04852280  0.04852280  0.04852280  0.04139492  0.04852280  0.04139492  0.04852280  0.05571937  0.04852280  
63_0_0     0.03433444  0.03433444  0.04139492  0.02734009  0.02734009  0.02734009  0.03433444  0.04139492  0.05571937  0.04139492  0.02734009  0.04139492  0.04139492  0.04139492  0.03433444  0.03433444  0.03433444  0.04852280  0.05571937  0.05571937  0.04139492  0.05571937  0.04852280  0.04852280  0.01354493  0.00000000  0.01354493  0.01354493  0.02041065  0.03433444  0.04139492  0.05571937  0.05571937  0.04139492  0.05571937  0.02041065  0.03433444  0.03433444  0.03433444  0.04139492  0.05571937  0.06298597  0.04139492  0.05571937  0.04852280  0.04852280  0.05571937  0.05571937  0.04139492  
79_0_0     0.04139492  0.04139492  0.04139492  0.02734009  0.02734009  0.02734009  0.04139492  0.03433444  0.05571937  0.03433444  0.03433444  0.03433444  0.04139492  0.03433444  0.02041065  0.04852280  0.04139492  0.03433444  0.04139492  0.04139492  0.04139492  0.05571937  0.04852280  0.04852280  0.02041065  0.01354493  0.00000000  0.01354493  0.02041065  0.02041065  0.02734009  0.07032399  0.04852280  0.04852280  0.06298597  0.02041065  0.03433444  0.02041065  0.03433444  0.04139492  0.05571937  0.06298597  0.04139492  0.04852280  0.04852280  0.04139492  0.04852280  0.04852280  0.05571937  
43_0_0     0.03433444  0.02734009  0.03433444  0.02041065  0.03433444  0.03433444  0.03433444  0.02734009  0.05571937  0.04139492  0.04139492  0.04139492  0.04139492  0.04139492  0.02041065  0.04139492  0.04852280  0.04139492  0.04852280  0.04852280  0.04852280  0.05571937  0.04852280  0.04139492  0.02041065  0.01354493  0.01354493  0.00000000  0.02734009  0.02734009  0.03433444  0.06298597  0.05571937  0.05571937  0.05571937  0.03433444  0.03433444  0.02041065  0.03433444  0.03433444  0.05571937  0.06298597  0.05571937  0.04852280  0.05571937  0.04139492  0.04852280  0.04852280  0.04852280  
48_0_0     0.04852280  0.04852280  0.04852280  0.03433444  0.02041065  0.02041065  0.03433444  0.03433444  0.04852280  0.04852280  0.04139492  0.03433444  0.04852280  0.03433444  0.03433444  0.04139492  0.04852280  0.04139492  0.04852280  0.04852280  0.03433444  0.05571937  0.05571937  0.05571937  0.02041065  0.02041065  0.02041065  0.02734009  0.00000000  0.01354493  0.02041065  0.06298597  0.05571937  0.04852280  0.04852280  0.01354493  0.02734009  0.02734009  0.04852280  0.04139492  0.04852280  0.05571937  0.03433444  0.04852280  0.03433444  0.04852280  0.04852280  0.04852280  0.04139492  
56_0_0     0.04852280  0.04852280  0.04852280  0.02734009  0.02734009  0.02734009  0.04139492  0.02734009  0.04852280  0.04139492  0.04852280  0.03433444  0.04852280  0.03433444  0.02734009  0.04852280  0.05571937  0.03433444  0.04139492  0.04139492  0.04139492  0.05571937  0.04852280  0.06298597  0.03433444  0.03433444  0.02041065  0.02734009  0.01354493  0.00000000  0.01354493  0.07773483  0.04139492  0.06298597  0.04852280  0.02734009  0.02734009  0.02734009  0.04852280  0.04139492  0.04139492  0.06298597  0.04852280  0.04852280  0.04139492  0.04139492  0.04139492  0.04139492  0.04852280  
84_0_0     0.05571937  0.05571937  0.05571937  0.03433444  0.03433444  0.02734009  0.04139492  0.02734009  0.05571937  0.04139492  0.04852280  0.02041065  0.03433444  0.02041065  0.03433444  0.03433444  0.06298597  0.04139492  0.04852280  0.04852280  0.04852280  0.04139492  0.06298597  0.05571937  0.04139492  0.04139492  0.02734009  0.03433444  0.02041065  0.01354493  0.00000000  0.07032399  0.04139492  0.05571937  0.04852280  0.03433444  0.04139492  0.03433444  0.04139492  0.04852280  0.05571937  0.05571937  0.04139492  0.04139492  0.02734009  0.04139492  0.02734009  0.02734009  0.03433444  
96_0_0     0.04852280  0.05571937  0.07032399  0.06298597  0.06298597  0.06298597  0.05571937  0.07032399  0.05571937  0.06298597  0.06298597  0.06298597  0.05571937  0.06298597  0.07032399  0.04139492  0.07773483  0.08521996  0.08521996  0.08521996  0.07032399  0.07032399  0.07032399  0.06298597  0.05571937  0.05571937  0.07032399  0.06298597  0.06298597  0.07773483  0.07032399  0.00000000  0.06298597  0.04139492  0.05571937  0.05571937  0.05571937  0.05571937  0.04852280  0.04852280  0.04852280  0.02734009  0.04139492  0.04139492  0.04852280  0.05571937  0.05571937  0.05571937  0.04139492  
47_0_0     0.06298597  0.06298597  0.06298597  0.04852280  0.05571937  0.05571937  0.05571937  0.04139492  0.06298597  0.04139492  0.05571937  0.04852280  0.04852280  0.04852280  0.04852280  0.05571937  0.06298597  0.06298597  0.07032399  0.07032399  0.07032399  0.06298597  0.06298597  0.06298597  0.05571937  0.05571937  0.04852280  0.05571937  0.05571937  0.04139492  0.04139492  0.06298597  0.00000000  0.02734009  0.02041065  0.04139492  0.04852280  0.04852280  0.04139492  0.06298597  0.05571937  0.05571937  0.04852280  0.04139492  0.05571937  0.05571937  0.04139492  0.04852280  0.05571937  
42_0_0     0.06298597  0.06298597  0.05571937  0.05571937  0.04852280  0.04852280  0.03433444  0.04852280  0.07032399  0.04852280  0.04139492  0.04852280  0.04139492  0.04852280  0.05571937  0.04852280  0.04852280  0.07032399  0.07773483  0.07773483  0.06298597  0.05571937  0.06298597  0.04852280  0.04852280  0.04139492  0.04852280  0.05571937  0.04852280  0.06298597  0.05571937  0.04139492  0.02734009  0.00000000  0.02041065  0.03433444  0.04139492  0.04139492  0.03433444  0.06298597  0.06298597  0.06298597  0.04139492  0.05571937  0.04852280  0.05571937  0.05571937  0.04852280  0.04852280  
65_0_0     0.06298597  0.05571937  0.04852280  0.05571937  0.04852280  0.04852280  0.03433444  0.03433444  0.07032399  0.06298597  0.04852280  0.04852280  0.04139492  0.04852280  0.04852280  0.04852280  0.05571937  0.07032399  0.07773483  0.07773483  0.06298597  0.05571937  0.05571937  0.04852280  0.05571937  0.05571937  0.06298597  0.05571937  0.04852280  0.04852280  0.04852280  0.05571937  0.02041065  0.02041065  0.00000000  0.04139492  0.03433444  0.04852280  0.05571937  0.07032399  0.04852280  0.06298597  0.04852280  0.05571937  0.04852280  0.05571937  0.05571937  0.04852280  0.04852280  
47_3_0     0.04139492  0.04139492  0.04139492  0.03433444  0.02041065  0.02041065  0.02734009  0.02734009  0.04852280  0.03433444  0.02734009  0.03433444  0.04139492  0.03433444  0.02734009  0.04139492  0.03433444  0.04139492  0.04852280  0.04852280  0.03433444  0.05571937  0.04852280  0.04852280  0.02734009  0.02041065  0.02041065  0.03433444  0.01354493  0.02734009  0.03433444  0.05571937  0.04139492  0.03433444  0.04139492  0.00000000  0.02041065  0.02041065  0.03433444  0.04139492  0.04139492  0.04852280  0.02041065  0.04139492  0.03433444  0.04139492  0.04852280  0.04852280  0.04139492  
42_3_0     0.04139492  0.03433444  0.03433444  0.03433444  0.02041065  0.02041065  0.01354493  0.02734009  0.04852280  0.03433444  0.03433444  0.03433444  0.04139492  0.03433444  0.02041065  0.04139492  0.04139492  0.04139492  0.04852280  0.04852280  0.03433444  0.05571937  0.04139492  0.04852280  0.03433444  0.03433444  0.03433444  0.03433444  0.02734009  0.02734009  0.04139492  0.05571937  0.04852280  0.04139492  0.03433444  0.02041065  0.00000000  0.01354493  0.04139492  0.04852280  0.04139492  0.06298597  0.04139492  0.05571937  0.03433444  0.04139492  0.04852280  0.04852280  0.04139492  
65_3_0     0.04139492  0.03433444  0.03433444  0.02734009  0.02734009  0.02734009  0.02041065  0.02041065  0.04852280  0.02734009  0.04139492  0.03433444  0.04139492  0.03433444  0.01354493  0.04852280  0.04852280  0.03433444  0.04139492  0.04139492  0.04139492  0.05571937  0.04852280  0.04139492  0.03433444  0.03433444  0.02041065  0.02041065  0.02734009  0.02734009  0.03433444  0.05571937  0.04852280  0.04139492  0.04852280  0.02041065  0.01354493  0.00000000  0.02734009  0.03433444  0.04852280  0.05571937  0.04139492  0.04139492  0.04139492  0.03433444  0.04139492  0.04139492  0.04852280  
96_3_0     0.04852280  0.04852280  0.05571937  0.03433444  0.04852280  0.04852280  0.04139492  0.04139492  0.06298597  0.03433444  0.04852280  0.04139492  0.04139492  0.04139492  0.04139492  0.04139492  0.04139492  0.04139492  0.04852280  0.04852280  0.04852280  0.04139492  0.04852280  0.03433444  0.04852280  0.03433444  0.03433444  0.03433444  0.04852280  0.04852280  0.04139492  0.04852280  0.04139492  0.03433444  0.05571937  0.03433444  0.04139492  0.02734009  0.00000000  0.04139492  0.06298597  0.05571937  0.04139492  0.04139492  0.04852280  0.04852280  0.04139492  0.04139492  0.04139492  
62_3_0     0.04139492  0.04139492  0.04139492  0.02734009  0.04139492  0.04139492  0.04852280  0.04139492  0.04139492  0.04139492  0.04852280  0.04852280  0.05571937  0.04852280  0.04139492  0.03433444  0.06298597  0.04852280  0.04852280  0.04852280  0.04852280  0.04852280  0.05571937  0.05571937  0.04852280  0.04139492  0.04139492  0.03433444  0.04139492  0.04139492  0.04852280  0.04852280  0.06298597  0.06298597  0.07032399  0.04139492  0.04852280  0.03433444  0.04139492  0.00000000  0.04139492  0.04852280  0.04852280  0.04139492  0.03433444  0.02734009  0.02734009  0.02734009  0.02734009  
95_3_0     0.02734009  0.03433444  0.03433444  0.04852280  0.04852280  0.04852280  0.04139492  0.03433444  0.04139492  0.04852280  0.04139492  0.04852280  0.04139492  0.04852280  0.04852280  0.04852280  0.05571937  0.06298597  0.06298597  0.06298597  0.05571937  0.04852280  0.02734009  0.04852280  0.04852280  0.05571937  0.05571937  0.05571937  0.04852280  0.04139492  0.05571937  0.04852280  0.05571937  0.06298597  0.04852280  0.04139492  0.04139492  0.04852280  0.06298597  0.04139492  0.00000000  0.02734009  0.04852280  0.04139492  0.04852280  0.02734009  0.04852280  0.04139492  0.04852280  
68_3_0     0.04139492  0.04852280  0.05571937  0.06298597  0.06298597  0.06298597  0.06298597  0.05571937  0.03433444  0.05571937  0.06298597  0.04852280  0.04852280  0.04852280  0.06298597  0.04852280  0.07773483  0.07773483  0.07773483  0.07773483  0.07032399  0.05571937  0.05571937  0.04852280  0.04852280  0.06298597  0.06298597  0.06298597  0.05571937  0.06298597  0.05571937  0.02734009  0.05571937  0.06298597  0.06298597  0.04852280  0.06298597  0.05571937  0.05571937  0.04852280  0.02734009  0.00000000  0.03433444  0.02041065  0.04852280  0.04852280  0.04139492  0.04852280  0.04852280  
56_3_0     0.06298597  0.06298597  0.06298597  0.05571937  0.04139492  0.04139492  0.04852280  0.04852280  0.06298597  0.05571937  0.04852280  0.04139492  0.04852280  0.04139492  0.04852280  0.03433444  0.05571937  0.06298597  0.07032399  0.07032399  0.05571937  0.06298597  0.07032399  0.05571937  0.04852280  0.04139492  0.04139492  0.05571937  0.03433444  0.04852280  0.04139492  0.04139492  0.04852280  0.04139492  0.04852280  0.02041065  0.04139492  0.04139492  0.04139492  0.04852280  0.04852280  0.03433444  0.00000000  0.02041065  0.02734009  0.04852280  0.04139492  0.04139492  0.03433444  
48_3_0     0.05571937  0.06298597  0.06298597  0.04852280  0.05571937  0.05571937  0.05571937  0.04139492  0.05571937  0.04852280  0.06298597  0.04852280  0.04139492  0.04852280  0.04852280  0.04139492  0.07032399  0.06298597  0.07032399  0.07032399  0.07032399  0.06298597  0.06298597  0.05571937  0.04139492  0.05571937  0.04852280  0.04852280  0.04852280  0.04852280  0.04139492  0.04139492  0.04139492  0.05571937  0.05571937  0.04139492  0.05571937  0.04139492  0.04139492  0.04139492  0.04139492  0.02041065  0.02041065  0.00000000  0.04139492  0.03433444  0.02734009  0.03433444  0.04139492  
43_3_0     0.05571937  0.05571937  0.05571937  0.04139492  0.02734009  0.02041065  0.03433444  0.04139492  0.04852280  0.04852280  0.04139492  0.02041065  0.03433444  0.02041065  0.04139492  0.01354493  0.05571937  0.04852280  0.05571937  0.05571937  0.04139492  0.04139492  0.06298597  0.05571937  0.04852280  0.04852280  0.04852280  0.05571937  0.03433444  0.04139492  0.02734009  0.04852280  0.05571937  0.04852280  0.04852280  0.03433444  0.03433444  0.04139492  0.04852280  0.03433444  0.04852280  0.04852280  0.02734009  0.04139492  0.00000000  0.02734009  0.01354493  0.01354493  0.00674175  
43_4_0     0.04139492  0.04852280  0.04139492  0.03433444  0.04139492  0.03433444  0.02734009  0.02041065  0.04852280  0.03433444  0.03433444  0.04139492  0.02734009  0.04139492  0.03433444  0.03433444  0.04852280  0.04852280  0.05571937  0.05571937  0.05571937  0.04852280  0.04139492  0.05571937  0.04139492  0.04852280  0.04139492  0.04139492  0.04852280  0.04139492  0.04139492  0.05571937  0.05571937  0.05571937  0.05571937  0.04139492  0.04139492  0.03433444  0.04852280  0.02734009  0.02734009  0.04852280  0.04852280  0.03433444  0.02734009  0.00000000  0.02041065  0.01354493  0.02734009  
79_3_0     0.05571937  0.05571937  0.05571937  0.03433444  0.04139492  0.03433444  0.04139492  0.03433444  0.04139492  0.03433444  0.04852280  0.02734009  0.03433444  0.02734009  0.04139492  0.02041065  0.06298597  0.04852280  0.05571937  0.05571937  0.05571937  0.04139492  0.06298597  0.05571937  0.04852280  0.05571937  0.04852280  0.04852280  0.04852280  0.04139492  0.02734009  0.05571937  0.04139492  0.05571937  0.05571937  0.04852280  0.04852280  0.04139492  0.04139492  0.02734009  0.04852280  0.04139492  0.04139492  0.02734009  0.01354493  0.02041065  0.00000000  0.00674175  0.01354493  
72_3_0     0.05571937  0.05571937  0.04852280  0.03433444  0.04139492  0.03433444  0.03433444  0.02734009  0.04852280  0.04139492  0.04139492  0.02734009  0.02734009  0.02734009  0.04139492  0.02041065  0.05571937  0.04852280  0.05571937  0.05571937  0.05571937  0.03433444  0.05571937  0.04852280  0.05571937  0.05571937  0.04852280  0.04852280  0.04852280  0.04139492  0.02734009  0.05571937  0.04852280  0.04852280  0.04852280  0.04852280  0.04852280  0.04139492  0.04139492  0.02734009  0.04139492  0.04852280  0.04139492  0.03433444  0.01354493  0.01354493  0.00674175  0.00000000  0.01354493  
63_3_0     0.04852280  0.04852280  0.05571937  0.03433444  0.03433444  0.02734009  0.03433444  0.04139492  0.04852280  0.04852280  0.04139492  0.02734009  0.03433444  0.02734009  0.04852280  0.00674175  0.05571937  0.05571937  0.06298597  0.06298597  0.04852280  0.04139492  0.06298597  0.05571937  0.04852280  0.04139492  0.05571937  0.04852280  0.04139492  0.04852280  0.03433444  0.04139492  0.05571937  0.04852280  0.04852280  0.04139492  0.04139492  0.04852280  0.04139492  0.02734009  0.04852280  0.04852280  0.03433444  0.04139492  0.00674175  0.02734009  0.01354493  0.01354493  0.00000000  

