17
20_0_0     0.00000000  0.00000000  0.00590607  0.06774000  0.06774000  0.06774000  0.08735454  0.10750809  0.10750809  0.10750809  0.15680532  0.14237907  0.14237907  0.12125818  0.12125818  0.20965634  0.24165985  
19_0_0     0.00000000  0.00000000  0.00590607  0.06774000  0.06774000  0.06774000  0.08735454  0.10750809  0.10750809  0.10750809  0.15680532  0.14237907  0.14237907  0.12125818  0.12125818  0.20965634  0.24165985  
12_0_0     0.00590607  0.00590607  0.00000000  0.07422007  0.07422007  0.07422007  0.09401105  0.11435091  0.11435091  0.11435091  0.16412627  0.14955673  0.14955673  0.12125818  0.12823111  0.20965634  0.24165985  
13_0_0     0.06774000  0.06774000  0.07422007  0.00000000  0.09401105  0.09401105  0.09401105  0.17152103  0.17152103  0.17152103  0.17899111  0.16412627  0.17899111  0.14237907  0.13527098  0.20186899  0.21752725  
14_0_0     0.06774000  0.06774000  0.07422007  0.09401105  0.00000000  0.00000000  0.08735454  0.11435091  0.11435091  0.11435091  0.14955673  0.13527098  0.12125818  0.11435091  0.12125818  0.24988379  0.23352710  
18_0_0     0.06774000  0.06774000  0.07422007  0.09401105  0.00000000  0.00000000  0.08735454  0.11435091  0.11435091  0.11435091  0.14955673  0.13527098  0.12125818  0.11435091  0.12125818  0.24988379  0.23352710  
15_0_0     0.08735454  0.08735454  0.09401105  0.09401105  0.08735454  0.08735454  0.00000000  0.13527098  0.13527098  0.13527098  0.17152103  0.14955673  0.14955673  0.12125818  0.12125818  0.20965634  0.22548355  
12_2_0     0.10750809  0.10750809  0.11435091  0.17152103  0.11435091  0.11435091  0.13527098  0.00000000  0.00000000  0.00000000  0.06774000  0.06131668  0.06131668  0.11435091  0.12823111  0.30126348  0.26661359  
19_2_0     0.10750809  0.10750809  0.11435091  0.17152103  0.11435091  0.11435091  0.13527098  0.00000000  0.00000000  0.00000000  0.06774000  0.06131668  0.06131668  0.11435091  0.12823111  0.30126348  0.26661359  
20_2_0     0.10750809  0.10750809  0.11435091  0.17152103  0.11435091  0.11435091  0.13527098  0.00000000  0.00000000  0.00000000  0.06774000  0.06131668  0.06131668  0.11435091  0.12823111  0.30126348  0.26661359  
13_2_0     0.15680532  0.15680532  0.16412627  0.17899111  0.14955673  0.14955673  0.17152103  0.06774000  0.06774000  0.06774000  0.00000000  0.11435091  0.10072852  0.12823111  0.14237907  0.27512381  0.24165985  
14_2_0     0.14237907  0.14237907  0.14955673  0.16412627  0.13527098  0.13527098  0.14955673  0.06131668  0.06131668  0.06131668  0.11435091  0.00000000  0.01186008  0.09401105  0.10072852  0.29244634  0.27512381  
18_2_0     0.14237907  0.14237907  0.14955673  0.17899111  0.12125818  0.12125818  0.14955673  0.06131668  0.06131668  0.06131668  0.10072852  0.01186008  0.00000000  0.08075790  0.10750809  0.29244634  0.25820099  
15_2_0     0.12125818  0.12125818  0.12125818  0.14237907  0.11435091  0.11435091  0.12125818  0.11435091  0.11435091  0.11435091  0.12823111  0.09401105  0.08075790  0.00000000  0.06131668  0.20186899  0.17152103  
15_3_0     0.12125818  0.12125818  0.12823111  0.13527098  0.12125818  0.12125818  0.12125818  0.12823111  0.12823111  0.12823111  0.14237907  0.10072852  0.10750809  0.06131668  0.00000000  0.22548355  0.19416347  
17_1_0     0.20965634  0.20965634  0.20965634  0.20186899  0.24988379  0.24988379  0.20965634  0.30126348  0.30126348  0.30126348  0.27512381  0.29244634  0.29244634  0.20186899  0.22548355  0.00000000  0.06131668  
16_1_0     0.24165985  0.24165985  0.24165985  0.21752725  0.23352710  0.23352710  0.22548355  0.26661359  0.26661359  0.26661359  0.24165985  0.27512381  0.25820099  0.17152103  0.19416347  0.06131668  0.00000000  

