52
36_3_0     0.00000000  0.19267215  0.19267215  0.22367801  0.22367801  0.20801239  0.18511989  0.31633585  0.30741530  0.32536545  0.31633585  0.29860122  0.28989108  0.29860122  0.30741530  0.28989108  0.28989108  0.29860122  0.34376275  0.36263006  0.29860122  0.28989108  0.29860122  0.29860122  0.36263006  0.38199200  0.37224758  0.37224758  0.32536545  0.34376275  0.34376275  0.26436054  0.26436054  0.30741530  0.36263006  0.32536545  0.32536545  0.34376275  0.30741530  0.31633585  0.39186671  0.39186671  0.39186671  0.36263006  0.36263006  0.34376275  0.35313616  0.32536545  0.29860122  0.40187523  0.31633585  0.31633585  
36_2_0     0.19267215  0.00000000  0.14135958  0.16291568  0.16291568  0.16291568  0.14135958  0.23968313  0.23163722  0.23163722  0.21580366  0.23968313  0.24781766  0.25604279  0.25604279  0.23968313  0.23163722  0.23968313  0.30741530  0.32536545  0.28989108  0.28128247  0.32536545  0.32536545  0.29860122  0.38199200  0.37224758  0.37224758  0.35313616  0.28128247  0.28128247  0.25604279  0.25604279  0.27277304  0.33450682  0.31633585  0.32536545  0.33450682  0.28989108  0.28989108  0.33450682  0.32536545  0.34376275  0.35313616  0.29860122  0.34376275  0.34376275  0.29860122  0.26436054  0.39186671  0.29860122  0.30741530  
17_0_0     0.19267215  0.14135958  0.00000000  0.02983431  0.02983431  0.04211386  0.02377026  0.23968313  0.27277304  0.23163722  0.23163722  0.24781766  0.27277304  0.28128247  0.24781766  0.28989108  0.28128247  0.28989108  0.32536545  0.28128247  0.27277304  0.26436054  0.28128247  0.28128247  0.27277304  0.34376275  0.32536545  0.32536545  0.31633585  0.31633585  0.31633585  0.23968313  0.23968313  0.29860122  0.30741530  0.28989108  0.31633585  0.29860122  0.33450682  0.32536545  0.38199200  0.32536545  0.28989108  0.31633585  0.30741530  0.31633585  0.31633585  0.32536545  0.29860122  0.37224758  0.28989108  0.32536545  
98_0_0     0.22367801  0.16291568  0.02983431  0.00000000  0.00000000  0.07373679  0.05460103  0.26436054  0.31633585  0.27277304  0.27277304  0.28989108  0.28128247  0.27277304  0.27277304  0.31633585  0.30741530  0.29860122  0.33450682  0.28989108  0.27277304  0.27277304  0.29860122  0.29860122  0.28128247  0.34376275  0.32536545  0.30741530  0.33450682  0.30741530  0.30741530  0.23163722  0.23163722  0.29860122  0.33450682  0.32536545  0.34376275  0.32536545  0.36263006  0.35313616  0.37224758  0.34376275  0.32536545  0.32536545  0.31633585  0.30741530  0.30741530  0.31633585  0.29860122  0.35313616  0.26436054  0.32536545  
33_0_0     0.22367801  0.16291568  0.02983431  0.00000000  0.00000000  0.07373679  0.05460103  0.26436054  0.31633585  0.27277304  0.27277304  0.28989108  0.28128247  0.27277304  0.27277304  0.31633585  0.30741530  0.29860122  0.33450682  0.28989108  0.27277304  0.27277304  0.29860122  0.29860122  0.28128247  0.34376275  0.32536545  0.30741530  0.33450682  0.30741530  0.30741530  0.23163722  0.23163722  0.29860122  0.33450682  0.32536545  0.34376275  0.32536545  0.36263006  0.35313616  0.37224758  0.34376275  0.32536545  0.32536545  0.31633585  0.30741530  0.30741530  0.31633585  0.29860122  0.35313616  0.26436054  0.32536545  
81_0_0     0.20801239  0.16291568  0.04211386  0.07373679  0.07373679  0.00000000  0.04211386  0.24781766  0.26436054  0.22367801  0.22367801  0.23968313  0.28989108  0.29860122  0.26436054  0.30741530  0.29860122  0.30741530  0.30741530  0.26436054  0.28128247  0.27277304  0.27277304  0.27277304  0.27277304  0.31633585  0.29860122  0.31633585  0.29860122  0.31633585  0.31633585  0.27277304  0.27277304  0.32536545  0.29860122  0.28989108  0.32536545  0.31633585  0.31633585  0.31633585  0.36263006  0.30741530  0.29860122  0.31633585  0.30741530  0.29860122  0.32536545  0.31633585  0.28128247  0.37224758  0.29860122  0.29860122  
85_0_0     0.18511989  0.14135958  0.02377026  0.05460103  0.05460103  0.04211386  0.00000000  0.25604279  0.27277304  0.23163722  0.23163722  0.24781766  0.28128247  0.28989108  0.23968313  0.28128247  0.27277304  0.28128247  0.33450682  0.28128247  0.27277304  0.26436054  0.27277304  0.27277304  0.28989108  0.33450682  0.32536545  0.33450682  0.33450682  0.31633585  0.31633585  0.25604279  0.25604279  0.29860122  0.31633585  0.30741530  0.33450682  0.31633585  0.34376275  0.34376275  0.39186671  0.34376275  0.29860122  0.33450682  0.30741530  0.30741530  0.32536545  0.29860122  0.29860122  0.37224758  0.28128247  0.29860122  
29_0_0     0.31633585  0.23968313  0.23968313  0.26436054  0.26436054  0.24781766  0.25604279  0.00000000  0.04833106  0.04833106  0.03594857  0.04833106  0.09338157  0.10004769  0.10677452  0.12733062  0.12733062  0.12733062  0.42230858  0.36263006  0.34376275  0.33450682  0.38199200  0.38199200  0.34376275  0.44332337  0.38199200  0.45405934  0.36263006  0.35313616  0.35313616  0.32536545  0.32536545  0.28128247  0.36263006  0.37224758  0.34376275  0.36263006  0.34376275  0.33450682  0.29860122  0.31633585  0.40187523  0.35313616  0.29860122  0.35313616  0.31633585  0.26436054  0.29860122  0.35313616  0.27277304  0.28128247  
57_0_0     0.30741530  0.23163722  0.27277304  0.31633585  0.31633585  0.26436054  0.27277304  0.04833106  0.00000000  0.07373679  0.06092469  0.04833106  0.13431179  0.14135958  0.12041482  0.14135958  0.15566018  0.14847527  0.44332337  0.41202124  0.40187523  0.39186671  0.40187523  0.40187523  0.37224758  0.46495366  0.40187523  0.47601110  0.38199200  0.37224758  0.37224758  0.30741530  0.30741530  0.28989108  0.37224758  0.38199200  0.35313616  0.39186671  0.33450682  0.33450682  0.28128247  0.30741530  0.39186671  0.32536545  0.30741530  0.37224758  0.35313616  0.28989108  0.30741530  0.37224758  0.31633585  0.29860122  
69_0_0     0.32536545  0.23163722  0.23163722  0.27277304  0.27277304  0.22367801  0.23163722  0.04833106  0.07373679  0.00000000  0.03594857  0.04833106  0.12733062  0.13431179  0.11356318  0.16291568  0.16291568  0.16291568  0.42230858  0.39186671  0.39186671  0.38199200  0.36263006  0.36263006  0.35313616  0.45405934  0.40187523  0.47601110  0.39186671  0.38199200  0.38199200  0.33450682  0.33450682  0.32536545  0.35313616  0.38199200  0.37224758  0.37224758  0.33450682  0.33450682  0.32536545  0.34376275  0.42230858  0.39186671  0.29860122  0.31633585  0.28989108  0.25604279  0.28989108  0.37224758  0.29860122  0.27277304  
37_0_0     0.31633585  0.21580366  0.23163722  0.27277304  0.27277304  0.22367801  0.23163722  0.03594857  0.06092469  0.03594857  0.00000000  0.03594857  0.10004769  0.10677452  0.10004769  0.13431179  0.13431179  0.13431179  0.43274124  0.39186671  0.35313616  0.34376275  0.36263006  0.36263006  0.33450682  0.44332337  0.40187523  0.46495366  0.37224758  0.34376275  0.34376275  0.31633585  0.31633585  0.30741530  0.33450682  0.36263006  0.33450682  0.35313616  0.33450682  0.33450682  0.30741530  0.30741530  0.38199200  0.35313616  0.26436054  0.31633585  0.32536545  0.28989108  0.30741530  0.37224758  0.31633585  0.30741530  
70_1_0     0.29860122  0.23968313  0.24781766  0.28989108  0.28989108  0.23968313  0.24781766  0.04833106  0.04833106  0.04833106  0.03594857  0.00000000  0.14135958  0.14847527  0.12733062  0.14135958  0.15566018  0.14847527  0.43274124  0.40187523  0.38199200  0.37224758  0.37224758  0.37224758  0.36263006  0.45405934  0.39186671  0.47601110  0.38199200  0.37224758  0.37224758  0.32536545  0.32536545  0.30741530  0.34376275  0.37224758  0.34376275  0.38199200  0.36263006  0.36263006  0.30741530  0.33450682  0.40187523  0.36263006  0.30741530  0.37224758  0.34376275  0.29860122  0.29860122  0.38199200  0.30741530  0.31633585  
78_0_0     0.28989108  0.24781766  0.27277304  0.28128247  0.28128247  0.28989108  0.28128247  0.09338157  0.13431179  0.12733062  0.10004769  0.14135958  0.00000000  0.00587123  0.04833106  0.08022717  0.08022717  0.08022717  0.45405934  0.39186671  0.37224758  0.36263006  0.35313616  0.35313616  0.36263006  0.47601110  0.42230858  0.45405934  0.38199200  0.35313616  0.35313616  0.34376275  0.34376275  0.30741530  0.37224758  0.42230858  0.37224758  0.39186671  0.36263006  0.37224758  0.32536545  0.32536545  0.41202124  0.33450682  0.34376275  0.34376275  0.36263006  0.34376275  0.35313616  0.40187523  0.34376275  0.35313616  
20_0_0     0.29860122  0.25604279  0.28128247  0.27277304  0.27277304  0.29860122  0.28989108  0.10004769  0.14135958  0.13431179  0.10677452  0.14847527  0.00587123  0.00000000  0.05460103  0.08677508  0.08677508  0.07373679  0.46495366  0.38199200  0.37224758  0.37224758  0.35313616  0.35313616  0.37224758  0.47601110  0.42230858  0.45405934  0.38199200  0.35313616  0.35313616  0.35313616  0.35313616  0.30741530  0.37224758  0.43274124  0.37224758  0.39186671  0.36263006  0.37224758  0.32536545  0.32536545  0.41202124  0.33450682  0.34376275  0.34376275  0.37224758  0.35313616  0.36263006  0.40187523  0.33450682  0.35313616  
48_0_0     0.30741530  0.25604279  0.24781766  0.27277304  0.27277304  0.26436054  0.23968313  0.10677452  0.12041482  0.11356318  0.10004769  0.12733062  0.04833106  0.05460103  0.00000000  0.06730296  0.08022717  0.07373679  0.44332337  0.41202124  0.40187523  0.39186671  0.36263006  0.36263006  0.38199200  0.45405934  0.43274124  0.44332337  0.38199200  0.40187523  0.40187523  0.33450682  0.33450682  0.30741530  0.36263006  0.38199200  0.37224758  0.37224758  0.36263006  0.36263006  0.33450682  0.34376275  0.39186671  0.35313616  0.34376275  0.33450682  0.35313616  0.34376275  0.34376275  0.39186671  0.34376275  0.32536545  
88_0_0     0.28989108  0.23968313  0.28989108  0.31633585  0.31633585  0.30741530  0.28128247  0.12733062  0.14135958  0.16291568  0.13431179  0.14135958  0.08022717  0.08677508  0.06730296  0.00000000  0.02377026  0.01775559  0.43274124  0.44332337  0.39186671  0.38199200  0.36263006  0.36263006  0.43274124  0.52197461  0.43274124  0.44332337  0.45405934  0.39186671  0.39186671  0.36263006  0.36263006  0.28989108  0.37224758  0.42230858  0.37224758  0.41202124  0.36263006  0.37224758  0.34376275  0.35313616  0.43274124  0.36263006  0.36263006  0.39186671  0.38199200  0.37224758  0.36263006  0.42230858  0.37224758  0.35313616  
73_0_0     0.28989108  0.23163722  0.28128247  0.30741530  0.30741530  0.29860122  0.27277304  0.12733062  0.15566018  0.16291568  0.13431179  0.15566018  0.08022717  0.08677508  0.08022717  0.02377026  0.00000000  0.02377026  0.42230858  0.43274124  0.37224758  0.36263006  0.35313616  0.35313616  0.42230858  0.51021279  0.42230858  0.43274124  0.44332337  0.38199200  0.38199200  0.35313616  0.35313616  0.29860122  0.37224758  0.44332337  0.37224758  0.41202124  0.35313616  0.36263006  0.35313616  0.36263006  0.44332337  0.37224758  0.37224758  0.39186671  0.38199200  0.38199200  0.37224758  0.43274124  0.38199200  0.36263006  
19_0_0     0.29860122  0.23968313  0.28989108  0.29860122  0.29860122  0.30741530  0.28128247  0.12733062  0.14847527  0.16291568  0.13431179  0.14847527  0.08022717  0.07373679  0.07373679  0.01775559  0.02377026  0.00000000  0.42230858  0.41202124  0.38199200  0.38199200  0.35313616  0.35313616  0.42230858  0.49863535  0.41202124  0.42230858  0.43274124  0.37224758  0.37224758  0.35313616  0.35313616  0.29860122  0.36263006  0.43274124  0.36263006  0.40187523  0.35313616  0.36263006  0.32536545  0.33450682  0.42230858  0.34376275  0.35313616  0.38199200  0.38199200  0.37224758  0.36263006  0.40187523  0.35313616  0.33450682  
50_0_0     0.34376275  0.30741530  0.32536545  0.33450682  0.33450682  0.30741530  0.33450682  0.42230858  0.44332337  0.42230858  0.43274124  0.43274124  0.45405934  0.46495366  0.44332337  0.43274124  0.42230858  0.42230858  0.00000000  0.22367801  0.25604279  0.24781766  0.25604279  0.25604279  0.29860122  0.20030244  0.22367801  0.23968313  0.25604279  0.32536545  0.32536545  0.33450682  0.33450682  0.32536545  0.35313616  0.36263006  0.36263006  0.38199200  0.27277304  0.27277304  0.33450682  0.28989108  0.45405934  0.35313616  0.36263006  0.38199200  0.38199200  0.37224758  0.29860122  0.41202124  0.33450682  0.37224758  
45_0_0     0.36263006  0.32536545  0.28128247  0.28989108  0.28989108  0.26436054  0.28128247  0.36263006  0.41202124  0.39186671  0.39186671  0.40187523  0.39186671  0.38199200  0.41202124  0.44332337  0.43274124  0.41202124  0.22367801  0.00000000  0.16291568  0.16291568  0.17764407  0.17764407  0.20801239  0.15566018  0.17024316  0.21580366  0.15566018  0.22367801  0.22367801  0.30741530  0.30741530  0.25604279  0.32536545  0.33450682  0.30741530  0.29860122  0.31633585  0.30741530  0.32536545  0.31633585  0.36263006  0.34376275  0.29860122  0.32536545  0.35313616  0.34376275  0.34376275  0.39186671  0.28128247  0.27277304  
79_0_0     0.29860122  0.28989108  0.27277304  0.27277304  0.27277304  0.28128247  0.27277304  0.34376275  0.40187523  0.39186671  0.35313616  0.38199200  0.37224758  0.37224758  0.40187523  0.39186671  0.37224758  0.38199200  0.25604279  0.16291568  0.00000000  0.00587123  0.10677452  0.10677452  0.19267215  0.19267215  0.18511989  0.17764407  0.20801239  0.23968313  0.23968313  0.30741530  0.30741530  0.26436054  0.31633585  0.30741530  0.28128247  0.28989108  0.32536545  0.31633585  0.32536545  0.31633585  0.35313616  0.33450682  0.31633585  0.30741530  0.31633585  0.32536545  0.30741530  0.38199200  0.26436054  0.27277304  
99_0_0     0.28989108  0.28128247  0.26436054  0.27277304  0.27277304  0.27277304  0.26436054  0.33450682  0.39186671  0.38199200  0.34376275  0.37224758  0.36263006  0.37224758  0.39186671  0.38199200  0.36263006  0.38199200  0.24781766  0.16291568  0.00587123  0.00000000  0.11356318  0.11356318  0.18511989  0.20030244  0.19267215  0.17764407  0.20801239  0.24781766  0.24781766  0.29860122  0.29860122  0.27277304  0.32536545  0.29860122  0.28128247  0.28989108  0.33450682  0.32536545  0.32536545  0.31633585  0.35313616  0.34376275  0.32536545  0.30741530  0.30741530  0.31633585  0.29860122  0.39186671  0.26436054  0.28128247  
96_0_0     0.29860122  0.32536545  0.28128247  0.29860122  0.29860122  0.27277304  0.27277304  0.38199200  0.40187523  0.36263006  0.36263006  0.37224758  0.35313616  0.35313616  0.36263006  0.36263006  0.35313616  0.35313616  0.25604279  0.17764407  0.10677452  0.11356318  0.00000000  0.00000000  0.19267215  0.20801239  0.16291568  0.19267215  0.23968313  0.23968313  0.23968313  0.29860122  0.29860122  0.23968313  0.24781766  0.30741530  0.27277304  0.28989108  0.25604279  0.26436054  0.34376275  0.31633585  0.34376275  0.29860122  0.29860122  0.28989108  0.32536545  0.33450682  0.28128247  0.38199200  0.31633585  0.28989108  
31_0_0     0.29860122  0.32536545  0.28128247  0.29860122  0.29860122  0.27277304  0.27277304  0.38199200  0.40187523  0.36263006  0.36263006  0.37224758  0.35313616  0.35313616  0.36263006  0.36263006  0.35313616  0.35313616  0.25604279  0.17764407  0.10677452  0.11356318  0.00000000  0.00000000  0.19267215  0.20801239  0.16291568  0.19267215  0.23968313  0.23968313  0.23968313  0.29860122  0.29860122  0.23968313  0.24781766  0.30741530  0.27277304  0.28989108  0.25604279  0.26436054  0.34376275  0.31633585  0.34376275  0.29860122  0.29860122  0.28989108  0.32536545  0.33450682  0.28128247  0.38199200  0.31633585  0.28989108  
75_0_0     0.36263006  0.29860122  0.27277304  0.28128247  0.28128247  0.27277304  0.28989108  0.34376275  0.37224758  0.35313616  0.33450682  0.36263006  0.36263006  0.37224758  0.38199200  0.43274124  0.42230858  0.42230858  0.29860122  0.20801239  0.19267215  0.18511989  0.19267215  0.19267215  0.00000000  0.23163722  0.23968313  0.27277304  0.17024316  0.26436054  0.26436054  0.27277304  0.27277304  0.24781766  0.29860122  0.29860122  0.28989108  0.30741530  0.34376275  0.33450682  0.28989108  0.26436054  0.34376275  0.28128247  0.30741530  0.28989108  0.31633585  0.28989108  0.29860122  0.37224758  0.29860122  0.29860122  
77_0_0     0.38199200  0.38199200  0.34376275  0.34376275  0.34376275  0.31633585  0.33450682  0.44332337  0.46495366  0.45405934  0.44332337  0.45405934  0.47601110  0.47601110  0.45405934  0.52197461  0.51021279  0.49863535  0.20030244  0.15566018  0.19267215  0.20030244  0.20801239  0.20801239  0.23163722  0.00000000  0.10004769  0.16291568  0.17024316  0.26436054  0.26436054  0.31633585  0.31633585  0.31633585  0.29860122  0.31633585  0.32536545  0.33450682  0.30741530  0.30741530  0.38199200  0.33450682  0.41202124  0.36263006  0.33450682  0.33450682  0.34376275  0.33450682  0.33450682  0.33450682  0.29860122  0.29860122  
84_0_0     0.37224758  0.37224758  0.32536545  0.32536545  0.32536545  0.29860122  0.32536545  0.38199200  0.40187523  0.40187523  0.40187523  0.39186671  0.42230858  0.42230858  0.43274124  0.43274124  0.42230858  0.41202124  0.22367801  0.17024316  0.18511989  0.19267215  0.16291568  0.16291568  0.23968313  0.10004769  0.00000000  0.16291568  0.20030244  0.24781766  0.24781766  0.32536545  0.32536545  0.28128247  0.30741530  0.35313616  0.31633585  0.34376275  0.24781766  0.24781766  0.38199200  0.34376275  0.41202124  0.31633585  0.28989108  0.32536545  0.30741530  0.33450682  0.31633585  0.31633585  0.30741530  0.30741530  
11_0_0     0.37224758  0.37224758  0.32536545  0.30741530  0.30741530  0.31633585  0.33450682  0.45405934  0.47601110  0.47601110  0.46495366  0.47601110  0.45405934  0.45405934  0.44332337  0.44332337  0.43274124  0.42230858  0.23968313  0.21580366  0.17764407  0.17764407  0.19267215  0.19267215  0.27277304  0.16291568  0.16291568  0.00000000  0.22367801  0.29860122  0.29860122  0.29860122  0.29860122  0.32536545  0.34376275  0.36263006  0.32536545  0.32536545  0.35313616  0.34376275  0.40187523  0.33450682  0.39186671  0.36263006  0.37224758  0.32536545  0.33450682  0.39186671  0.37224758  0.42230858  0.36263006  0.33450682  
44_0_0     0.32536545  0.35313616  0.31633585  0.33450682  0.33450682  0.29860122  0.33450682  0.36263006  0.38199200  0.39186671  0.37224758  0.38199200  0.38199200  0.38199200  0.38199200  0.45405934  0.44332337  0.43274124  0.25604279  0.15566018  0.20801239  0.20801239  0.23968313  0.23968313  0.17024316  0.17024316  0.20030244  0.22367801  0.00000000  0.28989108  0.28989108  0.28989108  0.28989108  0.23968313  0.32536545  0.34376275  0.31633585  0.32536545  0.30741530  0.29860122  0.31633585  0.28128247  0.33450682  0.27277304  0.34376275  0.35313616  0.35313616  0.38199200  0.37224758  0.42230858  0.36263006  0.33450682  
16_0_0     0.34376275  0.28128247  0.31633585  0.30741530  0.30741530  0.31633585  0.31633585  0.35313616  0.37224758  0.38199200  0.34376275  0.37224758  0.35313616  0.35313616  0.40187523  0.39186671  0.38199200  0.37224758  0.32536545  0.22367801  0.23968313  0.24781766  0.23968313  0.23968313  0.26436054  0.26436054  0.24781766  0.29860122  0.28989108  0.00000000  0.00000000  0.27277304  0.27277304  0.27277304  0.31633585  0.34376275  0.29860122  0.31633585  0.23968313  0.23163722  0.28128247  0.27277304  0.35313616  0.28989108  0.23163722  0.31633585  0.34376275  0.31633585  0.32536545  0.32536545  0.32536545  0.28989108  
61_0_0     0.34376275  0.28128247  0.31633585  0.30741530  0.30741530  0.31633585  0.31633585  0.35313616  0.37224758  0.38199200  0.34376275  0.37224758  0.35313616  0.35313616  0.40187523  0.39186671  0.38199200  0.37224758  0.32536545  0.22367801  0.23968313  0.24781766  0.23968313  0.23968313  0.26436054  0.26436054  0.24781766  0.29860122  0.28989108  0.00000000  0.00000000  0.27277304  0.27277304  0.27277304  0.31633585  0.34376275  0.29860122  0.31633585  0.23968313  0.23163722  0.28128247  0.27277304  0.35313616  0.28989108  0.23163722  0.31633585  0.34376275  0.31633585  0.32536545  0.32536545  0.32536545  0.28989108  
9_5_0      0.26436054  0.25604279  0.23968313  0.23163722  0.23163722  0.27277304  0.25604279  0.32536545  0.30741530  0.33450682  0.31633585  0.32536545  0.34376275  0.35313616  0.33450682  0.36263006  0.35313616  0.35313616  0.33450682  0.30741530  0.30741530  0.29860122  0.29860122  0.29860122  0.27277304  0.31633585  0.32536545  0.29860122  0.28989108  0.27277304  0.27277304  0.00000000  0.00000000  0.17764407  0.32536545  0.33450682  0.31633585  0.32536545  0.32536545  0.32536545  0.30741530  0.29860122  0.38199200  0.30741530  0.32536545  0.31633585  0.29860122  0.29860122  0.31633585  0.36263006  0.34376275  0.26436054  
95_5_0     0.26436054  0.25604279  0.23968313  0.23163722  0.23163722  0.27277304  0.25604279  0.32536545  0.30741530  0.33450682  0.31633585  0.32536545  0.34376275  0.35313616  0.33450682  0.36263006  0.35313616  0.35313616  0.33450682  0.30741530  0.30741530  0.29860122  0.29860122  0.29860122  0.27277304  0.31633585  0.32536545  0.29860122  0.28989108  0.27277304  0.27277304  0.00000000  0.00000000  0.17764407  0.32536545  0.33450682  0.31633585  0.32536545  0.32536545  0.32536545  0.30741530  0.29860122  0.38199200  0.30741530  0.32536545  0.31633585  0.29860122  0.29860122  0.31633585  0.36263006  0.34376275  0.26436054  
83_6_0     0.30741530  0.27277304  0.29860122  0.29860122  0.29860122  0.32536545  0.29860122  0.28128247  0.28989108  0.32536545  0.30741530  0.30741530  0.30741530  0.30741530  0.30741530  0.28989108  0.29860122  0.29860122  0.32536545  0.25604279  0.26436054  0.27277304  0.23968313  0.23968313  0.24781766  0.31633585  0.28128247  0.32536545  0.23968313  0.27277304  0.27277304  0.17764407  0.17764407  0.00000000  0.37224758  0.38199200  0.33450682  0.35313616  0.30741530  0.29860122  0.23968313  0.27277304  0.37224758  0.27277304  0.27277304  0.31633585  0.32536545  0.28128247  0.33450682  0.38199200  0.28128247  0.27277304  
86_0_0     0.36263006  0.33450682  0.30741530  0.33450682  0.33450682  0.29860122  0.31633585  0.36263006  0.37224758  0.35313616  0.33450682  0.34376275  0.37224758  0.37224758  0.36263006  0.37224758  0.37224758  0.36263006  0.35313616  0.32536545  0.31633585  0.32536545  0.24781766  0.24781766  0.29860122  0.29860122  0.30741530  0.34376275  0.32536545  0.31633585  0.31633585  0.32536545  0.32536545  0.37224758  0.00000000  0.12733062  0.10004769  0.11356318  0.26436054  0.27277304  0.28989108  0.27277304  0.26436054  0.27277304  0.27277304  0.33450682  0.31633585  0.35313616  0.28989108  0.35313616  0.33450682  0.32536545  
90_0_0     0.32536545  0.31633585  0.28989108  0.32536545  0.32536545  0.28989108  0.30741530  0.37224758  0.38199200  0.38199200  0.36263006  0.37224758  0.42230858  0.43274124  0.38199200  0.42230858  0.44332337  0.43274124  0.36263006  0.33450682  0.30741530  0.29860122  0.30741530  0.30741530  0.29860122  0.31633585  0.35313616  0.36263006  0.34376275  0.34376275  0.34376275  0.33450682  0.33450682  0.38199200  0.12733062  0.00000000  0.11356318  0.10004769  0.28989108  0.28128247  0.30741530  0.29860122  0.28128247  0.32536545  0.28989108  0.31633585  0.28989108  0.33450682  0.28128247  0.35313616  0.29860122  0.34376275  
59_0_0     0.32536545  0.32536545  0.31633585  0.34376275  0.34376275  0.32536545  0.33450682  0.34376275  0.35313616  0.37224758  0.33450682  0.34376275  0.37224758  0.37224758  0.37224758  0.37224758  0.37224758  0.36263006  0.36263006  0.30741530  0.28128247  0.28128247  0.27277304  0.27277304  0.28989108  0.32536545  0.31633585  0.32536545  0.31633585  0.29860122  0.29860122  0.31633585  0.31633585  0.33450682  0.10004769  0.11356318  0.00000000  0.02377026  0.28128247  0.27277304  0.26436054  0.27277304  0.24781766  0.27277304  0.22367801  0.28128247  0.25604279  0.26436054  0.25604279  0.30741530  0.25604279  0.32536545  
10_0_0     0.34376275  0.33450682  0.29860122  0.32536545  0.32536545  0.31633585  0.31633585  0.36263006  0.39186671  0.37224758  0.35313616  0.38199200  0.39186671  0.39186671  0.37224758  0.41202124  0.41202124  0.40187523  0.38199200  0.29860122  0.28989108  0.28989108  0.28989108  0.28989108  0.30741530  0.33450682  0.34376275  0.32536545  0.32536545  0.31633585  0.31633585  0.32536545  0.32536545  0.35313616  0.11356318  0.10004769  0.02377026  0.00000000  0.28989108  0.28128247  0.28989108  0.27277304  0.21580366  0.30741530  0.22367801  0.27277304  0.23968313  0.26436054  0.27277304  0.31633585  0.25604279  0.31633585  
26_0_0     0.30741530  0.28989108  0.33450682  0.36263006  0.36263006  0.31633585  0.34376275  0.34376275  0.33450682  0.33450682  0.33450682  0.36263006  0.36263006  0.36263006  0.36263006  0.36263006  0.35313616  0.35313616  0.27277304  0.31633585  0.32536545  0.33450682  0.25604279  0.25604279  0.34376275  0.30741530  0.24781766  0.35313616  0.30741530  0.23968313  0.23968313  0.32536545  0.32536545  0.30741530  0.26436054  0.28989108  0.28128247  0.28989108  0.00000000  0.00587123  0.26436054  0.24781766  0.30741530  0.24781766  0.23968313  0.31633585  0.31633585  0.31633585  0.28989108  0.31633585  0.34376275  0.27277304  
87_0_0     0.31633585  0.28989108  0.32536545  0.35313616  0.35313616  0.31633585  0.34376275  0.33450682  0.33450682  0.33450682  0.33450682  0.36263006  0.37224758  0.37224758  0.36263006  0.37224758  0.36263006  0.36263006  0.27277304  0.30741530  0.31633585  0.32536545  0.26436054  0.26436054  0.33450682  0.30741530  0.24781766  0.34376275  0.29860122  0.23163722  0.23163722  0.32536545  0.32536545  0.29860122  0.27277304  0.28128247  0.27277304  0.28128247  0.00587123  0.00000000  0.26436054  0.24781766  0.31633585  0.25604279  0.23968313  0.31633585  0.31633585  0.31633585  0.28989108  0.31633585  0.33450682  0.27277304  
93_7_0     0.39186671  0.33450682  0.38199200  0.37224758  0.37224758  0.36263006  0.39186671  0.29860122  0.28128247  0.32536545  0.30741530  0.30741530  0.32536545  0.32536545  0.33450682  0.34376275  0.35313616  0.32536545  0.33450682  0.32536545  0.32536545  0.32536545  0.34376275  0.34376275  0.28989108  0.38199200  0.38199200  0.40187523  0.31633585  0.28128247  0.28128247  0.30741530  0.30741530  0.23968313  0.28989108  0.30741530  0.26436054  0.28989108  0.26436054  0.26436054  0.00000000  0.10004769  0.22367801  0.13431179  0.21580366  0.24781766  0.29860122  0.25604279  0.26436054  0.30741530  0.25604279  0.25604279  
93_9_0     0.39186671  0.32536545  0.32536545  0.34376275  0.34376275  0.30741530  0.34376275  0.31633585  0.30741530  0.34376275  0.30741530  0.33450682  0.32536545  0.32536545  0.34376275  0.35313616  0.36263006  0.33450682  0.28989108  0.31633585  0.31633585  0.31633585  0.31633585  0.31633585  0.26436054  0.33450682  0.34376275  0.33450682  0.28128247  0.27277304  0.27277304  0.29860122  0.29860122  0.27277304  0.27277304  0.29860122  0.27277304  0.27277304  0.24781766  0.24781766  0.10004769  0.00000000  0.21580366  0.14135958  0.22367801  0.26436054  0.29860122  0.28128247  0.27277304  0.31633585  0.27277304  0.28989108  
32_7_0     0.39186671  0.34376275  0.28989108  0.32536545  0.32536545  0.29860122  0.29860122  0.40187523  0.39186671  0.42230858  0.38199200  0.40187523  0.41202124  0.41202124  0.39186671  0.43274124  0.44332337  0.42230858  0.45405934  0.36263006  0.35313616  0.35313616  0.34376275  0.34376275  0.34376275  0.41202124  0.41202124  0.39186671  0.33450682  0.35313616  0.35313616  0.38199200  0.38199200  0.37224758  0.26436054  0.28128247  0.24781766  0.21580366  0.30741530  0.31633585  0.22367801  0.21580366  0.00000000  0.17024316  0.23968313  0.25604279  0.36263006  0.33450682  0.33450682  0.38199200  0.30741530  0.37224758  
97_7_0     0.36263006  0.35313616  0.31633585  0.32536545  0.32536545  0.31633585  0.33450682  0.35313616  0.32536545  0.39186671  0.35313616  0.36263006  0.33450682  0.33450682  0.35313616  0.36263006  0.37224758  0.34376275  0.35313616  0.34376275  0.33450682  0.34376275  0.29860122  0.29860122  0.28128247  0.36263006  0.31633585  0.36263006  0.27277304  0.28989108  0.28989108  0.30741530  0.30741530  0.27277304  0.27277304  0.32536545  0.27277304  0.30741530  0.24781766  0.25604279  0.13431179  0.14135958  0.17024316  0.00000000  0.21580366  0.23968313  0.33450682  0.31633585  0.26436054  0.31633585  0.30741530  0.28989108  
13_7_0     0.36263006  0.29860122  0.30741530  0.31633585  0.31633585  0.30741530  0.30741530  0.29860122  0.30741530  0.29860122  0.26436054  0.30741530  0.34376275  0.34376275  0.34376275  0.36263006  0.37224758  0.35313616  0.36263006  0.29860122  0.31633585  0.32536545  0.29860122  0.29860122  0.30741530  0.33450682  0.28989108  0.37224758  0.34376275  0.23163722  0.23163722  0.32536545  0.32536545  0.27277304  0.27277304  0.28989108  0.22367801  0.22367801  0.23968313  0.23968313  0.21580366  0.22367801  0.23968313  0.21580366  0.00000000  0.14135958  0.28128247  0.23968313  0.28989108  0.31633585  0.24781766  0.24781766  
82_7_0     0.34376275  0.34376275  0.31633585  0.30741530  0.30741530  0.29860122  0.30741530  0.35313616  0.37224758  0.31633585  0.31633585  0.37224758  0.34376275  0.34376275  0.33450682  0.39186671  0.39186671  0.38199200  0.38199200  0.32536545  0.30741530  0.30741530  0.28989108  0.28989108  0.28989108  0.33450682  0.32536545  0.32536545  0.35313616  0.31633585  0.31633585  0.31633585  0.31633585  0.31633585  0.33450682  0.31633585  0.28128247  0.27277304  0.31633585  0.31633585  0.24781766  0.26436054  0.25604279  0.23968313  0.14135958  0.00000000  0.26436054  0.24781766  0.28989108  0.31633585  0.25604279  0.23968313  
93_0_0     0.35313616  0.34376275  0.31633585  0.30741530  0.30741530  0.32536545  0.32536545  0.31633585  0.35313616  0.28989108  0.32536545  0.34376275  0.36263006  0.37224758  0.35313616  0.38199200  0.38199200  0.38199200  0.38199200  0.35313616  0.31633585  0.30741530  0.32536545  0.32536545  0.31633585  0.34376275  0.30741530  0.33450682  0.35313616  0.34376275  0.34376275  0.29860122  0.29860122  0.32536545  0.31633585  0.28989108  0.25604279  0.23968313  0.31633585  0.31633585  0.29860122  0.29860122  0.36263006  0.33450682  0.28128247  0.26436054  0.00000000  0.10677452  0.17764407  0.17764407  0.14135958  0.19267215  
15_0_0     0.32536545  0.29860122  0.32536545  0.31633585  0.31633585  0.31633585  0.29860122  0.26436054  0.28989108  0.25604279  0.28989108  0.29860122  0.34376275  0.35313616  0.34376275  0.37224758  0.38199200  0.37224758  0.37224758  0.34376275  0.32536545  0.31633585  0.33450682  0.33450682  0.28989108  0.33450682  0.33450682  0.39186671  0.38199200  0.31633585  0.31633585  0.29860122  0.29860122  0.28128247  0.35313616  0.33450682  0.26436054  0.26436054  0.31633585  0.31633585  0.25604279  0.28128247  0.33450682  0.31633585  0.23968313  0.24781766  0.10677452  0.00000000  0.13431179  0.13431179  0.06730296  0.15566018  
32_8_0     0.29860122  0.26436054  0.29860122  0.29860122  0.29860122  0.28128247  0.29860122  0.29860122  0.30741530  0.28989108  0.30741530  0.29860122  0.35313616  0.36263006  0.34376275  0.36263006  0.37224758  0.36263006  0.29860122  0.34376275  0.30741530  0.29860122  0.28128247  0.28128247  0.29860122  0.33450682  0.31633585  0.37224758  0.37224758  0.32536545  0.32536545  0.31633585  0.31633585  0.33450682  0.28989108  0.28128247  0.25604279  0.27277304  0.28989108  0.28989108  0.26436054  0.27277304  0.33450682  0.26436054  0.28989108  0.28989108  0.17764407  0.13431179  0.00000000  0.22367801  0.15566018  0.24781766  
32_0_0     0.40187523  0.39186671  0.37224758  0.35313616  0.35313616  0.37224758  0.37224758  0.35313616  0.37224758  0.37224758  0.37224758  0.38199200  0.40187523  0.40187523  0.39186671  0.42230858  0.43274124  0.40187523  0.41202124  0.39186671  0.38199200  0.39186671  0.38199200  0.38199200  0.37224758  0.33450682  0.31633585  0.42230858  0.42230858  0.32536545  0.32536545  0.36263006  0.36263006  0.38199200  0.35313616  0.35313616  0.30741530  0.31633585  0.31633585  0.31633585  0.30741530  0.31633585  0.38199200  0.31633585  0.31633585  0.31633585  0.17764407  0.13431179  0.22367801  0.00000000  0.14847527  0.25604279  
97_0_0     0.31633585  0.29860122  0.28989108  0.26436054  0.26436054  0.29860122  0.28128247  0.27277304  0.31633585  0.29860122  0.31633585  0.30741530  0.34376275  0.33450682  0.34376275  0.37224758  0.38199200  0.35313616  0.33450682  0.28128247  0.26436054  0.26436054  0.31633585  0.31633585  0.29860122  0.29860122  0.30741530  0.36263006  0.36263006  0.32536545  0.32536545  0.34376275  0.34376275  0.28128247  0.33450682  0.29860122  0.25604279  0.25604279  0.34376275  0.33450682  0.25604279  0.27277304  0.30741530  0.30741530  0.24781766  0.25604279  0.14135958  0.06730296  0.15566018  0.14847527  0.00000000  0.18511989  
13_0_0     0.31633585  0.30741530  0.32536545  0.32536545  0.32536545  0.29860122  0.29860122  0.28128247  0.29860122  0.27277304  0.30741530  0.31633585  0.35313616  0.35313616  0.32536545  0.35313616  0.36263006  0.33450682  0.37224758  0.27277304  0.27277304  0.28128247  0.28989108  0.28989108  0.29860122  0.29860122  0.30741530  0.33450682  0.33450682  0.28989108  0.28989108  0.26436054  0.26436054  0.27277304  0.32536545  0.34376275  0.32536545  0.31633585  0.27277304  0.27277304  0.25604279  0.28989108  0.37224758  0.28989108  0.24781766  0.23968313  0.19267215  0.15566018  0.24781766  0.25604279  0.18511989  0.00000000  

