39
3_1_0      0.00000000  0.14449414  0.12631452  0.13232510  0.13232510  0.39789287  0.39789287  0.38931496  0.40657096  0.39789287  0.42423724  0.40657096  0.41535160  0.52970963  0.50938558  0.54008400  0.49942828  0.55060526  0.62874636  0.59424650  0.62874636  0.42423724  0.46088208  0.46088208  0.44233379  0.43323042  0.42423724  0.38931496  0.38931496  0.38931496  0.57210553  0.59424650  0.55060526  0.57210553  0.52970963  0.51947812  0.55060526  0.52970963  0.49942828  
1_1_0      0.14449414  0.00000000  0.02048172  0.01017029  0.01017029  0.44233379  0.40657096  0.43323042  0.42423724  0.39789287  0.42423724  0.42423724  0.39789287  0.54008400  0.47990526  0.48960266  0.41535160  0.40657096  0.52970963  0.49942828  0.47033280  0.38083495  0.48960266  0.43323042  0.41535160  0.42423724  0.39789287  0.38931496  0.44233379  0.44233379  0.48960266  0.62874636  0.52970963  0.58309355  0.49942828  0.58309355  0.61706752  0.55060526  0.54008400  
2_1_0      0.12631452  0.02048172  0.00000000  0.01017029  0.01017029  0.45155006  0.41535160  0.42423724  0.43323042  0.40657096  0.43323042  0.41535160  0.38931496  0.54008400  0.48960266  0.49942828  0.42423724  0.43323042  0.56127763  0.52970963  0.49942828  0.41535160  0.47033280  0.43323042  0.43323042  0.44233379  0.43323042  0.38931496  0.44233379  0.44233379  0.50938558  0.62874636  0.52970963  0.58309355  0.50938558  0.56127763  0.59424650  0.55060526  0.54008400  
2_2_0      0.13232510  0.01017029  0.01017029  0.00000000  0.00000000  0.44233379  0.40657096  0.43323042  0.42423724  0.39789287  0.42423724  0.40657096  0.38083495  0.52970963  0.47033280  0.47990526  0.40657096  0.41535160  0.54008400  0.50938558  0.47990526  0.39789287  0.47033280  0.43323042  0.41535160  0.42423724  0.41535160  0.38931496  0.44233379  0.44233379  0.49942828  0.61706752  0.51947812  0.57210553  0.48960266  0.57210553  0.60556940  0.54008400  0.52970963  
1_2_0      0.13232510  0.01017029  0.01017029  0.00000000  0.00000000  0.44233379  0.40657096  0.43323042  0.42423724  0.39789287  0.42423724  0.40657096  0.38083495  0.52970963  0.47033280  0.47990526  0.40657096  0.41535160  0.54008400  0.50938558  0.47990526  0.39789287  0.47033280  0.43323042  0.41535160  0.42423724  0.41535160  0.38931496  0.44233379  0.44233379  0.49942828  0.61706752  0.51947812  0.57210553  0.48960266  0.57210553  0.60556940  0.54008400  0.52970963  
4_4_0      0.39789287  0.44233379  0.45155006  0.44233379  0.44233379  0.00000000  0.10274687  0.11443726  0.18224471  0.17581825  0.17581825  0.15065421  0.16312971  0.50938558  0.55060526  0.50938558  0.55060526  0.54008400  0.51947812  0.54008400  0.54008400  0.32403925  0.39789287  0.39789287  0.33189194  0.36415985  0.31626869  0.38931496  0.33189194  0.34785075  0.47033280  0.58309355  0.49942828  0.54008400  0.48960266  0.52970963  0.51947812  0.54008400  0.57210553  
13_4_0     0.39789287  0.40657096  0.41535160  0.40657096  0.40657096  0.10274687  0.00000000  0.04154405  0.18872724  0.18224471  0.19526681  0.14449414  0.15686578  0.47033280  0.48960266  0.50938558  0.48960266  0.47990526  0.51947812  0.49942828  0.49942828  0.38931496  0.43323042  0.45155006  0.38083495  0.42423724  0.38083495  0.38931496  0.38083495  0.38083495  0.47033280  0.62874636  0.50938558  0.56127763  0.49942828  0.60556940  0.59424650  0.57210553  0.59424650  
10_4_0     0.38931496  0.43323042  0.42423724  0.43323042  0.43323042  0.11443726  0.04154405  0.00000000  0.19526681  0.19526681  0.22201631  0.16944690  0.18224471  0.51947812  0.54008400  0.56127763  0.54008400  0.52970963  0.55060526  0.52970963  0.55060526  0.38083495  0.42423724  0.44233379  0.38931496  0.41535160  0.37245062  0.39789287  0.35596055  0.37245062  0.49942828  0.59424650  0.54008400  0.57210553  0.50938558  0.58309355  0.57210553  0.57210553  0.61706752  
4_3_0      0.40657096  0.42423724  0.43323042  0.42423724  0.42423724  0.18224471  0.18872724  0.19526681  0.00000000  0.12631452  0.15065421  0.13838471  0.13838471  0.41535160  0.47033280  0.54008400  0.49942828  0.50938558  0.47033280  0.50938558  0.50938558  0.33982850  0.38083495  0.38083495  0.33189194  0.34785075  0.31626869  0.38083495  0.31626869  0.33189194  0.46088208  0.57210553  0.47990526  0.47990526  0.49942828  0.50938558  0.50938558  0.47990526  0.51947812  
10_3_0     0.39789287  0.39789287  0.40657096  0.39789287  0.39789287  0.17581825  0.18224471  0.19526681  0.12631452  0.00000000  0.03093826  0.04154405  0.05230341  0.41535160  0.48960266  0.55060526  0.50938558  0.51947812  0.52970963  0.52970963  0.52970963  0.35596055  0.46088208  0.36415985  0.33189194  0.36415985  0.36415985  0.33982850  0.34785075  0.36415985  0.47033280  0.59424650  0.47033280  0.47033280  0.46088208  0.52970963  0.54008400  0.51947812  0.52970963  
12_3_0     0.42423724  0.42423724  0.43323042  0.42423724  0.42423724  0.17581825  0.19526681  0.22201631  0.15065421  0.03093826  0.00000000  0.06322085  0.07430110  0.42423724  0.47990526  0.54008400  0.51947812  0.52970963  0.51947812  0.54008400  0.51947812  0.35596055  0.46088208  0.31626869  0.30096717  0.34785075  0.34785075  0.32403925  0.34785075  0.33189194  0.45155006  0.58309355  0.45155006  0.44233379  0.42423724  0.52970963  0.54008400  0.49942828  0.50938558  
10_5_0     0.40657096  0.42423724  0.41535160  0.40657096  0.40657096  0.15065421  0.14449414  0.16944690  0.13838471  0.04154405  0.06322085  0.00000000  0.03093826  0.40657096  0.46088208  0.54008400  0.49942828  0.50938558  0.50938558  0.50938558  0.52970963  0.38931496  0.44233379  0.39789287  0.36415985  0.39789287  0.39789287  0.33982850  0.36415985  0.38083495  0.45155006  0.57210553  0.47033280  0.47033280  0.46088208  0.50938558  0.51947812  0.49942828  0.50938558  
12_5_0     0.41535160  0.39789287  0.38931496  0.38083495  0.38083495  0.16312971  0.15686578  0.18224471  0.13838471  0.05230341  0.07430110  0.03093826  0.00000000  0.41535160  0.47033280  0.52970963  0.47033280  0.47990526  0.49942828  0.49942828  0.51947812  0.38931496  0.44233379  0.39789287  0.36415985  0.39789287  0.39789287  0.33982850  0.36415985  0.38083495  0.44233379  0.58309355  0.47990526  0.47990526  0.47990526  0.54008400  0.55060526  0.50938558  0.51947812  
19_0_0     0.52970963  0.54008400  0.54008400  0.52970963  0.52970963  0.50938558  0.47033280  0.51947812  0.41535160  0.41535160  0.42423724  0.40657096  0.41535160  0.00000000  0.09696994  0.13838471  0.12631452  0.14449414  0.16312971  0.17581825  0.17581825  0.51947812  0.51947812  0.47990526  0.48960266  0.52970963  0.48960266  0.46088208  0.47033280  0.47990526  0.64061169  0.64061169  0.64061169  0.61706752  0.66492635  0.62874636  0.64061169  0.59424650  0.64061169  
18_0_0     0.50938558  0.47990526  0.48960266  0.47033280  0.47033280  0.55060526  0.48960266  0.54008400  0.47033280  0.48960266  0.47990526  0.46088208  0.47033280  0.09696994  0.00000000  0.09696994  0.06322085  0.07990380  0.13232510  0.15065421  0.15065421  0.58309355  0.57210553  0.51947812  0.55060526  0.56127763  0.55060526  0.46088208  0.48960266  0.49942828  0.59424650  0.64061169  0.59424650  0.57210553  0.59424650  0.60556940  0.64061169  0.55060526  0.59424650  
7_0_0      0.54008400  0.48960266  0.49942828  0.47990526  0.47990526  0.50938558  0.50938558  0.56127763  0.54008400  0.55060526  0.54008400  0.54008400  0.52970963  0.13838471  0.09696994  0.00000000  0.07430110  0.07990380  0.17581825  0.16944690  0.18224471  0.49942828  0.54008400  0.49942828  0.48960266  0.47990526  0.48960266  0.46088208  0.50938558  0.51947812  0.65266957  0.66492635  0.65266957  0.65266957  0.65266957  0.66492635  0.67738870  0.62874636  0.70295854  
16_0_0     0.49942828  0.41535160  0.42423724  0.40657096  0.40657096  0.55060526  0.48960266  0.54008400  0.49942828  0.50938558  0.51947812  0.49942828  0.47033280  0.12631452  0.06322085  0.07430110  0.00000000  0.04690426  0.13232510  0.12631452  0.15065421  0.54008400  0.57210553  0.54008400  0.52970963  0.56127763  0.52970963  0.46088208  0.52970963  0.54008400  0.59424650  0.70295854  0.59424650  0.57210553  0.60556940  0.60556940  0.64061169  0.57210553  0.66492635  
9_0_0      0.55060526  0.40657096  0.43323042  0.41535160  0.41535160  0.54008400  0.47990526  0.52970963  0.50938558  0.51947812  0.52970963  0.50938558  0.47990526  0.14449414  0.07990380  0.07990380  0.04690426  0.00000000  0.12631452  0.12035216  0.12035216  0.49942828  0.57210553  0.51947812  0.50938558  0.52970963  0.48960266  0.45155006  0.47990526  0.48960266  0.57210553  0.65266957  0.59424650  0.59424650  0.58309355  0.60556940  0.64061169  0.57210553  0.61706752  
20_0_0     0.62874636  0.52970963  0.56127763  0.54008400  0.54008400  0.51947812  0.51947812  0.55060526  0.47033280  0.52970963  0.51947812  0.50938558  0.49942828  0.16312971  0.13232510  0.17581825  0.13232510  0.12631452  0.00000000  0.03622223  0.05774208  0.51947812  0.56127763  0.52970963  0.56127763  0.54008400  0.49942828  0.49942828  0.52970963  0.54008400  0.52970963  0.60556940  0.55060526  0.55060526  0.56127763  0.61706752  0.60556940  0.54008400  0.64061169  
8_0_0      0.59424650  0.49942828  0.52970963  0.50938558  0.50938558  0.54008400  0.49942828  0.52970963  0.50938558  0.52970963  0.54008400  0.50938558  0.49942828  0.17581825  0.15065421  0.16944690  0.12631452  0.12035216  0.03622223  0.00000000  0.06322085  0.55060526  0.57210553  0.58309355  0.59424650  0.58309355  0.55060526  0.47990526  0.52970963  0.56127763  0.56127763  0.61706752  0.58309355  0.58309355  0.57210553  0.62874636  0.61706752  0.57210553  0.65266957  
15_0_0     0.62874636  0.47033280  0.49942828  0.47990526  0.47990526  0.54008400  0.49942828  0.55060526  0.50938558  0.52970963  0.51947812  0.52970963  0.51947812  0.17581825  0.15065421  0.18224471  0.15065421  0.12035216  0.05774208  0.06322085  0.00000000  0.54008400  0.56127763  0.55060526  0.58309355  0.55060526  0.51947812  0.47033280  0.51947812  0.52970963  0.59424650  0.62874636  0.61706752  0.61706752  0.60556940  0.69006364  0.67738870  0.60556940  0.65266957  
19_7_0     0.42423724  0.38083495  0.41535160  0.39789287  0.39789287  0.32403925  0.38931496  0.38083495  0.33982850  0.35596055  0.35596055  0.38931496  0.38931496  0.51947812  0.58309355  0.49942828  0.54008400  0.49942828  0.51947812  0.55060526  0.54008400  0.00000000  0.14449414  0.10274687  0.08554907  0.04690426  0.02569160  0.12631452  0.10274687  0.12631452  0.33982850  0.46088208  0.33982850  0.34785075  0.33189194  0.40657096  0.39789287  0.37245062  0.39789287  
9_7_0      0.46088208  0.48960266  0.47033280  0.47033280  0.47033280  0.39789287  0.43323042  0.42423724  0.38083495  0.46088208  0.46088208  0.44233379  0.44233379  0.51947812  0.57210553  0.54008400  0.57210553  0.57210553  0.56127763  0.57210553  0.56127763  0.14449414  0.00000000  0.18224471  0.19526681  0.15065421  0.12631452  0.20186445  0.17581825  0.18872724  0.43323042  0.50938558  0.40657096  0.41535160  0.40657096  0.45155006  0.43323042  0.42423724  0.42423724  
18_8_0     0.46088208  0.43323042  0.43323042  0.43323042  0.43323042  0.39789287  0.45155006  0.44233379  0.38083495  0.36415985  0.31626869  0.39789287  0.39789287  0.47990526  0.51947812  0.49942828  0.54008400  0.51947812  0.52970963  0.58309355  0.55060526  0.10274687  0.18224471  0.00000000  0.04690426  0.09696994  0.08554907  0.14449414  0.15686578  0.14449414  0.36415985  0.47990526  0.36415985  0.34785075  0.33982850  0.35596055  0.36415985  0.32403925  0.34785075  
18_7_0     0.44233379  0.41535160  0.43323042  0.41535160  0.41535160  0.33189194  0.38083495  0.38931496  0.33189194  0.33189194  0.30096717  0.36415985  0.36415985  0.48960266  0.55060526  0.48960266  0.52970963  0.50938558  0.56127763  0.59424650  0.58309355  0.08554907  0.19526681  0.04690426  0.00000000  0.09123756  0.07990380  0.15065421  0.15065421  0.15065421  0.40657096  0.47990526  0.38931496  0.37245062  0.36415985  0.38931496  0.39789287  0.37245062  0.39789287  
7_7_0      0.43323042  0.42423724  0.44233379  0.42423724  0.42423724  0.36415985  0.42423724  0.41535160  0.34785075  0.36415985  0.34785075  0.39789287  0.39789287  0.52970963  0.56127763  0.47990526  0.56127763  0.52970963  0.54008400  0.58309355  0.55060526  0.04690426  0.15065421  0.09696994  0.09123756  0.00000000  0.04154405  0.13838471  0.12035216  0.13232510  0.33982850  0.41535160  0.32403925  0.33189194  0.31626869  0.38931496  0.38083495  0.33982850  0.34785075  
16_7_0     0.42423724  0.39789287  0.43323042  0.41535160  0.41535160  0.31626869  0.38083495  0.37245062  0.31626869  0.36415985  0.34785075  0.39789287  0.39789287  0.48960266  0.55060526  0.48960266  0.52970963  0.48960266  0.49942828  0.55060526  0.51947812  0.02569160  0.12631452  0.08554907  0.07990380  0.04154405  0.00000000  0.13232510  0.09696994  0.09696994  0.33189194  0.44233379  0.33189194  0.33982850  0.32403925  0.39789287  0.38931496  0.34785075  0.37245062  
15_7_0     0.38931496  0.38931496  0.38931496  0.38931496  0.38931496  0.38931496  0.38931496  0.39789287  0.38083495  0.33982850  0.32403925  0.33982850  0.33982850  0.46088208  0.46088208  0.46088208  0.46088208  0.45155006  0.49942828  0.47990526  0.47033280  0.12631452  0.20186445  0.14449414  0.15065421  0.13838471  0.13232510  0.00000000  0.06322085  0.07430110  0.33982850  0.43323042  0.32403925  0.32403925  0.30857854  0.40657096  0.39789287  0.38931496  0.40657096  
20_7_0     0.38931496  0.44233379  0.44233379  0.44233379  0.44233379  0.33189194  0.38083495  0.35596055  0.31626869  0.34785075  0.34785075  0.36415985  0.36415985  0.47033280  0.48960266  0.50938558  0.52970963  0.47990526  0.52970963  0.52970963  0.51947812  0.10274687  0.17581825  0.15686578  0.15065421  0.12035216  0.09696994  0.06322085  0.00000000  0.03093826  0.34785075  0.42423724  0.33189194  0.33982850  0.31626869  0.40657096  0.39789287  0.38931496  0.38931496  
8_7_0      0.38931496  0.44233379  0.44233379  0.44233379  0.44233379  0.34785075  0.38083495  0.37245062  0.33189194  0.36415985  0.33189194  0.38083495  0.38083495  0.47990526  0.49942828  0.51947812  0.54008400  0.48960266  0.54008400  0.56127763  0.52970963  0.12631452  0.18872724  0.14449414  0.15065421  0.13232510  0.09696994  0.07430110  0.03093826  0.00000000  0.33189194  0.43323042  0.31626869  0.33189194  0.30096717  0.40657096  0.39789287  0.38931496  0.38931496  
19_6_0     0.57210553  0.48960266  0.50938558  0.49942828  0.49942828  0.47033280  0.47033280  0.49942828  0.46088208  0.47033280  0.45155006  0.45155006  0.44233379  0.64061169  0.59424650  0.65266957  0.59424650  0.57210553  0.52970963  0.56127763  0.59424650  0.33982850  0.43323042  0.36415985  0.40657096  0.33982850  0.33189194  0.33982850  0.34785075  0.33189194  0.00000000  0.23576106  0.03622223  0.06322085  0.06874032  0.15686578  0.15065421  0.12035216  0.16312971  
9_6_0      0.59424650  0.62874636  0.62874636  0.61706752  0.61706752  0.58309355  0.62874636  0.59424650  0.57210553  0.59424650  0.58309355  0.57210553  0.58309355  0.64061169  0.64061169  0.66492635  0.70295854  0.65266957  0.60556940  0.61706752  0.62874636  0.46088208  0.50938558  0.47990526  0.47990526  0.41535160  0.44233379  0.43323042  0.42423724  0.43323042  0.23576106  0.00000000  0.22885691  0.24272997  0.24272997  0.25686698  0.24976485  0.23576106  0.26403764  
16_6_0     0.55060526  0.52970963  0.52970963  0.51947812  0.51947812  0.49942828  0.50938558  0.54008400  0.47990526  0.47033280  0.45155006  0.47033280  0.47990526  0.64061169  0.59424650  0.65266957  0.59424650  0.59424650  0.55060526  0.58309355  0.61706752  0.33982850  0.40657096  0.36415985  0.38931496  0.32403925  0.33189194  0.32403925  0.33189194  0.31626869  0.03622223  0.22885691  0.00000000  0.02569160  0.03093826  0.14449414  0.13838471  0.12035216  0.16312971  
18_6_0     0.57210553  0.58309355  0.58309355  0.57210553  0.57210553  0.54008400  0.56127763  0.57210553  0.47990526  0.47033280  0.44233379  0.47033280  0.47990526  0.61706752  0.57210553  0.65266957  0.57210553  0.59424650  0.55060526  0.58309355  0.61706752  0.34785075  0.41535160  0.34785075  0.37245062  0.33189194  0.33982850  0.32403925  0.33982850  0.33189194  0.06322085  0.24272997  0.02569160  0.00000000  0.04690426  0.13232510  0.12631452  0.10856908  0.16312971  
7_6_0      0.52970963  0.49942828  0.50938558  0.48960266  0.48960266  0.48960266  0.49942828  0.50938558  0.49942828  0.46088208  0.42423724  0.46088208  0.47990526  0.66492635  0.59424650  0.65266957  0.60556940  0.58309355  0.56127763  0.57210553  0.60556940  0.33189194  0.40657096  0.33982850  0.36415985  0.31626869  0.32403925  0.30857854  0.31626869  0.30096717  0.06874032  0.24272997  0.03093826  0.04690426  0.00000000  0.16944690  0.16312971  0.14449414  0.17581825  
15_9_0     0.51947812  0.58309355  0.56127763  0.57210553  0.57210553  0.52970963  0.60556940  0.58309355  0.50938558  0.52970963  0.52970963  0.50938558  0.54008400  0.62874636  0.60556940  0.66492635  0.60556940  0.60556940  0.61706752  0.62874636  0.69006364  0.40657096  0.45155006  0.35596055  0.38931496  0.38931496  0.39789287  0.40657096  0.40657096  0.40657096  0.15686578  0.25686698  0.14449414  0.13232510  0.16944690  0.00000000  0.02569160  0.05230341  0.10274687  
15_6_0     0.55060526  0.61706752  0.59424650  0.60556940  0.60556940  0.51947812  0.59424650  0.57210553  0.50938558  0.54008400  0.54008400  0.51947812  0.55060526  0.64061169  0.64061169  0.67738870  0.64061169  0.64061169  0.60556940  0.61706752  0.67738870  0.39789287  0.43323042  0.36415985  0.39789287  0.38083495  0.38931496  0.39789287  0.39789287  0.39789287  0.15065421  0.24976485  0.13838471  0.12631452  0.16312971  0.02569160  0.00000000  0.05774208  0.10856908  
20_6_0     0.52970963  0.55060526  0.55060526  0.54008400  0.54008400  0.54008400  0.57210553  0.57210553  0.47990526  0.51947812  0.49942828  0.49942828  0.50938558  0.59424650  0.55060526  0.62874636  0.57210553  0.57210553  0.54008400  0.57210553  0.60556940  0.37245062  0.42423724  0.32403925  0.37245062  0.33982850  0.34785075  0.38931496  0.38931496  0.38931496  0.12035216  0.23576106  0.12035216  0.10856908  0.14449414  0.05230341  0.05774208  0.00000000  0.04690426  
8_6_0      0.49942828  0.54008400  0.54008400  0.52970963  0.52970963  0.57210553  0.59424650  0.61706752  0.51947812  0.52970963  0.50938558  0.50938558  0.51947812  0.64061169  0.59424650  0.70295854  0.66492635  0.61706752  0.64061169  0.65266957  0.65266957  0.39789287  0.42423724  0.34785075  0.39789287  0.34785075  0.37245062  0.40657096  0.38931496  0.38931496  0.16312971  0.26403764  0.16312971  0.16312971  0.17581825  0.10274687  0.10856908  0.04690426  0.00000000  

