47
100_7_0    0.00000000  0.34189525  0.29049790  0.29881983  0.29881983  0.29049790  0.33307706  0.31575006  0.36899899  0.33307706  0.35985357  0.35081989  0.30723648  0.24244241  0.25023788  0.25811641  0.25023788  0.30723648  0.28226861  0.24244241  0.26607980  0.25811641  0.25023788  0.27412990  0.26607980  0.23472828  0.21205734  0.22709380  0.21953735  0.23472828  0.24244241  0.20465226  0.29049790  0.26607980  0.26607980  0.22709380  0.23472828  0.25023788  0.24244241  0.25023788  0.22709380  0.22709380  0.25023788  0.23472828  0.23472828  0.26607980  0.25811641  
45_5_0     0.34189525  0.00000000  0.10808803  0.12113449  0.11458248  0.11458248  0.09526780  0.12113449  0.12774507  0.12113449  0.11458248  0.12113449  0.10808803  0.25811641  0.25023788  0.22709380  0.23472828  0.29049790  0.25811641  0.29049790  0.26607980  0.21953735  0.24244241  0.24244241  0.27412990  0.26607980  0.27412990  0.27412990  0.27412990  0.27412990  0.26607980  0.26607980  0.22709380  0.24244241  0.25023788  0.25023788  0.24244241  0.24244241  0.25023788  0.27412990  0.31575006  0.30723648  0.25811641  0.25023788  0.25023788  0.29049790  0.26607980  
53_6_0     0.29049790  0.10808803  0.00000000  0.04017831  0.02847429  0.03430314  0.07027555  0.06415729  0.14114624  0.13441529  0.10808803  0.10165013  0.12774507  0.21953735  0.23472828  0.21205734  0.22709380  0.25023788  0.24244241  0.21953735  0.25811641  0.24244241  0.24244241  0.28226861  0.23472828  0.23472828  0.22709380  0.23472828  0.22709380  0.23472828  0.23472828  0.21953735  0.23472828  0.25023788  0.25811641  0.26607980  0.25811641  0.25811641  0.22709380  0.25811641  0.26607980  0.27412990  0.25811641  0.26607980  0.26607980  0.23472828  0.27412990  
53_5_0     0.29881983  0.12113449  0.04017831  0.00000000  0.02269103  0.02847429  0.09526780  0.07644486  0.16171474  0.14114624  0.10808803  0.10165013  0.15479480  0.22709380  0.24244241  0.20465226  0.21953735  0.23472828  0.21953735  0.21205734  0.25811641  0.24244241  0.25811641  0.26607980  0.27412990  0.24244241  0.25023788  0.25811641  0.26607980  0.24244241  0.24244241  0.22709380  0.23472828  0.22709380  0.25023788  0.25811641  0.25023788  0.23472828  0.23472828  0.26607980  0.25811641  0.28226861  0.25811641  0.25811641  0.25811641  0.24244241  0.28226861  
41_5_0     0.29881983  0.11458248  0.02847429  0.02269103  0.00000000  0.00560781  0.08894009  0.07027555  0.15479480  0.13441529  0.08894009  0.08266608  0.14793903  0.23472828  0.23472828  0.21205734  0.22709380  0.25811641  0.24244241  0.23472828  0.26607980  0.24244241  0.24244241  0.26607980  0.25811641  0.25023788  0.24244241  0.26607980  0.25811641  0.25023788  0.25023788  0.23472828  0.25023788  0.23472828  0.24244241  0.25023788  0.24244241  0.24244241  0.21205734  0.24244241  0.25023788  0.25811641  0.24244241  0.26607980  0.26607980  0.23472828  0.26607980  
78_5_0     0.29049790  0.11458248  0.03430314  0.02847429  0.00560781  0.00000000  0.08894009  0.07027555  0.15479480  0.13441529  0.08894009  0.08266608  0.14793903  0.23472828  0.23472828  0.21205734  0.22709380  0.25811641  0.23472828  0.23472828  0.26607980  0.24244241  0.24244241  0.26607980  0.25811641  0.25023788  0.24244241  0.26607980  0.25811641  0.25023788  0.25023788  0.22709380  0.25023788  0.23472828  0.23472828  0.25023788  0.24244241  0.24244241  0.21205734  0.24244241  0.25023788  0.25811641  0.24244241  0.26607980  0.26607980  0.23472828  0.26607980  
2_5_0      0.33307706  0.09526780  0.07027555  0.09526780  0.08894009  0.08894009  0.00000000  0.07644486  0.15479480  0.16171474  0.12774507  0.13441529  0.14793903  0.24244241  0.25023788  0.23472828  0.23472828  0.24244241  0.23472828  0.26607980  0.25023788  0.21205734  0.23472828  0.25811641  0.23472828  0.25811641  0.25811641  0.26607980  0.26607980  0.25811641  0.24244241  0.24244241  0.23472828  0.27412990  0.29049790  0.29049790  0.28226861  0.28226861  0.26607980  0.24244241  0.29881983  0.29049790  0.27412990  0.26607980  0.26607980  0.28226861  0.29049790  
62_5_0     0.31575006  0.12113449  0.06415729  0.07644486  0.07027555  0.07027555  0.07644486  0.00000000  0.16171474  0.13441529  0.12113449  0.11458248  0.12113449  0.21205734  0.21953735  0.21205734  0.21953735  0.25023788  0.25023788  0.24244241  0.26607980  0.21205734  0.21953735  0.25023788  0.25023788  0.26607980  0.24244241  0.25023788  0.25023788  0.22709380  0.21953735  0.25023788  0.23472828  0.23472828  0.25023788  0.24244241  0.23472828  0.24244241  0.23472828  0.28226861  0.31575006  0.31575006  0.26607980  0.26607980  0.26607980  0.23472828  0.28226861  
7_5_0      0.36899899  0.12774507  0.14114624  0.16171474  0.15479480  0.15479480  0.15479480  0.16171474  0.00000000  0.05207060  0.10808803  0.11458248  0.16870006  0.25811641  0.27412990  0.23472828  0.24244241  0.29049790  0.27412990  0.29881983  0.25811641  0.26607980  0.27412990  0.28226861  0.25811641  0.26607980  0.27412990  0.26607980  0.26607980  0.25811641  0.28226861  0.26607980  0.25023788  0.25023788  0.27412990  0.28226861  0.27412990  0.27412990  0.25023788  0.25023788  0.28226861  0.29049790  0.28226861  0.29881983  0.29881983  0.26607980  0.27412990  
92_5_0     0.33307706  0.12113449  0.13441529  0.14114624  0.13441529  0.13441529  0.16171474  0.13441529  0.05207060  0.00000000  0.12774507  0.12113449  0.14793903  0.24244241  0.24244241  0.21953735  0.24244241  0.29049790  0.26607980  0.27412990  0.26607980  0.24244241  0.23472828  0.25023788  0.27412990  0.26607980  0.26607980  0.25811641  0.25811641  0.24244241  0.25811641  0.25811641  0.24244241  0.24244241  0.26607980  0.26607980  0.25811641  0.25811641  0.23472828  0.26607980  0.27412990  0.27412990  0.26607980  0.28226861  0.28226861  0.25811641  0.27412990  
82_5_0     0.35985357  0.11458248  0.10808803  0.10808803  0.08894009  0.08894009  0.12774507  0.12113449  0.10808803  0.12774507  0.00000000  0.00560781  0.12774507  0.22709380  0.23472828  0.21205734  0.20465226  0.24244241  0.23472828  0.25023788  0.26607980  0.25023788  0.25811641  0.27412990  0.27412990  0.25811641  0.23472828  0.26607980  0.26607980  0.23472828  0.25811641  0.23472828  0.28226861  0.26607980  0.25811641  0.24244241  0.23472828  0.25023788  0.24244241  0.25023788  0.29049790  0.28226861  0.25023788  0.27412990  0.27412990  0.25811641  0.28226861  
52_5_0     0.35081989  0.12113449  0.10165013  0.10165013  0.08266608  0.08266608  0.13441529  0.11458248  0.11458248  0.12113449  0.00560781  0.00000000  0.12774507  0.21953735  0.22709380  0.21953735  0.21205734  0.25023788  0.24244241  0.24244241  0.25811641  0.25023788  0.25811641  0.27412990  0.27412990  0.26607980  0.22709380  0.25811641  0.25811641  0.22709380  0.26607980  0.24244241  0.29049790  0.25811641  0.25023788  0.25023788  0.24244241  0.24244241  0.23472828  0.25811641  0.28226861  0.28226861  0.25811641  0.28226861  0.28226861  0.25023788  0.29049790  
90_5_0     0.30723648  0.10808803  0.12774507  0.15479480  0.14793903  0.14793903  0.14793903  0.12113449  0.16870006  0.14793903  0.12774507  0.12774507  0.00000000  0.18287185  0.18287185  0.15479480  0.16870006  0.27412990  0.25023788  0.23472828  0.27412990  0.17575200  0.19006093  0.21205734  0.21953735  0.21953735  0.21953735  0.20465226  0.20465226  0.19732060  0.22709380  0.19006093  0.24244241  0.23472828  0.25023788  0.22709380  0.21953735  0.22709380  0.23472828  0.27412990  0.29049790  0.27412990  0.23472828  0.22709380  0.22709380  0.24244241  0.22709380  
6_0_0      0.24244241  0.25811641  0.21953735  0.22709380  0.23472828  0.23472828  0.24244241  0.21205734  0.25811641  0.24244241  0.22709380  0.21953735  0.18287185  0.00000000  0.03430314  0.05207060  0.05207060  0.17575200  0.17575200  0.12113449  0.22709380  0.16171474  0.18287185  0.18287185  0.18287185  0.16870006  0.14114624  0.12774507  0.13441529  0.17575200  0.18287185  0.16171474  0.23472828  0.21205734  0.22709380  0.20465226  0.19732060  0.19732060  0.21205734  0.23472828  0.23472828  0.24244241  0.24244241  0.21953735  0.21953735  0.19006093  0.20465226  
37_0_0     0.25023788  0.25023788  0.23472828  0.24244241  0.23472828  0.23472828  0.25023788  0.21953735  0.27412990  0.24244241  0.23472828  0.22709380  0.18287185  0.03430314  0.00000000  0.05207060  0.05207060  0.16171474  0.16171474  0.12113449  0.21953735  0.13441529  0.14114624  0.15479480  0.16171474  0.19006093  0.14793903  0.14793903  0.14114624  0.18287185  0.19006093  0.16870006  0.25023788  0.20465226  0.21953735  0.19006093  0.18287185  0.19006093  0.19006093  0.20465226  0.21953735  0.22709380  0.22709380  0.21205734  0.21205734  0.18287185  0.18287185  
28_0_0     0.25811641  0.22709380  0.21205734  0.20465226  0.21205734  0.21205734  0.23472828  0.21205734  0.23472828  0.21953735  0.21205734  0.21953735  0.15479480  0.05207060  0.05207060  0.00000000  0.03430314  0.15479480  0.16171474  0.10808803  0.23472828  0.15479480  0.17575200  0.17575200  0.18287185  0.13441529  0.16171474  0.13441529  0.14114624  0.18287185  0.18287185  0.13441529  0.21953735  0.20465226  0.23472828  0.20465226  0.19732060  0.21205734  0.22709380  0.22709380  0.22709380  0.24244241  0.21205734  0.20465226  0.20465226  0.19006093  0.17575200  
60_0_0     0.25023788  0.23472828  0.22709380  0.21953735  0.22709380  0.22709380  0.23472828  0.21953735  0.24244241  0.24244241  0.20465226  0.21205734  0.16870006  0.05207060  0.05207060  0.03430314  0.00000000  0.16870006  0.15479480  0.13441529  0.23472828  0.14114624  0.16171474  0.16171474  0.17575200  0.16870006  0.16870006  0.15479480  0.16171474  0.17575200  0.16870006  0.14793903  0.25023788  0.20465226  0.22709380  0.19006093  0.18287185  0.19732060  0.21205734  0.21205734  0.24244241  0.24244241  0.22709380  0.20465226  0.20465226  0.19006093  0.19006093  
14_0_0     0.30723648  0.29049790  0.25023788  0.23472828  0.25811641  0.25811641  0.24244241  0.25023788  0.29049790  0.29049790  0.24244241  0.25023788  0.27412990  0.17575200  0.16171474  0.15479480  0.16870006  0.00000000  0.04610054  0.07644486  0.16171474  0.16870006  0.15479480  0.16870006  0.15479480  0.18287185  0.16870006  0.17575200  0.18287185  0.17575200  0.16171474  0.16171474  0.19006093  0.19006093  0.21205734  0.20465226  0.19732060  0.19732060  0.22709380  0.22709380  0.22709380  0.25023788  0.19732060  0.21205734  0.21205734  0.17575200  0.22709380  
10_0_0     0.28226861  0.25811641  0.24244241  0.21953735  0.24244241  0.23472828  0.23472828  0.25023788  0.27412990  0.26607980  0.23472828  0.24244241  0.25023788  0.17575200  0.16171474  0.16171474  0.15479480  0.04610054  0.00000000  0.11458248  0.15479480  0.14793903  0.13441529  0.15479480  0.15479480  0.18287185  0.17575200  0.16171474  0.16870006  0.15479480  0.15479480  0.13441529  0.18287185  0.18287185  0.19006093  0.19006093  0.18287185  0.18287185  0.21953735  0.21205734  0.21953735  0.23472828  0.19006093  0.18287185  0.18287185  0.18287185  0.21953735  
83_0_0     0.24244241  0.29049790  0.21953735  0.21205734  0.23472828  0.23472828  0.26607980  0.24244241  0.29881983  0.27412990  0.25023788  0.24244241  0.23472828  0.12113449  0.12113449  0.10808803  0.13441529  0.07644486  0.11458248  0.00000000  0.16870006  0.14793903  0.15479480  0.15479480  0.14114624  0.14114624  0.12113449  0.12774507  0.13441529  0.15479480  0.14793903  0.12774507  0.18287185  0.15479480  0.18287185  0.17575200  0.16870006  0.15479480  0.19006093  0.21953735  0.16870006  0.19732060  0.17575200  0.16870006  0.16870006  0.14114624  0.17575200  
77_1_0     0.26607980  0.26607980  0.25811641  0.25811641  0.26607980  0.26607980  0.25023788  0.26607980  0.25811641  0.26607980  0.26607980  0.25811641  0.27412990  0.22709380  0.21953735  0.23472828  0.23472828  0.16171474  0.15479480  0.16870006  0.00000000  0.12774507  0.14793903  0.13441529  0.12774507  0.17575200  0.15479480  0.14793903  0.15479480  0.16171474  0.15479480  0.16171474  0.14793903  0.14114624  0.17575200  0.20465226  0.19732060  0.17575200  0.17575200  0.18287185  0.19006093  0.20465226  0.19732060  0.16870006  0.16870006  0.19006093  0.20465226  
10_2_0     0.25811641  0.21953735  0.24244241  0.24244241  0.24244241  0.24244241  0.21205734  0.21205734  0.26607980  0.24244241  0.25023788  0.25023788  0.17575200  0.16171474  0.13441529  0.15479480  0.14114624  0.16870006  0.14793903  0.14793903  0.12774507  0.00000000  0.04017831  0.04610054  0.08894009  0.15479480  0.12113449  0.12113449  0.12774507  0.10165013  0.09526780  0.10165013  0.12774507  0.10165013  0.12774507  0.12774507  0.12113449  0.10808803  0.14114624  0.16171474  0.17575200  0.16171474  0.14793903  0.10808803  0.10808803  0.14114624  0.14793903  
14_2_0     0.25023788  0.24244241  0.24244241  0.25811641  0.24244241  0.24244241  0.23472828  0.21953735  0.27412990  0.23472828  0.25811641  0.25811641  0.19006093  0.18287185  0.14114624  0.17575200  0.16171474  0.15479480  0.13441529  0.15479480  0.14793903  0.04017831  0.00000000  0.05808924  0.07027555  0.15479480  0.12113449  0.13441529  0.12774507  0.09526780  0.08894009  0.09526780  0.14114624  0.11458248  0.14793903  0.12774507  0.12113449  0.12774507  0.14114624  0.15479480  0.18287185  0.16870006  0.14114624  0.13441529  0.13441529  0.14793903  0.13441529  
83_2_0     0.27412990  0.24244241  0.28226861  0.26607980  0.26607980  0.26607980  0.25811641  0.25023788  0.28226861  0.25023788  0.27412990  0.27412990  0.21205734  0.18287185  0.15479480  0.17575200  0.16171474  0.16870006  0.15479480  0.15479480  0.13441529  0.04610054  0.05808924  0.00000000  0.07644486  0.13441529  0.12113449  0.12774507  0.13441529  0.12113449  0.11458248  0.12113449  0.12774507  0.08266608  0.12113449  0.12113449  0.11458248  0.10165013  0.12774507  0.13441529  0.16171474  0.14793903  0.14114624  0.11458248  0.11458248  0.15479480  0.12774507  
83_3_0     0.26607980  0.27412990  0.23472828  0.27412990  0.25811641  0.25811641  0.23472828  0.25023788  0.25811641  0.27412990  0.27412990  0.27412990  0.21953735  0.18287185  0.16171474  0.18287185  0.17575200  0.15479480  0.15479480  0.14114624  0.12774507  0.08894009  0.07027555  0.07644486  0.00000000  0.13441529  0.10808803  0.11458248  0.10808803  0.12774507  0.10808803  0.10165013  0.12774507  0.12774507  0.16870006  0.16171474  0.15479480  0.15479480  0.16171474  0.14793903  0.15479480  0.15479480  0.16171474  0.16171474  0.16171474  0.15479480  0.13441529  
6_1_0      0.23472828  0.26607980  0.23472828  0.24244241  0.25023788  0.25023788  0.25811641  0.26607980  0.26607980  0.26607980  0.25811641  0.26607980  0.21953735  0.16870006  0.19006093  0.13441529  0.16870006  0.18287185  0.18287185  0.14114624  0.17575200  0.15479480  0.15479480  0.13441529  0.13441529  0.00000000  0.05207060  0.04610054  0.05207060  0.13441529  0.12774507  0.09526780  0.14114624  0.12774507  0.16171474  0.14793903  0.14114624  0.14793903  0.19732060  0.16171474  0.16870006  0.18287185  0.16870006  0.14793903  0.14793903  0.16870006  0.14793903  
37_1_0     0.21205734  0.27412990  0.22709380  0.25023788  0.24244241  0.24244241  0.25811641  0.24244241  0.27412990  0.26607980  0.23472828  0.22709380  0.21953735  0.14114624  0.14793903  0.16171474  0.16870006  0.16870006  0.17575200  0.12113449  0.15479480  0.12113449  0.12113449  0.12113449  0.10808803  0.05207060  0.00000000  0.02847429  0.02269103  0.09526780  0.10808803  0.08894009  0.15479480  0.11458248  0.12774507  0.11458248  0.10808803  0.10808803  0.14793903  0.15479480  0.14114624  0.14793903  0.16171474  0.13441529  0.13441529  0.12774507  0.14793903  
28_1_0     0.22709380  0.27412990  0.23472828  0.25811641  0.26607980  0.26607980  0.26607980  0.25023788  0.26607980  0.25811641  0.26607980  0.25811641  0.20465226  0.12774507  0.14793903  0.13441529  0.15479480  0.17575200  0.16171474  0.12774507  0.14793903  0.12113449  0.13441529  0.12774507  0.11458248  0.04610054  0.02847429  0.00000000  0.00560781  0.10165013  0.11458248  0.08894009  0.14114624  0.11458248  0.13441529  0.13441529  0.12774507  0.12113449  0.17575200  0.18287185  0.15479480  0.17575200  0.16870006  0.13441529  0.13441529  0.12774507  0.16171474  
60_1_0     0.21953735  0.27412990  0.22709380  0.26607980  0.25811641  0.25811641  0.26607980  0.25023788  0.26607980  0.25811641  0.26607980  0.25811641  0.20465226  0.13441529  0.14114624  0.14114624  0.16171474  0.18287185  0.16870006  0.13441529  0.15479480  0.12774507  0.12774507  0.13441529  0.10808803  0.05207060  0.02269103  0.00560781  0.00000000  0.10808803  0.12113449  0.09526780  0.14793903  0.12113449  0.14114624  0.13441529  0.12774507  0.12774507  0.16870006  0.17575200  0.14793903  0.16870006  0.16870006  0.14114624  0.14114624  0.12113449  0.15479480  
14_1_0     0.23472828  0.27412990  0.23472828  0.24244241  0.25023788  0.25023788  0.25811641  0.22709380  0.25811641  0.24244241  0.23472828  0.22709380  0.19732060  0.17575200  0.18287185  0.18287185  0.17575200  0.17575200  0.15479480  0.15479480  0.16171474  0.10165013  0.09526780  0.12113449  0.12774507  0.13441529  0.09526780  0.10165013  0.10808803  0.00000000  0.05207060  0.05808924  0.16870006  0.12113449  0.15479480  0.14114624  0.13441529  0.12774507  0.14793903  0.16870006  0.16171474  0.17575200  0.16171474  0.12774507  0.12774507  0.15479480  0.16171474  
10_1_0     0.24244241  0.26607980  0.23472828  0.24244241  0.25023788  0.25023788  0.24244241  0.21953735  0.28226861  0.25811641  0.25811641  0.26607980  0.22709380  0.18287185  0.19006093  0.18287185  0.16870006  0.16171474  0.15479480  0.14793903  0.15479480  0.09526780  0.08894009  0.11458248  0.10808803  0.12774507  0.10808803  0.11458248  0.12113449  0.05207060  0.00000000  0.07027555  0.14114624  0.12774507  0.15479480  0.14114624  0.13441529  0.14114624  0.15479480  0.16870006  0.16870006  0.17575200  0.14114624  0.12113449  0.12113449  0.14114624  0.15479480  
83_1_0     0.20465226  0.26607980  0.21953735  0.22709380  0.23472828  0.22709380  0.24244241  0.25023788  0.26607980  0.25811641  0.23472828  0.24244241  0.19006093  0.16171474  0.16870006  0.13441529  0.14793903  0.16171474  0.13441529  0.12774507  0.16171474  0.10165013  0.09526780  0.12113449  0.10165013  0.09526780  0.08894009  0.08894009  0.09526780  0.05808924  0.07027555  0.00000000  0.14114624  0.14114624  0.16171474  0.14114624  0.13441529  0.14793903  0.17575200  0.16870006  0.15479480  0.15479480  0.14793903  0.12113449  0.12113449  0.16870006  0.14114624  
63_4_0     0.29049790  0.22709380  0.23472828  0.23472828  0.25023788  0.25023788  0.23472828  0.23472828  0.25023788  0.24244241  0.28226861  0.29049790  0.24244241  0.23472828  0.25023788  0.21953735  0.25023788  0.19006093  0.18287185  0.18287185  0.14793903  0.12774507  0.14114624  0.12774507  0.12774507  0.14114624  0.15479480  0.14114624  0.14793903  0.16870006  0.14114624  0.14114624  0.00000000  0.08894009  0.13441529  0.14793903  0.14114624  0.13441529  0.17575200  0.17575200  0.18287185  0.19006093  0.14793903  0.13441529  0.13441529  0.14793903  0.16171474  
12_4_0     0.26607980  0.24244241  0.25023788  0.22709380  0.23472828  0.23472828  0.27412990  0.23472828  0.25023788  0.24244241  0.26607980  0.25811641  0.23472828  0.21205734  0.20465226  0.20465226  0.20465226  0.19006093  0.18287185  0.15479480  0.14114624  0.10165013  0.11458248  0.08266608  0.12774507  0.12774507  0.11458248  0.11458248  0.12113449  0.12113449  0.12774507  0.14114624  0.08894009  0.00000000  0.06415729  0.07027555  0.06415729  0.04610054  0.08894009  0.13441529  0.12113449  0.14114624  0.10165013  0.08266608  0.08266608  0.09526780  0.09526780  
54_4_0     0.26607980  0.25023788  0.25811641  0.25023788  0.24244241  0.23472828  0.29049790  0.25023788  0.27412990  0.26607980  0.25811641  0.25023788  0.25023788  0.22709380  0.21953735  0.23472828  0.22709380  0.21205734  0.19006093  0.18287185  0.17575200  0.12774507  0.14793903  0.12113449  0.16870006  0.16171474  0.12774507  0.13441529  0.14114624  0.15479480  0.15479480  0.16171474  0.13441529  0.06415729  0.00000000  0.05808924  0.05207060  0.02847429  0.07027555  0.12774507  0.10808803  0.12113449  0.08266608  0.07644486  0.07644486  0.08894009  0.10165013  
17_4_0     0.22709380  0.25023788  0.26607980  0.25811641  0.25023788  0.25023788  0.29049790  0.24244241  0.28226861  0.26607980  0.24244241  0.25023788  0.22709380  0.20465226  0.19006093  0.20465226  0.19006093  0.20465226  0.19006093  0.17575200  0.20465226  0.12774507  0.12774507  0.12113449  0.16171474  0.14793903  0.11458248  0.13441529  0.13441529  0.14114624  0.14114624  0.14114624  0.14793903  0.07027555  0.05808924  0.00000000  0.00560781  0.03430314  0.07644486  0.10808803  0.11458248  0.10808803  0.07027555  0.07027555  0.07027555  0.10165013  0.08894009  
5_4_0      0.23472828  0.24244241  0.25811641  0.25023788  0.24244241  0.24244241  0.28226861  0.23472828  0.27412990  0.25811641  0.23472828  0.24244241  0.21953735  0.19732060  0.18287185  0.19732060  0.18287185  0.19732060  0.18287185  0.16870006  0.19732060  0.12113449  0.12113449  0.11458248  0.15479480  0.14114624  0.10808803  0.12774507  0.12774507  0.13441529  0.13441529  0.13441529  0.14114624  0.06415729  0.05207060  0.00560781  0.00000000  0.02847429  0.07027555  0.10165013  0.10808803  0.10165013  0.06415729  0.06415729  0.06415729  0.09526780  0.08266608  
16_4_0     0.25023788  0.24244241  0.25811641  0.23472828  0.24244241  0.24244241  0.28226861  0.24244241  0.27412990  0.25811641  0.25023788  0.24244241  0.22709380  0.19732060  0.19006093  0.21205734  0.19732060  0.19732060  0.18287185  0.15479480  0.17575200  0.10808803  0.12774507  0.10165013  0.15479480  0.14793903  0.10808803  0.12113449  0.12774507  0.12774507  0.14114624  0.14793903  0.13441529  0.04610054  0.02847429  0.03430314  0.02847429  0.00000000  0.05207060  0.10808803  0.08266608  0.10165013  0.08266608  0.04610054  0.04610054  0.07644486  0.08266608  
25_4_0     0.24244241  0.25023788  0.22709380  0.23472828  0.21205734  0.21205734  0.26607980  0.23472828  0.25023788  0.23472828  0.24244241  0.23472828  0.23472828  0.21205734  0.19006093  0.22709380  0.21205734  0.22709380  0.21953735  0.19006093  0.17575200  0.14114624  0.14114624  0.12774507  0.16171474  0.19732060  0.14793903  0.17575200  0.16870006  0.14793903  0.15479480  0.17575200  0.17575200  0.08894009  0.07027555  0.07644486  0.07027555  0.05207060  0.00000000  0.08266608  0.07644486  0.08894009  0.10808803  0.08894009  0.08894009  0.10808803  0.09526780  
8_4_0      0.25023788  0.27412990  0.25811641  0.26607980  0.24244241  0.24244241  0.24244241  0.28226861  0.25023788  0.26607980  0.25023788  0.25811641  0.27412990  0.23472828  0.20465226  0.22709380  0.21205734  0.22709380  0.21205734  0.21953735  0.18287185  0.16171474  0.15479480  0.13441529  0.14793903  0.16171474  0.15479480  0.18287185  0.17575200  0.16870006  0.16870006  0.16870006  0.17575200  0.13441529  0.12774507  0.10808803  0.10165013  0.10808803  0.08266608  0.00000000  0.05808924  0.05207060  0.12774507  0.10808803  0.10808803  0.15479480  0.12774507  
55_4_0     0.22709380  0.31575006  0.26607980  0.25811641  0.25023788  0.25023788  0.29881983  0.31575006  0.28226861  0.27412990  0.29049790  0.28226861  0.29049790  0.23472828  0.21953735  0.22709380  0.24244241  0.22709380  0.21953735  0.16870006  0.19006093  0.17575200  0.18287185  0.16171474  0.15479480  0.16870006  0.14114624  0.15479480  0.14793903  0.16171474  0.16870006  0.15479480  0.18287185  0.12113449  0.10808803  0.11458248  0.10808803  0.08266608  0.07644486  0.05808924  0.00000000  0.03430314  0.11458248  0.08266608  0.08266608  0.11458248  0.10808803  
85_4_0     0.22709380  0.30723648  0.27412990  0.28226861  0.25811641  0.25811641  0.29049790  0.31575006  0.29049790  0.27412990  0.28226861  0.28226861  0.27412990  0.24244241  0.22709380  0.24244241  0.24244241  0.25023788  0.23472828  0.19732060  0.20465226  0.16171474  0.16870006  0.14793903  0.15479480  0.18287185  0.14793903  0.17575200  0.16870006  0.17575200  0.17575200  0.15479480  0.19006093  0.14114624  0.12113449  0.10808803  0.10165013  0.10165013  0.08894009  0.05207060  0.03430314  0.00000000  0.11458248  0.09526780  0.09526780  0.14793903  0.12774507  
34_4_0     0.25023788  0.25811641  0.25811641  0.25811641  0.24244241  0.24244241  0.27412990  0.26607980  0.28226861  0.26607980  0.25023788  0.25811641  0.23472828  0.24244241  0.22709380  0.21205734  0.22709380  0.19732060  0.19006093  0.17575200  0.19732060  0.14793903  0.14114624  0.14114624  0.16171474  0.16870006  0.16171474  0.16870006  0.16870006  0.16171474  0.14114624  0.14793903  0.14793903  0.10165013  0.08266608  0.07027555  0.06415729  0.08266608  0.10808803  0.12774507  0.11458248  0.11458248  0.00000000  0.06415729  0.06415729  0.10808803  0.08266608  
30_4_0     0.23472828  0.25023788  0.26607980  0.25811641  0.26607980  0.26607980  0.26607980  0.26607980  0.29881983  0.28226861  0.27412990  0.28226861  0.22709380  0.21953735  0.21205734  0.20465226  0.20465226  0.21205734  0.18287185  0.16870006  0.16870006  0.10808803  0.13441529  0.11458248  0.16171474  0.14793903  0.13441529  0.13441529  0.14114624  0.12774507  0.12113449  0.12113449  0.13441529  0.08266608  0.07644486  0.07027555  0.06415729  0.04610054  0.08894009  0.10808803  0.08266608  0.09526780  0.06415729  0.00000000  0.00000000  0.10165013  0.07644486  
48_4_0     0.23472828  0.25023788  0.26607980  0.25811641  0.26607980  0.26607980  0.26607980  0.26607980  0.29881983  0.28226861  0.27412990  0.28226861  0.22709380  0.21953735  0.21205734  0.20465226  0.20465226  0.21205734  0.18287185  0.16870006  0.16870006  0.10808803  0.13441529  0.11458248  0.16171474  0.14793903  0.13441529  0.13441529  0.14114624  0.12774507  0.12113449  0.12113449  0.13441529  0.08266608  0.07644486  0.07027555  0.06415729  0.04610054  0.08894009  0.10808803  0.08266608  0.09526780  0.06415729  0.00000000  0.00000000  0.10165013  0.07644486  
71_4_0     0.26607980  0.29049790  0.23472828  0.24244241  0.23472828  0.23472828  0.28226861  0.23472828  0.26607980  0.25811641  0.25811641  0.25023788  0.24244241  0.19006093  0.18287185  0.19006093  0.19006093  0.17575200  0.18287185  0.14114624  0.19006093  0.14114624  0.14793903  0.15479480  0.15479480  0.16870006  0.12774507  0.12774507  0.12113449  0.15479480  0.14114624  0.16870006  0.14793903  0.09526780  0.08894009  0.10165013  0.09526780  0.07644486  0.10808803  0.15479480  0.11458248  0.14793903  0.10808803  0.10165013  0.10165013  0.00000000  0.09526780  
39_4_0     0.25811641  0.26607980  0.27412990  0.28226861  0.26607980  0.26607980  0.29049790  0.28226861  0.27412990  0.27412990  0.28226861  0.29049790  0.22709380  0.20465226  0.18287185  0.17575200  0.19006093  0.22709380  0.21953735  0.17575200  0.20465226  0.14793903  0.13441529  0.12774507  0.13441529  0.14793903  0.14793903  0.16171474  0.15479480  0.16171474  0.15479480  0.14114624  0.16171474  0.09526780  0.10165013  0.08894009  0.08266608  0.08266608  0.09526780  0.12774507  0.10808803  0.12774507  0.08266608  0.07644486  0.07644486  0.09526780  0.00000000  

