18
1_0_0      0.00000000  0.00000000  0.00000000  0.24856938  0.22224005  0.24856938  0.26208938  0.17220470  0.20941445  0.42955718  0.39619101  0.39619101  0.28988414  0.30417804  0.30417804  0.27585787  0.27585787  0.30417804  
2_0_0      0.00000000  0.00000000  0.00000000  0.24856938  0.22224005  0.24856938  0.26208938  0.17220470  0.20941445  0.42955718  0.39619101  0.39619101  0.28988414  0.30417804  0.30417804  0.27585787  0.27585787  0.30417804  
3_0_0      0.00000000  0.00000000  0.00000000  0.24856938  0.22224005  0.24856938  0.26208938  0.17220470  0.20941445  0.42955718  0.39619101  0.39619101  0.28988414  0.30417804  0.30417804  0.27585787  0.27585787  0.30417804  
10_0_0     0.24856938  0.24856938  0.24856938  0.00000000  0.01948190  0.00000000  0.00967762  0.11402234  0.11402234  0.38004914  0.41268835  0.41268835  0.26208938  0.28988414  0.26208938  0.33361099  0.36424775  0.41268835  
12_0_0     0.22224005  0.22224005  0.22224005  0.01948190  0.00000000  0.01948190  0.02941619  0.12530293  0.13675598  0.38004914  0.41268835  0.41268835  0.26208938  0.28988414  0.26208938  0.33361099  0.34877277  0.39619101  
4_0_0      0.24856938  0.24856938  0.24856938  0.00000000  0.01948190  0.00000000  0.00967762  0.11402234  0.11402234  0.38004914  0.41268835  0.41268835  0.26208938  0.28988414  0.26208938  0.33361099  0.36424775  0.41268835  
5_0_0      0.26208938  0.26208938  0.26208938  0.00967762  0.02941619  0.00967762  0.00000000  0.12530293  0.12530293  0.39619101  0.42955718  0.42955718  0.27585787  0.30417804  0.27585787  0.31874998  0.34877277  0.39619101  
17_0_0     0.17220470  0.17220470  0.17220470  0.11402234  0.12530293  0.11402234  0.12530293  0.00000000  0.03948398  0.41268835  0.41268835  0.41268835  0.26208938  0.26208938  0.26208938  0.27585787  0.24856938  0.28988414  
11_0_0     0.20941445  0.20941445  0.20941445  0.11402234  0.13675598  0.11402234  0.12530293  0.03948398  0.00000000  0.41268835  0.41268835  0.41268835  0.28988414  0.26208938  0.26208938  0.26208938  0.28988414  0.30417804  
7_0_0      0.42955718  0.42955718  0.42955718  0.38004914  0.38004914  0.38004914  0.39619101  0.41268835  0.41268835  0.00000000  0.01948190  0.01948190  0.23528905  0.20941445  0.20941445  0.39619101  0.48256990  0.48256990  
13_0_0     0.39619101  0.39619101  0.39619101  0.41268835  0.41268835  0.41268835  0.42955718  0.41268835  0.41268835  0.01948190  0.00000000  0.00000000  0.23528905  0.18440375  0.20941445  0.39619101  0.48256990  0.48256990  
9_0_0      0.39619101  0.39619101  0.39619101  0.41268835  0.41268835  0.41268835  0.42955718  0.41268835  0.41268835  0.01948190  0.00000000  0.00000000  0.23528905  0.18440375  0.20941445  0.39619101  0.48256990  0.48256990  
19_0_0     0.28988414  0.28988414  0.28988414  0.26208938  0.26208938  0.26208938  0.27585787  0.26208938  0.28988414  0.23528905  0.23528905  0.23528905  0.00000000  0.10290910  0.12530293  0.34877277  0.34877277  0.36424775  
18_0_0     0.30417804  0.30417804  0.30417804  0.28988414  0.28988414  0.28988414  0.30417804  0.26208938  0.26208938  0.20941445  0.18440375  0.18440375  0.10290910  0.00000000  0.01948190  0.34877277  0.31874998  0.33361099  
8_0_0      0.30417804  0.30417804  0.30417804  0.26208938  0.26208938  0.26208938  0.27585787  0.26208938  0.26208938  0.20941445  0.20941445  0.20941445  0.12530293  0.01948190  0.00000000  0.34877277  0.31874998  0.33361099  
16_0_0     0.27585787  0.27585787  0.27585787  0.33361099  0.33361099  0.33361099  0.31874998  0.27585787  0.26208938  0.39619101  0.39619101  0.39619101  0.34877277  0.34877277  0.34877277  0.00000000  0.28988414  0.22224005  
6_0_0      0.27585787  0.27585787  0.27585787  0.36424775  0.34877277  0.36424775  0.34877277  0.24856938  0.28988414  0.48256990  0.48256990  0.48256990  0.34877277  0.31874998  0.31874998  0.28988414  0.00000000  0.07052553  
14_0_0     0.30417804  0.30417804  0.30417804  0.41268835  0.39619101  0.41268835  0.39619101  0.28988414  0.30417804  0.48256990  0.48256990  0.48256990  0.36424775  0.33361099  0.33361099  0.22224005  0.07052553  0.00000000  

